1950.51452405 13.0982570962 0.838233921345 5200.0
3439.13228934 -21.3104762518 0.968177016427 5000.0
2538.60977457 18.0679417038 0.846262133286 7800.0
5082.10936246 -22.7442685769 0.90306144128 5200.0
-6682.32527907 -14.5465179795 0.966482875497 5200.0
-3425.27138821 24.9099031082 1.21317504848 2000.0
-1005.4184291 -14.0163044812 0.882476458116 5000.0
3315.14945217 25.6116749969 1.03611065297 2400.0
-548.762606145 -14.5045597961 0.808547463593 5000.0
4056.16261999 13.1898730406 0.955050400602 7000.0
4987.35082794 -20.7611578431 1.00560121603 3200.0
-2662.05072603 -14.5836157019 1.03791066416 5000.0
3938.49766778 11.9152968783 0.980142020181 5200.0
-2945.61963858 -13.6897878845 0.84462525895 7000.0
679.728115788 15.0337584216 0.909275850002 5200.0
-2771.78210142 32.8120675589 1.05274935579 4600.0
-4012.06413799 -5.02768782796 0.991342305647 5200.0
-6839.06111029 -8.10555638816 1.06129367474 5000.0
-1437.51887714 -12.0683010834 0.849502417419 5000.0
-4335.55673626 -16.3239812363 0.943374820543 5000.0
-4870.68041973 -15.8398636741 1.00788233093 2000.0
2877.38706078 -7.2537639991 0.847164623567 5200.0
-2465.82277723 10.8888915871 0.868687888921 5000.0
-5286.8178415 -15.4022358151 1.02497071057 2600.0
9290.18788214 7.08943337649 0.936650732163 6800.0
5393.8741855 13.4654987735 0.984190718432 5200.0
-5034.39849863 5.80297528952 1.34319449628 2400.0
-955.339988492 -12.0363512738 0.931252803965 4800.0
3595.8955793 -10.0154870296 0.924596239118 5200.0
5217.35237773 -19.4902737367 0.927138602709 3000.0
-3785.25845467 -6.32163313687 1.19397866548 3200.0
-3596.68472501 -19.560410886 0.934199851391 5000.0
-6117.71036771 -18.8132848447 1.10005834968 2000.0
4608.19224841 18.4638099386 0.924788575066 5200.0
-5314.33302412 -17.2877024706 1.1148218456 2000.0
-5179.78319751 19.8588756719 1.00646262698 2000.0
2174.49833591 -16.3188019626 0.893334136423 5200.0
3716.00299027 8.78919659867 0.930255793793 7400.0
-2823.62618807 -32.1047796776 1.02855066619 2200.0
-3425.11780849 -16.6663861716 1.26716089094 2000.0
6262.40215321 -13.1884175584 0.917757970836 5600.0
-8856.73926153 -11.2104154902 1.06864735764 2800.0
-888.367749586 -12.2219215007 0.98270007088 5000.0
-3500.44829885 -25.1076818775 0.957974854688 5000.0
-2917.36421585 21.9021745972 1.00310450124 4800.0
-587.486037943 18.7182940445 0.844012091169 5000.0
1583.37093905 1.82834784554 0.780814609648 5200.0
-2829.11586647 19.2223265347 1.07960744775 4800.0
3453.68702634 -26.5218531815 0.92373333204 4600.0
3099.85949419 25.0641603963 0.83761789968 7600.0
6380.59578333 18.6916543423 0.919637138607 5400.0
1424.4035107 -22.9291295586 0.773131414875 5200.0
5789.5249046 14.6451567533 0.89727873855 6000.0
2860.93125529 -17.1219516927 1.02713271627 3200.0
6740.5296245 -12.2611175733 0.923923682423 2000.0
1260.24990192 -8.27861294678 0.847769825798 5000.0
1635.44028198 -20.9582352093 0.689559637831 5200.0
8845.472821 -14.7958115518 0.94349293889 2600.0
-3747.9479711 -8.25213476354 0.972690980942 5000.0
-1719.46435227 13.8299641181 0.772774323014 5000.0
-5170.71104975 -17.3901545835 1.04689515019 6600.0
-3477.01175584 16.4393873535 0.92905569227 5000.0
-228.110765664 17.1679038794 0.78240309835 5000.0
197.569283904 5.99101368482 0.753745902649 5200.0
2465.02843724 -12.0559135822 0.752789127864 5200.0
4036.59365773 13.543711095 0.99643672869 3200.0
-4230.81109494 15.9231218722 1.03170869414 5000.0
-2907.77436605 -38.5543133446 0.794132550623 5000.0
2872.01311163 29.4111107096 0.929776232021 2800.0
-3415.11169795 26.616982437 1.0452668962 2200.0
4213.85661603 -8.33267339801 0.871145864304 5200.0
4801.59580316 -13.8687757637 0.998440780648 4000.0
-5916.95859555 -9.82688648165 1.1908826231 5800.0
4406.79735113 25.3691013842 0.892179550931 5600.0
2766.59882633 10.2141679127 0.866846593908 7800.0
-872.449293237 -22.8322011198 0.855625577773 5000.0
1824.972063 -9.81743956263 0.726039703835 5200.0
4054.62740834 -19.3175256109 0.843019966814 5200.0
-1233.97876085 -11.9785601581 0.948063129628 5000.0
1440.21201181 20.7338718963 1.01520200371 2200.0
-3281.80897654 -15.0929103775 1.03040252505 5000.0
-2637.23734162 16.3256177718 0.811348777178 5200.0
4230.20760955 -15.4997628602 0.894476687383 5200.0
-4380.72615004 -12.9848462108 0.952941234151 5000.0
4977.73475904 -14.650330287 1.00934432777 2000.0
5555.69144608 -18.2362875816 0.987521222704 2200.0
-3377.29499133 -26.3354728446 1.23052200076 2000.0
4117.49098663 -14.7695702277 0.898844203096 5200.0
-1544.84760882 -15.3307049273 0.928505420629 5000.0
1275.5919803 -17.7833266004 0.919045879291 5200.0
-4200.14924506 11.9545586995 1.10893020442 2800.0
2411.80019354 7.98196320712 0.813475580311 5000.0
3751.29596766 -14.4650105976 0.904526351225 5000.0
8599.26154563 19.3710388879 0.995169162369 7600.0
-3877.54516301 7.30268293257 1.12134874334 3000.0
4963.50466491 -17.3505124599 0.918551677361 5400.0
-1280.07433855 -14.8411478552 0.908323312194 5000.0
3126.97902042 -5.46574352054 0.963835769316 5200.0
-1254.34063721 -15.1222634038 0.864571230091 5000.0
-6747.52671006 -10.3090314941 1.07422163606 5000.0
2287.84812253 7.78165802098 0.898405867902 5000.0
4276.3664562 4.84965681289 0.976468264316 5000.0
-7080.15488924 18.6347483785 1.24960615098 2000.0
-3217.78703999 -15.0517352708 0.838016348029 7200.0
1726.58950371 -29.2491427904 0.908095358533 5200.0
-4641.18065997 -9.62429516155 1.36373083913 3600.0
1510.29909896 -17.6968757458 0.840302406079 4600.0
-2758.83709946 14.8227977694 1.03358760018 4800.0
-1901.04071661 -12.6610999558 0.862464136505 5000.0
-4869.21259944 -24.1009496516 1.21871341539 2600.0
4722.36146563 -13.4332013245 0.895589688377 5200.0
-5200.84849538 18.9474526685 1.59599430829 2400.0
3930.48929771 17.827986272 0.923176352321 5400.0
-2905.89879871 -13.103504797 1.01614575096 4800.0
5335.24141486 20.2529955128 0.981499898519 5000.0
-1557.53265812 -13.1761928624 1.0932204222 5000.0
2873.87891219 -17.970104465 1.00212974904 2200.0
-5129.23823651 -10.827305911 1.00642166509 3600.0
5280.08921597 -7.24982265229 0.959033715052 5000.0
-2162.65599459 26.3845365298 1.31847325258 2800.0
-1600.97331598 15.0822634613 0.743957767516 5000.0
-4160.75907019 -20.2896578993 0.89564097662 7600.0
-4702.20266099 21.8572260532 1.06430062977 5600.0
-3659.20275033 12.0280958152 1.145084619 2600.0
-4395.42136895 -10.0322831122 1.34281471601 2600.0
5371.44091149 14.0435210401 0.890333858164 6000.0
3682.50963592 -8.42231168556 0.915362214162 4600.0
4535.98269833 -23.8060688322 0.963596872081 5200.0
-6353.9531127 27.9062694423 1.00600828655 2200.0
3425.73649714 12.0339806328 0.783698067194 5200.0
-5313.64214564 29.9612599072 1.22616896902 5000.0
4629.31213448 -4.25828254142 0.887684554784 5400.0
4399.13848 15.1696586926 0.891228775537 5600.0
-5146.19364647 -19.3682569521 1.05019153973 6200.0
4582.32937884 24.184839923 1.01171822577 4400.0
-1421.29780284 18.295158622 0.842898876513 5000.0
1584.47351687 -6.87400898641 0.736098493453 5200.0
-5623.00707765 -18.9414844522 1.01367208669 5000.0
-3319.8162872 18.265091796 0.849741985155 5000.0
924.778726938 -14.5705783914 0.800580270028 5200.0
3997.99497603 -24.6615627701 1.00595301114 2600.0
-5093.95322083 -16.2966214514 1.3019074866 2200.0
-4264.11464406 -18.9075686253 1.0203388887 5000.0
-1639.70303411 -5.09242003523 0.795251032019 5000.0
3247.37806328 -19.4790335317 0.994495703823 4600.0
3454.34118299 -11.4246607224 0.938940128024 5600.0
5006.57694016 8.11838736664 0.918777422815 5200.0
-1971.0955307 26.8209230251 1.00053125426 5000.0
2061.59255367 -26.2151730904 0.870460803014 5000.0
1043.90616729 28.3941717672 0.836493476908 5000.0
-1679.55800622 -13.2558666802 0.74235446074 5000.0
3704.70482451 14.4653688077 0.931211685483 4600.0
-1436.06789947 25.7138405966 0.871949835223 7800.0
-3172.20651846 4.74742265106 0.923713570074 7000.0
-2821.67486078 8.06056375255 0.920092053152 5000.0
2642.32323247 -22.0981619611 0.914996547724 5200.0
3192.42607403 9.17359750574 0.912288710586 7200.0
3469.3556157 11.393401811 0.886515514841 5400.0
1607.18908608 -16.1900862796 0.709823531076 5200.0
-2826.60801323 -6.85177433425 0.911359309196 5000.0
1099.50275132 -9.45764119417 0.750379718764 5200.0
1805.03158908 -17.3693067688 0.994029976486 2000.0
-409.274578521 -18.3061152679 0.808079831064 5000.0
2820.14572203 14.7337968377 0.951742953661 3000.0
3530.14722399 11.2784490528 0.97311247064 7600.0
4703.22893202 -9.17535772409 0.902631057878 5400.0
-2079.01592601 -11.4447893122 0.877248708225 7600.0
6470.51929934 -23.6765890092 0.929984339339 3400.0
-1987.38743565 15.6360588934 0.78812715148 5200.0
2706.11691264 6.11052871424 0.942366640333 2400.0
1552.61011261 16.8562411213 0.956510643441 5000.0
-1055.20486403 -18.0795191455 0.827209702487 5000.0
-2354.60131817 -9.14822252221 0.872950420587 5000.0
-1352.44381485 21.5244081781 0.851367746052 5200.0
4546.90966823 -16.1246714558 0.93091436922 2400.0
3511.06027761 3.8644537331 0.915530857367 4600.0
-3679.76308509 -12.4101967202 0.8776102585 5000.0
-639.711394047 8.62657599133 0.885468882997 5000.0
-3423.00082114 15.4753494948 0.990245705881 5000.0
-3245.23275395 -17.7124894789 0.982738125736 5000.0
-8095.54518522 1.05231125837 1.0198816281 4600.0
-1725.65361108 24.7512662014 0.718761076523 5000.0
-4612.5734814 -5.26520570223 1.07644528897 6600.0
2661.01575837 -7.32569618437 0.905511894825 4800.0
-1076.41036873 6.03824525217 0.76793838057 5000.0
1673.03119174 -7.13702518685 0.810007779686 5200.0
-5103.35944245 29.8291533709 0.983954502775 3000.0
6337.29310357 11.6308078145 0.966443517863 3000.0
1829.8318176 13.6205292839 0.771125392624 5200.0
5271.0283776 17.5172727663 0.880402785406 5400.0
5015.18172537 4.98905575322 0.961037350325 5200.0
-7605.08897834 3.95089949033 1.13108390951 2400.0
-4927.68026064 -5.64856811875 1.06310187572 4800.0
-1767.1179532 -12.7590289033 0.784825604203 5000.0
4628.51046922 7.02830425329 0.975319053132 2400.0
-6229.42034791 26.4399540443 1.01469968862 2000.0
2926.70884353 14.7595226147 0.92871976998 5200.0
1635.59652439 5.10883696966 0.850899949539 5200.0
6436.38801113 -15.0502972481 0.992318583907 5600.0
1823.29657857 16.079224385 0.727021018912 5200.0
-3860.99243567 -25.6186239751 1.0962453956 7800.0
-2959.46414258 -23.4399731219 0.83270125167 5000.0
4103.60507405 12.6837291725 0.948779506381 7400.0
-5861.63108247 11.4322966321 1.10471122413 2000.0
-2602.94607921 6.62380316855 0.914111486451 5000.0
893.11466653 -9.22160822288 0.733085710692 5200.0
-1370.95789257 18.5374205633 1.03918078362 2800.0
2762.1449793 -7.96571106435 0.923293599754 5200.0
7911.46845749 -10.5978294169 0.944464683847 7200.0
4292.01890063 -6.13557203483 0.933860156071 4600.0
4847.27103575 14.922386477 0.972749339462 7600.0
-3031.45408902 -23.5494173323 1.03348440705 2400.0
2767.9146572 -12.9881565084 0.943766602941 5200.0
5014.45106465 34.8886006362 0.980010981765 5000.0
2462.57884975 21.0415492521 0.931196949222 5200.0
-3287.98859791 9.01711522813 0.888250609624 5000.0
-3597.7345926 8.62704146446 1.05216894862 3000.0
2412.52448644 -14.7200954871 0.790752467273 5000.0
-6911.56486471 -11.9173146066 1.03314099732 2000.0
-681.839624787 15.989085481 0.831339886287 5200.0
-1279.59956213 -19.0948678041 1.1097776143 2400.0
4019.61393067 16.7245296567 0.940728559127 4600.0
-4150.6465859 -21.5927457555 0.998925724409 2000.0
4540.95103416 19.6478857283 0.934962204969 5400.0
5936.83195478 -11.9664251287 0.962443021576 5200.0
3207.67361017 -13.0517102763 0.818087140163 5200.0
-5006.50242104 12.3105438987 0.978451043713 5000.0
-6062.07809569 21.0018174868 0.991360577841 4600.0
-4162.9939066 17.9376538477 1.05125430796 5000.0
1140.72246581 35.7575892362 0.984171306076 2000.0
4712.55320481 33.5401783772 0.976630741192 5000.0
8423.26350068 -9.00112386748 0.925740290969 7600.0
-5880.04962426 -20.9834806439 0.961440818236 5000.0
-800.9209112 -31.3052084176 0.780954511225 5000.0
-5553.76224817 31.4034906364 1.07492066294 5400.0
-6849.30412467 18.0561290987 1.28934345441 7800.0
3271.94020293 -19.184703833 0.930434905045 4400.0
5894.95545317 19.1018567828 0.899786174468 6000.0
-1163.44234846 11.17978989 0.939921599056 5200.0
-1943.18317782 -15.6367041392 0.828401733626 5000.0
-2741.43375815 -15.0411538053 0.989103307832 5000.0
-832.541108654 8.77010334934 0.870052954878 5000.0
3561.13712916 13.2152243981 0.983305496397 5000.0
2018.10968216 11.6903752286 0.753200177709 5200.0
-2109.00847695 -7.41555468879 0.822498101676 4800.0
-7433.14703433 12.0129346456 1.00602760099 2000.0
192.467090582 -16.1404969051 0.946840029128 5000.0
-1914.73724831 18.9473927495 0.931191929497 4800.0
-2265.86141977 -23.3982022969 0.921581090913 7800.0
7093.39768429 17.0547136699 0.979240013649 7400.0
3196.35514489 8.93103417966 0.818159029307 5200.0
-5440.87271749 8.08084743722 1.2058641903 2800.0
2930.76918396 -22.8963469803 0.918443911589 5000.0
4407.36626613 -9.43680361095 0.958637651549 2400.0
-2548.50643299 24.1416717563 0.964271061588 4800.0
3396.81931741 -23.8700508886 0.934975234434 7800.0
4363.72027272 9.09669281567 0.887521934012 5200.0
-539.820770698 -25.4893586462 0.97932255354 5000.0
3608.76059802 17.2701011583 0.914450386674 4600.0
-3854.04375286 8.30989215403 0.892836588496 7800.0
1652.87210661 -8.47464496182 0.766968478314 5000.0
-2529.9366878 -23.8246163836 0.823587657843 5000.0
-7228.20957934 -11.0094041543 1.0086059852 2000.0
-3000.29548275 8.74926944592 0.83731308412 5200.0
-2051.09981387 -12.4604194292 0.918104797638 5000.0
5093.39466385 23.7076469815 0.999641229722 2000.0
3075.06405547 1.67833067835 0.944693589119 2800.0
-4609.8132605 -23.1537234468 1.04544663784 2000.0
-3133.2433814 -19.1475843188 0.989013803929 5000.0
2657.75299792 9.40581329875 0.769374473709 5200.0
-1567.34565384 12.5261139271 0.848576842561 5000.0
-6415.23503842 -8.38063558798 1.09576048158 2000.0
-263.192985819 16.6002687996 1.00567596077 5000.0
5833.87900433 20.9959878696 0.917745396881 5400.0
5770.43998122 -7.36013907618 0.980632750973 5000.0
-1216.55195462 17.3616407861 0.843379738015 5200.0
2128.82649088 -16.122479588 0.799284646628 5200.0
1737.35338203 12.1107208938 0.72289586651 5000.0
4217.91688675 14.0042840667 0.97037450308 5000.0
-2384.7837579 16.8936075576 0.959269297747 4800.0
3188.8895985 -12.7614533762 0.837122054381 5200.0
4151.83260154 -17.4206573807 0.91333679856 5200.0
-1710.95642589 -24.1735625768 0.764018256533 5000.0
-2199.57198977 10.8069305831 0.858192257241 4800.0
-892.657456022 16.4061375472 0.857499472076 5000.0
6142.47015922 34.1164791928 0.980758649534 5000.0
-4954.29619961 -12.5242534772 1.10760930752 2000.0
-2468.69697964 24.4792593675 0.936832145948 5000.0
2493.95108694 -10.1581036561 0.951962346667 2000.0
-1554.62612774 -17.2474479903 1.06833397123 5000.0
-1307.08663734 -25.5568669273 0.8249047772 5200.0
-4278.22570933 12.9508680622 1.23368683445 3400.0
1682.71056553 11.2023860605 0.875338154148 5000.0
-3038.24312025 -18.6856499857 1.04506975579 3800.0
-2883.73416709 -17.2063073186 0.825926417714 5000.0
3601.31971872 -12.1731560288 0.958209666311 5000.0
6009.70559997 12.5265905251 0.902649199318 5600.0
5260.09765531 20.9003672347 0.902904540982 5200.0
4976.84172233 12.7808146535 0.895188378948 5200.0
-4788.72242725 11.9355639565 1.11948877787 2600.0
2879.96704265 -12.3080571917 0.981056714539 5000.0
6272.10361174 7.36004859457 0.965842871011 3600.0
-3755.97454382 -39.0291777814 1.04352046541 6800.0
5358.29097666 -5.96845054202 0.995385270214 5000.0
5190.33353279 12.6686594961 0.9794657771 2400.0
-3566.86758518 -10.501096339 1.20300246161 3200.0
1250.71942796 -37.4320322977 0.788262726132 5200.0
3152.20427143 27.6724172393 1.00996939249 2000.0
3575.40187396 33.109409981 1.05206613941 3200.0
-4245.5872396 -24.6740935227 1.1477267359 2200.0
3692.08633677 23.2214835532 1.00624631339 2800.0
6141.66396463 9.80516847791 0.919915549807 5400.0
-2381.88000887 11.0360494589 0.876200899376 5000.0
-3864.2588063 -6.45392746227 1.15316289567 3400.0
1258.29649242 26.0505813005 1.10912014763 6400.0
5576.02724762 24.6789836233 0.971795656693 3800.0
-2350.67560156 20.5056076585 0.839520826327 5000.0
6574.18151036 23.0815656844 0.984477558229 7600.0
1027.23677697 9.35631713552 0.8355260885 5200.0
-5181.78012287 -11.703675874 1.23108604036 2800.0
-4834.2840544 13.0800173685 1.02747064138 2000.0
-2298.45866602 -23.1040129537 0.820215429196 7800.0
-3947.94762023 -15.7850598474 1.1260858681 2000.0
-2689.96729807 -7.39252182396 0.88633470102 5000.0
2243.74332124 -23.7492378932 0.75519161748 5200.0
900.057057057 13.3311249498 0.722180923717 5200.0
-2649.25218083 11.8458265048 0.900234918043 5000.0
-2712.441828 -3.46059335282 0.865517084894 5000.0
-1935.41898104 8.28913307295 0.846218614644 5000.0
-2257.99417328 -27.1916487117 1.24655374733 3400.0
2672.9383715 -20.2371621143 1.00634746936 2000.0
-4500.72399741 7.98571386904 1.07145532115 4800.0
-1079.77728974 11.1669056277 0.818044055572 5000.0
-2890.26226973 -25.5225984066 0.900648854 5000.0
-1733.91216733 27.6999637718 0.788922262969 5000.0
2475.30109644 10.8301707734 0.875407725761 7400.0
4303.02824528 -5.66323074922 0.954729912372 7400.0
2464.98769074 17.0232574512 0.923626232985 2600.0
-577.239157029 -26.4819248449 0.747144466928 5000.0
-4459.1614385 -5.67019939073 1.12333980151 5200.0
4944.56584813 -16.4055284524 0.998886418908 2000.0
6397.9193159 11.1446611516 0.979031379119 5200.0
1689.71776986 -14.4499467546 0.819021632641 5200.0
-2972.75957386 -5.44081513583 0.949527723937 5000.0
5861.46432022 -4.67151672804 0.981732831776 2400.0
-6989.15883105 -16.2462263953 1.04034210069 2000.0
4152.04805519 -19.7351149795 0.909954148641 5400.0
1263.73680703 -22.3183333626 1.01755182827 2200.0
-1508.23113843 -30.5732787681 1.64137422431 2000.0
-1908.55663154 -16.7890394144 1.21134189988 2800.0
-3426.26998997 -13.3525010019 1.13556667379 3400.0
-4371.47670291 -23.2538582946 1.0052443294 2000.0
2629.3152219 -14.4256239031 0.877267003563 4800.0
-3710.54243143 16.4670680315 1.00250157671 5000.0
-2478.37141699 14.5198012207 0.824792850761 5000.0
-3563.73573229 -33.9031596869 0.830147667204 5000.0
2972.14696759 24.0367258918 0.930990855443 2800.0
-2324.04332232 18.6084502339 0.819594129468 5000.0
-1040.391516 28.0986039974 1.1943383487 2800.0
-2903.41319401 -19.4018263817 0.841519155326 5000.0
4772.17197361 20.3145392862 0.908675480174 5400.0
7036.76995714 16.8277944144 0.901818227272 4800.0
-2547.2527451 10.3111685564 0.900014382358 5000.0
-5253.80260001 10.269691122 1.23339377843 2600.0
8870.97995314 -13.5241342675 0.941714303106 7400.0
6962.5030998 8.1312947079 0.917451550263 5800.0
-4441.45840059 -14.4555690493 0.984490301364 4800.0
3015.31303534 -14.5273900221 0.936508503481 5000.0
6206.18122635 11.9349333471 0.912261668771 5400.0
2849.95500185 31.5185789674 0.89134416656 5200.0
-960.584912591 -27.5346758855 0.933863094076 5000.0
5018.47915934 -12.4138909189 0.89000631338 5400.0
7166.93995175 -18.4031620915 0.93970412092 7600.0
7659.94189933 14.4991460109 0.992651028513 2000.0
-5819.3873325 21.8052593591 1.01229119913 2800.0
4102.30512887 -7.34954393884 0.894086785361 5200.0
-3545.79195815 5.7561807092 0.95715402853 5200.0
2886.61008331 28.5107922706 0.97618569198 2400.0
4255.38220452 9.11547757374 0.979397767066 2800.0
-2373.71525515 10.7308520799 0.897238790865 5000.0
-770.08907327 -13.3303846833 0.830782939242 5000.0
-2647.66931994 7.82935252356 0.910379630292 7600.0
-2808.08280037 -24.871727575 0.774508139152 5000.0
366.910020108 8.53959170314 0.780503305024 5200.0
-8017.99553952 6.94114881034 1.38092028851 3200.0
2533.47085945 13.1057869142 0.92114273402 5000.0
-5911.18780258 -21.4485560006 1.34135013798 2000.0
-3966.27258954 15.9674581568 1.15638424182 7800.0
-4401.05449338 3.41863608858 0.999403977828 5000.0
6407.54922597 17.2064218774 0.986936309703 3400.0
4959.59553634 -19.4346801867 0.901149926715 5200.0
10152.3603397 -17.4438103348 0.949902129745 2000.0
1663.94333356 -25.8445698032 0.773451733439 5200.0
933.498013461 -14.007095097 0.920359225169 4800.0
-2896.24637713 -18.660188761 1.08449542476 3400.0
2070.11744134 -19.160857554 1.0046437714 5200.0
-1927.39865102 29.0073832829 0.779362687945 5000.0
2051.98884189 11.6823539886 0.861365802049 5200.0
5694.2604282 14.0965630594 0.904173876351 5600.0
5328.55526264 -18.7674287117 0.917641170255 2000.0
-4972.87470492 -7.82796986629 1.25127744918 2800.0
-5777.58274345 -23.4926062196 1.86276369502 2000.0
-4701.57150479 7.05746761402 1.03763818701 2000.0
1851.73569336 18.6157432271 0.770984065213 5200.0
4861.78495611 17.5917510794 0.989592819025 5200.0
4234.47471366 14.993844648 0.830489966549 5200.0
2438.60205538 -14.5143978497 1.01964882928 4800.0
-2509.47508881 -16.6597506396 1.02244506808 2200.0
-2464.64886825 -17.1753689274 0.774576033041 5000.0
2029.71452843 24.3075031261 0.849080277953 5200.0
3927.07180705 24.0611438638 0.934987255183 5200.0
-3801.39518632 -15.8427168368 0.874631433947 7800.0
-5483.32802691 -30.0491274587 0.98265805431 2400.0
-5701.32461532 -14.7968670286 0.968814365021 2400.0
4613.87573107 -22.4622156057 0.895723464792 5400.0
2795.97538224 -13.1775535751 1.0150702608 2200.0
10478.4823284 9.75913363331 0.92747955936 7400.0
5173.2975741 -30.0640181095 0.981601980804 2000.0
389.400282176 -10.7769131802 0.789131082968 5200.0
-3510.58303969 14.4359632568 0.992140550659 5000.0
-1338.09571329 25.8311809626 0.873153726928 5200.0
2786.694354 -23.6396461614 1.03011643704 3000.0
1464.81555262 19.6277127432 0.88352643042 5000.0
-873.388081677 12.9495274384 0.875118675709 5000.0
-521.120368015 -14.3370382268 0.945611241906 5000.0
5275.50742775 11.7919655188 0.893476163305 5600.0
2666.28628858 -15.0187081223 0.8507614954 5200.0
2589.02335223 12.1454027529 0.914411271957 4800.0
8024.60433155 -20.2257980127 0.930002654848 7400.0
-4084.88362249 13.3336820162 1.12820959893 7600.0
3671.96629214 -14.0124797681 0.93159805943 4600.0
7001.89833356 13.8238911489 0.900224397233 6400.0
-1719.2483917 -11.691773348 0.760416461271 5000.0
-5482.80583701 9.67457595134 1.13515121775 2600.0
-1667.93164474 -6.91103810334 0.815544228287 5000.0
1916.35698167 10.959955842 0.708161236075 5200.0
-6698.38893382 -17.6011214624 1.01230136915 3600.0
992.991196225 6.72760507272 0.744431678307 5200.0
3794.0451866 -11.5568808887 0.861812393667 5200.0
-3135.91015105 -5.49330021067 0.901084768926 5000.0
-3995.97401136 -7.12802690398 0.947815160848 5000.0
-6355.67534205 11.8619595351 1.01900712798 2600.0
4245.07924994 -17.5234847955 0.937507677393 4600.0
1663.16574345 29.2255512487 0.891354601768 5000.0
-6101.1240408 13.5428226402 1.0154155783 3600.0
2779.37821612 -18.2576887761 0.894932447593 5000.0
-5679.52988991 -13.6545572499 1.05357553924 2000.0
-4097.84687515 -8.06041805509 0.991097671403 5000.0
-3590.82445165 -24.6378961923 1.06564990884 7800.0
3660.8731314 14.6886569975 0.904580807475 5200.0
2136.8207223 -16.9590579984 0.802691389689 5000.0
-2966.13186397 17.9517243793 1.19202031303 2800.0
3414.15835531 38.3183679061 0.932686529691 4600.0
-1619.56640687 -28.7717996823 1.08497208043 2600.0
-5671.54676138 -10.707376425 1.26663504489 2600.0
-1923.65843518 -14.1820863095 0.844529178041 5000.0
-7927.44208425 9.75481584781 1.10883307032 2200.0
-4537.56736087 15.0765832315 0.972091345563 5000.0
-5809.55806221 -30.2732336989 1.41898157879 2000.0
6397.7843976 9.08831222766 0.895427790736 5000.0
-7517.29949051 7.39040811066 0.995927195477 4000.0
3061.11159418 -11.0551455504 0.952073615481 4800.0
-2145.73288475 -22.742800052 1.04683693247 5000.0
3456.29923537 10.2258142496 0.975663800807 5000.0
2697.96650978 12.662960689 0.945159059939 5000.0
2728.58234582 15.7941586582 0.919437067432 2400.0
-5750.33865879 -18.4884768526 0.991693577443 5400.0
2700.95135429 16.0942256311 0.822202830111 5200.0
-1808.29663941 11.2229417999 0.878795636431 5000.0
-1746.45405622 -25.2366119019 0.910245001376 5000.0
-4244.11956399 -7.75374736231 0.992330011933 5000.0
2671.01825034 10.7888327744 0.834025411783 5200.0
-685.461900806 -21.8075875305 0.705968291638 5200.0
-4571.26669816 15.1955770876 1.05291008979 4400.0
-4101.01733891 23.5747040574 1.06979171947 3600.0
-6483.25673256 17.9514237654 1.09965960513 2000.0
4997.05063404 25.2595412893 1.00127050319 2000.0
-2744.51893141 16.3985277433 1.0335224411 4800.0
-7829.57334428 15.2843140345 1.00097759057 4200.0
1245.71342273 20.188424204 1.01725484426 2000.0
-2022.70952299 25.4240894803 1.00304705314 7800.0
-3134.32616124 14.5596508225 0.944858017473 5000.0
5316.83905084 -11.7006387194 0.958041971529 2400.0
6250.33339076 -11.8240029871 0.986229857418 2800.0
-4594.97133787 17.0466488423 0.89088847673 7800.0
-148.318293301 35.7267397601 1.04177108794 2000.0
-1735.0630927 -11.6450435951 1.00702558511 5000.0
-2462.72308181 12.7386281821 0.784507417204 5000.0
-2013.82723143 22.5349975316 0.870863511316 4800.0
5496.39182445 -5.34686855173 0.911812414318 5200.0
5915.85938135 18.8939397868 0.91093714304 5400.0
6034.52536372 12.6578287715 0.997263355717 5000.0
3215.50670337 13.0753903644 0.804039879919 5200.0
1427.83585472 29.4045616786 0.794868385291 5000.0
5862.55276734 14.2741599514 0.980166342205 5000.0
5308.15024285 9.5059606719 1.00003885314 5000.0
2421.68771118 -14.9757736642 0.842178853138 7600.0
3099.1103451 -26.2820808403 0.806097104852 7400.0
-3116.63041444 -16.5620319958 1.05003373699 2000.0
1599.906591 22.7576184154 0.986741632191 5200.0
3527.33562587 -14.780221174 0.91649761459 5600.0
4868.48125068 18.4629578199 0.881205617239 5400.0
-4541.39483589 28.4687787194 1.11259278439 2000.0
-4513.00428049 12.9604512487 0.968365281683 5000.0
3817.89915357 -25.9215138672 0.917800705911 7800.0
-7222.05059781 23.1215945751 1.0256417323 2000.0
-3920.5811901 -12.5878740866 0.967072630758 5000.0
-2018.25514455 -18.952765168 0.776161153246 5000.0
2358.31223358 -24.6281624898 1.00704906853 2000.0
1086.79406074 17.9070725158 0.92515461625 5200.0
-2480.81797422 -17.337218154 0.897848152864 5000.0
-5200.5751443 11.3750140176 1.04607609715 6000.0
-4502.90244939 19.7320799748 1.21664278705 3400.0
-5364.54461358 -11.2130370955 1.10639828987 2200.0
-667.055425677 -25.0321597165 0.723545470961 5200.0
-1158.55619975 -13.9600578828 0.954288950817 5000.0
-1684.54459976 -25.5486681812 0.734618895908 5000.0
6276.41160716 -20.3884461728 0.895317195802 5000.0
-1534.73044297 9.09943451625 0.8433365814 5000.0
3526.76196582 20.7421764468 0.985416327113 5000.0
4912.44989764 14.0500340518 0.903363546985 5400.0
7120.20121639 15.9505922177 0.940349073222 6800.0
3938.22013648 11.7595776632 0.85720889198 5200.0
-3605.75183969 21.4853283393 1.00728517409 4800.0
-2645.3100157 -13.6004848513 1.03490197373 2600.0
5180.07731118 -21.0022782437 0.996705957257 2000.0
-4859.39654864 -15.008038438 1.03737999168 5600.0
5644.93419531 14.2816104168 0.888288594978 5600.0
8092.09621618 11.4129113293 0.97400928739 2600.0
2979.42891765 -18.0407127479 0.827960546792 5200.0
-3452.92229236 29.9530356139 1.06265396472 3400.0
-2606.25416623 15.9391584815 0.833951311081 5000.0
-2553.17358064 -16.4384171894 0.889496235094 4800.0
-5151.78818387 -12.6427165803 1.16187678993 2600.0
6632.27160387 -7.34547025287 0.917717008949 3200.0
3765.53929367 17.5281619929 0.964022491456 3000.0
-5240.51374194 17.6153644185 1.02739988213 7000.0
3014.97178627 -17.2514120097 0.910415678884 4800.0
3056.49197303 -15.4430332915 0.981171252345 4400.0
2746.40800179 -26.2327937749 1.0063983001 2000.0
2460.89704522 12.864289834 0.727389020455 5200.0
-2574.80370584 -41.085515382 1.00835044974 4600.0
5227.22816799 -25.1112638514 0.918465911184 5200.0
2877.16898236 13.5285398919 0.776078135173 5200.0
-4715.48994239 21.689250523 1.18980622686 2800.0
6721.96898908 4.16994947439 0.937876475562 5400.0
5302.70388082 12.597173672 0.963083516264 4600.0
-3770.43777843 -30.4967077899 1.16663406722 2000.0
-4310.91522407 11.5322968125 1.00577370038 4600.0
-5872.6396903 37.0854202198 1.01563830335 2200.0
4555.63093087 -14.0046903943 0.995218862658 2000.0
523.792514543 10.6922947056 0.726691899178 5200.0
-4315.85911529 15.3786205963 1.04846005612 6000.0
4032.76341955 15.6200217138 0.899429091768 5400.0
3647.05218422 -13.6358166158 0.968568492085 4600.0
328.176802306 -13.2588295986 0.774314189062 5200.0
7164.19782958 22.5694985084 0.908218583172 5000.0
-414.244168413 -37.8306240227 1.0193256895 2600.0
-1780.36843713 28.7193134269 0.873519850126 4800.0
-3983.25168651 12.2213288977 0.983529641844 4800.0
-5603.378148 17.4574528287 1.13105166148 2000.0
-5775.84890466 -17.5894360633 0.963380761962 7800.0
4104.93132612 -4.15343700506 0.979627496668 5000.0
1012.71376045 18.1337762435 1.02087742569 2800.0
-4202.40180439 -22.8357835479 1.24649149761 2000.0
1834.6616622 9.04865653641 0.878686610213 5000.0
1342.33438707 12.359002608 0.725685979799 5200.0
-8372.00472603 22.8553248108 1.03862741503 2600.0
1739.05530388 20.0866891878 0.77161144578 5000.0
-3361.63302628 -14.6948813856 0.854636331363 7600.0
-3076.21701232 10.5634272868 0.862216919592 4600.0
-3055.30972016 -15.6839583813 1.01308794123 4800.0
4216.69357582 17.1368208329 0.960924704384 5400.0
1750.79688768 -15.1437047968 0.852185661072 5200.0
-672.849412669 -19.1877081758 0.775760245214 5000.0
-2790.36709166 22.4517199211 1.02618526666 4000.0
-4969.58090026 17.6599259214 1.01234218334 2400.0
4289.84998762 26.8343098835 0.994188024712 5200.0
2055.1855533 16.0438806097 0.895981542397 5000.0
-2466.23066634 -25.656771478 1.06284246073 2000.0
-3868.96230049 -10.9564226255 0.998138328136 5000.0
-1574.11763038 2.85741137494 0.816960038836 5000.0
3976.23611109 -12.9912050638 0.919078037368 4600.0
-4818.35064506 25.4233554116 1.0898331626 3000.0
-1936.46268157 9.70348230609 0.818975277818 5200.0
2305.72483635 -27.840530176 1.03867476874 2000.0
7958.12504445 -9.49133786153 0.986257872779 2800.0
-1362.21969613 16.6528382401 0.73216455194 5000.0
1929.34082094 8.37962991471 0.705684606423 5200.0
5142.70010258 7.43174985093 0.968348221994 5200.0
-8170.03605343 -11.5514868254 1.02266074352 3000.0
-496.066365711 19.0037957409 0.899225787686 5000.0
4007.45348377 -8.25877232418 0.991951414444 5000.0
2550.38111817 30.6162489505 0.888717517734 5200.0
-2858.16091448 18.315480831 0.982013083151 5000.0
-2878.89706671 -14.4850004594 0.854245618573 5000.0
1985.22024131 8.67071941489 0.716496403794 5200.0
3824.20830018 -12.966852943 0.865189951774 5200.0
-1904.12634572 -7.09318181014 0.898871419261 5000.0
-6037.18156859 -12.8846343398 1.0362450721 7000.0
2887.84041938 -9.28652308476 0.870992802195 5200.0
-2623.18815648 6.75649837595 0.855935859174 5000.0
-1032.77705765 -15.3278940897 0.819317286039 4800.0
-3558.23578521 -23.426317765 0.917647543715 7800.0
-3784.3058217 -20.982498451 0.978975109931 5000.0
3352.85614736 3.20214099772 0.862386658012 5200.0
-3713.38453851 12.1654197573 0.950663571023 5200.0
5109.61591442 -20.0224366433 0.922468264231 4400.0
2994.23607758 -10.3242387346 0.841806356435 5200.0
-5606.63712947 -4.92648083714 0.976180955997 2600.0
-577.774604192 28.0745070448 0.928485469355 5000.0
-2742.63750066 -14.6039072513 0.862352614854 5000.0
7014.87426287 13.4285486697 0.931396528914 4000.0
1355.73008614 1.719122319 0.788821221815 5200.0
3420.63867879 -16.4254279627 0.886779404023 5400.0
68.2994321184 -21.8173548788 0.957130619815 2200.0
3561.90808506 -9.88338618347 0.979263460225 5000.0
-5000.37065191 -6.94474731616 1.16598141748 5800.0
-4103.94291763 22.1588725772 1.03488450623 2000.0
-328.984195061 30.0452821798 0.979957199887 5000.0
-2768.48406257 21.0218988779 1.08483691877 4800.0
2694.22467103 19.6046779199 0.764140428197 5200.0
-2023.20972649 18.8229806623 0.850095457315 5000.0
2900.25031988 23.7519618905 0.81634186711 5200.0
-2663.10052158 20.8969839157 0.972607270256 4800.0
-3603.19808373 14.6449896013 1.00418761685 5000.0
5461.82177501 16.8170472001 0.983905915605 5000.0
3646.63776507 14.7471605714 0.868834006705 5200.0
-2075.63268792 16.3583216825 1.05961312044 7800.0
675.708567768 15.5011984494 0.812268188185 5000.0
6577.06611382 10.4708097372 0.988553321976 5200.0
1866.68448107 -21.0311707325 0.734504028836 5200.0
-5834.88604644 -22.699340778 1.03213534503 2000.0
1752.41920732 5.44642182732 0.75717279441 5000.0
4012.7459042 -13.081846749 0.899826204069 7800.0
-3249.67054456 -11.385586026 0.912963579523 5000.0
-3437.65492629 -10.3328347293 0.987639468452 4800.0
-2424.28723913 -8.5999541395 0.796200887257 5000.0
1620.01352864 7.59947887194 0.733954002255 5200.0
-7270.82274771 -12.4334456843 1.10284818093 6000.0
-2857.16186424 16.3979718479 0.991394808479 7000.0
5749.2456339 -18.7571281548 0.921367856341 2800.0
-7200.10256406 -11.4214888728 0.984233311928 5400.0
6957.66877324 -17.1623679037 0.931622922687 3400.0
-4084.43185977 -10.2289239864 1.25406101144 2000.0
-3209.05744084 7.31726971673 0.962074908252 5000.0
5016.56983195 6.03695753972 0.953489556678 5200.0
604.708848542 -13.8455397269 0.799933881221 5200.0
5154.52541238 -12.8839463556 0.895378903373 5200.0
2890.40258766 -29.4600274998 0.930501064753 2200.0
3304.3963062 -7.8230730498 0.967906085355 5000.0
-3967.31177138 -16.1406315627 1.16264365185 5200.0
-3633.18151763 10.278302333 1.10219196424 3400.0
4336.47075791 3.19250296929 0.975958485941 5000.0
-5277.31321138 37.035575108 0.971367710276 2600.0
-4000.67145661 21.0044940201 1.00853745666 5000.0
5523.50792014 24.58383861 0.984494312412 4800.0
3024.91670163 -12.7643555109 0.953923656088 4600.0
-3899.44135213 8.96194220617 0.990999044939 5200.0
242.156585163 14.7535989482 0.841606180333 5200.0
-2405.0532783 -16.8445016683 1.03565652023 4000.0
6688.48796111 -11.7455772225 0.981758290011 2800.0
2854.54350492 11.2030485399 0.822600751039 5200.0
6736.15789312 -8.96453916444 0.926758758184 4200.0
1564.18894169 -21.6013628524 1.03862362829 2200.0
5851.22789476 16.0318047668 0.932701549198 5400.0
-2616.10355145 14.9066662151 0.80339760272 5000.0
-2262.19989707 -26.0746151116 0.860284946592 5000.0
4211.0302641 -3.19421365621 0.921190579584 4600.0
-3388.29346362 7.65245642277 1.12407470578 7800.0
2154.29481296 -8.35802778403 0.864628236634 5200.0
-4622.50947537 -28.8217703426 0.832861553644 7800.0
-4814.58518236 16.6818297997 1.00068075513 3000.0
1995.51728391 12.4057080414 0.70695301912 5200.0
3885.27861371 -16.0566094204 0.972462971588 4600.0
-6731.72388509 -14.414234897 1.03177631412 7600.0
2754.31636726 11.7800315703 0.773700590591 5200.0
9796.30706056 13.5791384558 0.976047117563 4800.0
1857.96941305 24.4836785349 0.91641245203 5000.0
2470.51499639 9.12199515927 0.92234513745 4800.0
-5434.39559629 -21.0945844486 1.00095633441 2400.0
5440.65246516 -16.8443190861 1.00318002583 2200.0
5785.16557176 -9.6027431678 0.913522272496 4200.0
3088.30443297 14.0436367196 0.851796286155 5200.0
2664.44928881 -34.2133667087 1.00277730415 4800.0
2887.9960635 8.31616208983 0.93334936802 2400.0
3415.7660144 18.1142802042 0.97917036551 4600.0
3367.25217313 8.19119240456 0.95741398657 7600.0
-4215.7339996 11.5112363629 0.960267095438 5000.0
-2319.33336691 15.6905330785 0.785086644049 5000.0
-8005.00924647 27.5157338542 1.01758273659 7400.0
4668.22735479 -10.3469157734 0.948511457053 5200.0
-3643.20661542 -22.6818165245 1.40464288871 4600.0
2781.71968141 -24.1935953649 1.07272040772 2000.0
1570.16386611 -14.713803484 0.734582843373 5000.0
3154.70304957 -9.06133468478 0.880379585263 4800.0
-4796.42297094 13.504840967 1.00904856695 2200.0
-6336.56581366 14.5803912774 0.991468500649 2800.0
-4308.83976067 -10.952765959 0.954225226324 7600.0
993.989431484 8.03639603013 0.760717833199 5200.0
5326.55234089 15.2010605409 0.950487474126 5600.0
4023.43389632 7.6276660639 0.97655161807 5000.0
2063.59762192 -5.17756906622 0.826401301239 5000.0
-6592.30186421 12.0818580913 1.07982341999 5200.0
5193.30150083 17.0148584433 0.883497079288 5400.0
-5471.50831477 -26.0973235358 1.24016161226 7800.0
-1509.33957589 -11.7571081219 0.843688833576 5000.0
-2915.47617352 16.5334097981 0.775921980772 5000.0
1676.28306505 -13.4567635978 0.837196985601 5000.0
-2944.8359429 -28.331910668 0.814777513464 5000.0
-6835.75978229 29.7560107796 1.0340761397 4000.0
-7014.66640715 17.9961917174 0.998821748455 5000.0
-1931.02980892 11.6876814332 0.862679582753 5000.0
-6179.64000273 15.734047699 0.982425090019 2800.0
-2336.62576308 31.871981718 1.16207182854 4000.0
4917.85135347 -14.1101408947 0.937602077725 7200.0
-3516.5159341 -20.2917877269 0.99153748527 4600.0
-6330.17306106 -12.2597974455 1.22158864675 5200.0
5401.47421509 -30.809924023 0.955912579883 5200.0
-4754.82335222 -21.8950658773 1.18308653588 2800.0
-2775.340209 13.0686198116 0.82821146842 7800.0
-6213.44454474 -13.4876912138 1.19423450504 5200.0
-1615.30487725 -22.7024608555 1.04320963738 5000.0
-5831.97162225 -14.2513609771 1.13435233969 2800.0
-2893.18616918 -10.8286686465 0.894772225831 7800.0
935.03761186 2.14686060175 0.769646731804 5200.0
4043.72186874 12.865064532 0.952948657875 7400.0
-2480.81704017 16.1464760915 1.02859166998 4800.0
5095.30553563 24.568804191 0.941051552381 2400.0
3076.08807083 9.06668937769 0.92997447955 2600.0
-6482.75206409 8.6731604559 1.02614521028 3000.0
1049.74678094 17.1204258384 0.714575466292 5200.0
-5499.32048052 -23.5953815375 1.44720108705 2000.0
-6382.01256935 -10.1146884786 1.323067589 7800.0
4184.37218028 19.47767777 0.918404203357 5200.0
-3064.88828526 19.3289428156 0.84970262084 7800.0
1954.79507372 -9.70749697371 0.740405184309 5200.0
-7505.12642756 13.5205997513 1.05848827688 2000.0
-2958.50311979 -9.27256625919 0.975753051967 4800.0
3658.13926414 5.39934629339 0.936558308657 4600.0
-4400.69401318 -25.2752880897 1.19073520922 2200.0
8681.68242607 3.36081076407 0.973507896164 2000.0
-1995.49641436 -3.95735041823 0.811100826761 4800.0
-2270.51452427 -19.2725562966 0.950532112619 4800.0
4154.58504874 30.5645531639 0.909071300914 5200.0
-7038.27494593 -17.571081188 1.57061179246 7800.0
1653.97891173 -21.9658329971 1.00488845644 2000.0
-2783.63912864 -12.0335422785 0.80753990363 5000.0
6456.12693668 -18.4750439661 0.956078870028 5200.0
-3734.0010094 -22.1891451369 1.20644422471 2600.0
-5736.65161333 4.59345462631 1.15610988321 2600.0
-3357.60856678 -12.4885334456 0.942254203453 5000.0
3347.8342738 13.8692127295 0.916780992398 2600.0
3974.6345268 16.3988221817 1.00489277599 2000.0
-6302.89462479 18.7702293921 0.986673273835 3600.0
-5021.48225831 -12.920301743 1.10222366904 2200.0
-2752.48259705 11.7715729184 0.918423014013 5000.0
-4278.41997186 -15.2611200232 1.35771727554 2600.0
-5380.64417947 12.6530944591 1.23114221909 2200.0
-3530.11487345 27.7285540138 1.09452292487 2600.0
-9092.54747575 8.09604239881 0.985659701859 4800.0
4426.84867703 16.3099548751 0.936844609146 2600.0
3470.11377307 6.34426368592 0.866459133158 5600.0
-1276.95535166 26.7966075034 0.941640562589 4800.0
2715.63049564 -21.394842764 0.807412999675 7800.0
2119.39780647 16.8575169111 0.780261382546 5000.0
-2628.35328844 -21.8800960821 0.87271111356 4800.0
-5188.05120299 12.0775363106 1.25828336293 2200.0
-3933.74713654 36.1624643572 1.02074621128 4200.0
-3039.34753653 -18.3556898999 0.805203334361 5000.0
2191.78415092 -8.79374736006 0.813824292411 5000.0
2081.67836663 15.8066889118 0.91375650272 5200.0
895.194354972 16.5836289397 1.03754335137 2600.0
-4671.23965541 16.79760498 1.09073539451 2600.0
3710.79487054 -20.4125862564 0.914950840168 4600.0
1735.74782268 -23.6140245561 0.95172372557 4800.0
6679.76617682 -15.1709058003 0.90413462546 4000.0
5339.9350989 15.1067730702 0.917032277943 4800.0
3211.58628191 9.52747075951 0.981947289284 5000.0
-1354.59905433 -9.98591187534 0.921617373191 5000.0
2732.19392714 -12.8341320879 0.987767314488 4800.0
4203.84517529 -9.36398997544 0.895183732862 4000.0
-3653.08822565 -26.2015920597 1.08146131982 7200.0
-1617.90372378 -15.1488886383 0.795896481554 5000.0
-3465.05952369 -17.8281150681 1.10409443244 2000.0
5336.67022784 -18.3933417925 0.890194671819 5400.0
-2546.91794322 16.8091087764 0.819407496055 5200.0
-5711.41805811 -11.5781327708 1.19072011064 2200.0
2990.42079475 -25.6327984534 0.904727633243 2000.0
-965.994967568 -15.2729927614 0.868367331423 5000.0
433.072899174 9.64064604618 0.759510064099 5200.0
6151.67404041 19.8723440075 0.977271362002 5000.0
2615.8718272 26.3410386746 0.966334370111 4800.0
557.557177678 -22.6753759424 0.738488834382 5200.0
2511.95348459 12.5498478818 0.765719424727 5200.0
3793.66689383 -5.50953997999 0.910247107956 7600.0
-4310.75120507 -20.985949436 0.829364385978 7600.0
1781.46537579 -13.2660538446 0.832133384556 5000.0
-2123.52865245 25.9851232504 0.972576731234 4800.0
-4578.61943705 -21.828054775 1.01007129946 7800.0
-4009.0638223 11.3647902324 1.07644622267 4200.0
-4372.85039712 5.74726054527 0.925035356537 7800.0
1805.56193158 14.2388894037 0.970731696899 2000.0
3033.99089476 -36.2333137828 0.954286363445 2400.0
2709.78864395 -23.2201786609 0.728964478409 5200.0
7320.7508805 6.63292921231 0.910552715167 7400.0
-3444.31799663 23.3119817806 1.08906195496 2000.0
2189.83406566 -19.0790222229 0.78149471138 5200.0
1933.53933406 31.0449152036 0.770532795137 5200.0
4035.07403876 8.48293782424 0.921675549521 4600.0
-5760.75319532 22.5784090026 1.03817791789 2400.0
-3361.82322556 9.23082903322 0.955262316604 5000.0
-3946.34035646 8.63528991641 1.1036218308 2400.0
2266.94274672 12.1016713413 0.808925444348 5000.0
1933.92872692 1.4859145983 0.770566749777 5200.0
3115.03771323 -19.6989557155 0.939328947703 2200.0
-3540.0541945 13.9443164301 1.07321825564 4200.0
-7918.92769237 13.4254794328 1.06601722032 4200.0
4481.20597072 20.3749955344 0.948889139064 4600.0
4433.1461286 14.8154255479 0.906097089095 5400.0
-8294.05952961 -19.6969754884 1.02277906078 5200.0
2172.54363594 15.8283710285 0.78340353238 5200.0
-2651.08238232 -11.6238008208 0.818038049696 5000.0
-6705.41698214 33.6806089204 0.99204790671 2000.0
-1672.84929933 -11.3388846905 1.02081487269 5000.0
-6988.98624819 -22.1210679373 1.09710101644 6000.0
-5682.67191775 13.0921987052 0.977222535656 5200.0
2700.39694211 -19.2705129595 0.868043120748 7600.0
-5512.88914189 -23.2371351165 1.08258735865 2200.0
-2437.18440149 27.923373735 0.902762091286 5000.0
-2204.43427702 -22.36601338 0.756643652696 5000.0
-2605.30812972 16.2675932804 0.875671280492 4800.0
467.346379403 -19.0868053138 0.714248573724 5200.0
2788.09596493 13.2203390942 0.831256358206 5200.0
372.263323591 -6.37160917367 0.745015511876 5200.0
-3371.87367726 -24.3573797354 0.948452977011 5200.0
5326.66272423 25.8963950971 0.974839125586 5000.0
791.098905476 15.8671103699 0.744780668579 5200.0
6869.90321461 13.8125207439 0.925277928258 4000.0
-4390.7739593 -15.0540984838 1.10483361922 2000.0
1239.73744229 -34.3107615398 1.01129826369 2400.0
-3375.56945182 16.6975611488 0.868462146227 5000.0
-5116.27532395 -13.3162989877 1.03942992007 7000.0
6560.89386739 27.6508940846 0.925818931086 3200.0
714.785279665 -19.0820093714 0.810859092684 7800.0
3465.835853 20.9777101419 0.918671968737 4600.0
-228.278414075 17.2220974521 0.762664667389 5000.0
1724.34804166 9.92090075846 0.766836059335 5200.0
-4073.64121928 -20.6367556393 0.813601875234 7600.0
-7947.91643933 -6.41149701217 1.42820763356 7800.0
1453.49996772 19.4678845448 0.682711441935 5200.0
5774.94515684 -17.3172385004 1.00026677104 2400.0
4230.62223489 14.1267367662 0.989019548147 4800.0
4251.77922204 26.0559445342 0.926518592758 5400.0
1615.15062703 -29.5000475322 0.805993358818 5200.0
-1863.56492182 20.4368572996 0.931883482642 5200.0
2133.57705115 -11.6632791366 0.952298699166 5000.0
-6437.14079073 -22.4811237762 1.05293293328 2200.0
-2754.04917779 -10.6458165973 0.828421756363 7600.0
2441.23759241 25.2206242915 0.977047414976 2400.0
-412.043264708 17.6319330037 0.995253152224 2400.0
5041.65485287 10.0614170051 0.902305096193 7600.0
-2959.13943245 -13.4149247902 1.10726050121 5000.0
6000.94075622 -10.649520993 0.980761456164 5200.0
5079.93352225 11.3009102105 0.999337745858 2400.0
-3497.94707418 -34.5741267242 1.023173727 4600.0
1827.88188244 8.01677805248 0.821760058526 5000.0
8215.59134234 -2.06453966776 0.912084602446 7600.0
3399.23254422 -26.7745337399 0.987339319032 5000.0
867.776767998 -5.16613484353 0.824916561738 5000.0
-2566.12963908 -15.9391156639 0.832805385005 4800.0
4899.99891082 -36.4815751574 1.01378009032 2400.0
1476.69401618 -13.2846339084 0.770088506852 5000.0
5496.89094018 11.2394716421 0.967301278846 5000.0
-1892.4349247 32.0185541323 1.02129345117 3800.0
2283.75371759 -15.9580091412 0.856656005625 5000.0
-3209.88436374 24.8797884666 1.09105690867 2600.0
4050.14628068 -10.5321715227 0.903880000813 4600.0
-2090.99521483 -2.90846383193 0.797615208957 5000.0
3935.46342263 -11.1982116491 0.94608885407 4600.0
-5265.31298092 -25.4928333798 0.988491540156 2600.0
-2920.40136491 -8.37448360814 0.923424468928 5000.0
-2826.93624566 11.3476236368 0.822861552594 5000.0
-1572.27604719 -10.875833627 0.797394870739 5000.0
106.244075391 25.7503573896 0.874105694302 5200.0
1456.83957859 -17.495603775 0.771684029527 5200.0
7483.78077931 -8.45318496236 0.932237317558 7000.0
5391.61259252 17.0718658854 0.920536890996 5600.0
6829.72686353 -22.0298108407 0.941012248145 2000.0
3523.31339415 16.2928870879 0.944267813399 5400.0
1228.26824118 -12.5173826711 0.801994474485 5200.0
-2169.66915617 -13.3528852041 0.81542191823 7600.0
2136.8306152 6.69375004318 0.869670610318 5200.0
5674.51794157 20.5135488776 0.974606215929 4200.0
-2337.53175576 -19.6649152849 0.875170226178 4800.0
1045.74621704 -10.1165223365 0.790396500519 5000.0
6121.1021541 -10.3431642862 0.919585040134 4600.0
5718.35399242 12.3915155512 0.993682748125 5200.0
-6910.9477496 -17.1813429877 0.976038778774 2400.0
-4311.21161541 -9.54167583404 1.35986173413 2600.0
3283.3071015 8.36102145203 0.91950288191 5200.0
489.066757447 -26.6049914398 0.953604227789 4800.0
-4728.81411688 -13.6963274467 1.05674890197 2000.0
-1130.93022782 -16.1094105624 0.91176164832 4800.0
-1675.20795467 10.0478382902 0.748024313982 5200.0
-5063.49524962 -12.587538417 0.940604224251 7800.0
4776.53494157 18.6134894639 0.891568437099 5200.0
-4177.9564194 -30.4248870698 1.05178971735 2000.0
1613.83100552 29.5689892795 1.04704303213 4200.0
3713.51135177 -16.9195648142 0.875725930961 5200.0
-873.246704083 12.2613653761 0.872962019447 5000.0
2853.53689368 14.5340911474 0.826764622782 7800.0
-929.693735633 -18.7866865119 1.04147581239 3400.0
-3084.59494692 20.3391770607 1.15334531314 5000.0
-3574.6861353 -25.2334645033 1.02500304045 2000.0
-6185.80569173 -10.7713530323 1.10612148922 6200.0
-6822.09529422 13.4842278543 1.04984406942 2000.0
-3774.11500308 -20.9140399017 1.12928794963 2600.0
1472.75349677 20.2262659341 0.756008186712 5200.0
-4310.96968137 -15.8813264186 0.99373402162 2600.0
5367.84598058 13.6015375891 0.912002536457 5400.0
1452.65120786 -14.4169155212 0.717031285068 5200.0
-2627.55055326 10.1156040216 0.837724351631 5000.0
-3909.98116981 -9.77982086238 0.971838487123 7400.0
1318.18393914 -4.85186082214 0.807501545726 5000.0
4499.48440748 21.576296474 0.898773352721 5400.0
599.884611526 22.1962875954 0.809230996766 5200.0
-5900.9697298 -6.78680860171 1.1743662945 2400.0
5166.85658891 -15.62979449 0.9355842309 7800.0
3040.49651678 -18.8197439441 0.907649201151 4800.0
1227.10872755 -15.6027765811 0.741957356434 5200.0
4162.79758893 -11.4101319104 0.905581721471 5200.0
1493.82374078 -3.19246200571 0.72867325206 5200.0
5589.48951403 14.2109466435 0.988345442135 5200.0
4034.58115611 -15.0736188939 0.934952159472 2600.0
3450.18067781 16.3259526248 0.919545477295 4600.0
3574.08105936 11.2604038206 0.944257728317 7600.0
-2356.33629114 -16.2437869997 0.791400875063 5000.0
-3244.29778064 -20.7865783862 0.93671333682 5000.0
-7837.00471885 4.33003054567 1.04129081408 2800.0
2835.46112997 20.8318590601 0.905223147983 5200.0
-2424.73537318 5.00224438484 0.84625876276 5000.0
5167.70737139 -8.12575197424 0.983164100606 5200.0
-2268.35707704 -24.5236830476 1.08909308156 2000.0
-7098.50841949 -10.6102894614 1.03581132891 2000.0
-1068.68084843 16.6918894251 0.845756623065 5000.0
6777.68120833 -15.5069422467 0.981881192581 5200.0
1188.61039565 21.4768814962 0.714015834963 5200.0
-4110.63242455 7.69557384682 0.972464279438 7600.0
5010.35264949 13.4284732699 0.91637246821 5200.0
-103.30195614 5.97162983871 0.751304472951 5200.0
3766.18422384 -14.727012289 0.897648983924 4600.0
584.942696592 10.3628455761 0.788706342084 5000.0
-2309.15574553 -14.9421970419 1.04617740847 3000.0
-2582.69584574 17.3826318766 0.846506639077 5000.0
-3503.78879066 12.4365184984 1.0005017405 5000.0
-1631.90360806 10.0002711328 0.777357288755 5000.0
-1217.48266101 9.41219626892 0.778218536543 5000.0
4791.29793187 -7.26004329949 0.902962350614 5200.0
-3927.43946405 11.1239109475 0.999373371566 5000.0
-4162.08051993 13.9595482989 1.01561017729 5000.0
7621.2198874 17.1035860461 0.900920356658 5000.0
4550.21910197 27.1194795724 0.886169862114 5400.0
-6465.8183806 -16.9753921426 0.954224232181 5000.0
1773.52866211 -7.93422985283 0.770140196829 5200.0
5889.60772324 -21.5895379935 0.912157180504 6000.0
1593.26391194 6.31940883413 0.844346900075 5000.0
3621.18976036 -18.4856815879 1.0030688486 2200.0
4305.95006445 -13.8250338322 0.996006753426 2800.0
5689.4873827 4.04515303989 0.90224109356 5600.0
-4649.04342105 13.5868114684 0.978679469013 7800.0
5583.18659296 27.0410615016 0.917131698192 2400.0
5049.05538842 6.43149359351 0.894269200167 5600.0
-4962.04746695 -9.43524269503 1.02026880478 2000.0
-4453.6133177 6.86282989669 1.0264309159 2000.0
4563.04039807 -12.4131565513 0.916116756919 5400.0
7871.06878702 -14.0416523274 0.975456576035 4800.0
3785.31887309 -19.3845951325 0.856374808654 5200.0
-5142.901313 15.4725167252 1.1430692818 2600.0
8614.71246575 22.572088121 0.932284683071 7000.0
-1309.65784079 21.3262606427 0.817653722992 5000.0
5417.99024276 20.5316247863 0.920924851716 4600.0
-2857.74795041 -37.1227687932 1.0003491469 2600.0
3519.18207206 -9.11630014929 0.892484386489 5400.0
4364.89988288 -10.7779241098 0.926293757145 4600.0
-4281.61394289 -16.5714617235 0.996688080706 5000.0
4333.1699382 -18.5034012081 0.876898749031 7800.0
-3610.85694393 25.5193021758 1.02711298372 4600.0
-853.967415284 5.67212334986 0.755632967971 5000.0
-6711.11148817 8.28369047541 1.02740179757 2000.0
3198.24480779 -10.6391599138 0.963676584531 4800.0
-3396.67471538 -22.172048006 1.15845712244 7600.0
4007.80397479 21.0103865909 0.943681198085 4600.0
492.39002675 -22.2282217772 1.06721309499 2400.0
-7100.23108824 -30.1640608085 1.11347295347 6000.0
3748.9551193 4.62326930804 0.920841605134 5200.0
1874.42168559 -16.1056227033 0.70742481825 5200.0
-2291.45363434 -16.210417005 0.798115673379 5000.0
-1772.58045141 -8.44780910286 0.826671976895 5000.0
3981.75035079 31.4356309432 1.00302443426 2000.0
