1101.62137388 11.4604139614 0.727172749855 5000.0
-6352.56378098 24.6055941794 1.43706652239 4000.0
-1072.36939158 -19.5484063613 0.94569467978 4800.0
2528.62969845 -12.4950037378 0.787453155783 4800.0
2458.96600234 -16.1977653301 0.742973971878 5000.0
-2930.23684632 14.5405543277 1.11664936465 3000.0
-4017.70899405 -13.0512914211 1.11016426239 2600.0
-3725.25729289 17.0314908677 0.944265755482 4600.0
-1238.51288854 9.46830465768 0.711442392495 4800.0
-479.928761548 10.467480398 0.737490620713 4800.0
8514.33750976 -9.95696477604 0.945043738019 6200.0
2304.4240937 -12.7308497182 0.765780485319 4800.0
3616.87449525 12.2251355313 0.837672556652 5000.0
-8237.43182332 15.8699321038 1.07472765839 2600.0
8424.33519001 11.1087296335 0.999117302965 4800.0
2052.25810754 -22.4735849955 0.778851385859 5000.0
-3837.3175593 -4.13145461431 1.0261111373 2600.0
-3336.4454822 -7.61775852079 1.10865407736 2600.0
-3932.83984952 24.623092625 1.00414081254 3400.0
7146.5572134 -10.7065276135 0.920276574499 3600.0
2816.29825108 17.0365104802 0.739741843174 4800.0
5050.7478235 -17.4423771666 0.922349012549 2000.0
-5376.60821989 -19.2079340533 1.17890387231 2800.0
-5266.16172258 -8.68529228307 0.976642322144 4800.0
-2954.12655704 18.0187386488 0.971153463258 4600.0
3335.29873943 -7.29174281713 0.791558570068 4800.0
3538.53994807 4.58985445028 0.790562708613 5200.0
-4132.82458006 19.5933541933 1.47869863694 2800.0
-2853.14781882 -18.0212785661 0.973113401425 4600.0
4658.20478079 -11.1117139941 0.907751029885 4800.0
-2608.64106605 13.7358284952 1.17763075939 2800.0
1063.28931257 12.4657139133 0.76555548358 4800.0
-1369.80498671 19.1797165684 0.932207924528 4800.0
-2199.16607746 -16.5247497743 1.02821740061 2800.0
9720.93640435 11.7396648199 0.936542120698 6800.0
5580.74432062 -5.0028844349 0.964544241766 4800.0
1715.26402016 -14.5422310562 0.724687596964 4800.0
-1477.49504009 10.4121975366 0.761736417527 4800.0
-5646.04686052 -47.1814173884 1.03074918754 2000.0
6455.75636729 9.91782250675 0.924519722175 4800.0
5079.38370126 -5.7665062473 0.904575913578 4600.0
-4737.62054484 -14.7122219436 1.21570922876 2400.0
-7135.93141593 24.2676013539 1.03287775561 6000.0
2744.5696391 19.4795738916 0.767885426847 5000.0
8147.06463389 -31.0126781147 1.01870407575 7200.0
820.240951021 9.71255337339 0.719152145847 4800.0
-4085.33164828 -31.9496046636 1.04686866505 2600.0
2375.80085574 12.2372848658 0.745709412518 4800.0
1718.68355387 -12.1511911077 0.706822560538 4800.0
-5387.45946959 23.9697182296 1.02390594337 2400.0
-1632.22359319 -10.1207170105 0.816795724713 4800.0
6814.9553955 28.7674027079 0.965553013232 4800.0
2735.52175418 -5.66300905899 0.702307402517 5000.0
4876.94814361 -6.6154386161 0.895930210419 5000.0
377.472130955 9.44647872637 0.793446409989 4800.0
5622.8423081 3.20277450663 0.920431110303 5000.0
-4764.21523106 -8.57404569017 1.20584743164 2600.0
2740.74307042 -38.6874012321 0.739653942203 5000.0
-2772.64220021 -21.8449754816 1.04690665873 2600.0
5012.74931109 23.1090180083 0.921036888924 5000.0
3411.09174982 4.26607925686 0.797934136629 5000.0
645.059516943 13.0887088252 0.836502058962 4600.0
-8917.16941501 -12.9148103087 0.983073279621 2200.0
4306.29475234 -34.2763919495 0.913682733607 5200.0
-2077.22290013 -6.71491050115 0.735702607391 4800.0
3500.18069978 -23.5589212449 0.823692882171 4800.0
-7675.37057282 30.0239624583 1.01819155128 4400.0
1695.35968134 8.09338656606 0.705231727817 4800.0
2050.27804506 -17.9651345458 0.835404475155 4800.0
-1252.05227904 -8.02597739406 0.767863392562 4800.0
5981.81222105 -3.59991217012 0.906242032556 4400.0
4502.37272964 -18.0532566089 0.973896136713 3800.0
2122.29758452 19.888975656 0.731414611739 5000.0
6153.6849202 18.0137140598 0.914421540982 5000.0
5664.09247086 -22.3850536582 0.925069949788 3200.0
5239.07806072 -3.92394593113 0.903868733266 4800.0
-2139.52946235 14.1798461015 0.807807384588 4800.0
-4783.89201507 14.9192677303 1.03053105631 2600.0
-6781.3309368 13.4476204887 1.00769567794 4800.0
-3511.5647769 10.4464206527 1.21702856446 2400.0
2433.82133849 20.8737519144 0.720419140243 5000.0
-1436.75419143 -13.5401437447 0.884049598072 4800.0
4952.28518804 23.80496924 0.925958208078 4800.0
4707.71580148 -14.7901181676 0.86579539595 5000.0
2794.23143991 -23.8927091342 0.957021988951 2600.0
1839.3623858 36.2468152512 1.20664092515 2000.0
5269.08415006 6.49203290736 0.903324927823 4800.0
-5508.27856757 -15.2952062706 1.02923265634 2400.0
-1186.07814535 15.0034629566 0.802748885145 4800.0
-7085.81605906 -8.66999395469 1.02060196768 2000.0
4764.56473637 -21.2819410716 0.995875621484 2000.0
2485.81138336 -13.0977118991 0.879972220644 4800.0
2428.87859758 -18.4308424018 0.775791381725 5000.0
-911.877384622 -28.3422446336 0.800473023037 4800.0
-1972.48683754 14.9731583176 0.786756772215 4800.0
-6302.35300958 -23.701814025 0.988951263367 2000.0
-3825.92725997 -16.2792697803 1.23715290131 2600.0
1446.96614264 29.7652840602 0.778354361177 5000.0
-2679.47290224 -4.73885448681 0.786306890685 4800.0
-1337.09943105 -28.5545649539 0.755081404335 4800.0
-4086.19451824 17.5454202734 1.13583461587 2400.0
-5895.81793486 20.8646703723 1.01401532175 4600.0
5856.71260694 -10.968087765 0.841512213125 5000.0
-5607.01031162 -13.691803416 1.12646359675 4800.0
-3195.11460893 29.6160958777 1.09329181664 2800.0
3454.55983547 -11.808404752 0.879618906514 4800.0
-3097.92113593 -9.10463608443 0.832148256249 4600.0
2571.73208222 8.14515653455 0.795085450278 5000.0
-4539.16157574 26.0802979475 1.14253518739 2600.0
-5562.62031964 29.1723986847 0.998332039758 2000.0
-4995.02732207 2.00822070752 1.01815382 2600.0
6710.95114044 5.83481247171 0.98427214209 2600.0
780.458266106 -19.5233625001 0.82319292488 4800.0
-3671.50518172 -17.3781126757 0.920319087431 4600.0
3370.95454003 -20.1729636912 0.985681386279 4600.0
-5541.93750292 -22.256923591 1.47785556444 2000.0
-3084.62969601 -10.5173394326 0.753441937656 4800.0
4709.49275396 12.1326285022 0.912503816685 4600.0
-3200.93025832 -17.7894161351 1.16435940285 2000.0
7001.16596239 -18.6226220563 0.954062289888 5000.0
8436.57388678 -9.60760455026 0.983079163284 4600.0
-4317.75266193 12.558784261 1.02278664752 2400.0
-3918.41009443 -13.0083809395 1.0289497048 2000.0
4017.35931102 11.237160397 0.819777904668 5000.0
1364.42307296 -12.7306930223 0.736948849367 4800.0
4773.0387995 -16.6056975089 0.992193761378 4800.0
3570.06559833 13.4815136112 0.872555669723 5000.0
-3908.91559209 16.338688674 1.00625376437 4200.0
-4903.99735627 -39.4759105929 0.979684577462 5400.0
1191.34505306 -20.0784589653 0.753417946099 4800.0
7279.73789616 -12.1494586283 0.945544235289 7000.0
-4611.06932407 -11.3697697306 1.07238158562 2400.0
4179.64590262 25.2360068671 0.878149695864 7000.0
-1702.35930374 15.9982627835 0.793299573294 4800.0
5507.95599414 6.67943708921 0.963542898898 2600.0
-4635.29608784 -20.6700454429 1.085323214 2600.0
-2042.12536146 12.4845307686 0.815430948442 4800.0
-6663.24190524 3.58948259187 1.033109199 4400.0
-5335.46623667 8.60072335662 1.14619405854 2600.0
-7986.21997008 24.5753986441 1.58629186454 2400.0
4499.84253436 -18.9801833658 0.989907521214 2600.0
-6819.6687144 -16.6559538934 1.08043436927 4600.0
-2516.86677614 28.1904720015 1.01451439451 2800.0
4343.7410095 27.1649591862 0.918355634412 2600.0
-1043.97587008 -21.3180601438 0.730737389207 4800.0
865.717062811 -8.44952168669 0.712414957951 4800.0
4140.84303253 14.6401732707 0.836380707516 5000.0
-4714.84372098 -9.60565563138 1.05894634608 3400.0
4939.67429828 -14.1183936833 0.945735784154 2200.0
5056.56566534 15.7019144273 0.950675061745 5000.0
3923.84313667 30.0931789896 0.863893530538 5000.0
5872.29746476 -21.1471340595 0.915343880202 4800.0
3720.58820801 14.4866925833 0.959806735779 2600.0
4621.54181903 -24.447313606 1.01569860394 3000.0
1626.04773889 17.6326298527 0.798944194311 4800.0
-4678.48403043 -6.81556072184 1.05916103489 4800.0
-7424.21484808 10.1492211947 0.992115932375 3400.0
-3364.61366536 9.73552218667 1.02225750375 2200.0
3817.15659512 -29.8090882486 0.801568274909 4800.0
6925.90842634 -12.1276150587 0.97978418403 2600.0
-7612.46510955 -10.3818341441 1.01317733204 2000.0
5409.41794674 -19.1968064631 0.957887136647 3400.0
4759.46924669 -13.5548184481 0.925970754472 4400.0
4312.76575283 8.68191260815 0.954853623378 5200.0
3833.06513947 29.8285366416 0.92656585685 2400.0
-1623.42157539 8.71584439379 0.762793142452 4800.0
-4956.96575649 10.5649382251 1.01004196621 2800.0
-3808.13296388 -13.6213569838 1.05712479062 2800.0
915.254000141 -13.7962652862 0.738138134858 4800.0
2133.60675762 -14.7437729685 0.725986725274 5000.0
3676.6548627 8.11925873347 0.849469995717 5000.0
-8709.29583422 23.1273681129 1.31170491598 2600.0
-647.978171134 19.3306701987 0.888801856675 4600.0
-1669.51306223 -18.4311198299 0.756099387899 4800.0
3616.72089775 12.0130777645 0.920536488284 5000.0
2901.02921443 13.6850281062 0.824053142781 4800.0
1331.23526169 22.8767173541 0.737009344359 4800.0
-568.860022786 -20.8512371215 0.746680505376 4800.0
-3866.79310072 -6.22439652702 0.890793754769 4400.0
2578.57561922 -18.154843485 0.749390267701 5000.0
4127.82354705 -13.3716188554 0.90366098956 4200.0
2107.65616674 16.1506026201 0.733298404215 5000.0
-917.687671734 -23.7594002308 0.878837506284 4800.0
-4390.95964157 23.0640599973 1.12167388505 5400.0
2031.04717163 -3.01576559395 0.723354012569 5000.0
7338.12227371 -14.2597139973 0.972771335291 3200.0
-2919.15005845 17.3344434852 1.05707215407 2800.0
-4733.697702 1.915508241 1.12747926559 2400.0
86.719231855 10.4858245793 0.762447847296 4800.0
-7605.88940453 16.0080204715 1.01164181674 2000.0
-135.437923135 12.1164444389 0.761160001805 4600.0
-3113.47104716 -17.1798456086 0.814447111414 4600.0
-6724.65185874 -45.3462835877 0.978486364928 3000.0
5590.89564211 18.0431163741 0.915058254474 4800.0
7156.60907847 -11.1329799474 1.00426971209 2200.0
-6158.23748891 11.6388179388 1.01548967554 2600.0
-4388.79883687 -7.1044313828 1.03279447826 2800.0
2922.37376988 12.2768477843 0.85636250854 4800.0
3234.89350161 14.4255734564 0.781170187424 5000.0
4622.0659116 -11.0214502966 0.819886591473 5000.0
570.360190763 -8.09390546441 0.725260305256 4800.0
-3533.20875291 14.2144186255 0.945067299643 4600.0
2296.82414415 -18.2601061555 0.797182460993 5000.0
-4098.90679518 14.0178956936 1.13581464495 2600.0
-2876.66635452 -5.5790940458 1.0894943417 2600.0
-4118.70733042 -10.792266956 1.09718681069 2600.0
5516.92839171 16.5663194808 0.953869321991 4200.0
-3138.2930266 11.3666342453 0.817827408142 4800.0
-5412.44650777 -12.482067831 1.21208087033 2600.0
2663.40897537 -11.6720361639 0.862350239938 4800.0
-2368.91485124 18.4961722483 1.26092161495 2200.0
843.266923483 10.7961735167 0.723402321799 4800.0
5223.96488456 3.96827839724 0.903120901986 4000.0
6498.92863898 -20.0870336588 0.931612880791 4200.0
-5417.24424564 6.9115514451 1.18795938711 2200.0
1102.78123482 9.23163769514 0.707251340111 4800.0
-6881.82723326 25.8784919407 1.00614669161 3800.0
-5691.96967057 -24.3462306731 0.984780364014 2400.0
3305.56475664 -11.1648915042 0.860175588131 4800.0
-3197.51503495 -10.4478574916 0.841895920318 4600.0
1395.1572184 7.495755079 0.737339697125 4800.0
-4434.71760924 -23.1651063671 1.01153461876 2600.0
-228.277018871 -18.177859756 0.815976999209 4600.0
9210.02738659 -14.712355935 0.981299385153 5400.0
886.18078959 -13.987302209 0.704652257295 4800.0
-9201.3560155 10.1972142779 1.03363347277 2000.0
-5122.71067795 11.1074911003 0.994211369613 4800.0
-3712.95082897 -26.5532650113 1.07202429794 2200.0
4110.66296761 -9.86628554496 0.898143988472 2000.0
2344.82811948 -16.5425588603 0.763696780944 5000.0
-4440.30055045 -7.49494427549 1.11542564829 2600.0
4061.5485686 11.3221078118 0.953539142962 3400.0
3823.7178812 6.37909648039 0.772956986379 5000.0
-6203.60507445 -23.6157879099 1.1429733456 6000.0
-2822.20655853 -27.309711039 1.00612799257 4400.0
-2498.4033591 -32.1097110532 1.29447456127 2400.0
5472.44353063 -11.3307286273 0.90731686274 4000.0
3781.27366637 -4.45691156873 0.820679024605 5000.0
1461.48914328 -12.0888833931 0.835550819393 4800.0
-732.484504469 -26.2937445798 0.743565683404 4800.0
-4024.7075086 -9.04446331693 0.972655088512 4600.0
1642.36387969 29.7378029206 0.821986105991 4800.0
-3081.49376348 -8.88886075316 1.11716727043 2600.0
1476.15633748 -12.2224621438 0.716476726479 4800.0
-7091.86892507 15.8396111312 1.16719028285 2800.0
-5481.68471569 32.6896506294 1.00552319213 3000.0
-900.386819645 -24.3725718212 0.858818737781 4800.0
3572.09735693 30.3888683293 0.981880641423 4800.0
-2253.38095522 10.6082715864 0.818885576863 4600.0
5758.15438819 -10.0297222608 0.870551208369 4800.0
2661.62102086 14.4694853831 0.817076628547 5000.0
3596.96928535 -10.975103859 0.881371618856 5000.0
3025.3680155 -22.3118629841 1.00237925948 4600.0
5894.29636683 -12.3940976902 0.915764646507 5000.0
1929.68867572 -19.0195529154 0.73553277279 5000.0
2656.70283909 -14.8308869804 0.734009212851 5000.0
6791.07227135 -21.4980199194 0.983736139962 2600.0
-1997.68685291 33.1437911167 1.00354965873 3000.0
1246.85232547 -20.6966639562 1.04677339448 2200.0
-2937.61970655 -24.1437325343 1.04430119718 3200.0
4323.2736786 -9.45316406045 0.909660423834 5000.0
-3966.94672737 -13.0489464273 1.05734010872 2600.0
-5308.36621101 -13.6836342563 1.17993826839 2600.0
4522.35172694 -6.5145720179 0.895314482128 4800.0
1555.31656273 23.7487830233 0.842429373416 4800.0
-5580.31891424 10.2518127514 1.09978657307 4800.0
5468.44194409 -13.1688563424 0.949193581806 5000.0
-4682.29273385 -16.0076615455 1.0862756332 2400.0
7157.24660621 16.5220543015 0.932435927538 3600.0
-2810.33097238 -22.0899492151 0.777733060211 4800.0
4508.17444273 12.4016749401 0.924216799826 4200.0
6006.2321191 21.0166283824 0.931569985002 5000.0
-7868.24747197 -13.6292536273 1.45216472743 2400.0
6275.71751445 -8.82711599273 0.911379275483 4800.0
2537.58051611 25.1019105485 0.90637878491 4800.0
-1165.93030484 -17.9331882199 0.995842340149 4600.0
-4701.99698433 -13.0479566989 1.19433014504 2400.0
4673.22104111 -19.1231381324 0.95712178476 5000.0
-1673.81677998 -11.7157286934 0.724788399391 4800.0
-4529.16090849 13.0770384206 1.02327434475 2400.0
1580.5694798 -10.4177850896 0.721407346025 5000.0
2461.82847622 -27.1154567225 0.831833911458 5000.0
-8771.60688998 32.3561498267 1.37406583947 2200.0
-3367.39043091 -21.6753376334 1.00274965064 3000.0
3746.87441779 9.74731529617 0.813159497742 5200.0
-2703.43549968 11.5171639686 1.06885058022 2600.0
-1748.44427773 10.5896445161 0.714734984642 4800.0
4010.12420069 -5.62570899768 0.769343075687 5000.0
4332.85252974 19.3215335337 1.01056318013 3200.0
-2902.18349144 -15.7310731901 0.788998981699 4600.0
-3566.57759086 19.5388108074 1.17665405265 2600.0
2099.1743708 27.6388332382 0.776233217009 5000.0
721.586685237 7.11186582431 0.704705283804 4800.0
3108.70345538 30.8426917902 0.925744676948 2000.0
3682.5474389 -19.2360800764 0.809797079252 5200.0
-5761.04991789 18.9052063132 1.02704588013 2200.0
-3111.47142966 18.6426658825 1.03722080185 3000.0
2271.49498759 -17.5954721452 1.00280146789 4800.0
815.739848605 16.204672068 0.769125287183 4800.0
-8163.18913316 19.5844801552 1.91604304571 2400.0
8324.10056556 -15.7674556041 0.980859761941 5000.0
-3203.27254439 -6.43934502409 1.07016189007 2800.0
-4791.01115644 13.8834252552 1.14696547664 2800.0
-5197.62697252 -13.5263261192 0.969746771522 4600.0
-1390.53668663 7.06723198641 0.748116905559 4800.0
-2206.00401273 11.5458155326 0.787690942318 4800.0
3421.84152928 21.523180388 0.831341980126 5000.0
3276.71249414 -9.35302503415 0.837310958218 5000.0
897.342078959 17.8161244636 0.795496017778 4800.0
5884.54066235 -21.8772156134 0.907088159197 4400.0
4388.72556758 -15.1773670583 0.933225632235 4800.0
3510.56124468 -18.7486402835 0.999867939368 4000.0
-4307.65383532 8.00988718523 0.990028447951 4600.0
-485.89701268 -7.55043790642 0.744589473656 4800.0
7833.65727807 -13.2301712719 0.925299914706 3400.0
-6785.05397016 -5.29685968883 1.19204204693 2600.0
-7290.73154038 18.6023815878 1.002288924 2200.0
6757.56817403 -19.4729137272 0.979802866356 2600.0
1319.95014337 -12.5691357996 0.782996137385 4800.0
-4042.67390385 -8.28737636729 1.01054275381 3000.0
3087.2496718 -15.537645796 0.784558511417 5000.0
3607.59207852 21.0551795073 0.894955328156 4800.0
-3797.75640953 10.6380214254 1.12894049377 2600.0
6710.94894978 11.3827395696 0.978609035581 2600.0
-4164.42190489 -25.0275264911 1.06973689312 3000.0
2866.37792282 -15.4425747409 0.944091202952 4600.0
-3985.33663886 -9.09407524581 1.07165910408 2600.0
1973.56195318 22.7485485542 0.718247519728 5000.0
-3071.16920834 -8.00749645521 1.09669302367 2600.0
-4034.68521077 -15.9315243799 0.935329845946 4800.0
5330.30962187 -20.4186669957 0.962633229753 4600.0
-1631.97892489 -19.5899620877 0.88263734806 4800.0
4650.2365108 19.3455250865 0.989437282887 4800.0
-1081.56235667 -19.2714152385 0.852312724248 5000.0
-3893.96561568 8.86739009283 0.921945545409 4600.0
2240.44348958 -9.46207742238 0.792023103288 5000.0
4204.05816683 -13.1074973289 0.935189921345 5000.0
-4747.50732362 -4.48904998583 1.01082626901 2800.0
-4498.73509348 -21.8496773384 1.17348957171 2400.0
2214.7299666 -12.3373593936 0.75896000894 5000.0
5905.65189969 23.8806727965 0.903554627753 5400.0
4293.67118532 -8.12441418228 0.890257502912 5000.0
-4735.17258379 20.2941209883 1.0321425426 4600.0
-1749.7146872 -24.3716186037 0.714605120262 4800.0
6367.06198568 22.5647894719 0.977913788052 5000.0
-6596.12985548 -9.35268405243 1.33132630522 2600.0
5421.67093361 -17.123098856 0.948200339181 2600.0
-3512.14029663 -5.85486165951 0.908979691063 5000.0
221.441048511 12.2501458189 0.710965486077 4800.0
4047.98583366 5.08083003315 0.800047691174 5000.0
-3149.60663635 19.5519199053 1.08703887494 2400.0
-3158.281896 -13.678209156 1.03493840308 2600.0
-3526.22579136 13.1100187482 0.945868341828 4600.0
-4832.40137638 -19.3715436572 1.01601695475 3000.0
3439.01731188 20.1573429084 0.989553478736 5000.0
-2772.1616778 -8.77974797684 1.09024800625 2600.0
-6968.1946248 -8.15124024796 1.13551149456 2600.0
2011.28813287 20.5773285759 0.785002496103 5000.0
-1856.73884588 5.9317739964 0.747551867142 4800.0
-3956.1637054 24.4513300281 1.00645079743 2000.0
-2239.60859907 16.8504453037 1.14251367754 4800.0
-1873.9808343 -27.9848593634 0.741430364001 4800.0
8328.03001193 11.2473902658 0.926666156854 6800.0
1225.76533818 11.9639976231 0.713066434465 4800.0
8787.95962181 -22.081311336 1.0008575774 4400.0
-1440.45872547 -9.10505065353 0.735070110896 4800.0
2154.71766658 24.0368905451 0.915394217344 2000.0
3922.79150032 -20.2556247387 0.932884269703 5000.0
3261.13213338 11.2598616899 0.74682452134 5000.0
3547.01467066 9.04089166062 0.901586510199 5000.0
3436.27768274 -19.2410314764 0.970932760085 2600.0
-9530.57168613 -8.54594919465 1.01590257475 3400.0
3069.12772051 5.4208795954 0.769554077783 4800.0
5744.78050402 16.5335610941 0.943597689932 2000.0
-1817.98584266 -23.4087661183 1.01417201933 4600.0
-6545.82351911 22.8319698192 1.00990727172 4400.0
-6097.41148626 31.7445524476 1.04158900206 2400.0
3338.78493062 15.0949657615 0.878456241031 7200.0
3991.60200725 -15.7358066457 0.896699190014 2600.0
1346.82023449 13.5304738558 0.773140654629 4800.0
3958.70591808 27.1066044111 0.959003521648 4200.0
-2946.81572701 5.30680524715 0.791681052408 4600.0
-4910.06744854 14.3145847725 1.11123801751 2800.0
1675.37873459 7.28306337263 0.744212737264 5000.0
5837.20966788 14.8157818692 0.886841472424 5000.0
1712.23390665 15.1912201032 0.755086965353 5000.0
2746.0166437 -8.38085870512 0.778752707796 4800.0
-2580.89912015 -20.7366897084 1.04741332172 2200.0
-3712.47545304 16.0105252284 1.01628099893 2200.0
-2152.93356058 11.9854621258 0.764840589002 4600.0
7328.0664613 -18.9808893906 0.9533343712 5200.0
4192.59163731 -17.7622112094 0.809602791228 5000.0
-6253.9580392 -19.1840831994 0.972016953575 2400.0
-1008.55417807 -9.60925484424 0.778216768291 4800.0
-3295.2393365 -26.9519541269 0.993531579958 4600.0
-3426.26422908 -16.1336965452 1.10031295296 2600.0
6260.37632027 12.5922038258 0.912783531907 3200.0
-2168.38687579 10.9836424503 0.765455474988 4800.0
4653.29957759 -9.07768175108 0.908561589374 7000.0
1261.91008648 19.4355818487 0.764688051135 5000.0
-3760.3968945 4.02032012963 0.967828079172 5000.0
1725.97773611 -24.636075958 0.747429252043 4800.0
1852.3978181 14.3127980078 0.747003203602 5000.0
1101.45259272 13.8025753835 0.747896950995 4800.0
-4578.88286862 9.06584675518 1.14749303159 3000.0
-1933.81801946 12.2823362406 0.76745062626 4800.0
-7624.38566413 10.4440833723 1.2093236193 2800.0
-1303.72443303 -18.8385751928 0.719386038111 4800.0
1814.55379385 -20.4154100421 0.721384201623 5000.0
3756.22850975 -8.80836889429 0.913260558833 5000.0
1194.3178234 -8.67261305378 0.769236425054 4800.0
2281.79118623 21.0971852659 0.722205565135 5000.0
5070.0057358 -14.6405256702 0.978141979287 2600.0
4543.61367636 18.74281166 0.860413315193 7000.0
2992.60798599 -14.1390063137 0.744648754533 5000.0
-3733.94482856 -12.6975871922 1.06640904948 2400.0
6264.73792011 4.28337161431 0.983694998317 2600.0
3164.07820811 6.85435433562 0.760970965455 4800.0
934.790509936 17.4734037965 0.745719186144 4800.0
7779.59884838 15.2960675447 0.950320084558 5600.0
-2547.38268947 9.15226506757 1.13662916511 3000.0
4255.26262284 -12.0004832066 0.914671312097 2200.0
-4489.12330949 7.27191747668 1.03264220697 5000.0
7825.39083644 36.699522169 0.970726118687 2200.0
4925.1346904 -18.1360096158 0.939475058774 4800.0
3051.12782073 20.816928662 0.947477733313 5000.0
-4285.4667473 -10.4630426619 1.05469904152 4400.0
-3493.14315077 16.8056229349 1.24784242323 2600.0
1211.58800868 -22.3979291723 1.19503658607 2200.0
1178.82806012 -13.9154980541 0.89699557543 4600.0
-3175.1628348 8.61160316302 1.05020410639 2600.0
2167.41300697 -8.84826296244 0.707793974821 5000.0
1275.36400163 13.4736061152 0.748179134518 4800.0
2501.13146074 -19.4930398286 0.826141718033 4800.0
-7112.2291778 22.4642482606 1.04480829161 3800.0
3223.56189799 -6.28292411538 0.775226019474 5000.0
-3074.18954949 -6.19542372107 1.07027269591 2800.0
5103.44382022 -9.20462599417 0.976257845899 4600.0
3976.74952592 16.9842591996 0.852791332227 5000.0
2592.98249813 16.6138597957 0.757062652518 5000.0
4042.67090839 10.0719351251 0.930428708373 2400.0
2495.11971501 18.1367885606 0.829057300438 5000.0
-5901.61097804 -23.2648816645 1.1247057019 6400.0
2737.82694514 -12.2636741607 0.708868886504 5000.0
-1449.15347076 -15.3599554265 0.852168670222 4600.0
-1188.52540976 15.9626221995 0.723305636925 4800.0
-2609.50359584 -10.8119952252 1.0116347784 4600.0
-4144.22767627 17.5918126497 1.04220279683 2600.0
5367.76372726 18.2175570432 0.958773349504 5200.0
6452.59479055 -14.6909723025 0.922785137428 3600.0
949.581847725 -35.2206608729 0.849921253559 4800.0
-3052.08648356 11.6136148336 1.22113733584 4000.0
6162.39797552 -9.41497361623 0.922279973805 3200.0
1635.93193884 -7.49957336773 0.743092680796 4800.0
-2471.45716795 13.3883214696 1.0302092557 2000.0
-439.238126726 8.68650917036 0.71720541365 4800.0
-2663.19199199 2.6524362409 1.06786308799 2600.0
-3078.62650284 26.4678313646 1.04414955756 2800.0
969.834678035 13.5615867218 0.763674060555 4800.0
-3402.39446853 11.4304046382 0.829762063153 4800.0
-2666.20753733 -13.2263139055 1.03212894016 2400.0
2326.80232124 -15.793272387 0.8297281652 4800.0
5531.83345047 12.5168429817 0.933086105193 4800.0
6151.45482031 -29.0918290122 0.999763712889 2000.0
-3688.86381881 16.4022666464 1.01484475726 2400.0
-2425.9071514 17.3007836673 0.860006298939 4600.0
3417.13025013 16.3911182107 0.906616785224 5000.0
6266.33188799 4.63809856219 0.993507569516 2000.0
-6774.3223933 23.0144860826 1.01161917101 4000.0
3903.72533645 -4.02548614776 0.915381711856 2000.0
5398.94465133 -17.6127010102 0.922526843936 2600.0
3521.135212 12.7531833419 0.796818355135 5000.0
-6537.43722519 -11.3565906532 1.25402517126 2600.0
4362.84783429 12.9870349757 0.902609477198 4800.0
-1144.77381547 -27.3837787578 1.02814430553 4600.0
3676.61073371 27.7012472505 0.974125066076 3000.0
-1470.65697005 7.6982471757 0.713066505253 4800.0
4507.60521295 -36.1467610426 0.907284350363 4800.0
2469.96242836 30.0696876817 0.98058104986 4800.0
1200.71180207 -18.6111483057 0.744711955117 5000.0
-10052.6096711 9.60658448633 1.20931703202 2000.0
-2874.65063123 -20.1056575671 0.739089207748 4800.0
4202.65317222 -26.5214330729 0.943023506969 2400.0
-3452.96212249 -15.9149816536 1.05808814001 2000.0
1276.37394654 11.3509571522 0.726008091981 4800.0
-863.867527198 17.7764002815 0.861691512051 4800.0
5345.33905198 -19.4716922175 0.951022694166 4800.0
2238.06124024 -18.5717347257 0.768155790701 5000.0
3498.13189765 -13.3287622671 0.874657517739 5000.0
6587.2909975 28.9753086442 0.913606889753 5600.0
-10356.4123019 -12.4395003606 1.01431453073 2000.0
5475.92887306 13.7096947617 0.877710453939 4800.0
-6020.95842855 22.4688112751 1.0351093996 3400.0
-3747.068512 9.1179100089 0.917650263616 4800.0
-1252.76643694 8.16724895859 0.741148252138 4800.0
-7699.29565463 13.834808267 1.18982685246 2200.0
-2258.17039807 -7.4610842186 0.771339319494 5000.0
3623.86604557 -19.0125093271 0.80402400663 5200.0
-1725.81230062 10.8612383065 0.850046974573 4800.0
-423.198574458 7.33773713591 0.727144476585 4800.0
-2680.43700885 -12.065302762 0.78755455081 4800.0
917.894543547 13.1517418104 0.750579752427 4800.0
4701.94394507 -5.68104320726 0.927782456566 5000.0
1974.42194166 16.0365185325 0.788212348723 5000.0
-5017.04741932 14.6379716427 1.08445321609 2600.0
-2306.24504372 -6.82747539444 0.725243168668 4800.0
-3840.24344533 27.3529666644 1.04682821534 2800.0
4853.40094572 27.3057309166 0.919808182916 3200.0
-1785.53821345 15.5739658641 0.845877394606 4800.0
3284.41271131 19.4701786243 0.922014219744 5000.0
2054.29246133 -8.07045428004 0.752960325441 4800.0
-2626.91347438 -17.9220600736 1.08456652348 2400.0
-3976.05799934 9.53848025556 1.16125078415 2800.0
-3882.10346222 -7.19336341762 1.02661715629 2600.0
8770.49069236 15.2634586745 0.995237447808 7200.0
3401.68977212 -14.962693384 0.885785064922 4800.0
4342.30601931 19.0386268375 0.975672079278 4800.0
-2215.23186389 21.7787566921 1.04223611501 2800.0
7110.47568581 11.8103690327 0.908379761287 3600.0
-956.854044695 -11.029574575 0.7015166254 4800.0
1879.75955097 -4.98492178424 0.735254107554 5000.0
-3478.5994791 -29.3476542087 1.12582652342 2600.0
-7725.12072193 -14.6821636159 1.02129341996 3800.0
2346.93687643 19.1550183351 0.803782067333 4800.0
-6499.27310203 -13.930488233 1.18706669249 2600.0
1984.29674465 -11.9244534114 0.717236390152 5000.0
1992.59872586 -6.91659784588 0.74380036873 5000.0
-2130.72671895 6.06596618115 0.7687877347 4800.0
-1268.29073578 0.900901062054 0.72422328832 4800.0
4353.31770602 -16.2049294468 0.862448053184 5000.0
4594.84855324 21.031201591 0.886568154279 4600.0
-3202.30956171 -30.2624194702 0.836383779294 4600.0
-2041.26047064 -10.895037212 0.790127902445 4800.0
-3186.93563128 17.4547870848 1.11615542145 2600.0
-2603.41733119 -12.1170161918 0.911627740746 4600.0
3525.69670496 -10.1119821134 0.790053037453 5000.0
-1846.66141429 27.751016145 0.897984544223 4600.0
-4858.61793504 -27.5340272607 1.62777934249 2000.0
3495.04815476 12.6373783385 0.887738234258 4800.0
-3855.60478776 10.3667566983 1.01231153139 2000.0
4929.39622323 -10.79526483 0.954020448623 2600.0
-1551.01785746 25.296188631 0.853196408052 4800.0
3024.28754639 18.8280559418 0.941443407641 4800.0
-1342.39382839 27.2296678626 0.960662161998 4800.0
-6321.21830201 -24.6819719163 1.18071774863 2400.0
3048.77273196 31.1102348451 0.944468233896 4800.0
3653.50682558 -12.1673823995 0.819239951096 5000.0
-4532.33678442 -13.2855424576 1.04556200781 2600.0
1862.63574852 -13.2313184332 0.741507350215 5000.0
-6980.77896938 -18.1660671616 1.078166752 2000.0
-3239.38012832 19.408021372 1.12978054197 2600.0
6446.72508966 -12.7096407967 0.996572665247 4600.0
-2179.28584262 11.5292718412 1.01080370201 4600.0
-2928.89047815 3.88541770412 0.836216886276 4800.0
7421.35579068 10.9962453395 0.907005704794 3200.0
3627.42744359 21.7553412347 0.841883644993 7600.0
-1060.66111088 16.8392786141 0.789777707668 4800.0
4578.32990751 14.8238153008 0.902657922596 4800.0
3862.75998801 -28.0084523654 0.930667322343 5000.0
-2070.64509994 14.629309498 0.839322672583 4600.0
-4904.94056125 -21.0067939061 1.18250423402 4200.0
508.250813671 -10.4857034377 0.719694570106 4800.0
-1579.65577171 5.00856573603 0.722877264606 4800.0
-5438.89265949 -12.9650703622 1.00984742923 2200.0
-2142.70838951 25.7758217969 1.02458723971 4800.0
-2349.4130682 -14.3381997877 1.01378988318 2800.0
-3540.3073956 9.26802900696 1.13120888648 2600.0
-4875.14921921 -9.8645331054 1.06783649401 2600.0
-1495.27576518 -15.7015162058 0.727672003862 4800.0
-5648.59559945 7.34457467592 1.03630840943 2600.0
-7707.11664257 17.7583845585 1.21252091283 2400.0
3726.59368056 -23.6670133387 0.842572999096 4800.0
176.174336702 16.6621087694 0.968671536366 4800.0
8640.77497462 15.7700196331 0.924206869179 6800.0
3793.86941776 7.80680858971 0.943298289615 6200.0
3186.30518993 5.30321710078 0.765019361545 5000.0
2087.17876977 -20.7269155885 0.803322913659 4800.0
5498.44208849 18.6043298435 0.91366548869 5400.0
2155.47174295 -18.9156436315 1.02287278382 4600.0
3562.62479997 12.7895872113 0.766517314952 5000.0
-1341.40785513 5.79881691355 0.766318495078 4800.0
-2770.80933211 -16.0501383127 1.13749100608 2800.0
3124.29016014 -14.3649616002 0.770275811169 5000.0
-6499.54661925 20.1119551434 1.0042009902 2400.0
6445.81563008 -24.2092988244 0.989997448443 7800.0
-2444.42258605 13.4790698757 1.0500061616 3000.0
-3059.8910826 -9.64691878885 1.04447216483 2600.0
7313.59893788 20.9167937389 0.956142005071 3400.0
1610.06187772 -11.5330385212 0.793142854822 4800.0
5704.14909311 27.3880879775 0.903512578605 5000.0
-5750.81661779 6.19874640337 1.06075833503 2600.0
2694.45604877 -25.6392986325 0.737678271904 5000.0
-7076.53624182 -23.4303279358 1.29315144283 2400.0
3125.40285262 -11.2084651068 0.937560958882 5000.0
4796.75717519 -17.5753165095 0.936871982158 2200.0
-1949.74676116 -12.7267954252 0.780050420726 4600.0
4381.81644421 -24.1287200381 0.918335478015 4400.0
1129.66824466 -10.5620987818 0.720178438791 5000.0
2614.37524171 -17.7358025151 0.78836399036 4800.0
1406.4229093 15.2897908418 0.784916823426 4800.0
2010.82902866 -14.7957251996 0.742197253721 5000.0
4466.66785499 -3.64871636347 0.905129957244 5000.0
8775.99045637 6.97767603219 0.992436039679 5000.0
4203.4029298 -3.24785260952 0.909650518402 5000.0
3719.39469382 -11.2639749023 0.912659885949 2000.0
-813.480296471 31.9653476758 0.914496497041 5000.0
-4494.20137256 -4.48460525219 1.10589802625 2600.0
2419.29267243 19.2551820707 0.739545749274 5000.0
-1511.69726874 21.2982285942 0.741648547296 4800.0
2266.3630267 -9.3972224829 0.708104051014 4800.0
3020.80204709 20.5551447482 0.954552184939 5000.0
6404.67270409 20.3157069231 0.915896682589 2000.0
1999.81798163 18.9997077626 0.753846777404 4800.0
4282.09657516 25.7665293901 0.943341512105 2600.0
-9077.82746387 18.9546351726 1.15606606086 2400.0
674.298594925 -18.2920945918 0.713193744396 4800.0
5214.78168005 -22.9227218085 0.896025191297 4800.0
-4233.88585503 -14.8152346452 1.14482018017 2400.0
-1347.02700225 20.7649423271 0.721928349307 4800.0
-4093.83808342 25.7781902541 1.03112356758 3400.0
-6695.11985277 -14.6736846962 1.00110948371 2600.0
-2294.02015386 -20.3887372316 1.0258632811 4800.0
-2804.71549151 -19.6756719356 0.849001817347 4600.0
3106.47702618 -18.1882506428 0.71919686056 5000.0
-3988.83709782 -15.5482374452 0.958158140829 5000.0
-2041.5622805 20.0665791981 0.781352564598 4800.0
-1119.62924799 -16.9547402179 0.837085366637 4800.0
5877.85084281 -4.52179699306 0.971815228481 4600.0
5338.9794224 18.435130203 0.929832957747 3200.0
-6731.44174256 -8.13188781798 0.990388617176 4600.0
3972.55910601 -14.549557399 0.963136048354 2000.0
4359.91244923 -17.1286401283 0.927702180897 2000.0
-5881.63373171 -27.8709192782 1.13959796886 7400.0
4679.14160833 4.89686669718 0.968216650694 3400.0
3133.89859468 -7.57651419041 0.877827479775 5000.0
4839.79587832 22.5236215924 0.935880759312 3800.0
-3113.17713382 27.8748289448 1.0092370765 2200.0
-2224.23637837 -8.74040671192 1.03564213088 5000.0
5396.04424435 -17.838494159 0.989096063636 2600.0
-1350.15882564 7.77404149704 0.722809956055 4800.0
-4212.91726934 7.14539285742 1.06826334327 2800.0
4541.0669685 6.68115604068 0.92064788901 5000.0
4950.37087622 -6.18195847679 0.898234893478 5000.0
1665.26392724 15.9854797645 0.759349571825 5000.0
-5019.18403711 -7.80944453272 1.01654117447 2600.0
5483.22263611 -9.07880383521 0.959047980467 4600.0
5571.18082737 18.1356648315 0.944026466391 4200.0
669.2290212 -3.73002414552 0.70892849702 4800.0
1636.27289162 5.38491534359 0.722387377925 5000.0
-3449.45136932 -11.900051739 1.14184337881 2800.0
1640.08442232 10.231463929 0.712660266365 4800.0
-2662.57717778 38.2857247693 1.04309428998 3400.0
5749.98033188 15.7657809346 1.00293354334 2000.0
637.352154906 -7.50838318489 0.730943765248 4800.0
3197.53915041 26.7653150159 0.757890366992 5000.0
-4290.2613232 -29.7780415675 1.7634101271 2000.0
-5513.25227645 18.5614059433 1.00948302957 2600.0
5812.22666155 -20.1845979638 0.936168134016 5000.0
3177.5706618 -12.9214369071 0.917557640887 4800.0
-5229.1343653 -6.43293559879 1.06505647051 2600.0
-1998.98283805 10.6183011484 0.773311705861 4800.0
-5857.18159673 -13.1386936073 1.15576159911 2800.0
-7443.26493504 -16.5038460334 1.11664850381 2000.0
-2432.83265933 15.5067115643 0.849613462749 4600.0
-8812.76642383 -23.6443540161 1.31855682774 2200.0
1916.31979904 14.6696777339 0.765464543746 5000.0
-1722.51432017 16.6325681464 0.826257391544 4600.0
1691.24501243 -24.9987872487 0.778232191231 4800.0
-1356.83373671 15.2283932668 0.765643519141 4800.0
1958.91614634 17.441112949 0.736196736963 4800.0
324.883521553 13.0214584732 0.739073794911 4800.0
3659.47941146 -4.83931427703 0.89576761447 5000.0
4359.66934357 -8.40612936764 0.937940236819 2600.0
-3526.52653698 8.9872752152 1.02067251824 2400.0
2208.09229954 15.7771363553 0.954093327968 4800.0
5486.05490953 -24.0822102062 0.93239903048 4600.0
5881.1654221 17.3092292587 0.943095187387 2800.0
-3554.15497384 -27.5711287568 1.05605731783 2600.0
5536.38890691 -16.8379001909 0.917129222357 5600.0
2227.94284026 -10.4939270694 0.791847113185 5000.0
-5755.62207946 -9.55488726729 1.05080166868 5600.0
-1425.90440623 24.6591013917 1.04601562276 2600.0
-3008.54262707 17.6331437934 0.791279125701 5000.0
-2960.60815088 -10.4128155475 1.05276783012 2400.0
-4815.4868617 -16.8608398262 1.07280471767 3200.0
-3045.51541377 -18.4617009477 0.783468654864 4800.0
5221.06390251 1.86133863136 0.952352408229 2800.0
-4270.73944816 -18.4855564704 1.04407930088 4800.0
8688.43461317 5.79323733897 0.918747837998 7400.0
-3931.93472592 -16.2594686049 1.02652974355 2600.0
7737.31408755 15.5108264637 0.993520296492 2200.0
5894.35915375 -15.2363709573 0.964712664809 4800.0
1797.21405585 -16.3007377434 0.710428412738 5000.0
-9821.76888705 -21.2914524422 1.0440156799 2000.0
5219.05053699 -8.09613654868 0.980820800638 4800.0
1946.45892152 -21.4565034668 0.947017101552 4600.0
1164.33131384 18.0486956773 0.820474158624 4800.0
-897.363754899 -14.9869137602 0.937357340607 4600.0
3634.67588155 20.9952216465 0.891860807284 5000.0
1764.6389934 -17.1181353648 0.777196326313 4800.0
-4206.59603279 -24.6621517258 1.4014774913 2400.0
3608.05547141 15.6559896481 1.00920381397 3000.0
1761.81083857 14.1668172361 0.883205288282 4800.0
4336.83751605 -20.7552186413 0.84962397206 7800.0
4998.81770123 13.5456058251 0.933414488698 3400.0
5697.35820023 23.7742854173 0.9029245807 4800.0
3310.07862973 -12.5693538277 0.84586514295 5200.0
-5862.84281658 -19.6317785648 1.02452213319 4400.0
-1408.41255726 10.8833301618 0.789232312388 4800.0
-6153.62874027 -14.664797692 1.0965455993 2800.0
2070.00573948 6.5899191657 0.742471315806 5000.0
-4646.00973989 -9.62162197807 1.04568863153 2400.0
3239.49864451 -10.2542698124 0.744300816765 5000.0
225.857803121 -6.52828911295 0.721750183498 4800.0
3098.93558899 23.166497281 0.964004836479 5000.0
-4396.76106647 6.56678459364 1.08688334463 2800.0
3879.30320375 10.9024352869 0.809393258719 5200.0
820.844849528 16.1141683325 0.746337778646 4800.0
2265.42467609 -30.7752321842 0.827280825683 5000.0
1559.48548851 -22.5933914653 0.810329469857 4800.0
7102.40303917 15.0482398806 0.921217870333 5400.0
3328.9888745 -16.2722905394 0.797299904679 4800.0
1160.58239304 16.5883303096 0.781058190501 4800.0
7073.56591082 -36.6361029394 0.954614082007 2000.0
4007.45683664 9.63148603522 0.911294206049 4400.0
-4450.13649229 11.655465042 0.970281710958 6400.0
5212.72370927 29.9972002381 0.990954852293 5000.0
-367.533478407 -7.7039582426 0.726409204544 4800.0
-4954.8628093 -13.6547321909 1.10137046112 2600.0
-1021.05539048 -16.1570622808 0.879684352604 4600.0
613.116759359 -14.4899769935 0.810058431214 4800.0
3908.38229897 -9.61588756281 0.83192455474 4800.0
4032.72297017 -22.3855512705 0.953686612271 2000.0
1334.96894521 16.8007976944 0.835348277484 4800.0
5845.16154406 5.41803865301 0.926371405752 4600.0
2894.4860926 -11.0285331336 0.741139379882 5000.0
6489.52282574 15.4238478524 0.900435649685 4800.0
-3039.87119274 7.37175819873 1.08801810236 2800.0
8322.96295851 -16.5342361989 0.920152028081 6800.0
3411.53331092 -15.4640329806 0.818464427627 5000.0
-4785.17925123 -8.71882892091 1.1008709967 4200.0
-2907.93003845 -8.37901768251 0.894677700258 4600.0
4430.63094497 12.664234476 0.914398922313 4400.0
1261.37279514 13.2323095396 0.711857686582 4800.0
-3532.52988283 7.69627963347 1.0764780421 2800.0
5608.17770373 20.1590648085 0.949558635766 3400.0
-6354.29012171 17.3429183519 0.987730916342 3000.0
-3675.19225986 -19.1770474959 1.05392294533 2600.0
5268.7784669 29.1789683645 1.00712362408 2200.0
-6757.71075438 8.57386308045 1.00174746916 3000.0
-6282.2519082 -14.6564960727 0.993198588161 4600.0
2545.96274177 -24.6455064144 0.733526153719 5000.0
-4723.96059325 27.1220588421 1.12986130627 5000.0
-3329.74437863 -12.0244618637 1.07593847998 2000.0
-5244.62593965 -24.6746138445 1.06111926622 5400.0
2014.10886523 -8.26920472456 0.767549485343 5000.0
-5018.67729726 -24.5849949372 1.09279777712 2800.0
-283.993540384 -8.98242881023 0.754426583448 4600.0
4368.80540709 -14.5262505353 0.988345456271 2200.0
-4122.76024584 11.9887049598 0.985414455677 4600.0
-5075.12867383 -9.08674954535 1.08604768621 2600.0
4566.93263501 28.8486007268 0.888017465857 4600.0
-5262.82967955 16.8740560832 1.02449712083 2600.0
1301.48453359 14.5811268394 0.790351889699 4800.0
-3653.96381094 20.0152900922 1.30502132318 2800.0
-4829.74100376 11.4164261322 1.11782800022 2600.0
-2004.09383414 20.4589914891 0.767487114275 4800.0
-4568.56446903 24.6823598925 0.998000664978 2000.0
-3510.56309224 -28.105104762 1.70943668848 2000.0
-7227.84631664 5.03504827838 1.06154572873 6600.0
2442.29281511 -6.10584938171 0.731862413602 5000.0
5104.09246124 9.428229494 0.900486353835 5000.0
1019.88430523 18.0322601798 0.821855489245 4800.0
-3442.25764166 10.6501239325 1.04848447306 2000.0
2531.43967249 8.16743960724 0.845723318805 4800.0
3578.99990181 13.838189881 0.762156557238 5200.0
-4117.69184835 8.83575696677 1.07029193977 2600.0
-3797.03748304 -17.6974930105 1.02734538153 3000.0
5726.39630099 15.1982113177 0.976735826246 5000.0
-2142.85968038 21.1706711033 1.04067952118 2400.0
-5677.69832616 -17.7116610552 0.996316537495 2600.0
6095.74044295 -16.5001408036 0.959830040649 4600.0
-1489.94762648 19.1280200003 0.871027140078 4800.0
-5842.43231677 13.3954838655 1.10199819164 2600.0
1782.5220036 -12.0497030061 0.727705333281 4800.0
-3172.20691614 -16.8730857488 1.05858705335 2600.0
3293.44044732 -29.8398724496 0.788265536823 7000.0
-7703.66561908 14.9370286302 0.985630604484 3800.0
2091.87841764 18.5558796949 0.779727674833 4800.0
3056.6097426 17.819090259 0.799703537037 4800.0
-1722.53670052 4.55821946833 0.715992475984 4800.0
-3776.59082463 -5.21818922576 0.877411115204 4600.0
6757.39787105 -8.3668039743 0.933166650084 5600.0
6112.68501236 -20.7922247998 0.924883571813 4800.0
-4474.23308972 -18.8527011855 1.12236758521 2600.0
535.674846578 28.6399531504 0.906381879059 4800.0
5836.91530007 -14.5329015176 0.970222569437 4600.0
-5237.07052343 -8.98974452041 1.19849512277 2600.0
2944.811243 -9.29591514475 0.787988801315 4800.0
-6300.90289981 25.0591728651 0.990929822285 2600.0
1760.26287338 25.5080237699 0.775304151607 4800.0
-206.835096252 11.1549635874 0.727940774948 4800.0
-2288.18057358 18.8894744538 0.864848774336 4600.0
3194.30422303 -18.536126461 1.03323326871 2400.0
-1356.93211104 18.8867420707 0.799394573165 4800.0
-4455.31764504 -20.9921189954 1.21897678865 2200.0
-1924.56480586 -19.0267795176 0.75956202121 4800.0
2104.28642549 7.98705425618 0.732608841751 5000.0
-2569.66853467 -11.3707259563 1.10067504245 2400.0
-4163.16487141 -18.8217223771 1.08095658106 2200.0
-2509.58443734 18.7155977214 0.823042599216 4600.0
-1262.53652681 -15.0188620648 0.775336960193 4800.0
-935.639590141 9.17206966102 0.757685233892 5000.0
-2137.89523432 -13.0406737341 0.802889009885 4800.0
-2178.92573859 -13.0716365074 0.785967844244 4600.0
6385.75536199 16.1741494227 0.969220311562 5000.0
-3082.50202361 20.7397033073 1.07772149426 2800.0
-2055.19468592 -34.8719361516 0.853256754989 4600.0
3522.3608649 19.7278124617 0.922905092637 2000.0
1790.68111292 11.1813710664 0.706406192528 4800.0
-5242.04331523 -11.7567158032 1.08765091607 2600.0
-673.918387487 10.1399434999 0.72716801707 4800.0
-4760.70776777 17.5641124913 1.00813489504 2000.0
-4241.20150028 -39.7102035569 0.9711697118 4800.0
1381.52819791 21.2676133513 0.977959276923 4800.0
4560.57557263 19.7090278942 0.797679273382 5000.0
-6136.81495597 10.1095657741 1.13846621336 2400.0
-4817.17172801 13.6310397084 0.979717041888 4800.0
10718.3936471 -18.5625774081 0.937337618266 6400.0
1803.76272952 36.0482670453 0.97609917237 2000.0
2201.37578029 -5.07212718319 0.763989826852 4800.0
5737.2608409 -12.5051299297 0.917442202084 5000.0
4569.15930666 -10.3860282057 0.960604338177 4600.0
4799.58839052 6.21435827248 0.896883440498 4800.0
-1671.61450786 -5.80366326851 0.775209796802 4800.0
-2411.05466808 9.12492273384 0.845622042012 4800.0
-2060.71532985 -24.4624856248 0.986504879795 4600.0
6967.59819579 -8.43027892311 0.921309602515 5400.0
-2592.6594641 -6.83482495928 0.780957386094 4800.0
923.075571558 -22.4147942092 0.822851885493 4800.0
1345.08881637 14.4358597628 0.855313289336 4800.0
-2297.24811832 -9.07194617472 0.769815740975 4800.0
-5934.26626662 33.6127141697 1.06261333831 5600.0
-2248.1760849 19.6697401163 1.03260857675 2800.0
-3914.45200507 -3.75991016206 0.892777314482 4800.0
-4784.66785351 -30.8987316405 1.03325383026 2000.0
-6812.61312692 13.9426867757 0.980842924586 4200.0
-5469.05250385 14.4471763785 1.01654436546 2200.0
6627.82499255 10.4326187824 0.987442396548 2600.0
3522.87903223 -13.8420047717 0.773971909037 5000.0
-3914.72912707 -21.2621833044 1.00444613806 3200.0
3609.24405258 17.6084657674 0.971859610675 4600.0
-3336.90081279 10.2400304125 0.871389174067 4800.0
-3945.90704503 -12.58068227 1.02316643793 2800.0
-6968.84660007 13.6394945796 0.98526703689 2800.0
-3996.28786431 -3.84181472751 0.974259176115 4400.0
-1436.33132828 19.5410305686 0.745099131556 4800.0
-2179.43907278 19.2736482441 0.799604465339 4800.0
2498.51456857 -26.7349889088 0.783634320273 4800.0
-2084.3604305 13.1166136104 0.822014859802 4600.0
1428.49934444 -14.7505761063 0.758638165315 4800.0
5715.63308848 12.9679781019 0.822781105375 5000.0
-4939.24400006 23.6620126763 1.14224955154 5600.0
6252.39502882 -17.0142149421 0.893375842897 4800.0
5842.445626 7.13332594392 0.946680755264 3400.0
2267.26330167 -9.99078611614 0.762679111101 4800.0
-5281.86434456 28.2702848463 1.04008070323 2000.0
-3102.81237975 31.7840257748 1.15053168955 2600.0
-4913.15783081 14.3032707825 1.10972740291 3400.0
-7782.27026811 -34.1669569001 0.974246044944 6000.0
2886.94728435 22.3224100883 0.977219110078 4800.0
2761.27635744 -19.934555808 0.810168904541 4800.0
-5156.62554727 19.5598465636 1.01900990831 2800.0
-3256.30966445 11.0286886107 1.07827868266 3000.0
-5374.47553423 8.62342979527 1.12901746983 2200.0
2572.07171429 -19.0924751217 0.99813163217 2000.0
-6240.98064618 12.9627310296 1.02118446219 4400.0
-1936.13217159 7.53864465419 0.811425132027 4800.0
5779.49509807 12.5372895672 0.911482781284 5400.0
3077.46858154 -16.1865936256 0.822726285465 5000.0
3527.81624302 -15.1284717632 0.770130550879 5000.0
-1777.7599236 -13.7630071341 0.743635698478 4800.0
3113.04989044 16.3062710282 0.796449443151 5000.0
4820.09380121 10.2097516779 0.911746753628 4800.0
-4786.08915944 11.2993170173 1.08203170267 4800.0
4131.49667377 26.8846078023 0.769867080564 5000.0
4485.45102117 28.5143956326 0.927965151524 6400.0
-4561.47988026 17.6108211211 1.03653261467 3000.0
3124.89582754 -7.16652844057 0.777573804412 4800.0
7327.10403682 9.62735601375 0.9083769723 3800.0
-2186.21457775 19.4462612227 0.85315304744 4800.0
-1500.74877129 -4.44470330352 0.727738727851 4800.0
2951.43199033 17.5268347882 0.762277966478 5000.0
2859.79758299 12.9687962695 0.757789896163 4800.0
-1932.68724731 15.7609259859 0.973497062758 4800.0
5644.99792688 -10.6823284637 0.987556070642 2600.0
-3791.73927745 28.4182824696 1.22800588926 2000.0
-3855.21163549 -25.9540156778 1.09024752729 2200.0
2621.90376806 -21.9917609058 0.74623655579 5000.0
1971.10265947 26.5980710216 0.906763601176 4800.0
2959.25474844 21.4527065145 0.964988225236 4800.0
-1633.75301709 18.0220613858 0.836225315441 4800.0
-2960.44781567 -19.3309891472 1.03041218312 4800.0
-2639.787658 -15.7708201295 1.07936016918 2800.0
-3621.40987053 -20.5505696035 0.982114521536 5000.0
5195.69412073 16.6567785898 0.871141538092 5000.0
-2914.1718679 -17.2342674486 1.01580244275 2400.0
-4698.41478389 19.0038777537 1.14676621796 2000.0
5104.7847392 10.156797907 0.912320163633 7200.0
6874.77894827 17.0757876095 0.914510390013 3600.0
-7254.04803521 12.2760712879 0.983874743293 4000.0
1398.08685224 20.4079659697 0.750770511567 4800.0
-5512.09275262 9.287854586 1.23355660616 2600.0
-1946.10746672 4.25113122604 0.735044124893 4600.0
4994.80422642 22.5225033735 0.930990289147 2000.0
1057.55857661 11.9486376347 0.729148949079 4800.0
2136.37679125 6.16141527745 0.744390855086 5000.0
-4827.141612 15.655522832 0.99693588456 2000.0
-1828.97220588 14.321072781 0.90100722869 4800.0
-5423.76240706 20.7893522929 1.01201262559 4600.0
-1734.18663711 26.019983923 0.848452208474 4800.0
2379.17970786 -12.1653957271 0.719229982269 5000.0
4581.69296628 -13.3233532386 0.937312447348 2600.0
-3731.41618981 -21.7022912869 1.03622986047 2400.0
4782.81486664 -14.2100921034 0.915336019171 5000.0
-7169.32259441 -6.08753831339 0.982372348658 2400.0
-1185.30080973 13.5997284287 0.848173180535 4800.0
2054.48813676 29.3361622293 0.976752299339 2000.0
-4691.88947566 10.2279244104 0.999709459085 2000.0
7408.92200445 2.66957588871 0.926913501215 3800.0
-3215.00882753 13.9157437469 0.806199685176 4800.0
6870.93650935 -13.8018609471 0.934453414437 3400.0
-2195.44588876 8.80569990012 0.773624417983 4800.0
-4078.53467312 -17.0363016914 1.10180752685 2600.0
-4820.63816068 -11.0200208368 1.10192961555 4200.0
3245.35368234 14.5552874952 0.852118160496 5000.0
-6400.09753096 -18.5980081428 1.37577839273 2400.0
-3589.78476507 20.5295417527 1.0575736377 3200.0
-1762.53318149 -10.9693174114 0.840104138033 4600.0
-2576.62615623 14.0232141603 1.04531593831 2600.0
5120.92341736 21.2764340945 0.990910159464 4800.0
-6930.71476952 5.17385327888 1.15960547216 2400.0
2877.9542069 27.2253357944 0.742844460657 5000.0
4329.78430785 -5.85084430016 0.911436825676 4400.0
-3277.85554018 -38.5738647987 0.981022051011 4400.0
4210.90535733 -5.38728986026 0.898383370489 4600.0
-3172.99714783 -11.8780481829 1.1312747181 3000.0
3328.58617021 21.4684799628 0.904966229155 4800.0
-957.571545316 -23.8495135104 0.707124448191 4800.0
-24.3946298191 -17.7009423103 0.811774346612 4800.0
-5240.27876169 -11.0445829666 1.21086776595 2600.0
6582.62249439 -42.3225335226 0.968360829056 4800.0
-2717.42319556 13.474738445 0.826099736969 4800.0
-1387.05038041 16.5277971177 0.737054657443 4600.0
3632.2390492 -17.3816529694 0.849747452987 5200.0
5231.22249929 -13.8761032999 0.926532808819 4800.0
-2576.25356306 -5.77168637383 0.726109234172 4800.0
4171.55826588 23.0453466669 1.05044584174 3200.0
2713.86875201 10.6277297219 0.839501006831 4800.0
-2558.71142505 17.7411134419 0.866034425589 4800.0
4350.94841506 -27.0012419544 0.935889639485 5200.0
4230.61717774 17.6580311913 0.759647613558 5000.0
3293.18701492 -14.4661999136 0.837641616859 4800.0
2950.97587308 -16.6760180391 0.744682831716 5000.0
-2929.07429257 -22.5263936627 1.06492755338 2000.0
4135.50673311 -13.2394429353 0.892914643729 4600.0
-3812.12489345 -9.04693532825 1.06787000409 2200.0
-1601.9963368 11.4793451442 0.776146067899 4800.0
8655.42811163 29.6580108004 0.913261906014 7000.0
-2352.83747262 -20.3700432036 1.17910401591 2400.0
5256.72967332 -7.02913251459 0.968960973001 4600.0
2223.72254054 -18.2912328097 0.696661602908 4800.0
-3368.15464864 16.6511816674 0.929749593863 5000.0
-1565.48598796 21.4385940181 0.845830797923 4800.0
5586.47102099 16.4473740275 0.945418459322 4800.0
2584.0242642 12.8556325546 0.789040498757 4800.0
-1447.48144372 15.9985673396 0.790454164328 4800.0
-4910.0189755 16.9248223279 1.11161029339 2800.0
-9877.14071281 21.1356337163 1.03241370989 6800.0
4538.95871817 -11.3624050008 0.996849363492 2800.0
2389.39380646 -16.4243760442 0.902428690503 4800.0
-2538.35180905 -10.0414479773 1.19562591971 2600.0
-3650.48546023 12.052885244 1.09393533917 3000.0
-1920.81535307 -19.8239961062 0.76353492686 4800.0
4561.19338854 13.725824066 0.807484038206 5000.0
1217.0916053 -14.5954867392 0.816867503108 4800.0
7001.67707093 -13.6593799291 0.960730758295 4800.0
1379.62035531 -12.0898231312 0.731751652286 4800.0
-4680.4252916 -7.73668465807 1.15313162157 2600.0
2170.98098774 5.75287371968 0.733063628282 5000.0
-3931.80468168 -5.94589500518 0.96382015461 4600.0
-5238.60472287 4.80791725302 1.08364336094 5200.0
5520.69050763 -21.0295946988 1.00640400544 2200.0
7198.85524339 3.30663286407 0.92407072342 3400.0
-4972.69648917 -24.9418078625 1.71277670051 2800.0
3518.07509336 29.6683292541 1.04373537612 2000.0
6405.32746462 -11.1706166542 0.982853639139 4800.0
-3465.91060952 -12.3061518933 1.16851995459 2600.0
396.076190639 21.6234647403 0.762035952585 4800.0
5401.11705687 24.6171920708 1.00711103251 2200.0
