5087.60957754 -18.7709382515 0.936378373436 5600.0
5618.44416671 -20.8790091502 0.986760974746 5400.0
1628.35431108 6.10276730613 0.956775346906 2800.0
1929.63036249 37.4350831316 0.973090981133 2800.0
-1527.02276843 17.6523630708 1.01311189304 5400.0
-5253.79486346 10.2362070181 1.00663967015 2000.0
-318.28152599 -15.0888590302 1.02680464809 2000.0
896.351882287 -21.2376341986 0.989081767183 2600.0
-888.56184188 24.2391260635 0.998223134032 2400.0
4178.35589169 -13.0415553427 0.979215182725 2000.0
-5094.17816579 14.4496974582 0.959477951747 5000.0
-3676.63627864 -13.7105713267 0.998729336968 5200.0
-1975.81781946 14.102090582 1.01250546339 2000.0
4241.07379086 -13.788341407 0.996240992256 5400.0
9328.10410303 -11.4158540902 0.9582219495 6200.0
-5776.14510269 -17.0546547982 1.08424625021 6600.0
-1123.8885515 8.82649073368 0.977181347994 5200.0
-4698.12592582 -13.5455335255 0.985435070863 5000.0
-1887.14570103 26.8509992401 0.898279494221 5200.0
-1901.3232711 22.2553192388 1.0254519882 5000.0
2976.42088938 -20.3721645948 1.02352641244 4600.0
-3785.48262187 10.3584856968 1.05736603303 5200.0
4084.64962435 -11.473976125 0.999922046895 2600.0
-1381.81076256 -12.1744821684 0.914639784217 5200.0
-5065.11606485 -13.164113922 1.10830957565 5000.0
2667.85508306 -11.7188265361 0.938794056361 4800.0
-3966.44672139 -16.6404986837 0.994620798785 5000.0
2966.24580219 -12.963360548 0.996692313845 5400.0
-6451.49096319 10.5317252583 0.984392802407 5400.0
3523.13195403 3.13551015323 0.96762637016 5000.0
2896.87239976 15.7410889833 0.964677151377 2000.0
3044.0695124 15.1613232818 0.938576684145 5000.0
4375.53715245 -13.4829857763 1.00425943003 4800.0
-4815.12418892 -15.7476962538 1.04862852329 5000.0
-3596.90595004 17.193853135 1.10975087913 5200.0
1064.53608213 6.79011004919 0.986266142619 2000.0
4728.68240728 -16.8351183423 0.91153445653 5600.0
-4715.48385888 -20.4797992441 1.26456145524 4400.0
4410.25938258 16.2742279393 0.896148668069 5800.0
-2734.07633626 -21.2469212763 1.10769982973 2000.0
4269.49670827 13.1014016492 0.920860972339 5600.0
4879.51481536 27.2997683621 1.00064830058 2000.0
8326.76392916 14.9543966985 0.917219856834 7400.0
-3765.78401594 15.6747218874 1.12925230346 4600.0
4305.54149792 16.258151362 0.865340453731 6200.0
4469.73264259 -14.0631721484 0.91316069749 5800.0
-4780.93855571 19.503031424 0.986510550554 3000.0
-2630.79704632 27.0825558776 0.972776376937 5200.0
-2460.47133965 15.0781779578 1.05876262174 5200.0
-2869.6718442 25.6841111636 0.990467002518 5200.0
-7308.71448088 -11.5880851868 0.968082686012 5200.0
5570.96927273 29.0349321122 0.965400588495 5400.0
3898.41716375 6.41079601577 0.968722258726 5400.0
2865.12943636 -11.452435661 0.967768417018 5400.0
-1904.48615999 -19.4683978496 0.982192795802 5200.0
-4537.57539987 -15.9627320297 1.03961370093 5200.0
4570.51277628 -11.5434833658 0.952103477892 5800.0
1981.55920281 -19.5831117304 1.05323647796 2800.0
4094.15659802 -34.739724303 0.945151982179 5400.0
-5656.13595637 18.9570243792 0.981119458958 5000.0
-1152.69392073 -12.4989393881 1.03351417748 2800.0
-3601.12501068 -13.778694045 1.02306634961 2000.0
-2905.25179335 17.4697382016 1.0262411671 5200.0
7540.41039225 -20.7140313012 0.928350447489 5200.0
876.057526172 15.3721464791 0.985518066198 3200.0
-5090.24952144 -19.3901968435 0.900512540567 5200.0
3045.50168283 -35.6886943542 1.02074869255 2000.0
-1085.85757783 -8.87129007821 0.959781477072 5200.0
-2571.25198943 11.6779337065 1.10114735936 5200.0
-3830.09368486 20.4659369549 1.10878465163 2000.0
-3085.403732 -19.7784139136 1.08615685011 5000.0
-2403.97627835 11.0890319715 1.0280204327 2000.0
6153.00629929 26.023323004 0.898764645169 5000.0
-2156.6218304 23.3429162971 1.02454352826 5200.0
7816.77337613 21.0792955605 0.987127386952 2000.0
5617.14201088 21.1245971662 0.885817761688 5800.0
3918.80513772 9.63773355451 0.977259724848 5000.0
5852.43766436 -20.1576359636 0.915891137529 4400.0
3369.31699147 -26.2384525861 0.994108102534 2000.0
-6462.93925382 23.4341515383 1.00440523257 2000.0
-3687.42340225 -22.0474030366 0.987408529208 5200.0
3978.46112124 6.78389602141 0.908533209429 5800.0
-5217.04365787 -9.01901775754 1.27393470015 5600.0
-2595.53312342 -16.507561888 0.977603428303 5200.0
6496.21513246 24.8653240982 0.964982321609 2000.0
4782.39189066 -8.61980753961 0.995494075341 2000.0
2991.71499626 -24.108228802 0.925860083972 5400.0
-8489.66262092 9.43984997752 1.04385614318 6800.0
4569.7829672 -10.3353344952 0.916097162323 5800.0
-5157.67713164 -21.231305169 1.03793155723 5000.0
-2943.099437 -21.1272493588 0.941373172594 5000.0
6085.32423134 16.7890472181 0.880656162445 5200.0
-4145.48122848 20.1786705569 1.06057611877 2000.0
-3817.29881368 -25.4901821203 0.93231921837 5200.0
-1649.15617229 -27.3061366236 0.988803824006 5200.0
-3801.90284008 -17.8535953594 1.09021329239 4800.0
-1827.53507867 11.4779276496 1.01461997893 5200.0
-1299.59104133 21.1433786342 0.910476401678 5200.0
993.705016242 -44.0706865165 0.982474788134 2800.0
2658.50632378 -11.2409904653 0.995008141296 2200.0
1970.90419908 -15.841610343 1.05977109933 2000.0
2863.26294528 6.77105726572 0.980467978285 2000.0
-6327.21249979 34.9464106896 1.03323435556 2000.0
-7682.76820124 -11.1456354661 1.11654396269 2000.0
-2251.06117078 -19.0748929035 1.01135051692 5200.0
-5606.23958685 -12.1384752602 1.11777727247 6800.0
2013.58874177 17.8441729183 1.03902939109 3200.0
-4024.37880917 -11.3041393079 0.983504705713 2200.0
3083.23863937 -19.5894788043 0.897314538585 5800.0
9468.96396986 4.97184664478 0.922716569378 7200.0
-3361.15414452 -9.03949462162 1.0999634051 5200.0
10028.2995152 -13.3219372079 0.988074417646 4600.0
4451.63483433 -9.67153843987 0.895540134462 6000.0
3465.43788962 17.3534934208 0.963859612484 5400.0
-1468.48903504 -16.4713453942 1.1939542766 3000.0
-4841.42123886 -19.9215360129 1.01618458976 5000.0
1972.18087596 -7.18666481617 0.95168916779 2000.0
-6194.58894068 20.564572644 0.980723244301 4600.0
1700.93801716 4.8147716483 0.992259982257 2200.0
4299.78697774 -15.7712716787 0.991273151334 2600.0
-2639.69587959 -13.2507008853 1.0218402165 5200.0
1698.83847748 8.55282425496 0.972598920097 2800.0
4572.49031227 8.72319651058 0.993675632273 4800.0
3937.31759608 28.3286623956 0.953483355043 5600.0
6089.72263499 31.5603573232 0.979298508584 7800.0
-2338.7909791 20.494104125 0.981669734706 5200.0
-1445.34910231 28.0190608418 1.02410759586 2400.0
-1574.9441768 -18.2021425524 1.03745000034 5200.0
-3428.02858843 9.41923320512 1.03381272086 5200.0
-3329.7625325 8.03583532134 1.01141191117 5200.0
-4950.06809421 -10.6302737338 1.1141048687 5000.0
3115.12527177 -10.9824586524 1.02317516589 5400.0
1951.96096368 19.0817576327 0.956012277583 5000.0
5294.52055775 -9.59410218317 0.965524505156 5000.0
3065.07044502 -11.9635541789 0.972090941881 2000.0
2866.27911887 -13.7741950394 0.956599794176 5400.0
2126.71291001 -8.96476657636 1.01536849774 2200.0
-4653.10280583 18.8330365673 1.02410413512 5000.0
-4026.19018395 -10.2776900212 0.992563994136 5200.0
-4928.85875118 -32.4672335293 0.951302708043 5200.0
8183.93229746 -13.5255779491 0.918405496787 7400.0
3595.01691255 -19.7589069747 0.949842129541 5600.0
2668.70842341 16.5919048084 0.964021236046 5000.0
2695.25383172 -18.6957912733 0.982278903699 2400.0
-3509.4638067 -19.416607241 0.908745559757 5200.0
3522.59867637 11.9443052289 0.933443606943 5400.0
1844.34245781 14.0983729883 1.00151154509 2800.0
-4593.40982865 -6.34895041064 0.985915960974 2000.0
-5425.43775774 14.5970563364 1.17750636191 2800.0
-3977.71571757 -24.2088497122 0.98313667147 5200.0
4860.83781376 12.6862573983 0.95689952456 5400.0
-6251.86242662 13.3878566127 0.956168609776 4800.0
1463.96722862 30.5405834575 0.985590804723 2600.0
8287.21461906 -10.6135262579 0.924472436081 7000.0
3001.27505367 -23.2131173552 0.979893194687 3000.0
-2573.57506275 27.2819774453 1.01045223089 5000.0
3330.55900035 -20.8170441698 1.01053194782 2400.0
-2296.84155287 7.86005986887 0.9674746303 5200.0
-5765.33845087 0.477322809562 0.951950108458 5000.0
-1278.7345186 19.3807821324 0.993275073686 2400.0
-4256.39497637 10.0176833296 1.00240524944 5200.0
4952.65224547 -9.128108589 0.980681343777 2800.0
-2576.09095131 8.80050196903 1.10566524049 4800.0
-3392.90073418 -27.9029912211 0.976570442432 5200.0
-5652.14921788 -10.631489545 0.96750622458 5200.0
2885.36210014 -6.69140466829 0.988696614179 2600.0
-2459.63143193 9.27252554537 1.05803893615 2000.0
3524.02225694 -17.7263566319 1.00425543072 2000.0
9386.86728934 14.391507552 0.913522790225 7800.0
-2008.83472033 -26.6918806861 0.880685518155 5000.0
-2357.71858005 -12.4827148483 1.04684366421 5000.0
-4442.72640273 -13.3095760138 0.992648947533 5000.0
5236.86352211 -10.1255004969 0.898759490592 5400.0
-581.721789057 12.3734053598 1.02864042398 2200.0
-2627.96041382 -25.6042804939 0.968923011049 5200.0
3399.66085816 -16.3114320213 0.935069472453 5400.0
1545.93338304 22.7103795966 1.03311976061 2800.0
-532.483430795 15.5187543872 0.986033806579 5400.0
1335.40735062 -11.3841076805 1.06880010424 2400.0
3344.57502249 30.9872178 0.990991532754 5400.0
-2671.1363068 26.6740168646 1.04404735309 2200.0
4821.57243551 -23.7148202198 0.942544515336 4200.0
2828.13362805 -13.6577867701 0.970586830938 2200.0
-7807.2325668 -17.969140484 1.4568231527 3000.0
2768.66229422 32.9538509927 0.980626234174 2000.0
5517.43720514 21.8139281161 0.994639480035 4800.0
5622.35908656 17.8854513839 0.922581710748 5600.0
-4675.63366953 -22.4074517617 1.14207373388 3200.0
-2696.0897761 -10.9189279061 1.01841729139 2000.0
-3809.95283477 14.8403086894 1.04364195337 5200.0
-6860.40588193 25.4015557573 0.972504429845 5200.0
2672.31636321 -12.2911877238 1.01246252963 2000.0
5305.97942713 -13.1488764329 0.955707299606 5000.0
4368.22446146 -17.7709742752 1.04557330764 3200.0
-2063.06779947 -29.5096002677 1.08370848178 4000.0
1247.96963265 -13.6074383431 1.02308749521 2400.0
-3234.55258885 22.6121507621 1.09008919229 5200.0
-6102.39011047 23.9114150608 0.989303037908 4200.0
2880.31059229 18.5629539919 0.992275463859 2000.0
-5239.00522303 -32.2985394692 0.982039263509 5200.0
5535.82771212 -11.6354920699 0.954151972302 5400.0
-4509.0049437 -17.8025787449 0.914951695766 5200.0
7247.58656773 -15.1163513891 1.00216145038 4800.0
4512.36856135 12.8955595817 0.873118618289 6200.0
-6569.06085679 -25.4286509137 1.00037921873 5200.0
-1305.09394815 -11.3902984056 1.04599088569 5200.0
3642.79570888 -12.768568335 0.95283349761 5200.0
-4634.87941022 -14.9265582591 0.976291908525 2000.0
-2563.20248822 20.4458618921 1.01974888072 5200.0
2056.8533448 15.9468325308 0.984551698916 2600.0
-3621.18846597 14.9645153817 1.06484520637 5200.0
1962.6580026 22.5149601534 0.968647070283 5000.0
-1662.49284386 14.6096654141 0.947195255607 5200.0
2563.45475041 8.98064271945 0.974833436498 2400.0
-573.052411048 15.7297800199 0.985374024296 2000.0
5801.45628086 -8.31074249274 0.991178086478 5200.0
2984.83587465 13.9241128575 0.883648321929 5800.0
-6267.91360197 -15.7650710597 1.09144887424 6800.0
3132.63791411 -2.85182817864 0.889956425779 5800.0
3746.69945617 17.7731721518 0.943517769019 5600.0
-4768.8768429 29.7122231559 1.01879063296 5000.0
2396.76258986 -8.0615449076 0.983393201294 5400.0
4336.89928385 -13.6831229182 0.88598304154 5800.0
1129.16674268 5.79022766714 0.984065960574 3600.0
845.218264584 7.06686527551 0.981725783311 3600.0
-2202.14235728 -15.5140092216 1.03447331751 5200.0
6092.30003882 13.3560068568 0.948859750971 5400.0
-3694.85494335 25.1340086707 1.04611936394 5200.0
5920.47115678 -19.0330262986 0.97066503228 5400.0
-2726.86835346 -16.4052480902 1.04998382231 2400.0
-3506.96853458 -32.3353466838 0.976507779943 3000.0
-2615.38228304 -14.7812889595 0.994218182854 5200.0
4938.57147887 11.262910886 0.90474204338 5800.0
-6131.1194169 15.8404477194 0.971981118068 4600.0
-3278.43347279 -18.8883193092 1.00884090469 5200.0
-3972.13823096 -13.7285620834 1.02074208114 2000.0
3397.84941801 -33.2251248791 0.975582021775 2400.0
-7124.24630686 -7.7473543202 1.2621459032 2400.0
-3110.25005777 5.31635600773 1.03911574895 5200.0
4874.35778024 16.2786428403 0.955017951212 6000.0
-6448.98067952 5.48819553237 0.95875760877 5000.0
3950.87874803 -19.2498655091 0.887806725856 5200.0
-6889.62187503 8.44833891125 1.15166026684 4800.0
6115.46415154 -25.0134007024 0.988651835852 5200.0
7247.74773629 -12.8829639268 0.97741110547 4400.0
-1308.85024719 10.6052736647 1.03800175993 5200.0
2010.84866723 -18.3465793363 0.922547729021 5400.0
2795.98549897 15.0691212539 0.945610168392 5800.0
-1610.23757941 -14.5977446696 1.05895755599 5200.0
6458.99291554 -19.4201495073 0.974806751831 5000.0
-3145.40362643 26.8030591282 1.06213405962 4800.0
2733.9737372 -18.5381081209 0.96533635417 2000.0
2800.91414033 -24.2638239704 1.01151631635 5000.0
-1829.99894632 -23.4410636135 1.06891726269 3800.0
-1760.89370494 -17.4073744108 1.11741805773 2000.0
2845.84711192 -8.86473880875 0.958594250422 2200.0
2225.77882303 -8.98328236079 0.993472916685 2000.0
3537.17614916 18.1193210886 0.944273307782 5600.0
-3996.73679174 -13.1337357437 0.990227810801 5200.0
3213.30686513 20.1647278996 0.912421570374 5800.0
-11142.7070431 9.07258523394 0.985376239851 7600.0
6222.893757 -5.7914816284 0.986618349284 4200.0
-5885.16822895 -23.0674656852 0.96212141501 4600.0
2754.30801453 9.41413953049 0.95333041847 5400.0
-8057.78560495 -15.1132629371 1.17463522068 3000.0
-2027.22665487 8.37714892796 0.958721501589 5200.0
5360.12454933 -18.0588861947 0.917210762844 5600.0
-2955.36509198 -21.0601560377 0.959982588397 3400.0
2347.3927524 14.3081173072 1.02580396851 2600.0
4977.33330698 18.5244749805 0.955518468162 6000.0
-2160.6899555 7.57926309167 0.997622328659 5200.0
-5019.40959191 -17.0539396897 0.98056824201 3000.0
-1302.32992655 -12.5543053943 0.991022843893 5200.0
3253.05792577 -16.2679131663 0.918009665452 4600.0
1315.70099161 -12.9365850759 1.03443813667 2200.0
-4719.22248214 23.4272037079 1.08110847045 2000.0
-5880.92140461 -11.8306492805 0.93324212456 4800.0
973.441944962 -18.6126959884 1.05237322798 3600.0
3829.1558595 -10.1083977036 0.9127375344 5600.0
403.094997531 -23.1769131366 0.961327391389 3200.0
2146.55048822 12.9066076011 0.972144103062 2800.0
2170.62876769 -5.65447133949 0.995566145826 2000.0
-5672.4428294 7.43882445041 1.18446218417 4600.0
5946.94230117 16.888401882 0.971293315495 5400.0
2759.41722924 -18.48825902 0.916711469848 2400.0
-2378.88253862 -17.8971160861 0.994268469639 5200.0
756.979066331 -16.2316205811 1.0418732119 2200.0
-1387.36819293 12.6602732986 1.01835626385 5200.0
-4680.11172591 21.9902305347 1.03615198341 5200.0
-5647.63263181 24.3388911189 1.13064103647 3000.0
-1582.22396627 7.02827289306 1.02120012317 2600.0
2547.87572743 -22.1558265925 0.90953887813 5400.0
1147.41526347 18.5130501537 0.960822826543 3000.0
2471.30225322 -8.69943258528 0.969536713652 5400.0
2355.91973755 17.2643315117 0.949741082922 2400.0
-4533.28721195 18.0087387102 1.05625018547 2000.0
2594.85126692 13.4340978807 0.966365689007 5400.0
-2666.29291142 -15.3274047934 0.985439506201 5200.0
-2296.51111835 21.3964655643 1.08394903856 2400.0
-2685.78131776 17.4263830127 1.03555720341 5000.0
2125.29458712 6.17561000095 0.965509793592 5000.0
1080.42877228 -16.6957742672 1.00697407585 2000.0
-3130.10012995 6.1061303985 1.05407006134 5200.0
-5270.68981546 -16.5861572068 1.25941259061 5600.0
-2068.06920676 -15.6488686544 1.00210298436 5200.0
2919.59067221 -23.3013583959 0.891301783126 5200.0
1417.0798411 10.4840676505 0.964781729834 2800.0
5893.54914685 -6.47976629579 0.951285285201 5800.0
3541.80006835 8.28046879963 0.957669117141 5200.0
3050.2469131 -10.1413794211 0.984510896233 2000.0
181.572688095 23.0589169782 0.970850825504 3600.0
-2434.93075079 -24.6882416643 1.05387920675 5200.0
9702.31585149 -16.2940874501 0.977409938827 4000.0
7234.10920037 18.2895487082 0.976194499845 2000.0
-1686.45832873 13.267048131 1.05256678964 3000.0
5862.02083714 14.4043857711 0.875301862198 5800.0
1525.51835519 -11.5430504244 0.978572984159 5400.0
3896.72966314 14.4462523396 0.94171968445 5600.0
4201.90490593 13.3836317992 0.953578231998 5000.0
4595.2556394 7.9310468458 0.972303882704 4600.0
5554.18917222 17.0331778896 0.997165578092 2600.0
-3665.96644642 -24.1575734355 0.981994001974 5000.0
5432.89590474 -13.9713329084 0.929504648793 5600.0
-951.372248277 16.0960910772 0.962403144847 5400.0
2114.15272548 8.37153624469 0.974930501797 2200.0
3724.88837674 -22.6760342881 0.94925986605 5000.0
4908.23331874 -20.379413633 0.992204861904 5400.0
3418.85274599 7.35949350842 0.949889534192 5400.0
-1375.49315769 -13.0621050943 0.96658041294 5200.0
3201.25740814 -13.1881161343 0.953822733287 2800.0
1615.99107263 -8.18020951306 0.953486155997 2600.0
-6014.99519076 21.7616558381 0.977527877807 4800.0
3484.62976029 -29.3356484025 0.940694243887 2400.0
3002.73059595 14.7002567962 0.934007216764 5000.0
1719.97798045 -15.9571283149 0.982145653418 5400.0
-2679.62798667 17.1683136504 1.01065806964 2800.0
1857.24608641 -10.102121228 0.992306454346 5000.0
-4176.64993397 -11.8265301988 1.0089525284 2000.0
5105.20658485 -13.9627978666 0.981758947692 5000.0
-2341.45708849 19.1678675057 1.08315170318 5200.0
6557.6370181 18.5323562022 0.916444833982 6400.0
2839.76128177 17.3477238451 1.00722886844 2200.0
3164.51789539 11.7293128898 0.898342530868 5800.0
-1012.09982939 -18.7394248813 0.954856148551 5400.0
-3056.47034236 -17.5311050176 1.0022726361 5200.0
-1506.28624758 -6.95708540481 0.955202178952 5200.0
-1508.39404085 -24.6053000498 0.926253040989 5200.0
-967.577920523 -16.7904731976 1.07684206033 3200.0
-6386.78726736 14.3124181582 0.967583119201 4800.0
4768.25615643 17.2353802818 0.950368613866 5600.0
-1627.14313757 17.2147966696 0.982895959442 5200.0
2211.74357618 -17.914432291 0.978985626097 2200.0
-3320.97337348 -19.4286755489 1.04120409141 5200.0
5228.71499582 -7.77337822875 0.901128666537 5400.0
-5116.29927565 -12.0207415363 0.985565141208 2000.0
4015.55393707 -19.5147764939 1.00463353579 2000.0
-1267.24319635 21.4228838683 1.02054869188 2200.0
6023.54155777 13.4321342949 1.00077833651 2000.0
1503.85642458 10.7580424225 1.01279185091 2800.0
3012.36105165 19.3405716245 0.985509955439 3000.0
6073.1906731 -23.2534333297 0.90354441668 6600.0
3849.02801057 14.2277135376 0.945086339729 5000.0
2205.85642193 -22.9476747221 0.978364992165 2000.0
4583.69105055 -8.24961750479 0.968353836058 5200.0
3565.09579357 -25.1739894698 0.908884050131 5600.0
-4543.27860532 -8.07527325168 1.03164516871 5000.0
6501.41726563 -24.1948684305 0.961108647182 5400.0
-2482.82438383 -5.39142982604 0.985423390412 5200.0
4873.41273366 12.1325576135 0.948122603738 5600.0
3087.68266977 -12.2777636808 0.973332157021 5400.0
-3768.56682849 -22.371194525 0.981463718938 5200.0
-5215.70333705 -5.31989964905 0.928279765484 5200.0
-1382.88691865 13.9556885993 0.99902705203 5200.0
750.355347534 -16.8571668136 0.997390645441 2400.0
1366.09192012 -9.53673711078 0.978985521123 3600.0
-8462.34462336 18.3238036713 1.03191762375 4400.0
-3959.78041393 9.21456732692 1.00420151267 5000.0
-1963.02760205 19.0866539985 1.03731458582 2200.0
6862.15030667 7.01138409984 0.904238324815 5000.0
3299.84934269 23.7424930812 0.93307883632 5000.0
2715.97669951 6.49357710299 0.978493438255 5200.0
-4700.53490467 21.5142753691 1.05808392348 5200.0
-3511.50824743 -13.7652088112 0.996040972923 5000.0
-4926.11864743 24.3031643473 1.00692993257 2600.0
7617.83236534 7.5562251265 0.979169373243 5200.0
6334.64065541 -11.9294081314 0.901595998158 5000.0
-4482.83686462 -15.6188897056 1.04618300297 5000.0
-2253.47600288 -19.101485903 1.02345566527 5000.0
2275.10209376 -12.0325505274 1.01004829498 2000.0
4720.32665839 -16.375408142 0.996280431201 2400.0
-5166.46501883 -10.932712283 1.0242531701 2000.0
3732.67282206 14.7491907394 0.959291885035 5400.0
1627.30854394 13.9118501572 0.94363867504 5200.0
1178.09834867 13.2644567761 0.999941891822 2400.0
-4062.63085742 -14.1217011346 0.961951950724 5200.0
-3282.19361788 -5.85494982905 1.02159681032 5000.0
-3272.62420068 15.2651707272 1.00825341427 2000.0
-4150.11572471 28.3064443335 1.02027264767 3000.0
-3562.98999709 22.8544049775 1.06832154831 2000.0
-1430.19578606 8.47739527782 0.992828365572 5200.0
-2046.66779899 27.3894203162 0.995768117124 2600.0
2299.92412808 -5.30233314538 0.975642677791 5200.0
-1733.18562228 -8.20274789815 1.00109295743 2600.0
-244.565663925 7.88987261817 0.97250350669 5200.0
-325.173604454 -6.50560965892 0.991921529313 5200.0
4237.19670955 -30.1086611104 0.976274422766 5400.0
3160.44970763 -16.86748596 0.9828220251 3200.0
5412.25058183 21.095518813 0.984697256572 3400.0
-5402.82339509 2.42851487572 0.950709503889 5000.0
-5832.92111153 18.04069922 1.000360453 5000.0
-2559.31202279 44.2769973553 1.03437953612 2200.0
7153.2691337 21.9512039897 0.975838753807 5800.0
-4310.20857519 -16.0545337851 1.04784439873 5000.0
-3380.95701174 -15.2869632148 1.05503470641 5200.0
-568.498395083 19.2768411242 0.99482801634 2600.0
3541.58474269 -11.8245957678 0.993207923209 2600.0
1646.05451434 9.73133244876 0.987973138522 2600.0
4030.61709076 -17.324688536 0.98068376713 4000.0
-5539.48267461 17.4353417772 1.03811177603 5000.0
2501.51916995 -17.1681951795 0.939039881698 5400.0
-4075.95699019 -17.6392873907 0.992012496208 5200.0
-3913.76627286 13.7382201738 1.07649089645 5200.0
-2174.0941067 -20.5990634317 1.02779327682 2000.0
4216.42455235 19.4157090449 0.920572762092 5600.0
2300.08851799 20.3029291891 1.13346570793 4800.0
-1088.62419681 -17.8525198841 1.06341033922 2600.0
5239.56141268 -4.35795274767 0.964306051209 5800.0
-3093.82285134 4.80076710459 1.02627769107 2000.0
-2993.71607151 -22.8506879519 1.06166447467 2000.0
1565.87284435 -12.6145937553 0.997441556081 2000.0
-1507.94406946 -26.8424481834 0.994427358558 5200.0
-852.524281221 -4.23123915388 1.00453057367 2400.0
930.00655401 -12.5766159463 1.02200115837 2200.0
-3968.14693302 12.6731891547 1.03842198024 2000.0
3555.99763955 8.23204200416 0.986805222483 5400.0
7844.16966543 4.69527299338 0.98183167216 5200.0
3635.29161193 -34.812507837 0.950073611876 5400.0
3185.21710858 9.33933926957 0.934264139545 5800.0
-6821.43798172 27.4082151061 1.0045393826 4200.0
4532.94319072 12.6854601321 0.952280211566 5400.0
2927.31457741 7.39560918985 0.973000481443 2400.0
2311.42290908 -18.6262255581 1.04373973118 2600.0
-6091.45085532 -6.7089106535 1.37169246459 2400.0
-2239.47624148 -12.2226842931 1.03193524193 5000.0
-6526.39539369 -11.3747846843 1.21362920005 5600.0
4100.14970258 -18.5695890919 1.02333926068 2000.0
-1762.00908882 6.14740767844 1.03166410169 2400.0
-4163.89693434 14.4722564424 1.08554006675 5200.0
2722.84244765 -11.8844678284 0.925609438334 5400.0
-5421.89117946 3.14334572982 1.14191418029 5600.0
6674.61886436 -14.0071410805 0.985834910381 5200.0
2153.00218533 15.7904813497 1.00896314681 2000.0
5520.3088437 -16.1825420277 0.996412512293 2000.0
8092.28601678 -20.400675165 1.00009994561 2000.0
-4133.45542645 26.2116837129 1.03234097528 3000.0
-1840.11062906 4.33397769184 1.03420635672 2600.0
5501.52366152 14.2639970608 0.995287599205 2600.0
-5122.16961312 -10.55039345 1.06275577356 5000.0
-4896.02395342 -9.5888638862 1.12705422303 5000.0
3911.24834011 10.4172187375 0.973143175119 5400.0
3136.6219454 -11.3201579147 0.968815671127 5400.0
-3824.58697752 25.9716672792 1.07828069073 5400.0
2439.28135891 12.428165314 0.980294116823 2200.0
7549.80649154 8.32520261483 0.885854208461 7800.0
2843.54573382 24.6114789043 1.014159155 2200.0
4735.9388314 7.86629133939 0.986043915574 2600.0
-6912.45904 12.3349855671 1.15169949336 2000.0
-2578.35713117 23.263847358 1.02435807653 5200.0
2820.35243266 11.7050967046 0.997685479848 2600.0
-2590.89200594 -2.91879936939 1.04207517284 5000.0
3878.91748276 -20.4724939145 0.955467355028 5400.0
-3842.38664536 20.8171168077 1.05076119846 2600.0
4770.48789029 19.4773405138 0.934826864395 5800.0
-8725.60965885 5.00898535766 1.16961130971 2600.0
5235.32488106 -21.7329806904 0.973840799109 3400.0
-3471.67882687 -21.3744699582 0.925272472555 5200.0
-3516.86139788 -21.6388650557 0.871263395795 5200.0
-3649.10161242 19.8502819184 1.05639280461 4600.0
1657.77126463 -13.9201331939 1.03709718205 2000.0
-4025.17524947 -12.4225030935 0.996814407696 5200.0
-1417.30293256 20.6189848422 1.01637874178 2200.0
-6419.2757381 13.1416984741 1.16404967544 5600.0
-5843.60901497 -18.1678180503 1.01010410702 5000.0
-1245.90704872 25.8355113499 1.06504631248 4200.0
-2445.85551394 -8.88849798118 1.05704913043 4800.0
5357.40829211 -7.19396517443 0.993076864578 3400.0
2909.04677879 12.0974520233 0.972444528115 2000.0
-4276.30403826 4.72053417676 0.986902628321 5200.0
-4119.55672085 -16.7175459813 0.980044945689 2000.0
2355.56708491 9.2140065472 0.954072005362 5400.0
-1927.70338663 28.4468218832 0.965346299756 7800.0
5876.70973825 -20.9421918069 0.930933069775 7600.0
5708.87826218 -1.95646511584 0.91244534595 5600.0
542.088958123 18.5873759824 1.00473732321 2000.0
3950.90401854 -9.47686354435 0.974206355312 2000.0
-444.93641989 -5.84934817345 0.977550385428 5200.0
3915.17783773 -10.3837926267 0.960975351412 5600.0
4951.45310834 15.6405148655 0.988884582783 5600.0
1893.15567782 -20.2238190476 1.05754703179 2000.0
-3920.94566542 23.6126151199 1.01227361108 5200.0
-2755.41568123 14.3223782895 0.943256681987 5200.0
-4334.57873779 -17.2675728369 0.99280657492 5200.0
3412.67024052 -19.5224331483 0.990165114767 2000.0
-8158.61034784 36.7132144045 1.112812691 2000.0
-2487.91654228 -10.360246394 1.00321009237 5200.0
5113.35230671 -24.0960737625 0.951317227746 5000.0
-4776.99825324 17.5986069703 1.09075922915 2000.0
4607.12809986 11.1890154261 0.957208765924 4800.0
6721.17742963 -7.58301228352 0.995719639852 3400.0
6344.24347293 8.73130311137 0.98841066643 2600.0
4001.15766308 -26.6324396612 0.996014368493 2200.0
3297.08061778 -3.67358861404 0.981709853081 2600.0
-7506.99797493 6.12586499633 0.961865883919 5200.0
-5532.30686577 -18.6509923648 1.01540513581 5000.0
1213.43146069 -10.3921398113 0.959609049564 2400.0
11074.4940184 15.6908276078 0.926232890997 7400.0
5575.53707521 22.2894993135 0.887279853351 5800.0
1961.17442119 9.20623981805 0.980989702446 5400.0
2651.08703376 22.716682878 0.932199842642 2400.0
4547.6300214 -19.3517887255 0.979905618755 5600.0
2432.58219013 14.8728625365 0.951655664831 2400.0
5767.68561356 16.6182474926 0.980134528729 5200.0
1607.06733641 19.3271985419 0.97361452526 2600.0
3032.07256383 -14.769026142 0.925580708074 5800.0
4038.74891281 15.8904148064 0.976425886268 5200.0
-732.252531946 17.9350428041 1.01914684401 2200.0
2565.50707982 8.72124046033 0.960129946693 2200.0
3049.98068982 -4.54147999578 0.989821138699 2400.0
-5941.95892025 19.0458172244 0.981232926433 2000.0
3376.20311267 -9.34127663831 0.943441206902 5800.0
3249.52112482 17.3020708165 0.952399960763 5800.0
-4038.56451185 -7.61241038191 0.991954056912 2200.0
-1659.38324991 9.59262375002 1.02057417862 5200.0
-2556.58794039 -14.9876574516 0.982081552673 5200.0
-3494.97609997 11.3784012865 0.99582632335 2000.0
269.498871836 23.4230422936 0.930721175932 5000.0
6195.27459562 19.3933537329 0.880992620613 6600.0
-3212.56845196 8.61335755187 1.06282773488 5200.0
2995.1011719 14.2661181312 0.980403075068 2200.0
-2454.33165376 37.3119826314 1.14523206412 2000.0
-1065.23301645 12.7151902006 1.04931695699 5000.0
4018.8608847 11.2740037531 0.954338172721 5400.0
-1890.68531594 -26.2867556705 1.03572014539 3200.0
2602.4639599 -6.50249767473 0.956005512499 2400.0
5360.86318402 12.6509418431 0.928274622344 5400.0
6216.83062303 -8.74314378922 0.905821516996 5000.0
2163.64734669 19.3504291321 1.00781768434 2000.0
4589.54324084 17.5636172342 0.968969108312 5400.0
2869.5452588 -22.1014211078 1.08830126496 4800.0
6142.57380977 -16.6596852642 0.947412187678 7600.0
-4192.16514061 20.9796459774 0.980958627001 5200.0
3955.83755364 5.69864535309 0.956823393641 5800.0
-3657.44273728 15.4073125177 0.988932106276 3000.0
-1401.31108079 -11.2031311394 1.10712763022 5200.0
879.614083694 -9.39775881636 1.01294086223 2200.0
-3315.08304055 17.4123773118 1.11110443976 5400.0
2724.00238902 -13.0707944479 0.98043852381 2000.0
4349.62130783 -16.1648117256 0.927133018924 5400.0
-1479.78444495 -7.5196516589 1.01853619923 2600.0
3467.59447078 -10.0274708088 0.992528252477 5400.0
1401.92396352 -10.5503400457 0.962930072458 5000.0
5474.39054103 -17.5366557121 1.01077387643 2000.0
-1950.42949441 21.878717035 1.07679378759 2000.0
3343.13064128 16.2046700327 0.9920356101 5000.0
-3310.75598464 -24.2584787432 0.951843882236 5200.0
3635.67830356 -24.9028435831 1.00144782072 2000.0
-4600.30251782 -5.42407312167 1.06246935979 5200.0
3122.01532377 -6.36783380422 0.898595676995 5800.0
5648.47984769 -16.3291094618 0.956011950618 6000.0
3272.85673709 -18.3290249197 1.00771678064 2000.0
-1967.50607785 -11.8447651141 1.0291170191 5200.0
-1275.30667093 -28.6800521662 1.02833322247 4000.0
5215.39844597 -17.40960143 1.0093709574 2200.0
-3018.79635181 14.5777874798 0.998425622022 5200.0
1525.01721462 13.5203703811 0.950940102077 5400.0
-5937.91288971 -22.3889530093 1.2524973555 3000.0
-2100.23304947 24.2265530806 0.990261246911 2400.0
5925.3221651 -27.7649756881 0.907100459567 5400.0
-5145.14435198 -10.3033124244 0.9172913906 5200.0
1583.01387071 18.8279692136 0.977380867207 3200.0
-3708.12817245 -18.4542644736 1.05094459653 2000.0
-3261.81938521 24.698053616 1.12825636987 3600.0
-2232.23456756 22.426976345 1.03402912835 2200.0
-3573.43961358 -21.2421297018 0.999587693224 5200.0
5316.23367327 22.1216896454 0.913378581392 4600.0
1944.40910751 -19.1964129398 1.0183550413 2600.0
-5818.32295635 -13.2019724792 1.23446787811 6000.0
6714.20957974 5.87408859699 0.98762371362 5000.0
1207.14463483 -9.40861331499 0.983610096352 2600.0
-4155.14560362 19.1785323046 1.12746059467 2000.0
-4909.90104706 -10.4297035261 0.911731585252 5200.0
-4593.4667976 22.7309322328 1.0513664889 4800.0
-1230.4881001 -14.9943528325 1.07431368327 3000.0
-5701.49241083 -18.6340678507 0.953829084388 5000.0
1993.22066365 24.3739072357 0.975256365283 5000.0
-2213.04518179 12.2243165226 0.990251892769 2400.0
4575.87092077 -21.5350605566 1.02752508961 5200.0
917.275655935 19.5266353405 0.999875743013 2200.0
4178.71949673 -16.3255981633 0.998477354912 2600.0
4936.08432942 15.0436230842 0.885142797174 6000.0
4330.74978903 -23.3283403971 0.982212525526 5400.0
-4172.34964398 24.1545870653 1.00639832475 2000.0
2249.63920343 29.0641310426 0.987348250799 2200.0
5383.2415869 19.7806599019 0.910849996384 5800.0
1343.78651157 11.9855066668 0.968400665112 2800.0
-4924.90143304 3.54837795954 1.08432398863 5000.0
-5939.65116612 11.7991093234 0.961963635341 4800.0
747.918056339 9.73085958948 0.977853915362 2200.0
-5869.23833131 -14.9215622812 0.931274499366 5200.0
-4419.39911057 -8.30157084146 0.993270138735 5200.0
4730.01923631 -14.8587560232 0.880775477306 5600.0
2524.34288154 -7.59847468629 0.998198677561 2000.0
3552.76756769 -17.1806949196 0.95712354316 5400.0
-11145.9851466 16.6373793759 0.994095560934 5600.0
1240.10327827 -11.0514341389 0.94909561189 5200.0
1798.61991902 29.2700595039 0.963950250591 5000.0
-3990.23418116 -22.1066239164 1.01285892421 5200.0
6902.61019493 -21.4735317874 0.959962493387 4400.0
1272.30236254 13.6236360204 0.990864166288 5400.0
3975.73776075 22.954134189 0.980203698147 3000.0
-3215.50467083 24.7662317997 1.04371904433 5200.0
-2115.04191153 9.39266572892 0.992705500411 2000.0
4621.55223291 -19.3727909822 1.01218561634 2000.0
2727.76823452 -24.0738104325 1.11028650086 2400.0
1987.92578245 17.1566702757 0.961621593295 5400.0
5345.14474148 -6.7331195388 0.990032346281 5600.0
-1080.051212 8.15149800723 1.03270594186 2600.0
3854.68544066 -18.183156088 1.01214442002 2800.0
-2793.29173932 11.3365055776 1.13262342836 4600.0
-6186.49355817 -25.2116163328 1.17824049343 6000.0
2089.34082443 8.88675353684 0.968228903337 2200.0
3490.97554919 21.306624438 0.962494944918 5400.0
-9004.22299227 -25.3915207517 0.963196366823 7800.0
-4744.08605074 9.06927376475 1.04710213573 5200.0
-4337.83544528 12.0795435605 1.09414072131 4800.0
3190.82247771 -16.1109877882 0.988102501631 4600.0
1219.02601375 13.2463188504 1.08652977812 2200.0
-3621.35575642 -6.14806962042 1.02263989763 5000.0
-1829.52202866 20.7790724576 0.990644874305 7800.0
6141.37160685 -13.9617226005 0.952519809422 6000.0
-5098.39663779 22.0359772875 1.02758537881 5000.0
5314.60228657 25.4668314233 0.911449573387 6000.0
-2876.32521515 7.53612057915 1.01885531107 2200.0
-5856.01122727 16.2482991485 1.07492332611 2000.0
-653.528540623 12.1781446173 0.990762210802 5400.0
-4473.45267038 13.3139131658 1.02620620884 5000.0
-2476.14370958 -35.056141791 1.07740896072 3200.0
-1939.6111946 -17.9957166079 1.02390456302 5200.0
-3585.5980447 29.9660241935 1.00630933071 2000.0
2671.53265682 21.2378250555 0.925685264979 6000.0
-1022.93273814 22.7797013047 1.00114812224 5200.0
-4888.31637264 12.4936549842 1.07883843706 5000.0
-5198.88176603 6.59506712345 1.04750984917 5000.0
-3179.14764078 -19.6216112406 1.03055753853 5200.0
-3401.69186311 -18.3088826671 1.05960031484 5200.0
-988.410970099 31.7096037511 1.04581041403 3000.0
1221.8497761 14.5347488851 1.0195521163 5000.0
6626.58134314 5.78325350539 0.887664072107 7800.0
4906.56281732 15.5322671437 0.90553943003 6000.0
-6124.94101465 10.3554325613 0.953546327536 4800.0
-2257.85618247 10.9450824331 1.0128707258 5200.0
3389.78972027 -12.4621349392 0.897227713874 5600.0
-5807.96312133 12.5505064714 0.932171609211 5000.0
5787.18328682 -10.8466198823 0.969181287567 5600.0
-5337.860692 -24.5513579503 1.01515101189 5000.0
-2746.95246863 15.1367878061 1.05672139218 5000.0
-3072.49043805 17.8023378825 1.00237908074 5200.0
4533.82677072 20.6760708743 0.881180200912 5800.0
2470.69429772 18.4537872959 1.02547423806 2400.0
3802.58148686 -15.5010058885 0.908759709837 5600.0
-4943.34981832 13.4138382132 0.949809886323 5200.0
2972.90986296 -16.7229069045 0.991111415826 2000.0
-6500.66272164 -11.1509307214 0.961043432439 5400.0
2652.034093 -15.7945164948 0.923512604115 2400.0
-2512.51511971 -26.3582041755 1.02021251191 5200.0
-5349.66101378 -15.7218947422 1.03673738246 5000.0
-2969.45078329 -22.4471969562 0.882601108419 5200.0
-2461.48921999 -15.784904592 0.965951246881 5200.0
2737.42967705 20.2730041379 0.956257373955 5400.0
-4963.96617377 -21.6558075818 1.04408059668 5000.0
-3265.14852754 20.8009824384 1.0027247356 5000.0
6607.20107016 -18.3629104439 0.960298928627 5200.0
3507.90639956 -9.11364861278 0.971852333545 2000.0
-1771.98072051 21.1616961277 1.00713195449 5200.0
2084.68191071 18.3476741625 0.893007278355 5400.0
6302.23788927 -9.72149835326 0.958159087256 5600.0
846.456351561 -12.027124072 1.01737902615 2400.0
7095.72521609 15.8210291421 0.989863399358 7800.0
9457.73600253 21.3844077162 0.984100985372 2200.0
5352.75346438 21.1817155905 0.986443417692 4600.0
-4516.40440694 -15.3058778447 1.00443844549 5200.0
-2764.66860048 8.2677505537 0.973299792539 5200.0
8773.70614829 -16.7505347494 0.987550283762 5600.0
-4669.67520045 -14.523023777 1.00081935529 2200.0
-4570.80372762 -6.76901200817 1.00435416226 2000.0
-2338.45954912 16.8291661761 1.05516401014 5000.0
-2688.21344032 -12.48608276 1.03697342988 5000.0
-4092.04893135 10.275491409 1.06339708278 5200.0
-3038.36770772 18.7046975145 1.03695461319 5200.0
-2452.08242309 7.38713185717 0.991340527719 5200.0
-2252.76963099 -11.7733824191 1.00540619313 2200.0
-2675.9562118 17.3166539666 0.921489863808 5200.0
2131.75699725 20.6559172797 0.943944544932 2400.0
2799.62334441 13.0679746376 0.951951053331 5400.0
-2597.55488892 9.5257026372 1.01538371529 5200.0
-4686.58791586 12.0683459858 1.06058706501 5200.0
-741.748930278 -24.496626074 1.07500278456 2600.0
-4922.42461124 11.187662851 1.07570864779 5000.0
-1081.98611556 17.0666054831 0.916937183929 5200.0
-2712.82229445 -12.855713477 1.09314150153 5200.0
6665.32450664 17.0318753344 0.967961057857 5000.0
2081.76815959 12.5223054963 0.954494130879 5200.0
-4731.79070825 5.00664108162 0.974784955015 5000.0
-3539.31036275 -23.3680358049 0.989912651162 5200.0
2229.40135534 3.04557741513 0.967688239225 5400.0
-2709.10785805 -9.89237729016 1.04801095907 4800.0
7571.21577904 10.0001049154 0.92757294176 5000.0
-5404.01296995 -2.35513828583 0.935485045253 5200.0
-4043.96218841 17.3705826921 1.15220573584 4800.0
1926.46653477 14.9254960605 0.982917259243 2600.0
3817.36195606 -17.9701369389 0.905980422447 5800.0
2128.86481822 -17.1509240588 0.943767825382 2200.0
776.50273861 9.23323043745 0.969949529313 3600.0
-3706.59905537 31.5531948778 1.02738489705 5000.0
-3741.00373036 -25.1438396038 0.997442287486 3400.0
-9585.40305195 -1.20059381531 1.23923209076 2800.0
-908.819977028 -30.9137370097 1.05740823073 2400.0
4017.60633724 20.2114341887 0.968848124168 5200.0
-1848.36868105 -10.9537940081 0.939721077383 5200.0
2288.35539191 -18.8956076299 1.03097933215 2800.0
-4919.97994643 -13.2772282487 1.13436734803 5000.0
3032.03564115 -13.1343458117 0.922312143986 5200.0
-4397.27783757 -23.7884729702 1.06426590441 4800.0
2932.11609829 8.03817960085 0.978007519353 2400.0
-2570.58328064 -16.105328895 1.04083874653 5200.0
2222.23442145 24.681046916 1.00922151031 2200.0
-2574.768828 -13.7262996775 1.04607724049 5200.0
6007.02104041 23.0942987201 0.898464271378 5400.0
-4308.06611894 21.2320508944 1.06273477665 3800.0
1098.19555934 -18.6766239094 0.992275824591 2000.0
5385.35614089 -11.7388514255 0.92177124643 6200.0
-893.865227874 13.1627741036 1.00820015261 2200.0
-3253.42391764 8.37986424862 1.14197903572 4600.0
1683.99849955 5.59850301135 0.98187427023 2600.0
4443.58422374 -13.360530467 0.998574586272 2000.0
4681.14328582 -11.9112171215 0.910298643219 5600.0
-3671.39625004 -19.8083905846 1.00523943846 5200.0
-3765.46265756 11.1073529679 0.987187432242 5200.0
-3909.74891794 24.8679634483 1.05343299504 4200.0
-2304.02139077 -12.1081514701 0.980625699482 5200.0
3430.79593275 -13.8292351648 0.960303566964 5400.0
-1534.75798906 -5.13154928924 0.996247663321 5400.0
4419.34331624 14.9158347865 0.880325740556 6000.0
-5813.01260832 -26.003013766 1.00568471183 5000.0
4330.8296648 -9.01965696031 0.914840853512 5600.0
-2057.74608434 8.91411109577 1.00140463861 5200.0
-164.818156164 -8.95973769463 0.989859059395 2200.0
6293.00994741 -31.873826706 1.05081665586 2000.0
4154.30211219 14.3132043002 1.00733017362 2600.0
2526.96553471 -20.9675844399 1.03074356902 4000.0
-988.593277679 16.1397787445 1.04487071328 2600.0
3803.12554198 11.1572674632 0.992524941813 2600.0
-3714.30884041 16.3835746879 0.957610171381 5200.0
2244.9511988 13.2767248182 0.977849851191 5400.0
8049.08145257 -15.5232748276 0.892092871406 7800.0
-2489.36190119 -13.8936492381 1.01690312953 5200.0
5593.16995773 -23.3947592678 0.907571936116 5400.0
1421.77725413 23.7114532483 0.94680700279 5000.0
5616.75908213 21.1470441673 0.932005956546 5800.0
-1991.15629698 -13.4020589755 1.12228479804 3800.0
1597.88958692 -11.2415149539 1.04151264392 2800.0
3805.58097302 11.0030241749 0.987531687351 5200.0
-926.917629138 9.6717768815 0.954758568928 5200.0
836.273428382 -25.5241194778 0.999394977205 2800.0
-1497.73301563 26.5060049175 1.00052486087 5200.0
4454.03302083 24.9077601009 0.99832835999 2000.0
-5151.90401528 -21.5750620822 1.03425575394 4800.0
-4069.99988274 15.4069243315 1.03338990148 5200.0
2425.2339127 12.8755607181 0.947099606266 5400.0
-1873.55144573 -19.2233591255 0.846650053958 5200.0
2803.74113168 15.0139628719 0.996366924719 2400.0
3723.88607643 -20.1983681208 0.964124512096 5800.0
-2959.28429274 10.351171451 1.0254855858 2200.0
3892.63043908 11.6415766624 0.955860774776 5400.0
2458.16020956 17.8937985879 1.02858454426 2000.0
-7930.05180332 -15.1493459074 1.39250064824 2200.0
4294.69469712 -21.7457513748 1.01450458618 4800.0
-3644.78250848 -18.4071410043 1.08187601288 5200.0
-653.161210588 -7.82453284531 0.941056801092 5400.0
5943.67080936 -11.4224267896 1.00096127902 2600.0
4973.56868486 -8.0426479914 0.893723751774 5400.0
1101.69723834 21.7791162669 1.03665347162 2000.0
5927.26022827 -6.38047786556 0.990609022049 5200.0
4149.39098385 13.1562662836 0.897446249859 5600.0
-3503.1718931 21.4941669537 0.920216873208 5200.0
-2678.25757479 -14.7777466171 0.941763854186 5200.0
3923.10792441 -18.5577080862 0.922493648017 5400.0
3522.82054476 19.8244424769 0.958262457022 5600.0
1683.28410524 24.2716188316 0.94862707485 5200.0
-4292.42859804 12.4223179975 1.07413204322 5200.0
-2157.50339621 -17.0042172678 0.976194840484 5200.0
3894.80183609 -16.6836023753 0.940515551921 5400.0
3748.66939724 19.6752195301 0.961057547118 5000.0
755.112517173 -16.885746783 0.957602208964 3600.0
2079.76752263 7.12589593054 0.976580981336 2600.0
-3030.00014465 -14.5632984492 0.912122723372 5200.0
1624.705194 18.6588317994 0.97661764232 2600.0
4227.16391196 -6.7060025704 0.895834167726 5800.0
-3479.45705007 9.86988282458 1.01036753168 5200.0
-2282.83782906 -27.3629404032 1.00599561851 5200.0
-3252.65290157 -24.3747025641 1.31877514223 3000.0
6339.56652173 -10.1174219751 0.923999129972 4000.0
5087.47251165 16.375276144 0.991648176883 3000.0
-1315.75429703 12.2556736282 1.0203937776 5000.0
2213.3875844 11.8353239109 0.96755486598 2200.0
-6561.96387756 -9.88647643715 0.948891807602 5400.0
2311.60099164 8.00136984154 0.991826558958 2600.0
2979.37012279 -28.4622701296 0.928100554861 2400.0
-5276.22541339 -19.9968573132 0.930051476437 5000.0
2146.20594231 -13.2621243157 0.950245384176 2000.0
-2266.52917851 -11.62703071 1.06280623363 5200.0
-3000.21208999 -13.4181200283 1.0357876071 5200.0
-5637.89452584 -13.7161362666 1.18380770528 2000.0
-2235.51383686 -19.217351261 1.03922479519 5200.0
5882.05880423 -22.8054809566 0.988723136288 5600.0
-6578.71919216 -30.4471328497 1.25348400939 5600.0
881.645644621 -12.1533516597 1.00892084305 2200.0
-7359.70933135 -16.3669462334 1.1221555515 2000.0
1928.32233052 15.3046015423 0.988271635636 5000.0
3287.04948683 11.3341151892 0.916420001232 5600.0
-4455.63087123 13.3516673686 1.01860818621 2600.0
3665.57073433 -16.2389504558 0.989654014607 2600.0
3549.75288838 3.12486507507 0.980138199331 5400.0
-4184.78338091 9.7502972332 1.00505693705 5200.0
2064.22334837 11.1501099457 0.993206699294 2000.0
2622.63137673 10.1698405077 0.954525633905 5400.0
2702.99863098 -13.0865969987 0.951791792551 4800.0
3575.80405864 9.21913041395 0.944715255788 5400.0
-5360.66438991 3.83955330222 1.37054766987 3800.0
-7812.72910454 -10.8087759887 1.46327842524 3000.0
1402.40290613 7.78172683224 0.990588493441 5200.0
1847.13256822 5.80091331038 0.98718848317 2600.0
1133.85979134 -10.6464341214 0.988385748558 2200.0
-1532.43255317 10.8827557575 0.980290394958 5200.0
4572.01191273 -28.9853247436 0.894280020756 5200.0
-2926.1058442 14.7704726362 1.05422243009 2000.0
5896.37720455 -15.2272001715 0.977189767553 4800.0
-3637.35139433 31.7842727194 0.978709327517 7600.0
-6971.96745832 21.8157901417 1.04924431365 2000.0
-3349.13305604 -17.6010338743 1.0137578194 4800.0
-2951.44666355 7.19855168738 1.02968870082 5000.0
-5659.03338871 -10.5102426409 0.934923483784 5000.0
4493.25271616 -17.8472080425 1.01609496994 2000.0
-8934.96050086 12.4365157626 0.990768296312 6600.0
5989.54454964 11.1194257666 0.914306359139 5200.0
4130.21178964 15.1637107843 0.997002725257 2600.0
-4072.69424785 -4.79547977989 1.03711300635 5200.0
5495.85658405 -1.49927167752 0.980696369712 4600.0
7169.0987169 9.35661102988 0.98843569509 2000.0
-1521.04977779 -8.4975363577 0.999644335822 5200.0
909.179542033 12.218447236 0.999583501129 5000.0
-1635.92187405 20.0410857405 0.890928272202 5200.0
-2208.84498449 8.88016103737 1.07463518246 2400.0
-1266.55450391 5.55997843443 1.0148333675 5200.0
-1977.9060675 20.6638625434 1.04707737143 5200.0
-3154.38928973 3.68971250284 1.10152958002 4800.0
-4352.80415737 33.6308551595 1.07552079356 3400.0
1977.17349959 13.8645299702 0.969284647925 2600.0
2325.72120526 22.6434577373 1.00295598719 2000.0
5391.29033319 -24.9367435594 0.930985997987 5200.0
3412.04864789 -8.65592475229 0.992831379421 4600.0
390.076709863 18.2653239569 0.979871073229 3600.0
4241.78826656 12.745363816 0.933079288887 5600.0
-3696.04506242 22.3253680941 0.975091705872 5200.0
4225.34221178 19.6288516788 0.942825041156 5800.0
4413.27632644 12.5096689586 0.902431344803 5600.0
-1781.62778753 -8.65008347227 1.02702527425 2800.0
2634.60019186 9.63358917103 0.917312582565 2400.0
1609.95358042 18.6409239043 0.909931763772 5400.0
3188.27259316 17.0960876776 1.00133053073 2000.0
2395.06772376 -17.329214279 1.01412388559 2600.0
-1919.90291994 22.1236204917 0.985886936412 5000.0
1774.25326238 -6.70610000207 0.921889700431 5400.0
-1900.22627492 -3.6914590193 0.985938683354 5200.0
7434.42524835 -27.384275073 0.973772333927 2000.0
4231.21037876 43.6958018183 0.999768876439 3200.0
-4036.3711716 -11.2574114711 1.00607008757 2200.0
4205.33514789 13.525580557 0.883126477524 5800.0
-5504.96451067 -12.8729415217 0.94091365046 5200.0
-1901.98854303 -8.19489413152 1.02952604713 2600.0
-3341.73352127 -18.9806943361 1.16886259458 3800.0
-2809.22696314 -8.16393443078 1.01579023264 5200.0
-2739.95558163 18.8482036634 1.03414635798 2000.0
6709.84795425 4.45161971648 0.899153241207 6400.0
-5260.72326403 -20.3470113139 0.979638270596 2000.0
3502.3966184 -17.2046375338 0.920242647672 4600.0
6109.08542031 14.35795693 0.990825106303 4400.0
5618.21623255 -15.2862128448 0.988110001804 3400.0
-1413.24328136 12.3233456296 1.04258804885 5400.0
5053.59977534 17.1644399413 0.999612476314 3000.0
-3524.82783574 -3.28037017631 0.993577629029 5200.0
5693.53366111 14.6657520142 1.00144853446 2000.0
3064.42773022 -23.9839717819 1.04034021574 2000.0
-4258.78333023 16.7549880515 1.07531175529 4600.0
-6479.93430941 22.8629292339 1.11169037837 4200.0
5661.57822858 -16.0321794767 0.960786325081 5600.0
-4963.69240703 11.7045467086 0.964475565224 5200.0
-1923.29541865 14.0203988871 1.01185437301 5200.0
6532.79491707 14.8664363163 0.981416216992 4600.0
-3067.80708298 -13.7983413394 1.02709406991 5200.0
2926.5349389 -14.2128390885 1.01163815118 5400.0
4971.39912885 12.0694017548 0.996761301603 2200.0
-7008.41382377 7.8797250108 0.988097367613 5200.0
3136.46724854 -13.3637927084 1.00378622397 2400.0
5414.2795113 9.00580391877 0.989442345736 5200.0
2205.15898244 8.24331172262 0.952423871492 5000.0
-523.237502716 -10.2701345533 0.949591506615 5400.0
-2186.17497234 -13.6795586153 1.07445485124 3600.0
679.180296149 -18.7885495294 1.06153873253 2000.0
4802.41486203 28.2278497787 0.988766340949 5000.0
-3809.94178322 -29.5958709144 1.0348373708 5000.0
-3472.02798383 23.8839142513 1.21441496509 2800.0
3366.76053864 -16.4050301074 0.961447239055 5400.0
1098.53492776 -17.1167546308 1.09079156221 2400.0
7749.31836989 11.8936686842 0.92428289594 7600.0
4141.33231563 12.6423520302 0.94330960248 5200.0
1579.7900404 -6.58464960953 0.98343911279 2200.0
2748.93150971 24.7456277106 0.942193978931 5800.0
4410.67406586 -13.7157528124 0.943440705275 5400.0
4704.94151918 -17.7912551736 0.942996633816 3400.0
-4316.2579636 14.6905364123 1.17557921481 3800.0
-2406.89042109 2.04112398008 0.964498660717 5200.0
-1901.25833787 15.1135510202 1.04763936945 2600.0
7500.22065181 13.0790461829 0.923940635665 7200.0
-8477.60996541 27.1589592703 1.13925924508 6600.0
-6369.28788208 -20.5143659886 1.02212227224 5200.0
-4131.23661351 -4.05908066244 1.03090931987 5200.0
-2289.63189333 18.9910309322 0.984603010368 5200.0
3898.34310127 6.95891992644 0.969046390415 5000.0
4387.53116244 -29.9026304418 0.991136738856 5400.0
5349.5318601 -26.6551884877 0.914971173714 5600.0
295.458226581 7.35933652376 0.968700325548 5400.0
3832.46929159 12.4443691443 0.999589090471 2600.0
1963.5869327 25.8815752714 0.983026750453 2000.0
3330.74761021 28.7517630558 1.09709344537 4200.0
1215.43600238 15.398033743 0.986509940388 2000.0
-3333.29784833 -19.2954427064 0.999180420352 5200.0
4882.99590769 -11.9520428125 1.00062834388 2000.0
6478.59286303 11.6486488352 0.977319414832 5400.0
-4276.80315781 -26.8942440187 1.00843676468 5200.0
3487.27508157 20.3532419066 0.965266719221 2600.0
4034.09823166 17.1330922555 0.884632838672 5800.0
6941.5855033 20.1654755083 0.897360633599 7200.0
-4454.05255843 -12.3292823783 1.03618457849 5200.0
2322.7987875 20.0487267531 0.980560952315 3000.0
-2695.66552932 -15.8218709066 1.0543278205 4800.0
3262.73532131 -6.54226149604 0.976447095605 5000.0
2658.62166455 16.1483996861 0.892884993816 6000.0
4081.47568492 -14.8689611265 1.01433560801 4600.0
1172.03025839 -7.65815466686 1.01011350293 2200.0
-3004.85334069 10.0603363979 0.896435896719 5200.0
5171.88012056 -12.9932817504 0.997370765032 2000.0
-940.037210607 -7.86158039183 1.0072229921 5200.0
2082.94401659 -6.99179572864 0.969517785653 5000.0
-6599.98922672 -8.5385674028 1.0808741185 5000.0
-3748.75533391 8.6221971916 0.977346804565 5200.0
-8041.45540355 -19.4123002227 1.44863080841 2600.0
2310.18588187 13.973172414 0.956458307055 5400.0
-1185.86709305 9.7528688719 0.934975447452 5200.0
537.025503604 14.6579733941 0.984204793682 3600.0
-2637.82394283 -23.4588512284 1.0116776227 4800.0
-2091.02163229 17.917326247 1.15150402105 2400.0
4019.90114481 -7.30529466046 1.00502376303 2600.0
-446.403017953 -16.025209385 1.01721102036 2200.0
-3215.48190713 -27.3485540388 1.00101188204 2000.0
3076.31176355 15.5633912272 0.980135462636 3000.0
-1625.08180201 -16.4933896122 0.874968213686 5200.0
3482.39937919 -12.4754547937 0.898828265528 5800.0
-2161.2202883 -22.0031302465 1.11640328187 5200.0
3088.4874725 -9.3755683288 0.984483541145 2000.0
1433.01092796 21.3755320166 0.963040102105 2600.0
3487.6101447 12.4156091721 0.966825906671 2000.0
-1422.52845133 -7.97135657374 0.965922055972 5200.0
-6073.47600264 4.77356674256 0.989811271549 2000.0
2244.29016038 9.11074727204 0.911323310724 5400.0
-3956.64032134 4.81259462709 1.02260120516 4600.0
1767.80947078 -19.1967059077 0.922132563244 5200.0
-1462.34224996 -18.3864933421 0.915644804356 5200.0
8781.63294 18.8826206724 0.960543207973 6200.0
927.324165347 23.5090738675 1.00288564004 2400.0
1239.56591623 -12.1171640646 0.993470159234 2400.0
-4259.13655927 -14.9991379946 1.08080990561 2200.0
3474.14244788 20.2840579115 0.909007834416 5600.0
2238.3222395 -27.1571565058 1.10028911789 2000.0
2142.69941327 -15.5507207954 0.967407873743 5400.0
-2771.06050178 8.92970952463 1.02353765052 5200.0
8029.80668534 12.6312804218 0.870017726387 7600.0
-3127.67718785 22.6546035162 1.10002632676 2000.0
-2436.43803438 47.6088984273 0.986441826415 3200.0
3943.99237285 20.0411366338 0.912331399654 5600.0
