-5871.4337198 25.1173777877 0.995975977884 3400.0
5673.55687413 -11.8606732232 0.990380301936 4800.0
3769.03923176 -15.3937098865 0.940388729326 5000.0
1955.94284042 11.9592486897 0.815099666115 5200.0
-4956.03301391 -17.3651003781 1.06627099503 2000.0
-3969.67115045 -16.3054563754 1.08283235765 3800.0
3372.50771135 -8.76033751455 0.978758971021 4800.0
2360.13204638 -16.3412165353 0.884943161741 5000.0
2350.59040487 -7.32964419055 0.771930399962 5000.0
3454.57838382 8.50821211581 0.818461151235 5400.0
-2798.64545027 17.7888473487 0.733251295816 5000.0
2333.8518592 27.4466891611 0.919806854493 5000.0
3138.02919729 -16.5629045307 0.984812204499 4400.0
-678.675953905 24.5171459424 0.930701022219 4800.0
7054.5547716 9.50533912128 0.995268435611 4600.0
-5972.40385355 -16.2100429129 1.20750800873 2200.0
5523.82746822 -21.5004272077 0.968014500172 2000.0
-5186.63080122 8.35665752371 1.10027039727 4000.0
-1738.26155992 14.0154496955 0.780695363692 5000.0
-6128.5237588 21.6747316668 1.00215880368 2000.0
-1822.49944648 -28.338291993 0.742393841675 5000.0
-4775.65566983 8.7382235252 1.01868291999 2400.0
-2584.63094884 -13.9884910701 0.885082832722 4800.0
-3471.88918175 -33.7804563573 0.804824217582 5000.0
5039.98752544 12.8075261963 0.932845203548 2000.0
1084.60718697 12.7400332115 0.88135692302 4800.0
-2511.19628438 10.5294085148 0.936398468008 4800.0
4215.52482439 12.8604740419 0.954805476904 2800.0
-4182.88132999 10.4295104558 1.08315964028 3800.0
-5876.02543102 -10.2483639597 1.15059321047 4000.0
-3624.0757004 4.64337400196 1.0914653148 3000.0
-1634.37374399 6.83345856264 0.864518140805 7200.0
-2841.73263814 -9.27940320424 0.82009156136 4800.0
4124.75037385 20.6617736276 0.967376765117 4400.0
3677.70128216 4.32364660546 0.909189551911 5000.0
852.581689855 11.3064030814 0.851756577446 4800.0
2415.40829108 -19.3133880076 0.981457296468 4800.0
417.473687594 -15.2548688449 0.771480258849 4800.0
5147.45616841 20.4073527727 1.0122023648 3800.0
-5979.54244237 -32.312803577 0.966555445881 4800.0
3034.50551637 19.9745408248 0.9681977336 4800.0
-2127.87633277 8.5229943458 0.848444397567 5000.0
-3314.30709838 16.9317793077 0.871071149125 4800.0
4842.54197162 17.5416258519 0.897456647453 7200.0
1033.40885476 -9.04060172662 0.7799484644 5200.0
-4477.1763395 2.69677861873 1.15873948853 2600.0
-3569.73175352 36.855489714 1.0712435673 2600.0
-6663.40864001 -19.4793536703 1.08297432958 2200.0
5308.04967781 -14.2380880045 0.943804565598 7600.0
7344.45772368 -6.10900229671 0.968615110607 5400.0
682.724839359 15.3590016981 0.795613616419 4800.0
-7004.97355623 20.4922013897 1.00888060967 2000.0
352.292378292 9.70462290166 0.718323446355 4800.0
5540.73147692 13.149176114 0.901064096294 5600.0
-1093.22092779 -6.60513104936 0.777348775591 5000.0
3388.51230743 -17.9325152499 0.899449421197 5200.0
-2814.25637917 27.7555404841 1.01171964653 4600.0
-2980.04689599 13.4943485692 0.834876354805 5000.0
1704.9155449 8.62778797505 0.685355314166 5000.0
-7730.68500671 -8.0547770439 0.985321725375 2400.0
-3855.41069808 9.42318774503 1.13827206436 2200.0
2458.93453532 22.0750634347 0.940515323706 2000.0
-1876.46659405 -24.4138234416 0.784932779142 4600.0
-2202.84104125 9.89854415338 0.724691615399 5000.0
2991.81311481 -18.2294911105 0.977129700079 2000.0
-5740.48414245 5.01836511069 1.08742594013 2000.0
-5197.14910726 17.3955751356 1.22601746691 4000.0
-3790.14829817 -10.0958266358 0.822180808891 5000.0
3303.83883362 21.2379587792 0.938452578005 4200.0
-2647.46950815 -13.8582911954 0.901958392847 4800.0
-3134.17218548 -25.784967667 0.93348855355 4600.0
8062.34329352 4.95601830925 0.925912507067 6000.0
4672.43466356 12.6567764666 0.904233860378 5000.0
4018.63993651 -21.3632670092 0.877072293954 7200.0
-3982.78036994 -19.77359163 0.981966069939 4800.0
-1006.98967931 -5.97198362412 0.904131666109 5200.0
1059.27436225 -11.5020491096 0.904063669884 5200.0
1256.62358338 10.6302365535 0.763853140254 5000.0
-5786.85984444 13.8302896057 1.03888201681 2000.0
3456.28229626 -24.2866442272 1.01556868191 3200.0
2882.85092866 -13.1404454675 0.990829652525 4800.0
1511.41726451 11.1356855862 0.965437103391 4800.0
-1789.26608234 14.3247339172 0.833890819598 4800.0
-1767.63509116 11.7782885595 0.856604289326 7200.0
-1268.05410429 22.0303921234 0.989865453671 5000.0
1907.64150501 15.2134837099 0.790490887517 7200.0
-2431.10114082 -16.7683315267 1.01224167194 4600.0
3476.51563813 -15.2633280489 0.971482992572 4400.0
5712.94342962 22.1814032574 0.965111209651 2600.0
6886.5605252 15.7867790656 0.93048669996 4400.0
-481.647167861 17.182645455 0.847916610284 4800.0
6482.03240733 17.0812876371 0.895269193954 5600.0
-1365.8797156 13.6335428522 0.768679630081 4800.0
3656.9088456 -15.7597818638 0.85127514149 5000.0
-4048.37652242 -6.49035304296 1.08137525121 3600.0
-4237.6229991 -14.2935373856 0.985268909368 4600.0
-5268.86596675 -5.17337886884 1.26351627689 2600.0
2161.20290962 12.0985160859 0.744366107577 5200.0
3434.78335181 -21.9394715023 0.910949404446 3800.0
-3945.05635955 8.50424773286 1.19766312609 3000.0
1847.9951018 16.4261593221 0.807748079568 7200.0
5010.21071755 -19.568041528 0.903969379224 5200.0
-2825.63714851 15.1745320634 0.85185389647 4800.0
2060.21613387 20.4746080625 0.822042931833 7600.0
-4019.73429882 -16.1787343671 1.11356097361 2200.0
-3616.87795152 -29.8779036479 1.10485068659 3200.0
-2102.76938075 -12.9594581172 0.780524640436 4600.0
1929.21371438 -9.57848879059 0.921908176963 4800.0
-2660.92111859 -10.8022035705 0.973850355086 4800.0
-3797.59312529 -16.145041414 0.822528486659 5000.0
-988.349693647 -18.8983721101 0.7077320113 4800.0
4800.35393225 -16.552461637 0.995892949233 2000.0
-1125.13242921 -12.6873747036 0.73478882841 4800.0
5667.00711934 16.7745601468 0.96878180022 2200.0
-1898.75785326 -25.060698664 0.854235677963 4600.0
-3019.01884464 1.89131924624 0.809867261349 4600.0
3789.75828213 -18.4843799663 0.997744460173 4400.0
-2161.34231698 -11.0569343592 0.836352830795 4800.0
-3726.10036264 4.59063752797 1.10246560719 3600.0
-1344.94092127 -10.042845219 0.810192318872 4800.0
-6900.94752915 -9.88410947921 1.07327714788 2000.0
934.682390828 -15.7419486629 0.9398816443 4800.0
1650.30521938 29.9252146858 0.943462146556 4800.0
5725.27746702 6.01476862623 0.966955086487 5000.0
838.036502786 34.1106597228 0.963527093307 4800.0
-3133.38035495 -11.7918142489 0.768727179901 4800.0
1754.04837124 11.5731239862 0.974583570381 5000.0
-6943.18171232 -12.6143942139 1.02663488811 2000.0
5957.43321609 -18.4800946952 0.958518880804 4800.0
-781.476486238 -26.258025845 0.727613507872 4800.0
-4754.45724268 -19.9772294795 1.19613138334 2800.0
4275.97990194 17.2231585257 0.968784057224 5200.0
-9795.69745507 -17.6429010184 1.48435314359 2200.0
1977.6930339 20.5802334496 0.793428462543 5000.0
-5807.49245437 -11.6988559586 0.988392083066 3200.0
4640.86182592 -20.5862510059 0.997261964338 3800.0
3180.92691364 -18.3100314691 0.811349590339 7600.0
2800.92006704 -18.8660374477 0.837858813222 4800.0
-6012.40938124 -9.66445288059 1.07644344174 2200.0
-4124.08153913 -24.3501285998 0.98433276832 4600.0
1173.14921653 16.3969469574 0.843291257982 5000.0
-1742.40666132 -5.46650547253 0.777364049145 4800.0
-4331.02066951 -22.8168614228 0.923881026164 4800.0
-1464.19683358 -5.7119718353 0.82616159205 5000.0
-2196.01868332 -17.6212773182 0.88566389008 5000.0
-1761.12056297 -15.1834515112 1.01033550722 4600.0
-4342.85214184 -20.6329087665 0.965131163598 4600.0
-2564.90202579 14.3113621513 0.864584981873 4600.0
5331.76059726 17.5514555906 0.876486531539 5400.0
3463.70033023 5.40358109524 0.973072361091 4800.0
-3666.56511243 -20.7448341411 1.04921297519 4800.0
-3505.92969008 22.5984102445 0.985085773212 4800.0
2841.87070884 18.5857174178 0.928764850557 2600.0
-2259.71255965 -22.4654548867 0.852731130457 5000.0
-4199.68161355 -14.1739938918 1.10024130287 2200.0
-4151.79773919 -17.5061789281 1.08720544557 2200.0
-2142.06961766 24.133761735 0.894781947673 4800.0
-2987.45204555 15.3077878641 0.90369234987 5000.0
2583.57412722 -11.6631157183 0.803513127462 5200.0
6367.40406259 -9.89545250199 0.985541245637 4600.0
4138.36418911 -10.094343149 0.931816522176 5200.0
-4403.10081865 21.0786085498 1.01330330909 4800.0
-2123.86640252 8.79069853413 0.724760870353 4800.0
-1457.6279046 -15.6777868783 0.881728281379 4800.0
-2496.98171655 17.6282200162 0.936847728425 5000.0
4433.06200021 12.9720866729 0.919494525631 5400.0
-2853.67990837 -11.7854066135 0.918149138191 4600.0
89.2538328119 -31.8046008831 1.00881524142 2400.0
3423.67056329 -19.3759832242 1.00016777678 2000.0
-2205.45559372 21.1259946632 0.775372053499 7200.0
-4584.47238336 -20.3417689057 1.02026833551 2600.0
-5585.49476068 6.82536793529 1.18617519304 2600.0
-4240.60592007 8.74154635894 1.07549015678 4600.0
7075.29768181 -15.2531668215 0.988749465999 4800.0
-7652.34349738 -4.22661993593 1.05917150026 2000.0
-3170.54120973 17.5311537322 1.03464485471 4600.0
-4757.87431288 13.9919067584 1.19395537471 3200.0
4095.40603003 -26.1643709828 1.07208030453 2000.0
7967.79400211 -22.6744474529 0.935494897308 7400.0
3129.80646146 12.3944972479 0.967674132618 4800.0
5729.81084255 14.6058103911 0.942796556839 5400.0
1800.17508152 -17.8894971804 0.679825426921 5000.0
4471.59913238 9.75278727329 0.976675927707 2600.0
-1436.55889789 -6.30064459851 0.762345241835 4800.0
4636.54868191 15.1319255723 0.977024325225 4400.0
-5467.0540221 -20.6950398216 1.09755991034 2400.0
-5420.22527189 8.71427728081 1.10051565783 4800.0
3979.07011707 -7.10303774512 0.951420509476 4800.0
-2137.10973861 -16.5558938885 0.771712459798 4800.0
-3039.20703403 7.9339129356 0.911909891083 7200.0
-3108.74186148 24.2906357103 0.882465508782 4800.0
5612.34604242 -10.4882525558 0.909342303933 3200.0
3212.85033011 -4.8614247733 0.92760873069 5200.0
8302.84683524 -17.0912808596 0.926245456602 7400.0
-941.075427331 5.58966427553 0.712587743574 4800.0
-7210.04071379 -5.83443848562 1.335633059 2800.0
-3119.93862053 22.6134117214 0.944405628227 4800.0
-5314.0945966 14.3726191405 1.21759927175 2200.0
2187.23868288 -14.0915674664 0.942862200348 2200.0
-7124.98711907 -16.6300960076 1.01515135869 2000.0
3030.59250734 24.9812161177 0.846583423661 7600.0
-3445.87560175 10.7128123329 0.960394494607 4600.0
5207.98467067 17.7113626157 0.915371286221 5000.0
4249.91545101 -18.0696679839 0.911080752641 5000.0
-3270.44276426 8.31882946813 0.852874133928 4800.0
2506.71609174 -10.6048479296 0.888107871951 4800.0
789.340313473 16.2248321069 0.83189593641 4800.0
-4372.73644054 19.4766779071 1.06256607432 2000.0
-2728.68222004 -10.47517705 0.984082892015 4800.0
3782.84376839 25.1465954289 0.969696079869 4400.0
2646.23944808 -12.6041850686 0.723046614806 5000.0
1934.39205793 -7.31037388054 0.724127143417 5000.0
754.870111403 16.4980414812 0.795514871274 4800.0
-4207.31006268 -3.3052547726 1.11483265579 4400.0
-4876.47288269 22.274988934 1.04918885393 4600.0
2707.13968082 10.3404147855 0.939406875247 5000.0
4386.43455618 3.28375964945 0.9713801598 5200.0
-5342.85436626 -8.47151240053 1.05969750197 4000.0
2927.89787636 10.0925648386 0.757809817314 5200.0
843.745619667 -21.8520549438 0.96732757653 4800.0
-6314.6635427 -4.12985870678 1.0044028841 4600.0
-1383.11065191 28.5816053037 1.00873859544 4800.0
-4676.02219453 37.4499272327 1.02854660486 4600.0
-4210.09266296 26.1324599229 1.03181747376 4800.0
4561.27733866 18.7206568858 0.9682526836 5200.0
1759.23601791 22.1212621346 0.866091422528 4800.0
-2833.83075938 16.3093773801 0.908963854417 5000.0
-2340.88015365 -24.8180673361 0.77594586912 4600.0
-3778.49224363 21.611957772 0.991450866025 4600.0
-1600.44515949 7.97636514595 0.781275665927 5000.0
-3783.39043491 19.6655844896 1.02722782699 3400.0
-8208.93523737 -14.0487162006 0.981566420226 4800.0
-1368.37535943 -11.4708089378 0.860084762813 4800.0
4482.72746676 -14.3815259576 0.996966582184 2800.0
-1950.12500046 -25.5426760872 0.753414607572 4800.0
-7315.57823867 -23.2849577668 0.971392492691 4800.0
-1751.89579655 -14.1787174241 0.781712615563 4800.0
4443.51448182 -12.8944163379 0.968709862348 5200.0
-1638.46490822 15.7711822447 0.722464164313 4800.0
-4930.35121289 -12.1910342691 1.21298158468 2600.0
-2212.22545473 -32.678706349 0.743179871864 5000.0
10099.4119456 -7.19587140629 0.985164848978 2200.0
3449.18909762 13.9888156017 0.969318832527 4800.0
3793.56081773 5.6097042962 0.962022176617 4800.0
2973.97875348 7.90275491448 0.806544609936 5200.0
-5981.81487264 15.7271070692 1.00014165582 5000.0
2064.70144164 -15.1326191459 0.738795148978 5000.0
-5774.34071349 -11.3778065032 1.07482314544 2000.0
6426.39533765 -19.4053948637 1.00098692443 4800.0
4432.51120456 10.1160014236 0.888962735363 5200.0
-3692.71297756 30.7878024323 0.991357626905 4600.0
2544.55616331 -7.75967002354 0.934041308931 5200.0
-4118.15305752 7.52199330191 0.936979740213 5200.0
6670.57686504 -28.6551023387 0.959572608786 3000.0
-3707.29483627 -16.4783956338 0.845665762714 4600.0
-3302.49034573 14.0743205619 1.16003438677 2400.0
2434.32364329 -12.7069905362 0.776636149349 5200.0
2509.0471067 22.1315494092 0.966949611812 4800.0
4601.0432267 10.4870085144 0.95203858536 2000.0
1352.5102638 -18.5878847053 1.00522991739 2200.0
-3419.77682856 21.5226145089 0.927756238219 5000.0
3043.8987848 -16.056161713 0.979908306881 4800.0
-695.678804268 16.0438227742 0.951813059412 4800.0
-4105.91800631 27.0611199273 1.03005599617 4600.0
-2845.98939436 15.1810507456 0.854823587771 7400.0
-1149.11648291 -10.9768829239 0.711095072758 4800.0
-3483.93055053 -16.8303184671 0.86939351356 4600.0
1488.70349522 21.5052545842 0.728403512369 5000.0
3016.60470163 -16.6127259573 0.916095353475 2200.0
1095.11127383 -20.8183502775 0.736019532717 4800.0
1789.4462391 9.61845452975 0.902114738239 7000.0
4442.82518509 -34.986854248 0.940939483151 5000.0
5191.17663498 -10.8135052517 0.967871681199 4600.0
1196.5255308 -26.3454304449 1.04942963182 2000.0
-2411.06550264 -18.4277194133 0.99632551178 4600.0
6804.17877319 -14.9313706114 0.955482192665 3200.0
3199.4326767 14.605419017 0.954111620914 5200.0
3131.46131113 -6.01477341343 0.974273814228 4800.0
7665.64531174 -15.2863294849 0.988119905768 4800.0
5301.15717171 -13.0583854743 0.968655997581 3000.0
-3775.04537835 27.8849855735 1.23058812007 4000.0
-4316.64198964 -5.48948770129 1.10989456593 2200.0
-6437.72533944 -6.89069966801 1.10009183311 5800.0
3921.37917468 -22.4317513201 0.887157834386 4800.0
2237.50618959 -7.87764862241 0.72794594216 5000.0
-2457.88479733 10.1874887054 0.964569087864 5000.0
3260.19564017 -15.4373116002 0.95030507889 5200.0
2790.90671049 3.83059683632 0.953078061867 5000.0
2343.09019773 20.6423242349 0.937130899581 4800.0
4690.31998017 -7.52945715782 0.968313994876 2800.0
-3722.51600582 -25.5842421315 1.08126422521 2600.0
-3316.6079536 30.3013909524 0.979955643094 4800.0
1767.61780848 12.8511696725 0.943285123025 5000.0
-2416.82571427 -25.8606338389 1.0448126147 3400.0
-4315.34481553 -36.41913263 1.17693575988 2000.0
-1087.19408523 -15.8929314368 0.781159174005 4800.0
1482.92706163 18.3353791296 0.729463561178 5000.0
6669.52869185 11.7108149564 0.99856267025 5000.0
6643.40209257 -8.26090053923 0.97226265933 4400.0
5196.98040887 -17.4824430565 0.997389721105 2000.0
-5016.54917798 15.8150283539 1.22121953934 2200.0
-802.912642706 17.060492442 0.778850909846 4800.0
-7397.03242807 -24.5333838133 0.983150252401 2000.0
-980.661017547 -13.1956827998 0.902468841185 4800.0
-1919.91158625 -5.83406618217 0.734913099433 4800.0
3633.23701051 -11.6016853125 0.942607819396 4800.0
1738.86690308 17.1008597766 0.999918677096 4800.0
2798.83327713 16.8369230572 0.834352970402 5200.0
-2721.8160538 -10.5540828143 0.776090393893 4800.0
2476.62636296 -25.2315508843 1.10276103193 5000.0
8343.54055141 18.6384882575 0.988463671277 2000.0
-5307.01486421 -17.2778294855 1.3193199264 3400.0
1161.31681707 7.05622755039 0.834271174791 5200.0
2062.38406027 30.0653050503 0.910916737871 5000.0
2840.56895924 15.9573033585 1.01364496348 2000.0
-3297.60903727 35.5422600755 0.998704232373 4800.0
1917.30428865 -16.4051063693 0.80959194543 5000.0
-4258.17805956 13.2337547554 1.1159168377 4000.0
-4224.10363445 -15.6127093303 0.998522486209 5000.0
-7231.22599333 -11.5901468911 1.03380085988 2000.0
3608.91147662 26.5526548165 0.958986733872 2400.0
-4202.93146983 24.3278634357 0.995377743739 2800.0
-3229.7726489 3.82598566417 0.837629677464 4800.0
-2259.65301396 -19.9471559896 0.771897422009 4800.0
3225.5921063 -11.3012988511 0.891870890217 5200.0
-6865.46700291 19.431175938 1.46074719641 6800.0
-3449.16329693 13.0279573185 0.977031880341 5000.0
5772.5554472 -13.5676640438 0.963665385766 4800.0
-6512.15638984 7.46538124054 1.03266127892 4800.0
-4873.80750334 -16.7386230327 1.02324922001 5000.0
-1396.61401729 -31.4024468847 1.06587784298 2200.0
-1452.47992821 -20.9434911547 0.742277488013 4800.0
-5183.901783 -16.6130090079 1.17221910048 2600.0
4892.10283242 9.19862483032 0.895153093621 5200.0
4734.2953313 17.6922676265 0.974969100939 4400.0
4046.6550578 -4.77782693373 0.90213173723 4800.0
4548.44763414 14.4744464751 0.888603622179 5200.0
5204.9632798 17.4562229896 0.903884875531 5200.0
7576.82805938 19.4182824416 0.944881979986 7000.0
4649.72865769 -7.30697087543 0.979832143529 4800.0
-5340.87068332 16.3948181588 0.983193817306 5000.0
4550.34313271 -16.4554246191 0.999433896258 2200.0
-5249.56788394 24.6524784968 1.03142112513 3600.0
-4747.40006397 -15.429392981 1.15933763627 2800.0
-3891.494806 14.590284822 0.996579300965 5000.0
5372.01679586 17.5529117436 0.912949114814 4800.0
-2605.36399451 15.0724015661 0.852577786115 4600.0
-3909.20808305 16.0422618864 1.12754772301 2400.0
-4592.72253288 -14.8420693198 1.14903934932 3000.0
967.968386055 -22.6987715788 0.752552021926 4800.0
3068.60997254 -20.1817066955 0.85005801744 5400.0
-4552.86718515 15.4950455707 1.01712968344 4800.0
-3400.32848793 -16.5108525795 1.1520639363 2800.0
-3056.96349441 -11.8257699744 0.842726148827 4600.0
-1772.19310818 8.63426850179 0.785246541093 5000.0
4972.12433398 -16.932031097 0.961881639953 5000.0
-4144.61932728 -25.3904224169 0.894631490939 4600.0
-2246.48108966 -29.9995135263 0.834982757064 5000.0
-1063.08447272 24.120934024 0.79389081944 4800.0
-2277.99113528 -28.6018903398 0.707996046564 5000.0
-3928.78850937 5.07450976747 1.1492695947 2600.0
3689.8915882 16.4721320583 0.864808700722 5200.0
3122.22291936 18.0095625107 0.95697082946 3800.0
-2389.50543566 20.9802525803 0.749711934007 4800.0
5137.3735943 8.06226359564 0.936576419986 5000.0
2246.00060062 22.4372735748 0.928437237481 4800.0
-2264.31048694 -5.62861595843 0.942734397069 4600.0
-1849.16355305 -11.3758464891 0.848497556323 4800.0
-2991.64031248 -26.0259477065 0.830931841867 4600.0
-1502.04927075 -16.3293290782 0.712183029925 4800.0
-3622.02481654 -8.52731896551 1.15117589342 2400.0
5672.22702863 4.04874965938 0.927615354889 5200.0
-5298.10637243 -18.8586580893 1.07402964255 2400.0
2872.53658684 25.195530038 1.00711986892 2200.0
4430.53331133 12.9676263213 0.942293403523 2200.0
5068.70050766 20.4918448282 0.92962890993 5400.0
-2098.81476984 -13.9855289537 0.988525652184 4600.0
4924.23787333 -23.0398265387 0.923927477061 5400.0
-6019.78851323 -7.95592450363 1.07011859321 5800.0
2861.39240211 -11.7149169976 0.813822729511 5200.0
-4471.02252529 17.4366595585 1.02216953887 3800.0
-1590.09339449 -18.0796471212 0.730357739117 5000.0
-2288.1556111 -25.7337569191 0.847453210322 5000.0
-1390.26609204 22.2702908225 1.137637521 4600.0
-5812.23662113 -18.0214720948 0.981728426748 3400.0
-1548.29374748 -10.211978582 0.899649585091 5000.0
-636.301570973 10.3575599851 0.74461571413 4800.0
-4100.57623189 -24.3615694553 0.99982526533 4600.0
3816.37871569 -12.0757561901 0.889813516284 5000.0
-2129.70945091 19.4205416413 0.842766399566 4800.0
4417.81622186 10.3632361572 0.968966151817 5000.0
3458.37603383 -18.5566712279 0.966829664563 5000.0
730.303335171 12.4128377222 0.814921020628 4800.0
5645.7233166 -7.66659273839 0.858985077449 5200.0
1789.88181162 -11.247782949 0.8726247922 5000.0
7261.32256905 -6.83302186467 0.985540987096 5000.0
-4395.45791438 28.1790438575 0.957587301106 4600.0
-4342.68071992 -12.7977566683 1.12906502899 2800.0
2431.85274915 17.7441665638 0.939056761037 4800.0
3807.99097465 20.6127177635 0.936027007641 2000.0
3528.97994202 11.5812326086 0.981661651255 5200.0
7617.52351432 33.2124746126 0.960661026983 3600.0
1767.58435235 13.9866505969 0.71787254214 5000.0
2949.38299652 14.8971487249 0.97757068094 5200.0
5001.8492324 -5.32760367573 0.962668655558 4600.0
-2392.57834411 -15.8430086424 1.05271596936 2000.0
-6562.28120419 -14.5624844077 1.52051638137 3800.0
3522.67492542 16.155710612 0.974449288303 4200.0
2284.20343809 13.333639595 0.795402922274 5000.0
1254.6767529 13.3064902797 0.720045520019 5000.0
3143.22617066 24.0196032282 0.91510090452 2200.0
-3980.36386561 -3.18736232264 1.13023893863 2800.0
825.877302133 -6.78021728719 0.750068558259 5000.0
4741.26595371 7.85150871448 0.915007591664 5400.0
1502.57841493 -12.7881536582 0.85625097902 5000.0
-1191.9973708 6.41980728817 0.832471642607 5000.0
6041.83566295 9.54831470207 0.943905498742 5400.0
1721.70731531 14.8046024295 0.791081963268 4800.0
-1278.56872282 -31.5860406767 0.75877296116 5000.0
-7119.10141497 -11.4409924712 0.999121113506 4800.0
4455.75292922 8.45437115475 0.938545240435 2200.0
4253.1718976 -17.4787070241 0.886963579104 7600.0
3042.42179799 12.9917769532 0.964693453347 4800.0
-2502.67210652 15.7571391545 1.02647465094 4600.0
1197.23039125 -12.6483466489 0.751486324801 5000.0
4447.79398471 5.72611357939 0.899543208061 4800.0
6055.19245775 -3.54263360148 0.950208592803 4000.0
3112.34865915 13.8512106963 0.848079601316 5200.0
-2730.84857055 5.15187685433 0.859847462263 4600.0
4073.60443949 -25.984213035 1.00856345198 3000.0
6928.90530579 16.324987072 0.917981537068 6000.0
3305.98578316 10.0498503712 0.964758991324 5200.0
3184.87100594 8.02711281068 0.949498415506 3000.0
-2756.96195107 17.5706606496 0.856276705736 5000.0
-4884.97230895 9.68242241875 0.96374578676 4800.0
-4585.84477638 18.1418718914 1.09015958439 4000.0
1375.03726666 20.2551052617 0.780216609833 5200.0
645.750685714 6.61574102424 0.705902648078 4800.0
-8241.3930876 38.2855625142 1.08054361097 2000.0
3851.80916657 10.6742839575 0.855910024267 5200.0
2091.86355229 18.1461779232 0.795209482128 5000.0
-2759.62661471 -19.5016041036 0.794037677987 4600.0
1553.85526182 33.1758986154 0.979114242607 2000.0
-3078.03535521 15.795250731 0.851609887587 4600.0
1531.89470966 -20.4069689711 0.82077804567 5200.0
-4501.08257072 13.7307097698 1.21584859154 2400.0
2979.87258541 -9.84766508538 0.752135597652 5200.0
6596.39603275 32.6669474133 0.901623674457 5400.0
5063.19249167 -8.22582524752 0.934226867057 5200.0
-5994.4237825 19.2266133373 1.09961017895 2000.0
2406.94983941 -9.89772381973 0.81740043067 5200.0
5688.58542102 -25.2789610494 0.926114690896 4600.0
-2138.16771704 22.3895637836 0.767245712018 5000.0
2079.42884757 18.7105039376 0.969621811368 5200.0
5281.17794104 -18.2866307424 0.97327300573 4800.0
-4404.42152294 -28.3311823906 1.09061607202 2800.0
4311.47270851 -26.6884459846 0.966401880267 3800.0
6457.58153763 19.7424686343 0.991506681212 5000.0
-1406.22286757 -26.6484050775 0.782311756428 4800.0
5775.84314246 -18.2862325363 0.936481324287 4600.0
-4954.51503097 -7.32635181164 1.13540391185 4400.0
1320.04784297 -18.8228423572 0.7892495436 5000.0
-2431.61520473 -12.7496614078 0.986822964359 5000.0
-1302.13292683 -13.1554711458 0.84106027135 5000.0
-2729.53541457 6.9096047375 0.81739381927 5000.0
7554.46578371 -20.6431996101 0.943517997826 7400.0
3554.04624461 -12.4256039169 0.862407892743 5200.0
7496.50766562 -6.85863011744 0.936595844897 4400.0
5201.84113169 -9.73709173279 0.909219342283 3400.0
3626.24087725 12.6858959838 0.918584796978 7600.0
-1103.12646361 11.1023973209 0.839689788155 4800.0
-6338.50088316 -12.4182411719 0.975638391964 4800.0
-7422.7510312 -30.2947813345 1.20116969622 2000.0
738.906136247 -12.4538481495 0.802159719239 4800.0
5777.47020163 -10.2311058226 0.881876730633 5200.0
3522.75688619 10.1115792659 0.907323316144 5000.0
-1002.969153 6.68629942695 0.709425627558 4800.0
-4390.32828764 25.4808342521 1.25055667703 2000.0
5398.12504517 13.7744439161 0.891524655876 5600.0
3318.15368605 -11.6195780511 0.861957081357 4800.0
4653.32660748 19.2914792754 0.967653235031 5200.0
2069.45662724 -23.6157011455 1.24008132792 2200.0
3350.68808705 4.66403180054 0.959421940795 4800.0
4134.57651149 11.8622308973 0.891281580971 7000.0
-3429.66988115 9.79177468921 1.1390663894 2600.0
-4320.72717148 5.41045441953 1.17994368991 2600.0
6827.53784156 -9.60329341431 0.950626072219 4600.0
3166.72143481 11.7812350546 0.87937382899 5400.0
4029.72227843 18.8655755293 0.901491834134 5200.0
-749.924959808 24.8595931475 0.721194452557 4800.0
-2798.31145107 14.3440506297 0.830967750707 5000.0
4146.68447927 19.1533282671 0.985783228786 4400.0
1777.41786614 -19.4436804873 0.691477192695 5000.0
4090.10662264 -12.9480911635 0.986086222215 2000.0
4370.7188031 -13.9703952215 0.974778901454 5000.0
1199.78551781 -10.1508645278 0.931871519243 4800.0
-1734.10038749 11.1866362765 0.841726941574 4800.0
-4110.83902795 -32.2334809299 0.957871052751 7400.0
989.968476363 -12.9703942436 0.904206449948 4800.0
-3060.92191034 12.4703218543 0.825241765941 4600.0
-1371.29739613 -26.4634762853 0.734757923541 4800.0
1149.0135349 -26.9276824992 0.962996744613 2200.0
-2548.63385886 24.5089320792 0.943315889459 7200.0
1295.83682944 -6.99540124657 0.769930554374 5200.0
2168.82518862 24.1293029049 0.952476269349 4800.0
3428.09339357 -35.4337521847 0.957623181038 5400.0
-2805.86810732 -10.905819841 0.952023146792 5000.0
-2667.13228122 13.9629826514 0.846792290649 4800.0
-5307.67322317 -31.4389522501 1.10680623339 4200.0
-1981.51611537 -9.99081080977 0.710401530269 4800.0
1855.37751533 -15.7426885395 0.785147527415 7000.0
2145.77130683 -20.1805480335 0.777948402891 4800.0
-4480.24447247 19.2767636369 1.09500304623 2400.0
-1022.06511876 12.6414689796 0.725305566017 4800.0
-7305.81262941 -15.5364805473 1.05716333274 5200.0
-1852.24687765 -27.9052437443 0.718716199693 5000.0
3361.86542229 -4.45821944551 0.89368336841 5400.0
-4051.41535865 -14.1245668044 1.26794338228 3000.0
3640.85169959 -12.2062598976 0.8868768076 5200.0
7953.23876658 17.4591944055 0.999823450422 4800.0
-4806.02156726 17.5970415231 0.991899856642 4600.0
-4919.10723643 18.6009496483 1.0575255831 4800.0
-5579.73989898 -23.0536067335 1.40384002087 2800.0
3390.17300754 -16.2373234062 0.857733749571 5000.0
-2518.96463905 6.86705012795 0.789702144473 4600.0
-1052.28799537 -18.2025942182 0.741752829303 4800.0
2962.407435 -20.914455722 0.849674002176 7600.0
1797.32290288 -15.9601986651 0.951548016693 4800.0
1603.18744786 11.4125279494 0.736320180558 4800.0
-429.210103584 -22.2899951973 0.716126447857 4800.0
-4633.84177306 12.5164545518 0.980928007247 4600.0
-4018.15381642 -12.087472493 0.976042624433 2400.0
-2728.52841875 14.027143335 0.790483911511 4800.0
-1752.28050713 8.72966250306 0.716017267322 5000.0
2587.92703051 10.7944294906 0.912010980715 5200.0
4506.62076772 11.7474798708 0.956356846518 5000.0
-1691.95441825 -10.0412775849 0.846417678096 5000.0
-1356.75283026 -10.6937796594 0.721339431938 4800.0
-1167.41566082 13.4398397374 0.795708418448 4800.0
-5363.12270329 11.4475787046 1.0539618763 4000.0
-2809.06421594 -14.5246143901 0.816860388069 5000.0
-4705.28922177 -13.1761833254 1.05012932268 2400.0
1347.11099503 -13.5724258582 0.865043518457 4800.0
-7643.34849489 -6.53105022902 1.07166037965 4800.0
-2710.08476674 9.43445543884 0.943954406751 5000.0
-2047.84669859 20.9565376062 0.808201626308 5000.0
-2001.79479071 -17.344754315 0.761603378148 5000.0
-3472.57912087 21.2927686266 0.854717165439 4600.0
-7838.67664638 19.5875296676 0.990467802333 4600.0
-454.547596845 4.83453756 0.777235227434 5000.0
-2840.67192912 18.8623653345 0.885195045489 7400.0
-4520.1856106 -15.2691221548 0.993569619888 3000.0
-3793.02217659 10.9923345311 1.04986630369 4800.0
2635.67390495 23.6092570451 0.867942314591 5000.0
-4248.06526016 11.0243515366 0.948074111634 4600.0
-2769.73953104 23.9902764154 0.840675646714 4800.0
-2213.60031313 -9.51659009439 0.79569550552 4600.0
1111.20751979 26.0372187623 0.95460635799 4800.0
-5060.94223713 -12.3885211322 1.06901840247 4800.0
-2432.3698715 -16.0113074275 0.726099451728 5000.0
-2271.08793457 5.63212563295 0.825039987195 5200.0
964.68165466 -12.1803337113 0.758421017539 5200.0
2860.95527962 -22.0292542273 0.99947049235 2000.0
-3119.99329369 16.1692946403 0.981369723018 4600.0
-3244.47914277 -14.2006607773 0.970477061117 4600.0
6298.02661319 15.4504098681 1.00154566375 2400.0
-7549.48051534 -17.5022173178 1.18067233075 2800.0
-4410.2537526 7.29181328751 0.965375264494 4600.0
5125.94500175 33.5420778275 1.00865229111 2000.0
1208.18586986 -31.1332888038 0.867815817453 5000.0
-3192.9509482 26.4185701524 1.13328391832 2600.0
-2691.58477318 17.1553702236 0.784569716508 4800.0
3549.5720257 16.1949581876 0.974515119314 4800.0
3306.16968222 10.1113613616 0.961922951179 4800.0
-2367.29828613 5.23633642137 0.754151058817 4800.0
-2393.14230976 -19.2483819551 0.783068752401 5000.0
1618.16423634 -15.02915965 0.898804149744 4800.0
-1085.07024193 3.51152758698 0.863147063149 5200.0
2386.96698994 -18.6371340766 0.88044710217 5200.0
4207.23365065 23.0141521155 0.959473412 4800.0
-8207.82539553 -13.2807403009 0.974452939729 4800.0
4740.3396228 -17.4846477395 0.928797782539 5400.0
2505.88190969 12.9125735394 0.764238353292 5200.0
-3366.97461191 13.5194638506 1.27773280078 2400.0
1301.76107931 17.2348881274 0.83452628955 4800.0
-4431.24074991 -11.3271634058 1.09001491874 4000.0
3744.23318618 14.5986740436 0.901447037146 7400.0
3527.26006876 -13.8972545974 0.818125201644 5000.0
5556.14370412 16.4378665414 0.968987773702 4800.0
3843.37818399 -8.88519508565 0.873951400959 5000.0
-3111.15479936 -23.9870564272 0.867073900285 4600.0
6388.48130146 8.04168823819 0.98316663352 4600.0
-2505.45014606 -20.7035523041 0.857819837127 4600.0
3759.76287206 -25.1343443466 1.06081751463 2000.0
5105.65892408 16.0530185766 0.914607001934 5200.0
1611.36253866 -12.6741557778 0.8312993351 7600.0
3224.73023982 10.4583212175 0.868958600976 5000.0
3095.85088195 -10.8788369936 0.931961670053 5000.0
-4687.23695105 27.0757905501 1.02477745404 4000.0
-2910.71340454 18.5214426952 0.960838399553 4800.0
5350.22306125 10.3349006489 0.923143511987 5400.0
4459.44862803 -31.2902157236 0.905159798521 5200.0
3877.89135895 -28.861967588 0.919222630254 4800.0
628.919322143 9.35342524663 0.766692772684 4800.0
-2482.90608234 14.6124418521 0.960514193289 4800.0
-5669.87831791 9.33844225637 0.99787010297 3200.0
-2618.45151919 4.49768425623 0.816968471784 4800.0
-2617.76910869 18.5163332544 0.93796675513 4800.0
4557.33969242 -7.00059967382 0.962219270855 4800.0
2192.53552776 -13.0835093289 0.726754328313 5000.0
-5786.45141077 -18.0006440592 1.19572309884 2400.0
-1843.4723356 22.5243073859 0.85220513472 5000.0
7432.07138093 -13.0669290529 0.969439299093 5200.0
1566.29863882 10.6263077354 0.972241852595 4800.0
-3416.48946159 4.309468229 0.955143526911 4600.0
1875.81408134 -24.8769876367 1.02485518958 2000.0
2115.24459762 19.7848698217 0.807851407608 7600.0
4131.48950588 9.05970646951 0.9755824168 4800.0
-4044.97171829 -12.5972995324 1.00428455906 3000.0
4080.88032523 -13.9164549546 0.988518708948 4400.0
-3435.15445737 18.0405482342 1.07246170248 4200.0
1379.4865966 18.1576164772 0.916296006949 5000.0
-3385.47890176 -13.4367277105 0.949754983925 5200.0
-3739.67950887 -11.6732504198 0.996850684052 4600.0
9833.80569645 19.7229522171 0.962241268637 2400.0
6077.76143091 -11.7261454356 0.950061642621 3000.0
2332.93086272 -33.9254363918 0.73059758616 4800.0
2471.54662675 -9.67581800473 0.730478944565 5200.0
-2001.05675066 -17.9080191699 0.855113028637 4800.0
-3962.31603276 10.590021999 0.977564766747 5000.0
-6737.50320733 -15.2104166507 1.00610808555 4800.0
-2804.87695423 20.6755207421 0.865970338895 5000.0
5174.99391741 20.222775773 0.890065441778 5200.0
3111.0056163 13.3416577332 0.97930627411 4800.0
2510.26965731 -35.8176276402 1.06942949715 2000.0
-3359.42449303 12.5443855635 1.20973313603 2600.0
2457.32279143 -8.6645243096 0.793119301544 4800.0
-7410.55480994 -12.1889227004 0.987841307649 2000.0
7393.44237399 26.2317201208 0.97200650642 3200.0
5464.94085948 -21.003950831 0.962062185478 5000.0
-4917.15146982 -15.3610486649 1.4740433108 2400.0
2011.12610423 14.4098198369 0.756549006918 5000.0
4198.56008959 -19.7839942235 0.908960492029 7800.0
5120.70840864 23.0913803117 0.903982221938 5600.0
2361.14019879 7.07811425849 0.765306489841 5200.0
-3906.90587696 -27.9154687618 0.981155217444 4600.0
-2565.31509718 -9.32459325357 0.884298676651 4600.0
1782.57078092 24.1780864417 1.1193598661 4800.0
-2370.74221181 -17.6863160429 0.822432664829 5000.0
4036.73184485 -14.5281504187 0.922820610362 4400.0
-1305.60429267 -24.7593318052 0.90370896481 5000.0
-1683.15217762 -16.5660048005 0.810393100093 5000.0
-1153.20978401 -26.9478948477 1.03922587452 4800.0
-4338.46706636 16.0010106033 1.03718573554 4600.0
1741.25794353 13.0163281544 0.897637083488 4800.0
4321.09893709 12.9033606474 0.911397352188 4800.0
-4201.23009138 13.6429443035 1.01548063722 3400.0
3807.6457955 7.28010310496 0.910690667169 5200.0
-6104.15586025 9.16001500784 0.993295362016 4600.0
-6025.96803313 30.5510865305 1.20676320546 7000.0
-5835.91670137 18.6063117644 1.03811350504 2000.0
2194.98975087 28.0264088764 1.01313361664 2000.0
3688.42734432 16.5631177955 0.852773582686 7800.0
2071.86998175 8.02952281926 0.749390934238 5000.0
-5171.58953058 -25.6387635662 1.13824203429 2400.0
3031.55628034 4.59294160756 0.823459562588 5200.0
3328.75723716 18.6377446527 0.857445156194 5400.0
-5167.57460613 -15.3629312752 0.977683971886 4600.0
-6213.12561658 -13.5940274437 0.982070002517 2000.0
-4317.70815571 -10.111467312 0.976178226802 4600.0
-3599.63931046 5.70785761768 1.17744182364 2400.0
4359.51874797 -3.86227717716 0.969035474617 4400.0
3641.24484645 -10.8860025905 0.939070567023 5200.0
-7866.67427542 -15.1902099011 1.4406178378 2600.0
-5017.38180222 5.75906213981 1.10434064809 2000.0
6079.35618161 -23.3380699924 0.988974873653 5200.0
1322.324692 -4.19895967226 0.738672218481 5000.0
3116.37866162 -36.8782945066 0.994872483465 5000.0
1088.15231384 24.2480304321 0.768631092938 5000.0
3236.60061414 -16.141654358 0.881185694382 5000.0
-1641.63155632 10.3252545174 0.768703518617 4800.0
1617.66088704 -21.9272354062 0.806396395841 7000.0
-4381.82988579 6.96803991097 0.968188054316 4600.0
1701.22914562 23.400945549 0.937142096196 4800.0
-6308.3293062 10.0197834141 1.10537124108 2200.0
7060.0855981 12.940000474 0.98235482559 2600.0
-2556.41793729 -8.44413717848 0.810567447417 4600.0
-5476.99850175 -6.97543006467 1.26987000985 2400.0
-2392.63915107 9.12632509762 0.91359626341 4800.0
1897.50812743 26.3244898826 0.984323785537 4800.0
2078.2647844 27.5178181521 0.94476162946 5000.0
-5397.07617446 -20.945341668 1.25262655627 2600.0
-2653.44897304 -7.80040349508 0.89564931388 5000.0
3814.18049557 21.6131555809 0.963069470967 5200.0
4861.34320882 6.67424887019 0.979046264581 4800.0
-1201.83696185 -4.8221138318 0.735030463302 4800.0
4799.25333218 6.98214623508 0.93982776855 2000.0
3577.76260233 -10.3951901587 0.958269482494 4400.0
-1422.78221442 -25.498259094 1.31841168843 2000.0
3752.85598153 -11.4693967239 0.986606812092 4800.0
-1386.47001252 12.6101715852 0.703085602995 4800.0
-8026.86430691 11.7412306787 1.32802780193 2400.0
678.820914136 -8.42189842041 0.841882524515 5200.0
-3432.0150184 -14.607317475 1.01796780651 4600.0
2626.62728617 -15.7926657008 0.971730669867 2000.0
6315.05606839 23.3731295425 0.849573510873 5200.0
-320.668942998 -6.60331891043 0.79329363143 4800.0
-3976.61182094 -3.38023466124 1.11438451177 4200.0
4684.95224894 14.0102626592 0.954619991669 2200.0
7619.26457871 -14.630854337 0.977235859948 5000.0
4634.10353856 7.66976070516 0.918463608267 4400.0
-1427.61661312 24.8696532504 1.00166607565 4800.0
-1657.13296377 -19.8400931661 0.848954321119 5000.0
-1488.05318481 -10.3383981626 0.769671149406 4800.0
1174.26000189 18.3980806276 0.89916356042 5000.0
827.808915777 -7.2638324296 0.787348028808 4800.0
4370.7930479 -3.9491854254 0.956647606135 5000.0
970.055982556 25.2020477517 0.852794492751 5200.0
5061.87290675 20.990343973 0.928701244699 2000.0
2343.80114411 14.0883478341 0.943770954987 5200.0
-2782.39169087 11.7816073185 0.86850141973 4800.0
2030.59917595 14.4921569388 0.976617944927 5200.0
7827.77497789 23.9116096476 0.921763234695 7200.0
3063.86459194 6.80626189375 0.884246674981 5200.0
2980.59852681 17.8480556289 0.783698740396 5200.0
1778.31419716 -24.391200917 0.903386764782 4800.0
5743.06514845 28.6337643526 0.933655988817 3800.0
-1102.20729214 -14.6656640513 0.822581721228 4800.0
-2349.0393345 -32.9007426773 0.806667310414 4800.0
-4217.30585906 31.0690551451 0.971479543491 4600.0
-4374.06926091 -19.8689583638 1.01423586303 3000.0
2087.28566823 7.41301897815 0.771388117892 4800.0
1853.89268269 7.08678025959 0.95311970277 5200.0
4526.77620977 -5.48267790471 0.90087138258 5000.0
-1818.01380502 -15.5936396262 0.740925572735 5000.0
1298.02588536 42.2988674609 0.951899940841 5000.0
-3790.21766171 19.3779779393 0.939089874298 4800.0
-1077.83760419 22.1283923316 1.06713252585 4800.0
-4567.52515603 16.1038478477 1.07003887488 3600.0
2298.4311381 13.635217097 0.820537761371 5000.0
-4244.15538953 19.3791279029 1.10314953305 2200.0
-1405.58735029 21.3749635858 0.830720956474 7800.0
-4936.1174118 18.9105209897 1.00894313277 4000.0
4311.50944413 16.9275481162 0.908851313403 7200.0
2612.01014955 -17.9124166454 0.876934893735 5200.0
-2011.0207001 20.0592849682 0.777770994094 5000.0
-1090.67891704 -29.4788992556 1.40349098047 2400.0
-7467.78581949 18.28061312 1.05470677288 5000.0
2198.78273255 24.9405818472 0.968624068655 2400.0
6492.30747325 -11.5596718184 0.978970052219 2400.0
-9808.17790972 10.450437399 1.75039452363 2400.0
3356.08821192 17.8673967512 0.850450440426 4800.0
2384.76243059 -22.669417198 1.11696768352 5600.0
-3011.31728543 16.0982297174 0.816220932303 4800.0
-5826.15694704 -13.6212733804 0.98758597726 5200.0
340.260787089 12.8732540336 0.721351263446 4800.0
-7380.06837854 -19.760528177 1.1039590589 2000.0
-6039.52232852 -11.2632020482 1.30504257647 2600.0
-3087.87531802 -13.3607706205 0.844839469796 4600.0
3645.87065171 28.770833565 1.01096697546 2600.0
-2502.26283123 -28.1727522122 0.856378065919 4600.0
6384.86724338 -12.2372981831 0.997222028372 4600.0
-521.646998109 11.328193588 0.803370543822 4800.0
-5800.39819653 10.1226168138 1.11431525422 6200.0
2148.68690449 13.0971645427 0.935531160797 7000.0
8248.53330435 -16.8363066663 0.966187982107 2000.0
-5043.91583061 19.2719312809 1.17351671765 2400.0
-3204.57041575 24.3066159138 1.14074233 4600.0
4693.1060461 -15.5968453687 0.945473136907 5200.0
4634.59510896 8.72920840511 0.951515669469 4800.0
-1608.79909379 -20.1127822146 1.1014034336 2600.0
6975.79786714 14.9743968121 0.990371119406 2000.0
5724.98350572 -16.9966762091 0.923287331725 5600.0
-2104.25985187 11.70007843 0.813092443565 5000.0
2634.6748572 -20.2928841797 0.759675220053 5400.0
2240.68125373 12.1865956602 0.783724225899 5200.0
1877.88874689 26.2908885181 1.00898469235 2000.0
-3129.37459804 23.0703489187 0.969769025183 4800.0
5530.14060129 16.3414177989 0.928156089807 5400.0
-4353.36330088 9.00594631656 1.07533125712 3200.0
-3855.91160134 -14.974658987 0.946327161603 4600.0
-667.968861673 4.17368683946 0.806652099343 5200.0
-2800.497474 -11.818301161 0.817311639182 4800.0
-3745.2394403 18.9076655277 1.09997786808 4800.0
-400.364647771 -13.7615011443 0.766917997068 4800.0
3702.94282686 -9.08953166254 0.906184578656 4800.0
2688.91043379 -7.74461277382 0.956395263851 5000.0
-2093.29523332 12.1125712202 0.857492066496 4800.0
-4162.7423686 -13.8403861436 0.982161261185 5000.0
-4566.9159171 -11.6447948305 1.33800897971 2800.0
-1921.21601311 -8.57953368461 0.772997470057 5000.0
6943.59933372 9.09510277514 0.965726177154 4800.0
-4793.62960502 5.98217024223 0.979046535897 5000.0
-4202.86354748 10.4400670807 1.22958935233 2600.0
-6545.0769712 -8.2226183513 0.961142920902 4800.0
-2111.53505031 6.45917919461 0.801905737141 5000.0
-1901.76320269 -19.3856175998 0.727416153334 4800.0
-2001.54115056 11.1393802163 0.787263190247 4600.0
3878.97679524 17.65169157 0.991822250439 5000.0
5531.74040124 15.1965729683 0.974521693914 5000.0
2633.92327391 10.2419815844 0.933426234463 5000.0
4965.2446288 18.2302650009 0.984815168685 4400.0
8177.79345189 -22.2823747505 0.968935444069 6600.0
-7004.65667757 -14.5428076929 1.22614280706 2000.0
-3358.8821669 17.4899589339 0.813279878498 4800.0
-6827.6970836 9.17064537428 0.969290242986 4800.0
4527.23886477 -14.5443554126 0.967766065444 5000.0
-1399.20994881 -19.7684114309 0.960748996006 5000.0
-7273.61985004 -22.1722343732 1.66862467029 4000.0
3077.87039642 -15.0251910255 0.808904456183 5000.0
6744.53297783 -20.7181324715 0.999204968258 4800.0
3465.38827064 -31.3790717669 0.890828776716 5200.0
-4875.5182955 22.2260361156 1.13778518716 3000.0
-2861.8032256 8.76015922081 0.935233752166 5000.0
3526.53318876 27.5547312304 0.959725877391 4400.0
7947.78872813 -15.3180787632 0.916134083135 6200.0
1349.30249781 27.3194785203 0.977928491212 5000.0
-3787.78698361 11.4635483422 1.13292799134 2400.0
-4220.87797153 -17.8712967891 1.00294705164 2400.0
-3583.24066304 -6.25594324147 0.947455550711 5000.0
5519.94546919 24.2419979662 0.911340628456 5600.0
-4417.10865104 -11.061393162 1.16029997104 2600.0
-2557.85583721 -25.4703346626 0.815666107993 4800.0
-2915.11007468 -13.2303943103 1.04239668452 4600.0
1091.80985941 -26.6990736105 0.720019717682 4800.0
2493.40425583 29.0046818448 0.928421544127 3000.0
-6948.03254697 -14.3571341061 0.980926357803 4800.0
4442.85127117 -25.2592171686 0.945722378751 5000.0
-7130.44558485 25.5672698998 1.01474419785 2000.0
9592.17538719 9.73592303304 0.926017507525 7400.0
-6775.22839806 -14.7051945544 1.02305795487 2000.0
3438.94819516 15.7453984828 0.918883924591 5000.0
2950.19121219 23.3423117541 0.885256839343 5200.0
-6108.18130643 22.3525755394 1.05157811086 4600.0
2058.6432113 19.8062561682 0.790403221913 5200.0
1392.19020658 -14.255049385 0.690214382887 5000.0
-5797.74173837 24.6274301482 1.07492766635 3000.0
3045.52170708 -5.09021334159 0.809935853589 4800.0
5352.25126431 -18.7483928731 0.869810694203 7600.0
-5491.32394437 -10.5650064262 0.987815251701 5000.0
1688.78258388 -11.0286556367 0.720602056799 5000.0
-4524.78970392 3.39418365898 1.13095225099 3200.0
-1863.43482684 7.24999254861 0.817588173605 4800.0
2962.29722462 15.887045738 0.987473338247 4600.0
-3115.68670768 -18.3511836345 1.03768683962 4600.0
5083.71654354 -14.3316637883 0.915139169649 5200.0
-2651.59265133 7.8273283575 0.816671402412 4800.0
-5238.24718004 8.50494852036 1.12011370218 2200.0
-2481.20458714 18.3318573931 0.74836490903 4800.0
2437.71072905 -14.8216131002 0.953802426464 4800.0
3794.39392795 -9.33795102422 0.964706733577 4800.0
3475.95480796 -9.34894899892 0.916587236955 2400.0
-3982.00829935 4.04231646641 1.09920792871 4000.0
-2001.6282323 7.08510322494 0.795064623246 5000.0
3265.25168576 23.0071314549 0.881961239531 5400.0
-2400.5999301 28.1181688745 0.890007676015 4600.0
1220.42017389 14.3534092257 0.780962597629 5000.0
7276.44581873 -8.90065521959 0.976161013244 4800.0
-2981.14796547 -14.4908412844 0.789386767373 5000.0
6228.32985613 -13.035910188 0.985787932352 4800.0
-584.36634203 15.6958365285 0.748219456275 4800.0
5028.87017142 -11.5969558029 0.975378657539 4800.0
-2834.19314714 -18.5472404332 0.868228786087 4800.0
-2062.15806857 -10.9682578587 0.840409070345 5000.0
-5469.80887871 -25.0226952361 0.999373874451 2000.0
-1425.81336835 -16.6303089566 0.763335782055 5000.0
-1681.9202969 13.2265874536 0.842317512411 4800.0
838.8613566 -14.3239829112 0.745901584608 4800.0
-4723.20218853 -9.66142939544 1.06674168562 4600.0
4409.65811751 7.65476218219 0.873269283328 5200.0
2938.93459942 28.2832071597 1.09625848023 2000.0
-650.321121331 -9.28511155974 0.774172108563 5200.0
3001.2240024 -8.10523950931 0.909756263804 7400.0
3061.36194347 -12.6937596152 0.944745750146 4800.0
-7301.16136812 8.27476582554 0.997206820787 2000.0
-2568.6610349 -23.3148866086 0.791549631475 5000.0
-2570.9747912 33.4029631855 0.921404244231 5000.0
-2562.53260514 -16.471727204 0.912444815691 4600.0
-1633.25962549 -12.3699879633 0.904557376473 5000.0
-3314.03987683 15.1191066218 0.930442757273 4800.0
-4984.7704205 -15.3578829594 1.31377141705 2400.0
2949.50110334 6.76379427383 0.903936793555 5200.0
-3996.52706258 -13.96570213 1.07782358157 3400.0
2056.94263527 21.2398092228 0.810925028446 4800.0
3459.22658607 -8.99714336399 0.910310705945 7200.0
2319.69955593 -10.1417022062 0.845947705547 4800.0
3022.45639538 29.889790774 0.953564921618 5000.0
6767.81682428 23.4598470829 0.974784085154 4800.0
1271.24547361 -23.101526 0.937152123102 5000.0
3676.0281194 16.748572099 0.960938427483 4400.0
-4304.1220777 -11.5987145789 1.3710526936 2600.0
-2190.65500784 8.12431683636 0.817361736858 4800.0
-5346.79162503 9.06943901992 1.31818217431 2600.0
-6299.4618181 22.7000168238 0.990612846575 3000.0
-5507.757329 13.7839034596 1.07212927435 2000.0
1627.61778263 14.3472643787 0.781967827279 5000.0
-3568.29162446 13.1045701313 0.935858034327 4600.0
1708.91343489 16.0485526305 0.725815375118 5000.0
-4618.44991399 9.18244794586 1.18473707478 2200.0
-5905.03823303 -16.611456821 1.01951414956 2400.0
-2627.4724246 -9.57235007821 0.799449216273 4800.0
-2237.06152379 -10.9385711073 0.837967107664 5000.0
-1606.26394106 -14.9411202069 1.03655352924 4400.0
-2803.01413636 20.987296518 1.07413613602 4600.0
3379.62534032 12.3761679342 0.910664697074 7600.0
3998.45044146 -18.7862145952 0.99166172886 4800.0
-2957.64514602 -7.32452466819 0.875010682746 4600.0
5756.91221822 17.5631295596 0.907063502579 5000.0
4156.9151042 -16.8749676104 0.906240712369 5200.0
-5213.05610231 -20.4820628037 1.03490959497 2600.0
4548.64970029 20.7580749057 0.973440040807 2200.0
-6859.21805729 -20.4739260893 0.968663661762 5000.0
1379.94082133 25.6590498741 0.98127947989 4800.0
3037.68833551 36.8248600716 1.17232314195 2200.0
-6752.69508577 -8.58039132884 1.01103284703 5000.0
-3699.3679848 22.7449481416 0.84544192596 5000.0
3034.6184551 -15.5527823452 0.937522547893 5000.0
-3167.44697235 10.8665361717 1.00271335504 4600.0
-3079.2712887 -25.5498018621 0.77446634515 4600.0
-5734.73212016 -24.605073268 1.56630370769 3400.0
4705.22729032 -16.5488244984 0.956280786893 4800.0
1894.19760486 -10.2587506013 0.793147623892 5000.0
-4671.55666469 10.6423440311 1.04254195234 2000.0
-4269.96250377 17.6876949464 0.974371514582 5000.0
-256.301153063 -33.0555674337 0.757259398208 4800.0
-621.825395553 8.17651269758 0.730421496233 4800.0
-3603.06918322 18.4635723333 1.07743582868 2200.0
247.710577509 10.323955055 0.791201286814 4800.0
5180.13506698 -22.0370105673 0.926762784481 4800.0
3040.94168143 14.1415938963 0.837835091767 5200.0
-7998.96891125 11.0077906269 1.01465131497 4800.0
7791.4109285 32.0873424765 0.992311561231 5200.0
-5429.7451383 -11.0427788937 0.981125074288 2000.0
-6094.32452248 14.3445009273 1.2872048684 2600.0
-5656.65105713 -19.3079470528 0.976112071412 2000.0
-3819.70194457 20.2510266752 0.974679202327 4800.0
-6934.89502385 -22.5834935956 0.986194588502 5200.0
-1818.11984859 10.0855654213 0.841444331969 5200.0
3120.48484066 15.3681862245 0.896309398084 5200.0
-898.157484323 -10.2545609465 0.778082449297 4800.0
3419.12666136 13.1507536748 0.923906774678 5200.0
4040.18513022 -19.8175075046 0.988736657295 4400.0
9736.224538 26.5776149288 0.944141927346 3200.0
-1956.58866788 -9.58514201464 0.945934295775 5000.0
-169.764575926 8.54457672564 0.736322852888 4800.0
-1007.02790856 15.1047114874 0.784772403201 7200.0
4925.00842351 4.17009473944 0.976418996522 4600.0
-6024.26698298 16.7594789332 1.13474363625 2400.0
5539.7962021 -7.45496638811 0.963790231533 4800.0
-3215.56785824 -24.361383116 0.85631289461 4600.0
4106.5186255 -19.6111435404 0.933308258112 5200.0
-2820.87488374 -17.3013382573 0.976787414767 4600.0
-533.047300326 -16.6240734491 0.729412244488 4800.0
4347.27098382 26.3882000611 0.931881229498 4800.0
839.770851487 -22.3918696211 0.748113482661 4800.0
-1067.61853379 -21.8762836134 1.16151713396 2000.0
-3084.33876956 4.01759185788 1.09889562924 5000.0
8788.31665466 -13.6089171284 0.925366661069 7800.0
1748.89374386 -15.0803376736 0.741177533455 5000.0
3492.60063696 12.641513685 0.939169376938 4400.0
6151.41318709 -7.23774619266 0.980543124424 4800.0
-1761.53012505 -10.7416423966 0.808895817558 7200.0
-6894.49379245 -7.381658692 1.14485038663 2200.0
-4813.91188013 6.86105779027 1.15300664361 2600.0
1887.39343892 -21.1304032015 0.733016473117 5000.0
-2838.0746276 24.3015200175 0.954142017068 4800.0
-2780.34480324 10.3062666668 0.817036452322 5000.0
-4509.89986182 14.7724653264 0.984290129953 4800.0
5788.38090872 25.2949687391 0.936548675832 6000.0
5844.279613 -8.18184634381 0.959653590081 4800.0
4479.57071995 17.4154929441 0.909226730374 4800.0
3684.28453829 14.1976476003 0.99042753128 5200.0
3299.81685861 16.2364462925 0.930888052844 5200.0
2943.9349417 13.0540383513 0.893388059699 2600.0
7319.77485711 -11.3123694767 0.983316156944 2400.0
1386.42108673 -16.7909442211 0.883490386602 4800.0
-705.159360735 16.3520328652 0.77353900684 4800.0
5485.16192633 27.0639630575 0.984532570912 4800.0
1042.32334872 27.3654833682 0.79067718357 5200.0
4445.50348011 -13.2741148621 0.992618704549 4800.0
-4717.90831252 15.7334223761 1.25266109648 2600.0
-1503.23027086 -7.90527757341 0.843755666219 5000.0
-7009.84992428 6.83674031229 1.03342614565 2000.0
-2348.86717488 -23.0187215157 0.792595305368 5000.0
3098.90847097 3.47162499412 0.866769768229 5000.0
-3396.73951455 -11.4205155931 0.98687042885 4600.0
849.208562296 -11.1326556547 0.80021121012 5200.0
-4462.18336939 4.12986464007 1.04305119808 2000.0
-1863.47016758 -22.9566984063 0.801316767267 4800.0
6686.00314982 13.4750361697 0.961241617376 5200.0
2242.58746777 6.18836405793 0.711342603978 5000.0
3877.70548277 7.69469071046 0.914402477145 5200.0
2540.83908152 14.049243125 0.980342068347 4600.0
-3629.24912282 11.6220255851 1.13521398804 2400.0
-6129.18639901 -35.3743258943 0.98160125721 7200.0
-1067.87665338 -15.0956535783 0.990687891359 4800.0
-2435.9745417 -22.8824794064 0.786446110902 4600.0
4876.28430569 17.0450368357 1.00892386887 3400.0
4038.95327143 14.6303073338 0.993958784626 2800.0
864.252927248 16.3510961704 0.740105111781 5000.0
