9063.37078 -7.65841402946 0.938594537011 2400.0
-4630.36842931 -4.36495727922 1.0608248231 2600.0
2477.00475141 17.4577117964 0.830565295189 4600.0
3362.43798617 16.8758577112 0.999211134095 2600.0
-2765.42508005 -9.72236215316 0.850036936391 4400.0
2032.76608251 -11.844038353 0.723978695378 4600.0
5293.30637569 -11.5467528031 0.985069194742 4600.0
5295.34222122 20.320357393 0.899660388111 6000.0
5318.08250815 -13.2975820052 0.921265986002 4200.0
-4210.03554073 5.23392105608 0.98718396755 2800.0
-6632.27833496 -8.34092651551 1.01835049932 2000.0
-1630.79514925 -16.2576229954 0.842337983193 4200.0
-3754.30707036 -16.7312048594 1.03777844995 2000.0
4354.86365461 13.0772643417 0.951742958983 3000.0
-5194.9897606 8.03263268135 1.08499895017 4600.0
-1442.40576488 15.452258854 0.745060681245 4400.0
10844.5367973 11.0393806226 0.99598654709 6400.0
-1137.46643271 7.39616623754 0.755325152154 4600.0
-10637.8397792 -13.9639889527 1.03153231952 2000.0
4521.54392681 -16.9214099394 0.921941648095 4600.0
-3006.62439696 4.89732066703 1.11336008076 2600.0
1387.86522015 -11.3097830329 0.705344304297 4600.0
6111.93839183 -2.63945549192 0.914687912846 5000.0
2624.76918257 15.2084020629 0.732314887742 4600.0
-5282.40871557 17.6385732847 1.07505281522 2000.0
4177.54091237 -10.0424645547 0.867531535681 4600.0
3160.92046165 24.3476273956 0.944164993092 2000.0
-5263.00944593 -18.9156538749 0.997109209566 2000.0
4546.23418992 -26.0167542001 0.916751668785 3400.0
-2546.76671697 -22.5968821707 1.2315519966 2600.0
3889.13880457 -7.44049732238 0.785692168026 4800.0
3720.88980984 15.0280056729 0.768497813876 4800.0
3253.37698144 15.8925609351 0.777534191702 4600.0
2476.33249645 -12.8277149632 0.786896449665 4600.0
-4380.13263538 30.5476127329 0.99772424407 2800.0
7326.54964992 -20.9290522209 0.937241902339 5000.0
3450.03778612 4.8535929356 0.769214700542 4600.0
2743.53887084 19.0989867591 0.788452849897 4800.0
-4727.54147978 -19.8996118301 1.01227135135 2600.0
-1142.44744148 -14.7940020724 0.821794847398 4600.0
-1295.68205403 -12.4779465606 0.743836539761 4400.0
3120.39210565 -18.7599690403 0.907203219974 4600.0
-3162.60193178 3.97112453434 0.860822185865 4600.0
-4055.67910984 -14.3295787092 1.0719068657 4600.0
6665.90716095 18.9464659557 0.992232293979 2200.0
2153.59646337 -7.85877018308 0.784438309826 4800.0
-4285.24642675 -15.5131161366 1.16337658928 2200.0
5289.83875433 18.2172584929 0.993110298183 2400.0
-5118.72057506 -16.7233673666 1.00828071709 2000.0
7594.28676077 30.0788330171 0.915350023147 5200.0
-2814.92811766 -18.5463640843 0.959106582548 4200.0
4508.16943647 24.3609575535 1.06041753514 3000.0
-3851.07329372 -24.9351353469 0.988612083121 4600.0
-1950.6854594 25.2531765983 0.943857965184 4200.0
-2316.56619521 13.4974671533 1.11951470804 2400.0
-3042.21230841 -17.8252735979 0.979215857179 4200.0
1719.33183011 -25.4669080853 0.836397112318 4600.0
3987.90457219 20.8211766608 0.768470339045 4800.0
-3343.85901889 -19.5904190458 1.06344216657 2600.0
-3944.41663894 -9.4025024419 0.848911193899 4600.0
2367.89024378 -18.7343202558 0.721047997984 4800.0
6503.65248821 -10.5914243147 0.984994101982 2200.0
-1517.67654575 17.7924591734 1.0188025544 4200.0
-5560.08592733 21.5335752825 0.997856511098 2400.0
1516.70586789 20.1266747583 0.745387906563 4600.0
3046.48549985 13.2312288699 0.894368251468 7400.0
2094.37853118 15.7121466681 0.800947036851 4600.0
6531.94171099 -17.7484991526 0.943856671859 2000.0
3218.74546165 -12.9434608313 0.752231749522 4600.0
6578.07734834 -7.1395545149 0.974344011292 4600.0
-1760.3830718 -15.5392039333 0.846152529923 4600.0
-2502.71652982 -9.65769927249 0.860624747775 4200.0
-5414.82204398 14.0008456934 1.03470219484 2400.0
-1492.68513137 -20.9485564697 1.22598088401 2800.0
4200.30213472 -24.0311876563 0.91844288757 5200.0
-3288.00370393 16.7054981166 1.09214033171 2400.0
3476.41842435 18.3987206328 0.935647736128 4600.0
-3994.86172925 26.2023491774 1.77374792645 2600.0
5896.0447864 29.2294252286 0.994272835622 2200.0
-5461.0101478 17.2977855311 0.999133013369 4400.0
-507.436709838 15.605589789 0.761497890012 4600.0
-2105.27690761 -35.7853284229 1.18873185618 2000.0
-3227.90774468 -14.2908863086 1.22462001637 2600.0
-6382.85663017 13.9530602902 1.01517523431 2000.0
2735.54712549 -45.412584911 0.783045426291 4800.0
-5674.68715007 -15.7245789095 1.0748163059 2400.0
4633.72463567 14.8914187767 0.816715209283 4800.0
8710.24002988 4.56418470614 0.998288992903 3000.0
-1129.2072208 -19.2936405638 0.827021261531 4200.0
1100.45953227 20.0878233582 0.732660776326 4600.0
-2740.40005421 -11.396736544 0.87068621294 4400.0
2077.37979584 12.6757426158 0.750783422395 4600.0
3606.46401618 14.4120421876 0.867839182134 4600.0
1781.56160473 19.3787565742 0.783472475045 4400.0
2091.10571919 8.44638145632 0.782085328612 4600.0
-4685.87798554 -18.6911526319 1.19068285506 2800.0
1067.60048658 6.46576666617 0.734596032336 4400.0
5574.23255305 -16.2254820481 0.919662811763 6200.0
-1839.51351974 -10.6700146338 0.731616214504 4600.0
-2241.79311776 -20.7959448143 1.26013728509 2600.0
3263.72767463 9.84049082756 0.774197833918 4800.0
8004.52171558 14.4707306744 0.958349069319 5000.0
1658.48104571 14.3288974567 0.779487165893 4600.0
-2754.74267296 -16.0840180293 1.05981261627 2600.0
-2506.62010862 -9.46020239958 0.910448955204 4200.0
4411.37571954 -23.0956040709 0.922355040006 6400.0
-3201.0886926 23.2889668807 1.05967859809 3800.0
4855.273847 13.2476882251 0.937535598364 2600.0
-4778.6422567 26.955694651 1.03430789581 3600.0
-4493.57642885 -25.5200254628 0.962624424239 4200.0
-1277.83982563 -25.7868516218 0.829726002484 4200.0
5365.16607765 -7.49019872387 0.934720342962 2000.0
3744.66778723 -13.8837664211 0.855029277036 4800.0
1810.05185784 -17.789426725 0.96139047145 4400.0
3481.39934201 -9.77387210573 0.882774347124 4800.0
3499.75981775 -14.0458059038 0.799577374427 4600.0
-1592.23556674 -26.8343403197 0.762397261056 4600.0
5815.45998301 -28.8595386745 0.905976894421 4600.0
2560.04400727 -28.9201190728 0.827254974278 4400.0
-3908.99055608 10.6761688941 1.30205339353 2600.0
-6023.90851262 10.5859613528 0.997631753665 2400.0
-760.44094885 20.4206794882 0.791414975415 4400.0
2650.5054614 14.6896610001 0.861659907416 4800.0
-2928.20201702 25.0434590432 1.06512077439 2600.0
-2063.53185921 27.680223761 1.08851519426 2200.0
5319.04544901 -11.0826782501 0.934481861787 4400.0
2348.02525666 11.1769867938 0.820542000437 4600.0
6802.98958379 11.552338818 0.933701707036 2200.0
-1754.56005839 11.8058658092 0.842974245426 4200.0
-1317.91737832 23.8019755292 1.16953874009 2400.0
1860.85872889 -22.8586076275 0.761589488549 4600.0
-3907.53954903 -19.9695996557 1.50469664735 2400.0
2905.10561904 18.9893000758 0.745540398566 4800.0
3088.58329869 -21.1383228032 0.972884290707 4600.0
5450.10793593 18.6510599694 0.996147666244 2000.0
1283.21737259 -20.2510199312 1.13786972658 2600.0
-3237.2996285 18.1766151865 1.08577948264 2400.0
-4285.75904769 9.95794805177 1.04064614754 2000.0
-2865.56330716 17.2652017064 0.973605944377 4200.0
-1323.45718446 11.3360461478 0.762439584245 4600.0
-5215.03937928 -9.16613791481 1.24707309485 7400.0
-4049.7945957 -23.454419547 1.00590332153 2600.0
10825.2085563 -8.65376050201 0.944449037605 7000.0
-3553.42897304 -3.85658505961 1.15955599672 2600.0
1526.3731741 -5.6571666877 0.743366586261 4600.0
3949.99081143 -9.72276133364 0.807110745333 4600.0
-5276.77202935 4.2139053205 1.10685656967 4400.0
2634.09652884 21.5340158641 1.02525222496 2000.0
627.548144877 -20.1368694842 0.739177167684 4600.0
5405.955618 -22.4315409821 0.955930971634 4200.0
3460.56942633 8.33655612212 0.763473395261 4800.0
-5763.57856932 -21.9508743951 1.49499446193 2600.0
2142.6177695 -24.4949496528 0.765817447505 4600.0
-4268.23412509 16.345824095 1.17986185896 2400.0
681.802389351 18.0049672772 0.779152112566 4600.0
-3472.08799179 -12.4526413316 1.08121914275 2400.0
-5662.71669736 -26.6197327529 1.0800886056 4200.0
-2740.35900104 -14.358046884 0.920104640926 4200.0
6761.04166762 -4.95111874643 1.00726377234 2000.0
-3320.94220458 21.4140924899 1.08284838016 2600.0
5575.25739773 -13.2424195618 0.893505653548 6200.0
-1944.36074593 10.805869033 1.00100876281 4200.0
-4383.99797741 -10.8085194529 1.32826977928 2400.0
2895.4439362 -11.893674798 0.870387251167 4400.0
5752.73792413 28.2899778556 0.942976293016 2600.0
-8586.80547714 8.21784301735 1.03799738199 3600.0
-4127.68136192 -9.10233024274 1.15193554184 2200.0
4287.7697087 -11.0005519121 0.887761887888 5200.0
-5969.57783741 16.0228219387 1.02065001812 2000.0
1525.6454382 20.3408537206 0.848928790572 4600.0
-2946.66611201 -5.86956895913 0.909974181527 4200.0
1310.29406005 -15.0040918075 0.713023124682 4600.0
8354.33739833 -14.3788825997 0.970035639411 5000.0
-4648.69627298 -11.3465959686 1.07710361206 2600.0
-1553.27815088 18.1820648799 0.797445943941 4600.0
-2048.19977273 13.076703858 0.875802128813 4200.0
901.657960706 13.3393534694 0.819978741985 4400.0
2143.3531809 -12.8263092675 0.790509608043 4400.0
6318.28236899 -15.9215210204 0.978354478212 2000.0
2350.4107472 19.1936427789 0.842590358029 4600.0
2221.15264283 24.0246363649 0.956238788669 4600.0
-2416.12073959 -21.9790996828 1.07687389483 2600.0
-5438.75945949 -16.9146803937 1.03243836488 5200.0
-3455.85697957 8.91338094379 0.965429515973 4600.0
-6528.2193208 9.04976823982 1.00951040173 2000.0
3898.12523076 -25.4699877004 0.755133663733 4800.0
5604.2331954 11.5595890041 0.923584649754 5000.0
-2063.36475057 18.9605005337 0.802236343212 4600.0
-5723.42006386 30.0684801724 1.03845369428 3000.0
-1489.89656322 26.1371369494 0.774398203081 4600.0
-2480.9828657 14.6385091042 0.925281310559 4200.0
1673.65986526 15.2519417757 0.747351248363 4600.0
3067.86246889 21.5636301329 0.910119767357 4600.0
-4788.40016278 30.5615273048 1.3438167244 2200.0
2658.21715767 19.9024928423 0.989242577061 4600.0
7592.80395824 -11.5798804907 0.976137680975 4400.0
-4400.81595427 18.333925611 1.03159415461 2800.0
5848.68761 11.114273325 0.953719646202 4200.0
2053.61119254 -19.8792857693 0.837251953822 4600.0
4958.00431311 17.1141539291 0.857823653847 7800.0
7186.64260718 -15.1243725558 0.993546787509 3800.0
3581.27127982 12.4071248021 0.772249778771 4800.0
-3114.42933664 8.60357299519 1.12663787102 2400.0
-631.462943765 5.03482352581 0.724757593204 4600.0
3580.60645953 5.20809553326 0.750687576121 4800.0
-1213.03030598 17.7972349009 0.861157218492 4400.0
-4793.29820337 37.1292730889 1.15524246476 3400.0
330.284963377 32.1775959582 0.914864123173 4600.0
3897.20047967 7.96372786147 0.821330654677 4800.0
5215.0717205 12.0506759445 0.837860753001 7600.0
-2195.96366532 -11.6412032967 1.18094896998 2600.0
-1111.93780208 18.2429161675 0.849433200859 4600.0
-3026.68019653 -31.5597893803 0.840132758037 4600.0
-4710.72020848 -10.457942424 0.884844102555 4400.0
-3183.35360208 23.1191117767 1.00930728398 2000.0
1792.52780001 12.1346803923 0.831090036443 4600.0
4379.13222298 -10.5467306162 0.933757957714 4400.0
-5390.82544943 18.9560795235 1.03462709861 2200.0
-4368.30407739 -20.9335419943 1.08100871194 2800.0
270.368319382 -9.32649074276 0.769815120362 4600.0
1587.74562595 -24.4561556466 0.760875836045 4600.0
-5508.84674906 -11.3822271507 1.01160181996 2000.0
4183.66833085 -10.7124008074 0.88906832192 4400.0
7790.78746592 -26.1820168871 1.01244683935 2000.0
-3634.85232374 13.6267659565 1.17402639261 2600.0
-3012.86962477 19.3032430992 1.20278146399 2000.0
3262.25085101 24.3110990012 0.820998152778 4800.0
-4695.87912421 -7.3456588775 1.07099646346 4400.0
2346.75517985 -13.7679510944 0.754070569485 4600.0
-892.86125625 20.9421114287 0.779151549537 4600.0
-7029.18495516 21.59103286 1.01439373515 5800.0
-1638.40363134 19.5184062427 0.756492393342 4600.0
4138.35326089 11.495677598 0.860715881371 4800.0
7169.32053286 -10.1443116448 0.991457478389 4600.0
3858.47288438 10.3934956898 0.761021746467 4800.0
2022.7578761 -10.9516033675 0.827353344121 4400.0
6392.37087055 13.8524386322 0.982261156162 4600.0
3817.01592562 -9.14723395669 0.801158509446 4800.0
-4298.62206384 4.84610274772 1.07815952402 2600.0
-2925.36273341 24.457076129 1.09406516233 2200.0
3113.51851916 6.5643847765 0.779035540582 4800.0
4836.710485 -25.6207994092 0.92870638658 2000.0
-2730.29700014 -5.00256646789 0.891446689544 4200.0
-2415.19068546 -23.3544981589 0.911505904016 4200.0
1756.03705451 27.0331767664 0.88498872743 4600.0
1480.82895249 -17.294026337 0.863180124404 4600.0
394.354354647 -14.5640490095 0.78172798204 4400.0
-4074.80309792 -16.8865815096 1.02736054226 2800.0
-2389.8609424 20.4299768658 1.11478716193 2400.0
5843.33037748 6.58064644157 0.924529320533 5000.0
-2280.38840248 14.0594483615 1.10636467455 2400.0
2587.68796577 3.88298723772 0.834926542 4600.0
-3180.85635943 22.1741532615 1.05697611703 2200.0
-8117.62643968 -14.1997423878 0.988921532407 5600.0
-2276.61980419 31.731730886 1.00597338143 4200.0
-5056.71797887 -20.0076100692 1.04289478411 4600.0
4070.9553962 -18.1732018422 0.873898089971 4400.0
2262.22293344 -1.97102989349 0.723647615369 4800.0
3005.62939503 28.5488828083 0.792409045612 4600.0
3151.69917742 -10.3221978872 0.844113642832 4600.0
1505.50365203 31.4504512326 0.844984102306 4600.0
-5366.66141726 -7.74766008511 1.01983132302 2200.0
-4655.02975507 -26.6985464425 1.01662232473 2400.0
-5787.56573155 7.6790200424 1.09718254198 2400.0
4318.41536878 24.0247207466 0.832505064253 4800.0
2055.41933157 -15.8603755144 0.835599349114 4400.0
1819.45014813 -7.79291516269 0.773669400032 4600.0
-3170.58336735 27.2585168529 1.0473390932 2200.0
-3792.48566924 14.6550054142 1.03278549641 2000.0
-1678.58488939 -21.8073956097 0.781113987655 4600.0
-4781.66425256 -20.9730804255 1.06812428908 2400.0
-3314.22858159 23.2351096675 0.804236247976 4600.0
5419.31203413 23.9136390626 0.916193991587 5000.0
8435.20734849 -20.993648984 0.994778780887 4400.0
2659.53678405 12.6918238117 0.755840017251 4800.0
-3899.08966746 -26.9448132348 1.05459808632 2400.0
6031.31957707 25.6333516834 0.867983560512 7800.0
1499.19020845 -18.4626989147 0.761704657563 4600.0
-2704.91456735 32.7393393291 1.04009083599 2600.0
8771.944742 20.4375415092 0.93524922621 4000.0
-4996.26993342 11.2301716122 1.00180981356 4600.0
2781.35606662 12.8378817104 0.790257873456 4400.0
4617.92859174 -17.9591486636 0.864435906092 4600.0
-1612.79176134 -5.05250837205 0.834384171693 4200.0
-2432.85444823 20.4962933017 1.37729173321 2800.0
5939.61080065 21.7195185489 0.924978254142 4800.0
1620.1528922 -16.7100135608 0.925705662262 4600.0
-2989.14285912 -7.65019615335 0.820319336724 4600.0
-6205.10164668 -16.0025628187 0.976859511229 2600.0
7557.69877848 21.4948833353 0.978107257713 4600.0
1810.3670875 12.537045956 0.739676469634 4600.0
-9937.30581404 17.9965544295 1.00401970913 3600.0
5163.50500524 -16.8645702013 0.984692656859 4400.0
2300.62163848 11.2473753988 0.725998794829 4600.0
-4709.91781473 20.3249212469 1.12388862431 3600.0
1639.59124077 -3.81724708894 0.759159102617 4600.0
3499.64138563 23.9300955325 0.992123594041 2000.0
2151.94553549 -19.8260103722 0.738057015909 4600.0
6301.2785571 -5.00126273871 0.930603178477 5000.0
-5050.47111373 -17.8023896195 1.07562200053 2000.0
7638.56087644 -16.9395644654 0.983291303927 2000.0
-5246.90078191 -17.08987013 1.09539791357 3600.0
2836.18528703 -26.7528603907 0.80375464657 4600.0
5349.58220147 -12.8198026547 0.947426165147 2800.0
-6439.02231834 19.1341502798 1.03168697682 3200.0
9917.98405717 24.3604692393 0.96331154029 4800.0
3893.90888727 -34.0438707918 0.950667346873 4600.0
-56.25285527 9.33275188403 0.799070154573 4400.0
5397.85935106 -5.01458435659 0.897686059513 5000.0
-2048.00358517 19.6388626157 0.836054202196 4600.0
2763.13196605 -22.2332705294 0.894081935054 4600.0
-1561.877615 15.2031237622 0.851288275753 4600.0
-10155.2646489 15.7780437599 0.995113497078 3800.0
5290.58292097 14.6711488749 0.949488323428 2600.0
-2451.00327459 9.47067673273 0.753265089694 4400.0
-2526.56970846 -21.0524115902 1.10790426895 2000.0
1379.73300706 13.9318030936 0.757729158779 4600.0
6729.39146351 -13.4654166458 1.00452658911 2000.0
1871.60621419 26.862184576 0.809612225053 4600.0
3224.49216422 22.9338643027 0.744344518305 4800.0
-4051.65120544 -19.7903994473 1.14003530546 3600.0
2909.2258464 -13.4862687125 0.836411332569 4600.0
3168.60292479 -13.414393473 0.899625164251 4600.0
-2066.37452645 -17.9389253206 0.79579805665 4600.0
-680.646866896 6.53660608993 0.717588326863 4600.0
4525.52201103 -11.5581421292 0.80423021953 4800.0
-8755.28220799 -10.0156387943 0.984973215524 2600.0
-5706.65341897 -12.0135276554 1.20279697725 2600.0
3443.91361653 -22.3461587036 0.815395813455 4800.0
-3945.78289955 26.4348517051 1.04259476453 2400.0
2283.73547133 10.8385587632 0.792721408099 4600.0
-4430.25459019 2.76059361999 1.01536829665 2600.0
-1702.05361601 16.9743268207 0.798631164966 4600.0
-2021.38795665 -22.5568232645 0.899908305742 4200.0
3924.36434466 -10.2911434185 0.791854014131 4800.0
-3090.68764126 -16.2929924965 1.00832559771 3000.0
-4171.40622014 -12.9050474957 1.01929676204 2600.0
-495.207855208 4.23862135474 0.741464640566 4600.0
-4921.36945306 -8.73968961487 1.09200847394 2200.0
-5012.52797119 -13.1848755238 1.00560953707 2000.0
1965.70485107 -19.7499899143 0.708377706076 4600.0
-804.203732456 -20.100521085 0.75619717496 4600.0
3113.43583457 -6.98526806991 0.773046273273 4600.0
-2636.63717613 -17.8643597973 1.22877777565 3000.0
-3117.69350505 10.3954157776 1.08697133707 2400.0
-3591.33167322 -15.1125786064 1.14593338532 2400.0
-3494.05629773 10.2937486509 1.10145526691 2800.0
5465.58614198 6.42517878151 0.848638008029 4800.0
3785.7586078 27.774879555 0.99499885375 2600.0
-3335.78893451 12.2760933036 1.10540129795 2400.0
-599.022913199 4.92536940138 0.735178257895 4600.0
1425.97409039 14.7015294783 0.736383671895 4600.0
-7307.97822182 12.3321956672 1.03467525026 2000.0
6380.17134744 -25.9381029986 0.941947996811 2000.0
-2801.3303343 13.5153990717 1.10057575185 2800.0
6674.73319517 3.83972779084 0.922854758659 3000.0
-3758.07080659 15.6941953532 1.03452058807 2000.0
3639.51136474 30.0384177566 1.01069963814 3000.0
2917.50983369 10.9118261299 0.810397555447 4600.0
8233.87977389 -31.5789091614 0.995174108432 5400.0
2134.6994516 -13.4360865792 0.843872725911 4400.0
1453.46959593 9.86148811612 0.699392382819 4600.0
1981.46676586 -3.24867234637 0.813328528094 4600.0
-4572.46854846 -15.6371461277 1.085681608 3800.0
2040.30016433 -8.84150320501 0.778130327075 4600.0
1328.53702535 19.8268637194 0.812247599995 4800.0
-2313.40198209 17.9138075623 0.821506231949 4400.0
2787.87327386 -13.469183685 0.795552166565 4600.0
-1884.69512514 -18.6277222534 1.08391660185 4200.0
4925.34441906 9.47298400948 0.901636013538 5200.0
-4038.44309847 -19.3954998202 0.984121099623 4200.0
954.638541131 24.6521098366 0.811551906315 4600.0
1751.35932741 15.6873192715 0.727426417636 4600.0
6445.3802712 16.0126206947 0.909777124082 5000.0
-3693.41591332 13.3501767852 1.11492679036 2400.0
2898.88819288 22.3682196171 0.940898913519 4400.0
-3389.41036524 17.6195856078 1.08791635119 3000.0
3415.42200341 -9.96425150743 0.906384527878 4600.0
-2070.09481339 11.4060281774 0.770957496943 4600.0
1855.50308615 -14.3650033968 0.733679731139 4600.0
-1363.74737862 -10.2154397302 0.91841955914 4200.0
4687.38578622 1.56371724924 0.787720844002 4800.0
5479.33741478 -14.464125021 0.942952081634 4200.0
-1609.01891509 -21.6037888936 0.886022186154 4200.0
-4938.81574312 12.341830748 1.08457973412 4400.0
2503.45867754 24.6333001478 0.714897154789 4800.0
1880.47802935 14.1679046621 0.702743128982 4600.0
-4914.6381787 17.8033999742 1.01816828843 2600.0
3877.29889013 8.99705784651 0.90668425869 4400.0
3086.37912619 4.01140334723 0.777741820157 4800.0
2098.87004675 15.3655120637 0.840690980276 4600.0
5659.02008489 -9.77121761655 1.02075294227 2600.0
-1034.36220469 -20.2009975055 0.788882459044 4600.0
2032.55258726 14.108153806 0.823844933134 4600.0
3087.65124308 -18.8015441679 0.998112710119 4600.0
-3305.75779169 -18.2873182741 0.969147416294 4200.0
7398.68776487 -11.4078391323 1.00214438275 4600.0
6979.7798431 10.5481499557 0.979246996969 4400.0
-1121.97521854 -25.47482694 0.817611510762 4600.0
6829.31486286 11.9790688605 0.964674126456 3600.0
2577.84995959 -27.2554124439 0.895327220095 4400.0
-3854.83426687 -27.9136345092 0.997602569627 4200.0
4421.21705191 10.9166019712 0.927044181594 6400.0
-2300.18401432 27.839916658 1.15679032043 4400.0
-4226.94294576 12.9280349386 1.20814011928 2400.0
6429.46330526 13.7552216316 0.965551371449 4400.0
-2498.93906919 -14.8872700011 1.16421807886 2800.0
4820.4334776 -14.8824815005 0.95980976742 4200.0
-9088.53340835 -15.863011021 0.984311555818 4600.0
1639.34800722 -10.4195774215 0.778288034476 4600.0
2264.56581109 10.4728613194 0.761002654004 4600.0
-1096.57769015 -8.80569114945 0.709892137603 4600.0
-2843.61670275 15.1830075266 1.07441085636 4400.0
3450.99213006 -18.5249145292 0.834249770951 4800.0
982.571216482 -13.4563766349 0.809864057883 4400.0
2358.45323274 -13.4283555997 0.814838685453 4600.0
-5187.33552246 -7.97860470821 1.00563699125 2400.0
2657.84863181 22.7975219653 0.911410361938 4400.0
806.050243593 -7.30315263333 0.774120676943 4600.0
4688.20031892 -25.6282641208 0.992251516155 4200.0
6058.89096904 -20.8699038037 0.920399452862 5200.0
4391.33078681 19.2395214891 0.763408187218 4800.0
2200.05431263 -14.2823393681 0.724688858474 4600.0
-6939.82072416 16.9789926021 1.03161471633 4000.0
1159.45745148 -11.3615765776 0.759148592229 4400.0
5104.33036515 -12.209781039 0.916903943943 3200.0
8896.08413449 -12.5014458613 0.93739075044 6800.0
-5055.07531113 18.4403377615 1.19883756261 7400.0
5671.51087459 -4.43553475086 0.879902582916 4800.0
-3306.33478956 15.8009861852 0.855259228461 4800.0
3234.50435635 9.46628227724 0.803824867309 4600.0
793.015867292 -16.2491804751 0.784715655771 4600.0
3327.57633264 -15.2452047589 0.795733597411 4600.0
-4401.70571839 -8.75459507431 1.05949401098 3400.0
3704.00607082 5.31415724833 0.909142664093 4600.0
-1669.15362247 -12.8549932663 0.919965997632 4200.0
-1622.95536028 22.1342990009 1.05773121406 2600.0
5237.42926034 -23.1394584896 0.953706916461 2600.0
-3408.12736834 -8.70984362794 1.21195926637 2600.0
2937.82588947 -22.4390386113 0.800449432307 4600.0
-12154.1295816 -9.90707628277 1.53014665708 2400.0
5029.92500095 -6.84539963318 0.920102339159 4200.0
242.884573389 -22.1304073066 0.852411656734 4400.0
-2458.41721873 10.8584902699 1.00063490891 4200.0
3966.19589329 22.2013339097 0.811837356484 6800.0
2479.48263863 -15.8492049642 0.809572862535 4600.0
4387.64598946 -18.4583599446 0.910655642418 5200.0
-1442.79911638 11.6587102008 0.808020927202 4400.0
2335.76871209 -11.9431336738 0.734737269512 4800.0
-4854.20565364 -9.83130622487 1.13827506112 2400.0
-3243.56718006 23.459183504 1.6121142044 2800.0
1653.62145265 -23.7832091252 0.725609960082 4600.0
-660.346654262 17.6350169905 0.705136059017 4600.0
-4893.27623141 5.90180240319 0.934810222924 4400.0
3927.94522175 -22.3958017049 0.971569252193 4800.0
-3389.50445416 -10.8025564812 1.08921945787 2600.0
7288.45610232 16.6944620817 1.00072598426 4000.0
-4984.22892079 -16.8528821022 0.998001947191 2000.0
-8149.23781768 22.3806471724 1.15002253575 4400.0
-886.755164816 19.7200301679 0.886604342217 4200.0
668.162717439 5.70213073345 0.734234749705 4600.0
3951.63463265 10.6717668183 0.767731428637 4800.0
1834.65552569 -11.4612336578 0.751262222063 4600.0
2949.71641263 15.0348155746 0.778352977634 4600.0
-3103.96372478 15.9581319671 1.06011735679 2200.0
2900.38791715 -38.482885729 0.996164579792 4000.0
-5946.5826693 13.7022636794 1.01368034537 3200.0
4440.01764732 6.91210030123 0.897301603353 4600.0
-5091.83485049 -15.7537547975 1.17911393589 4400.0
5098.0682891 -37.1291386158 1.02412166585 3400.0
3603.9033781 -12.0207707937 0.834006561692 4800.0
-2163.58654714 -23.3846051286 0.918994660194 4200.0
-6418.96348347 -4.81232063513 1.36267213129 3400.0
5210.40593563 -3.16100902346 0.961595086317 4800.0
-5878.49826414 19.1078957767 1.21199626299 2600.0
-4095.17915369 6.91373139793 1.03304529879 2400.0
-3020.47367747 -20.709715969 1.11133310112 2400.0
-2652.89287899 -13.8666388904 1.15339169563 2600.0
-2154.41642015 -4.13668346197 0.874263486013 4200.0
-5445.6522475 -15.4860212743 1.12003431186 2200.0
1394.06118538 -13.7264596812 0.732505589777 4400.0
2346.93240005 25.3519518493 0.966089204532 4400.0
-1328.79596013 -13.1877921452 0.848865677413 4200.0
-3978.62946826 11.1404262863 1.08002944473 3400.0
2313.38029867 -19.1093882684 0.782981992886 4800.0
-2553.46747941 -4.28997919254 0.816977589561 4400.0
-3172.3645688 -10.5487250627 1.10592669332 3000.0
-4789.97584709 -20.5174283018 1.07277729053 2200.0
5391.81157034 -4.64842571917 0.914302998558 5200.0
-2581.7771461 10.9031992182 0.982621839022 4200.0
5432.50517042 20.9964213295 0.993254262528 2400.0
5599.99494796 -25.6346520686 0.829833274374 7400.0
3932.27100602 -16.6967695242 0.8346363214 6800.0
2536.09073832 -15.3891305755 0.738056964986 4600.0
-6522.86990557 28.5062297063 1.02510873109 2000.0
2956.53168469 11.9105989314 0.813085535325 4800.0
2218.20886189 -22.6971275991 0.755734854873 4800.0
-4469.56878288 7.36563835499 0.976271838555 2800.0
1838.89782195 13.8153278822 0.788273182376 4600.0
2011.96536945 -10.4546850394 0.779330660981 4600.0
-5172.44037189 -14.5943312996 0.99165043781 2200.0
-1765.99416139 9.11601275636 0.858199856758 4200.0
-2667.33380315 -16.6880242341 0.854566526723 4200.0
-4045.84230812 -7.14384574848 1.25526661837 2600.0
-7722.82877411 11.7545797917 1.25187513898 2000.0
4454.77699489 -26.7834628111 0.841733820254 4600.0
3343.82841341 8.25159578403 0.784264872795 4800.0
3450.83299024 -16.2545237493 0.83649366405 4800.0
5819.76948368 6.00087372598 0.928337920844 5200.0
3343.27075664 4.24785726081 0.881076182287 4800.0
-5909.84734777 -15.2242500099 1.26322104155 7200.0
-5629.12802011 -9.04725867004 1.05471803024 5800.0
3669.63696135 -8.796431166 0.777973047234 4800.0
1311.17802124 -12.4756444085 0.70275715854 4600.0
5353.12057732 -6.26369572998 1.00211652609 3000.0
-1531.44056542 -5.00208368231 0.876437901807 4200.0
-1714.54053537 9.74685717197 0.759575759678 4600.0
-5109.1799631 -9.3945226548 0.986978993054 4400.0
3775.96157539 -20.1272974391 1.03418915492 2400.0
4555.95307144 12.7840533018 0.89571462531 6400.0
-4565.28743166 -15.926279618 1.05557448834 2400.0
3845.99973169 -11.0701566136 0.865205577347 4800.0
-1157.91816872 -7.77351528136 0.903575330529 4200.0
-4086.48114275 8.93605764353 1.10529723805 2400.0
-2255.01866282 -9.55797643642 0.811592776734 4400.0
4361.14044121 -20.4187273291 0.822557754999 4800.0
-1796.77421483 17.7193452199 0.912151444006 4200.0
3461.22573713 10.645733896 0.753332242186 4800.0
4229.7032644 28.9767655415 0.863454250985 5200.0
-2127.58216856 25.5499327516 1.07689369097 2200.0
-6610.43268563 -16.0446216304 0.975979153207 2600.0
3552.53555814 2.87947200819 0.841191556515 4600.0
-3115.52214306 24.0012470009 1.12212684949 2600.0
-6053.8291285 8.02953326708 1.01071001288 2800.0
-2678.50514939 -10.0808285625 1.08579306477 2600.0
5302.43717474 11.0564251683 1.00386406093 3200.0
1878.9684728 -11.3452351535 0.731897951115 4600.0
-6142.60709117 -13.5792207778 1.04643258111 4800.0
2784.18106107 13.5701269997 0.858576100139 4600.0
2919.42416228 -8.52634136293 0.784924811367 4600.0
3675.40756279 -17.6690437884 0.808943423653 4800.0
-4516.31108759 20.2089619329 0.997013578157 4200.0
-4714.74093084 -7.96905863257 1.02578700318 3000.0
1827.78989303 11.6836190642 0.739117869576 4600.0
-6797.10987798 15.2915948494 1.05705821101 5600.0
2124.62700493 3.58829289505 0.745116372304 4600.0
-5497.62549067 20.5745012777 1.02923448802 2600.0
921.189702001 21.9716918026 0.824515357506 4400.0
-2710.71136261 -18.0178359896 1.08305397077 3200.0
-4262.49603695 -28.4280393935 0.981635271518 3000.0
5857.24242902 13.4353206293 0.919005224724 5000.0
3505.96001598 13.7414246901 0.799138455962 4600.0
4016.52073676 -17.0420664766 0.763296672967 4800.0
-2719.9589182 11.1493176094 0.881935611581 4200.0
-2271.4018356 -15.7809091099 0.945308842168 4200.0
3103.78761889 -9.48562433679 0.821822195576 4800.0
5672.80156023 2.12130015097 0.982462126446 4600.0
4948.39647398 18.4793331258 0.894743139438 7800.0
4281.20953646 -13.7843467491 0.859635458931 6800.0
2823.28227661 -11.1030795003 0.77236448057 4800.0
-4411.04566072 -6.93944066029 1.10792223431 2200.0
-8030.53280143 -35.7954649435 1.17137669519 2400.0
4127.66645325 -16.3829326744 0.824768179028 4800.0
4080.71910942 -17.9275393784 0.77126899518 4800.0
-1008.49107029 -18.0958033784 0.762424926251 4600.0
-3430.57180884 7.64202845835 0.976473452259 4200.0
7074.02965995 9.98420637469 0.92626415908 3800.0
-5781.35765544 25.2492534229 1.2034992145 7200.0
7618.58590917 -20.9287192712 0.977699077654 6600.0
-6353.22650875 -13.5587591699 0.979862442924 2600.0
-2997.66620488 -15.1558484513 1.18167810399 2400.0
-6135.13838847 -14.8292984441 1.47139375424 2600.0
4619.83879227 9.72480359287 0.840678166047 4800.0
-1676.4291786 20.4806174213 0.866137789468 4600.0
2613.22753666 -14.5271564212 0.77125128078 4800.0
-719.767748852 30.0539716571 0.839289235309 4600.0
2570.41195039 -14.3485439317 0.758820337184 4800.0
2467.17956725 10.2485507592 0.794939389278 4400.0
-2321.5094517 10.7017102951 1.07230627314 2200.0
-4370.17912676 -32.4467415763 1.09570308841 7400.0
4912.07092269 -15.5835030517 0.959010202718 6600.0
-3759.93594683 -12.3449977219 1.04704387055 2600.0
1721.81795305 -10.2689547624 0.706446523264 4600.0
-3898.58949207 24.7784660414 1.12834253103 2400.0
-2880.7838229 18.3668978989 1.0375535782 2200.0
4337.85318403 -9.49334123279 0.871278899322 5200.0
-6922.15009975 -18.1990264585 1.00837830018 2000.0
3981.37618624 -11.994144357 0.922080675678 4400.0
4963.54026697 -20.0749371153 0.863469230726 4600.0
4720.12934242 17.5700586618 0.938264797688 4200.0
-6763.79319525 13.3103038565 1.01920172731 2800.0
-10047.7310106 16.7552852802 1.00668607319 5000.0
6189.88977554 -24.0000598053 0.979325966904 4400.0
4525.65866593 9.39303377008 0.873094944945 5200.0
6072.47192123 13.4580830712 0.974018485289 4600.0
3433.64677385 17.3337983055 0.769339406283 4800.0
1975.38404017 -3.62065324747 0.715387643389 4600.0
5300.69888197 17.5291564176 0.952651186466 2600.0
-3925.00051267 17.9974325839 1.06506375851 2200.0
-2689.40655336 31.1707333871 1.08189948887 2400.0
252.854897287 -13.6252432945 0.816659055215 4400.0
-3850.7694642 -10.052103747 1.0528492922 2600.0
2378.74225977 14.0904749073 0.790140853988 4600.0
-2163.38889281 10.2692045706 0.931701240427 4400.0
3154.49014912 -28.5979906874 1.06131077886 2200.0
-2640.8836469 12.3595341199 0.830698045496 4400.0
-4304.9052792 21.3098780629 1.0790529839 3200.0
-6197.93721916 9.13364791509 1.02031847318 2200.0
-6710.95175073 7.82222112517 1.0360831698 5200.0
-3118.41953334 16.4331766611 1.27110642644 2800.0
2958.8668498 9.32025292822 0.867436472707 4600.0
3338.55612021 -12.035483625 0.808200430172 4800.0
-2686.71193933 19.5381357856 0.811385719634 4400.0
-2647.85076702 -8.44551791556 0.881139096485 4200.0
3813.60191936 -25.7730510497 0.80993915257 4600.0
-2341.28701629 -12.7870720887 1.03601877332 2600.0
7877.24739936 4.2795879983 0.932023296712 3000.0
-6656.99550534 -18.9876573223 1.42281325593 2400.0
5340.65535081 -26.6925352517 0.882602683115 7800.0
3818.90821925 18.6930881455 0.808452648018 4800.0
-3803.81678776 -18.3400378842 1.13473310624 2600.0
4187.47813813 -27.8974714201 0.902815821005 5200.0
4584.37908628 20.6476060382 0.818941656414 4800.0
-4741.57121232 -18.1916491102 1.09029845758 4800.0
1763.47514807 -12.4736068925 0.744777160026 4600.0
5250.51706664 18.6656532387 0.95740312654 6800.0
5494.264523 -29.6284363378 0.946341697123 2000.0
-4752.7689397 -17.5079328347 1.05563706001 2800.0
-3263.27832975 18.7624570451 1.31790359665 3200.0
-1419.08128727 -8.40189800993 0.746784738152 4600.0
3135.96237928 6.96949224049 0.756217634369 4800.0
5579.25811655 -21.3322665214 0.960512683364 4800.0
1075.76669131 16.1482642411 0.757254031671 4400.0
-3179.11529364 -18.5614506777 1.0475875028 2200.0
4710.72173198 9.26558885742 0.83876511941 6800.0
3407.33976399 16.4742408119 0.769839408257 4800.0
-5428.70134842 -28.6365110645 0.993518998289 2000.0
-5872.11022169 19.2234509603 1.17489915765 2000.0
-541.465216707 20.9343482589 0.85611932485 4600.0
-4715.17495965 -32.2745178523 1.08381800315 2400.0
4764.59124777 31.3056195004 0.936403780553 2600.0
-4206.92493218 -21.1622825324 1.04905484172 4200.0
-2637.73350758 -10.0559190435 1.11725958721 2400.0
-3591.85043763 20.3456678789 1.21174768033 2400.0
-3091.59074983 -19.8298039529 0.862229277152 4200.0
4809.57876165 13.9044067623 0.926727032681 4200.0
-2933.93871602 24.5432273052 0.929461660114 4600.0
-5475.05676538 -7.82770830083 1.22653860533 2600.0
-5723.3255979 -14.9502845237 1.15824470812 3600.0
-4927.19993846 -16.3610763031 1.06026416518 3400.0
2162.51312981 -36.0746491974 0.773944351353 4800.0
1615.63040622 -6.86386697232 0.71286913101 4600.0
1369.53803667 -29.854768977 0.943398618286 4600.0
-875.651424025 11.4626235334 0.778758645885 4400.0
4136.08230351 -31.7047435164 0.977217332869 4200.0
3798.10316569 20.5811248326 0.858173330253 4600.0
3014.25200939 27.644988555 0.965206458319 2800.0
5816.93756802 22.3579626687 0.924708435138 4600.0
671.295420512 -14.2111264762 0.744027353024 4600.0
-5394.63857221 6.95298346672 1.11150242833 4200.0
5914.00160502 -13.1035737443 0.901778302762 6200.0
-3368.97001341 15.9387616329 0.97728695817 4400.0
-7038.98612653 14.0596202205 0.982187646672 2600.0
-3095.86635854 -13.7215242403 1.01549164435 3200.0
-2110.83358321 15.6901514085 1.14444710297 2600.0
1921.23899613 -23.1226263796 0.819535595448 4600.0
1165.83993111 -16.5912162507 0.800969791651 4400.0
6563.53606672 -9.26168708894 0.918572058147 3000.0
3165.26852011 12.891032817 0.834080105448 4400.0
5012.50953537 17.3514058185 0.866739369235 4400.0
7538.85081843 6.72523327953 1.00016808379 4400.0
5484.54972117 -19.4445184707 0.92468196319 5000.0
4339.46084654 16.6304781541 0.931730380537 5200.0
6150.41087232 6.1878435574 0.958769028849 4800.0
-747.166821243 17.5016236709 0.775973652106 4600.0
-4739.77031633 12.3414868847 1.1537372915 2200.0
-1711.79708368 -23.1118241819 0.88687968397 4200.0
3243.45068028 -43.8892670027 0.871054638124 4600.0
-4077.69895469 -13.1164120001 1.19447360348 2600.0
3078.36633075 -16.6505236192 1.01485535162 2400.0
5917.80756593 22.4935847705 0.980210753483 4400.0
-1808.69939683 -18.4701542175 0.840297609048 4200.0
3771.27369775 -12.7183363996 0.839480560101 4800.0
2270.15774819 -10.0567034516 0.780353928783 4600.0
330.588401906 -14.9447252238 0.736573515646 4400.0
3388.33459557 -9.82196848807 0.777710458548 4600.0
-4781.12027678 -15.780131369 1.03367007391 3800.0
-4771.8847438 20.3524911415 1.04703038072 4200.0
1100.8438456 -9.52922782815 0.753494211319 4600.0
-4459.13636627 -24.9846242714 1.21365863355 2000.0
-1917.11319441 6.54067886526 0.758041554753 4600.0
4141.44240906 -12.5005798923 0.859212354745 4800.0
-1766.90324062 10.9823004389 0.920187191551 4200.0
3348.96552033 18.7219275051 0.924784369222 4600.0
-7231.10521478 -22.2664722179 1.0039222293 2200.0
-1166.61473966 5.66318583552 0.748982447013 4400.0
968.799070204 -20.6398048451 0.74877166405 4400.0
4825.56047348 14.0790779209 0.928721567607 4400.0
-2046.7353793 -11.0817080042 1.00449301161 4200.0
-9678.27462298 12.5918359441 1.03251456205 7000.0
-3636.6398649 6.77804468529 1.05862151188 2600.0
-2850.08288462 -14.78470756 1.31099130634 2400.0
-4769.4101964 -13.8238426204 0.996760013751 2400.0
4654.98204587 -11.4900250982 0.93637084077 2800.0
4113.58498211 30.5574707347 0.906628303081 4600.0
776.688787155 5.7321396586 0.73972228223 4600.0
-1844.24867915 -20.3940143832 1.03702009405 2400.0
4718.19482888 25.1730996059 0.806611967955 7800.0
-2694.28750841 4.95621234045 1.10595749781 2400.0
1662.69883872 -10.6155447655 0.788753339409 4600.0
-4021.91666712 -9.07492614457 0.971910606379 3200.0
-2938.92127193 20.5115653467 1.19884842267 2600.0
-1502.98236553 -6.90149546702 0.893074264222 4200.0
-2747.24630275 12.2459447075 1.11736889091 2200.0
1685.15669494 16.2248214314 0.773286847394 4600.0
-1269.46372713 -21.7786469424 0.903256972458 4400.0
3987.89768716 9.94980370024 0.916815070705 4600.0
2801.99219567 -6.69837804781 0.749974412893 4600.0
-3569.57655852 15.5508556229 0.843943538521 4800.0
-5418.14593009 3.72828530817 1.05462602831 2000.0
2723.01629919 -21.0591011127 0.743192047155 4800.0
6355.84462465 -7.36437904877 0.993822992355 4200.0
5426.82917707 8.58717768636 0.966183876298 6000.0
-2994.13867043 -18.6404843403 0.824527376717 4600.0
-2646.96524354 15.7455225106 0.902316441937 4400.0
4598.59348317 11.5364005771 0.780745845289 4800.0
-5482.77071785 13.1356615373 1.03889651408 5400.0
4960.69901521 20.9913663318 0.957289416242 6000.0
2132.9922592 19.1934543372 0.938294343818 4600.0
2058.58448914 19.6331982496 0.86282171748 4600.0
3269.70946123 -24.498828512 0.839384166983 4600.0
-8234.66068248 -24.2669159496 1.00749692839 2000.0
5176.94546142 -21.5873147137 1.00071495199 3400.0
-3150.34356151 -12.682750843 0.880090552795 4200.0
-725.644800683 36.2568110941 0.922969330454 4600.0
-3907.10033679 10.0858250584 1.06474519887 3200.0
-4562.86891774 16.7756522091 1.46726786955 2400.0
-1751.49697847 9.26367251658 0.934051003672 4200.0
-4083.90646563 9.48084096056 0.837386425435 4800.0
-1271.37238672 -4.18380388506 0.853070397165 4200.0
-3193.31296011 -11.2826600618 1.11988485653 2600.0
2597.68711497 21.2049852122 0.72179027217 4800.0
-3428.35955869 12.5541477659 0.940593054271 4200.0
1712.80360262 -15.6540949827 0.711891013083 4600.0
6943.20974627 -19.7714947047 0.969468852693 4400.0
2310.2812226 -35.5044753976 0.767110999473 4400.0
-2839.90526826 12.1277344564 1.06118065619 2800.0
3609.32434891 5.59714962378 0.790852758698 4600.0
4481.64599455 13.638219912 0.959367041763 4800.0
1057.31504838 15.542088657 0.758225228399 4400.0
210.552579931 -14.9198436161 0.780441080108 4600.0
4710.7853985 -12.9589155952 0.971635699358 2600.0
5177.83085488 18.9318448201 0.920270549065 4400.0
-5596.98724177 19.035719747 1.48391356786 2600.0
2789.35985448 14.8438079928 0.900501476671 4600.0
-5832.99288989 31.7261598144 1.06861053966 2600.0
-2545.58419756 16.6762088269 0.897293976229 4400.0
-4315.72408757 -13.6632613325 1.02162943327 2600.0
5110.20597624 21.0054764362 0.995846185788 2400.0
-2047.28552422 -4.38258904547 0.76485563846 4400.0
-7621.99406093 -16.6379403482 1.0255153785 2000.0
5159.73063232 -16.4843067034 0.909047583224 4600.0
3898.03964691 -12.5516203934 0.807484401829 4800.0
-7416.01452353 -15.7904688647 1.04935015664 2000.0
-7798.22983001 22.2518693265 1.0402427618 2000.0
-3934.21507022 -10.3437340603 1.0347042453 2600.0
2410.03057067 -8.64295602331 0.769959200953 4600.0
-3464.771161 -12.6023192707 0.960411110536 4200.0
-1025.54483752 -15.0375784914 0.759882158002 4600.0
-1416.01134164 -17.6964952574 0.766334466816 4600.0
1877.7225814 21.0753273234 0.777510057026 4600.0
-1840.36929736 -16.9525547752 0.840861743478 4400.0
-1421.34934764 10.9298486331 0.762786348806 4600.0
-6182.39483807 13.5263215143 1.0714032962 2200.0
-4371.68183272 14.3655455272 1.28298738944 2400.0
3242.38821353 20.1443311445 0.954478585187 4600.0
-2104.72525612 -28.1501654393 0.774302069518 4600.0
2000.10889605 14.4534684248 0.818028748604 4800.0
4627.81295812 -19.3814777834 0.95024358988 2200.0
5525.09052082 13.0993791079 0.917260148302 4400.0
1464.72336594 -17.3405929404 0.766005700407 4400.0
-6272.91360778 -11.1692538366 0.998599888425 4000.0
6704.06895089 10.7889431 1.00148045233 2000.0
9577.79130751 15.5348329189 0.966583172819 2400.0
7394.26206794 -28.8902608031 0.975940752511 4200.0
2887.53642938 20.6285553291 0.769933961834 4800.0
1611.5517041 -10.1885424929 0.710706875812 4600.0
4854.79944373 -17.746759358 0.900642349084 7800.0
-5306.63087088 13.926659403 1.05174611428 2400.0
-4165.59305843 9.37818274042 1.18058592647 2400.0
-5406.96410653 15.5566496541 1.14710950002 2200.0
3288.11111017 12.483302998 0.827821760774 4600.0
-4713.0810693 -25.3190029705 1.00896690081 2600.0
4687.95528059 -7.11973675746 0.886982705949 5200.0
4014.64401586 18.7248977281 0.976240543575 4800.0
-3980.69335061 19.7297393024 0.990779840665 3600.0
6285.64146668 -5.53186085297 0.919275245422 5000.0
4274.22225135 -21.3663212275 0.842961709271 6600.0
6078.77335965 8.69589649955 0.950446945516 2000.0
3426.10701045 20.6900487594 0.931978266837 4400.0
5308.53792585 -10.9845015311 0.969509625895 4400.0
-4616.80972301 7.99647786752 1.00541697361 2000.0
1872.86867881 17.2614301404 0.739969687963 4600.0
1183.43145427 4.76812744535 0.735253892857 4600.0
-4473.57145741 9.34192150675 1.02711654855 2000.0
775.725447888 -6.03666957836 0.743963359942 4600.0
1917.50769782 26.8533081926 0.885550829363 4600.0
6165.64496512 8.78410896111 0.906140987399 5000.0
-637.921100999 -15.645269582 0.72810345068 4600.0
-6607.25546874 -20.9690132013 1.05146271332 2000.0
1378.05109932 -9.89675636445 0.700375442621 4600.0
6584.76995077 15.8209743909 0.924555321619 5000.0
-3075.66825316 12.02855766 1.23706852464 2600.0
-2142.72723056 6.89417221815 0.898614836474 4200.0
-5032.28763877 -6.59368241712 1.06627002776 2400.0
6780.85422089 -18.0271933907 0.963139647681 3200.0
1396.11962574 22.7620288125 0.828875550306 4600.0
4358.43695142 13.5310383762 0.984604278747 4200.0
1688.96399996 -16.9382286012 0.759318147352 4800.0
3833.7798119 -16.1815437658 0.99306759313 2600.0
-4503.03130113 14.5245289456 1.09240965597 2200.0
-3015.06827114 -22.3088717668 1.00035264946 2400.0
-1565.10811253 -14.8926925832 1.07782644072 4200.0
-6689.01716839 -31.7306224329 1.02718842172 2600.0
6313.08595789 -9.44348365866 0.937536297243 4400.0
2229.77938697 -8.85875518146 0.781828020419 4600.0
-5133.3032017 -23.6139370806 0.99431329182 2200.0
1360.11252665 10.2273232415 0.716815370389 4600.0
1642.77796016 -7.65479439729 0.771085397971 4600.0
4494.45795367 -13.358727385 0.976147516565 4600.0
2022.81069225 12.7127453536 0.827249792313 4600.0
-4729.46465796 -36.9024003783 1.0445723571 3600.0
1532.22025224 -13.054584457 0.742875766663 4600.0
-3737.7440821 13.0320988214 1.00202892696 4200.0
-4936.69622356 17.7145709894 1.18111427816 2200.0
4859.03764686 9.96217519472 0.931286759107 4600.0
-5969.90337343 -11.67164963 1.1236140506 3600.0
4469.39045083 27.4750120696 1.02445088428 4800.0
4579.9674798 -21.5621347814 0.95561460608 4400.0
-1464.53437466 16.2275755546 0.879485834587 4200.0
4931.90935956 3.9714176948 0.904388040229 6200.0
5584.66251546 -33.0850521171 0.957691461412 5200.0
1542.38668782 16.0859345869 0.781186691966 4600.0
-2223.63641571 20.2791795372 0.941662838244 4200.0
3723.09326844 25.672298003 0.752200116725 4800.0
4550.78741877 -30.5825433856 0.799860958158 4800.0
-7796.41809494 -6.78340745219 0.993304535933 4400.0
4763.8604882 -11.7379100128 0.940618027796 4600.0
-2784.86406303 -11.8831421609 1.08160952854 2600.0
-2478.96568693 -20.8660236786 1.12631669324 4400.0
-5855.87043512 -9.575258097 1.01705636489 2000.0
-3734.25640114 17.2686756991 1.07458546755 3200.0
-2359.99847449 18.0874073244 1.29409242868 2600.0
-1994.24420622 26.0006608818 0.806080761582 4600.0
-5081.35080797 -8.79353403107 1.38387771818 2600.0
1498.75601072 -9.28162464799 0.731135383275 4600.0
-2006.44027016 12.9073038171 0.771883535587 4600.0
3131.48108958 7.78019730272 0.761987483943 4600.0
-6314.81865272 -11.6589622819 1.1561748329 3600.0
-2849.39685001 -15.0162120846 0.898195016448 4200.0
5157.34561064 30.7870457231 0.940311222366 4400.0
3540.60975326 -7.68258465692 0.781513738839 4800.0
-3899.70281889 -24.2941805019 1.1988519151 2600.0
-2588.26530606 -7.1769190103 1.13983700413 2600.0
5464.39984972 12.3787307894 0.956248697605 4800.0
-8794.54004387 -13.2669196431 1.07796997234 2800.0
-452.585714776 -6.06293651106 0.729640124776 4600.0
-4132.28490415 31.1755343034 1.18236597896 2200.0
-1666.15478784 -15.5390393988 0.961215543753 4200.0
2172.34710883 -13.1488556406 0.751381662176 4800.0
5658.66907333 19.790430565 0.931853944842 2800.0
-2449.84176973 -13.1511027297 0.774543615115 4400.0
-2132.76095892 -22.0935716605 0.820060268749 4400.0
-2402.97981382 18.1800406835 1.06843008367 2400.0
173.983738545 13.8347640548 0.792198614502 4400.0
-1879.0964585 -8.18276452752 0.856513196297 4200.0
-6957.03034183 -20.0346808448 0.979887574303 2600.0
2631.46483954 12.2057092755 0.813924506647 4600.0
2086.78556441 -14.7185635956 0.869040453785 4600.0
6640.62945653 19.7780528635 0.979701438355 4400.0
597.241617793 -5.26032649905 0.732165009689 4600.0
-5059.0736067 7.02664790581 1.12612214743 2000.0
5326.63215742 -8.26144137429 0.981177130355 4200.0
3177.48815341 -9.50836246642 0.787854406758 4600.0
-1964.48030992 3.45993122743 0.810630723223 4600.0
-3242.44461207 15.3030552574 1.12081398226 2600.0
-5553.10316398 35.5306619339 0.999137934948 2000.0
1123.25892124 -22.1695672511 0.715685131101 4600.0
5178.33518179 8.44141832988 0.954479076252 4800.0
4188.1194815 36.300121026 0.968463197044 2400.0
-775.185592641 -9.23182784217 0.722352972433 4600.0
-4302.70319995 -8.22638838257 1.10123625419 2200.0
3872.30906765 9.48282470148 0.889929299234 4600.0
-6859.04012464 -11.0869234182 1.27846126066 2600.0
4192.71807678 7.04008344916 0.9226293213 4600.0
4700.11011804 -7.69444998809 0.90422258897 4800.0
3001.86367586 22.9082414259 0.853200264608 4600.0
2374.18297032 -21.5229353494 1.00831653907 4400.0
-3504.1272633 19.0470243665 0.956815569292 4400.0
-1998.09795685 15.3684545733 0.982390743321 4200.0
2946.24321751 24.4527844975 0.795573944885 7400.0
-7399.55813141 -3.69352027878 1.14327830489 3200.0
5727.3044759 8.38116427004 0.872675547579 6800.0
1490.8834338 22.2478717329 0.842157777876 4600.0
-1593.01833062 9.41706399924 0.88810526643 4200.0
5141.17667527 10.8577562457 0.853101491109 6800.0
-2850.9246496 -16.9672914537 1.38795823654 2400.0
5873.13812041 -8.30297901389 0.933010773569 4200.0
-3925.09628387 3.29097841765 0.986671956746 4200.0
-435.346620903 8.86092335177 0.758190552272 4600.0
-1871.47585195 6.378749337 0.800298372369 4600.0
-4063.71044802 19.0958793946 1.0122551876 2400.0
-3353.98197556 13.6191977936 1.22159140262 2400.0
2525.13624539 31.3745246587 1.38005239506 7800.0
-4262.47845525 -11.857709404 1.04211717329 2400.0
2342.35399139 -29.7184686038 0.773549632669 4800.0
-801.232310802 -14.2813385549 0.865879210182 4600.0
-2094.03762898 -9.27718029443 0.79382404686 4600.0
-3722.09531145 8.34115677415 0.997151753268 2600.0
-894.199367575 -13.5420415379 0.722780804047 4600.0
4255.0020817 10.7202443968 0.966457679286 4600.0
-2601.8687331 -18.5617340055 0.986283368107 4200.0
-4326.74241349 13.7737586537 1.00463422777 4600.0
7634.07074872 -15.6965128921 0.936503999233 3000.0
-2273.71820315 -19.9057910647 0.89209760837 4400.0
6767.71587359 -18.2464897428 0.961572924963 4800.0
-2949.71298929 22.3691177834 1.15294747122 2400.0
-7916.7287325 -1.54704425875 1.43128339031 2600.0
1807.79577616 16.9006976441 0.771661433252 4600.0
4829.04803417 -19.5917625661 0.807789547014 7800.0
-6508.39741383 -28.2835443274 0.980369746117 2200.0
-5665.51023102 -8.52914509122 1.05477502888 5800.0
-8838.64411967 16.0577411361 1.17311215581 3000.0
-6270.25047986 -10.9427704049 1.07564541724 4400.0
3525.34558388 -16.7471656664 0.796119882335 4800.0
1539.55145977 25.5886695977 0.749767659805 4400.0
-7274.19696151 12.3011383139 1.04017682389 2400.0
-5290.88667569 -16.4184064645 0.987688260049 4200.0
6015.79591485 2.55149858231 0.913788911382 5000.0
1767.41656535 12.8343920152 0.81224132396 4400.0
4931.58423713 -13.7631136684 0.930581140709 4200.0
3945.40904165 -16.8862692193 0.956005786095 2000.0
-9851.65371788 -27.7223137709 1.44300334982 4200.0
-4047.94731799 -14.3673674642 1.04787675703 3200.0
7287.67574053 -16.9671913266 0.955398782059 5200.0
-5817.51904955 16.2823223025 1.0043521855 2200.0
-1327.29139842 -29.3721442253 0.784745588657 4600.0
-1089.29371439 6.81971407651 0.73696870135 4400.0
-5245.11362731 -11.9364068593 1.01149844026 2000.0
-670.287259997 -20.1489695574 0.842447154203 4400.0
4748.26001785 -41.3495534503 0.89401522445 4800.0
2329.83736538 18.7063955851 0.859120400969 4600.0
2670.17843318 22.0088115703 0.735129538066 4800.0
-2155.53018347 13.4518488124 1.05628269695 2000.0
-3951.57947303 -16.6095456758 1.02686565033 3400.0
2595.2256982 16.6965534181 0.784481184331 4600.0
2804.64384341 -19.6354323878 1.01782023699 2800.0
-1512.47010654 15.4778381813 0.819875945073 4400.0
-8763.53947485 -22.7759040198 1.22247809729 4600.0
4109.72417122 -14.7346662599 0.777438585604 4800.0
862.295697351 25.9456549276 0.806896645522 4600.0
4765.97837736 -23.8432009957 1.01701413897 3600.0
3155.26819682 18.7563935714 0.973799654836 4400.0
6655.4320798 -9.28453478697 0.921243302049 4000.0
5294.21797183 35.5567591616 0.933603906363 4000.0
6332.94621962 8.25375666167 0.917972581339 5000.0
2414.39608335 -5.71159231346 0.829669594844 4600.0
1515.01723104 15.3567867948 0.776198655987 4400.0
-542.4808606 -16.3030316781 0.726514003109 4600.0
2500.46542568 -20.7290876076 0.952444624242 2400.0
4172.61927485 -18.4444690316 0.852971003161 4600.0
-4669.71010319 26.8503823659 0.98603101585 2800.0
4833.29878235 27.3132047777 0.925405796243 4200.0
7953.93520677 19.2026234292 0.997935842354 5000.0
5155.59999688 -16.1019166477 0.937566641014 2200.0
-3115.63935879 14.6822995544 0.996973672393 4000.0
-2830.87464979 -24.992073692 1.05052276897 3000.0
-3488.39708977 10.7296509126 1.06910158672 2600.0
-3062.54433214 14.3593625476 1.05914852955 2800.0
2653.18720784 24.5399156305 0.820689705435 4800.0
-3794.06836727 -3.7375893485 1.07275214233 2600.0
5253.52465245 15.720238879 1.00891656077 2200.0
-3097.45789688 4.81276752012 1.1208064812 2600.0
6010.82147315 -11.3936418071 0.907393072709 5200.0
4465.53812667 19.7287672105 0.961761815599 2600.0
10522.9998993 -20.1646731396 0.946062924654 5200.0
-971.722571053 22.3573438271 0.921319309795 4600.0
1954.01733868 -17.523468707 0.727210521152 4600.0
-1105.96950006 5.60918032736 0.834574481592 4200.0
-6962.6612205 38.2421371421 0.99823360226 2000.0
3579.34307236 30.7717883123 0.81385029185 4800.0
-9609.67188323 -12.4642234004 1.00759826677 4000.0
3294.86266362 -13.3925485727 0.802713054611 4600.0
-2556.75201925 -26.0098660466 1.81810026292 7800.0
-4266.7455555 6.95526478068 1.06095156038 3200.0
2662.91318727 -16.2505774393 0.76213802476 4800.0
-5082.76580172 15.2061362662 1.36991068621 2400.0
6017.00263497 -13.1168604067 0.936961660724 4400.0
-3634.27506672 -36.6261126293 1.13682660045 6000.0
3412.50744774 -1.35705985849 0.773815560719 4800.0
