7060.45345657 -10.0154422988 0.934888604466 4200.0
2707.81280802 -25.1017303515 1.04251409723 2000.0
-2405.74221919 -21.3918871914 0.813915643597 4600.0
5983.08998103 -3.33404160852 0.979042069539 4800.0
-4181.96902726 28.5402791529 0.99228106993 2800.0
-5410.92935363 27.2772826528 0.909630337911 7600.0
-2723.65160132 -21.0255508158 1.0305915928 2800.0
-2917.63588463 -22.6454217606 1.16307185971 2600.0
7332.40608869 13.1701712518 0.937972363551 4600.0
-1196.59846025 -28.4898310825 0.97825137233 4600.0
2864.64658223 -11.938063344 0.949727132187 2000.0
5428.05904122 -4.05365966318 0.953468711511 5400.0
-1547.24801671 -21.1120916416 0.796057558976 4800.0
1143.54122361 9.10544883835 0.79523493256 4800.0
3566.42111744 12.586098348 0.952799615041 4800.0
-2837.07520535 11.7101884924 0.857023476964 5000.0
-6981.44931555 -19.5917323715 1.08431853947 5400.0
3335.4043768 -10.7909354141 0.918489415988 5000.0
-2695.55085757 23.5853331255 1.29000090784 2400.0
3573.79526755 -5.96836808098 0.895766913049 5200.0
-5286.4231023 -34.2377491854 1.02489741262 2000.0
-1796.79614021 -11.4562332371 0.80473750786 4800.0
1107.36102566 21.8137675387 0.955652977194 4800.0
-3196.35837609 -14.4114957018 1.024074433 2800.0
3311.79212206 14.2807466624 0.914468046094 5000.0
-2958.61376825 5.96320715079 0.887900747706 5200.0
-1108.92474699 13.2464176729 0.83628050745 4800.0
5648.24048845 -11.7470789007 0.922552045696 5200.0
-3355.88504637 26.8984414515 1.03399892215 3000.0
3698.80844963 25.7135437243 0.971919907645 4400.0
-4917.2462726 27.6747176875 1.10087103087 5800.0
3709.17671831 11.661662464 0.978945203193 4800.0
5102.5912905 -13.9377454231 0.981473402053 4800.0
-3716.33829456 8.62431088595 0.892696928902 5000.0
3595.02443856 23.1127207531 1.00811032505 3200.0
-4419.49546757 -10.4066726661 0.98552267853 3200.0
-1213.29217074 -24.1447808972 0.815371004741 5200.0
-5417.66424998 19.0090119362 0.998157819938 2000.0
3445.4857391 -14.7660797712 0.845489096973 5200.0
2965.95210434 20.2971468028 0.934512349814 2400.0
944.322132808 -27.9958719819 0.766184929679 4800.0
-4181.65169884 22.5202083252 0.995668710081 5000.0
4379.56326129 28.7229392853 0.854523386466 5400.0
1177.94631404 -24.0453842636 0.787702288701 4800.0
2287.11086834 23.891339244 1.02914883691 3600.0
3692.60894178 -12.9164647218 0.889897026431 7000.0
-6263.20624781 -5.44878090526 1.10248483919 2200.0
-1230.95684934 -12.2983795348 0.798637503575 5000.0
7621.90535829 16.4632582693 0.967057717842 4800.0
3602.04860595 19.7179657659 0.965746025453 4800.0
-5241.53471418 -8.05751176498 1.04306229451 5000.0
-6251.63057016 8.14587163789 1.22564709252 2000.0
2703.76083422 -22.2269045993 0.83339863951 7600.0
-5635.18832714 15.992818659 1.09387098858 2600.0
-2609.4701913 5.12888738639 0.866844001923 4800.0
4300.81224273 12.0697542517 0.890608939796 5400.0
2391.58353808 7.98609750424 0.766322953979 5000.0
4839.59324601 -14.0881342749 0.897206072314 5000.0
-2912.95301865 -15.9709344506 0.841924268504 4600.0
6041.34301979 -20.245147617 0.906797157977 5200.0
3418.16822284 8.24968876372 0.859325709447 5000.0
-4944.37609507 24.5065574213 1.0594138983 2800.0
1406.1248296 -16.1750860325 0.803774299841 5000.0
5204.60499144 8.91902192338 0.979798451872 5000.0
3986.24970492 -32.0883351754 1.05748338731 2000.0
-5460.0708589 -14.3045395466 1.00978496115 2400.0
-3558.90014408 10.2490131413 0.914404414304 4600.0
6884.1997221 -10.1375782103 0.919560539794 3800.0
4158.9965705 -10.4438133732 0.980912979545 4800.0
2503.49435294 15.9002325741 0.951776913861 5000.0
2661.59522827 14.6830196123 0.851562570503 5200.0
-4334.44534174 12.3227549968 1.01188013178 4800.0
-1044.04640205 -13.5935009132 0.79744272405 4800.0
5701.41530352 -11.1466094006 0.928636678241 5200.0
1302.38381119 11.8525803853 0.86661796345 5000.0
6225.93547038 -17.0010624135 0.982471227864 5000.0
-6462.24128007 13.885549565 1.54648892798 2000.0
-3449.21166011 7.32344733138 1.1130998871 3400.0
-8779.38749266 3.93098883264 1.18062387438 3400.0
-3855.69798454 -8.97401428508 1.1250065951 4800.0
-3533.94753324 -13.1958833551 1.01350988663 4600.0
5284.49046294 -14.241651556 0.946787428571 5400.0
1471.05694194 -13.796448546 0.908141509195 4800.0
-2957.86722036 -18.8413154445 1.15849440362 2800.0
2630.94722212 -21.6669338259 0.838155689695 7000.0
-1673.64846699 -11.122320846 0.908735047046 4800.0
2863.79853216 15.2711054577 0.796410226601 5000.0
-8896.37740514 -11.005607977 0.978937176133 5200.0
-3155.26929183 -12.0768753049 0.904652444046 5000.0
-3408.97672764 4.58348662673 1.1615346352 3600.0
8039.76577432 10.7290900008 1.00160582656 7200.0
-2677.83313932 28.2181549712 1.02379199322 2400.0
5335.45714972 -9.24635188612 0.946557116407 4800.0
-4848.57546551 18.0884726699 1.1268093929 3000.0
-3733.42450916 28.9718707104 1.04353729323 2400.0
-598.883858831 15.8508678267 0.72775723199 4800.0
2673.39413295 -18.237056542 0.863649567923 5200.0
4409.38629845 20.8067485418 1.01320003991 4400.0
-2778.41063022 19.7742250405 1.0373304465 4200.0
-4677.03950159 22.8201487218 1.12928611954 2600.0
-5696.53183122 -16.4269274446 1.27637139506 2400.0
3594.75156083 13.8704735831 0.987105621587 4600.0
-3637.67490474 -16.63930405 1.04285366781 3600.0
4912.17540328 -18.5949794854 0.920579771117 5000.0
2787.66934612 10.9530582225 0.932953344504 5200.0
4412.9737475 -5.21167478373 0.961527119669 2600.0
2709.38637984 -17.2553656239 0.888739967288 5000.0
532.023482405 -8.80783974699 0.772261356169 5200.0
9427.80929886 -9.77656973897 0.905862312824 7000.0
677.11608579 -27.4158298032 0.778075741093 4800.0
4071.66580371 -38.8420850691 0.915629617955 5200.0
-4249.42604268 5.19422384963 0.987990397851 4800.0
6528.35980668 16.9254520607 0.985130434903 5000.0
-3361.98836278 10.9036714076 0.974464874955 5000.0
2165.91755956 25.3980685173 1.09963655414 2200.0
1021.73186496 19.4754037723 0.845621773158 4800.0
8322.30575681 -3.22245685915 0.995563821822 2600.0
4589.80872237 -14.7925473187 0.992162866699 2200.0
-1801.87416527 8.28488738444 0.815824236156 4800.0
2798.83350229 -31.8241205661 0.790515907931 5200.0
-1605.35911361 8.4047509576 0.91183412534 5000.0
1038.66911676 -5.99803162894 0.749909910332 4800.0
-3385.61033558 -20.602768983 1.0886703224 4800.0
-768.795105251 -14.5606989826 1.07265364571 2400.0
-5243.75794388 -17.488398997 1.28284510922 2600.0
3171.41752604 -7.90329954085 0.802309837012 5200.0
1917.84631418 16.0363972026 0.908671317604 5200.0
-1151.73317163 17.4326857753 0.821427905483 4800.0
1598.16287049 19.951436259 0.973233514651 3000.0
2186.48246901 18.1340694423 0.811400551859 5000.0
3950.81316317 18.1398150634 0.953204912363 4600.0
-4434.69851789 21.4072472005 1.04597548581 5200.0
-6868.65199519 30.60861713 1.08481641532 2000.0
-1134.3845227 -3.72700132947 0.799533944256 4800.0
-2505.91831937 -27.4900770494 0.806467969105 5000.0
2924.8028898 -18.0199435221 0.777887919315 5000.0
7530.14090701 10.2721549771 0.990273524774 5200.0
-1821.81941047 -17.7827453737 0.766872376586 4800.0
-4882.09682673 -4.04868683949 1.12533336098 4200.0
-6423.98739807 29.1976607801 1.03021677219 5000.0
3959.32380722 -10.8755286962 0.95313181622 5200.0
4751.27179126 -30.77753373 0.956338585848 4800.0
4073.20123407 -25.6378189669 1.00203220017 2000.0
5036.4006915 8.16827743883 0.912478735031 5200.0
2077.95195306 13.9415744846 1.02405222044 4800.0
1153.54591925 12.0453800204 0.764294432159 5200.0
-2083.21415289 5.64050800598 0.831915890891 5000.0
2573.00717261 3.34369060523 0.85287730584 4800.0
1651.15652953 -13.2044325914 0.750206944799 5000.0
-1801.71742494 14.1575818687 1.06921527551 5000.0
-2281.06836216 -35.6363102613 0.736029988113 4800.0
4556.73804545 -3.0457780024 0.89999250477 5200.0
-2370.83347257 -36.5692275159 1.00041363992 3400.0
-726.470892294 -9.5619844004 0.822915015625 4800.0
-3396.14258292 -10.0886464013 1.02221428599 3600.0
8866.25093859 30.0710997003 0.984182971715 7200.0
-4082.31457538 18.712334418 1.01877727485 5800.0
3239.60091672 10.3455922557 0.852774616244 5000.0
4863.60871155 -25.3769310235 0.928150484878 2000.0
1137.07798816 -17.0354847465 0.714531874594 5000.0
1159.18747534 16.1967209864 0.812619882744 4800.0
-421.577935689 -17.2582423792 0.94436135247 4800.0
-6141.58905946 -33.1487343416 1.04158499877 2200.0
3276.04688893 8.00285984422 0.847824108479 5200.0
-3617.15338316 16.8251739835 0.868435755075 7000.0
-4086.82149752 19.3866249674 1.06788952436 4400.0
-2136.2961104 -14.6010212926 0.770935688987 4800.0
-2836.82520682 -6.56074888755 0.83334542602 4600.0
-3249.48361794 -15.3418073943 0.994416751589 4800.0
-3720.4456275 -6.16868626299 1.14171677571 2400.0
5521.22410765 31.5409773983 1.03944167214 3400.0
9688.7417446 -22.0078287242 0.937051574371 6400.0
-4258.00950043 -13.9429851988 0.972535138618 4600.0
-5130.11292684 10.8438976041 1.24744188636 3200.0
-1306.66581311 14.1308821844 0.883839413657 4800.0
-2539.54100173 -6.72685353606 0.913204279356 5200.0
-6320.00002123 -28.6326108519 1.03417789826 2000.0
3466.53213073 13.5795124994 0.91337566158 5200.0
-3718.09922576 39.117037407 0.764292754727 4800.0
4214.47360193 9.24679550148 0.939383372118 3800.0
-1479.8704556 -21.9842891377 0.764076980482 4800.0
6653.06080919 -11.2363467249 0.980031199977 5200.0
-3928.527838 -9.71233831095 1.16792347895 3000.0
-2978.15701049 -9.1200683634 0.845177501974 4600.0
3744.00486555 8.99358575593 0.974735047087 4800.0
3744.69715077 10.3440529179 0.971961569413 5000.0
4661.50921171 11.7814584892 0.906955868689 4800.0
-760.458625455 -11.0963191555 0.774303149204 4800.0
-4659.14940638 10.8917814794 1.06750426584 3000.0
-4711.0650958 -9.62595715178 1.11561625947 2000.0
-1994.43682682 12.8254431159 0.805744057912 5000.0
-7397.49826001 18.9720971266 1.01409635381 4000.0
4557.35168925 13.4583277479 0.910268089544 5400.0
2364.76465681 -11.3305621589 0.816819021729 5000.0
6934.61153179 -17.7018899486 1.0192754468 2000.0
-2852.5524139 -20.1945756388 0.851401540463 4600.0
-2063.28056603 -16.4882924485 1.01355035871 3200.0
4615.08391173 17.613114198 0.907249862766 7400.0
-2301.62125311 28.3106735446 0.963077357163 5000.0
3255.6698114 -13.4271262016 0.826153333383 5000.0
4651.15898726 8.12757350285 0.93709948473 4400.0
9305.30897102 -10.0792881402 0.94468087349 7000.0
2881.65724364 25.2545328883 0.778299651985 5200.0
1390.7804229 17.9317864677 0.917430273932 4800.0
4100.59582097 -22.2171472976 1.00581710701 2200.0
-6424.30832233 23.0771796863 1.02301741023 2000.0
6085.23335369 15.5968135342 0.89941596852 5800.0
2280.43641416 6.92832788465 0.788003329241 5000.0
-5430.32358838 18.3132810257 1.13860752625 2000.0
3472.1595703 11.8089650349 0.978406896602 4800.0
-1725.25778973 -9.34173349224 0.902728852628 5000.0
3362.3629943 7.16108863187 0.955869059564 4800.0
2837.55281447 23.0493116459 0.922322138651 6800.0
-3901.46892129 -8.57985744386 0.971860598166 4600.0
2037.18914183 11.0206676469 0.821511534409 5000.0
-3947.72272521 -12.6126023228 1.00041904977 3000.0
1855.51130414 -11.2166689574 0.71692365319 5000.0
-6293.95912214 13.1168437604 1.06372010868 2000.0
-1265.20237078 -11.0601351415 0.759140358283 4800.0
-4355.73789366 17.7493989489 1.30364539936 2200.0
4818.48840511 20.5347262275 0.909489169578 5200.0
11504.8645125 13.6201654786 0.986403456946 2000.0
1819.86679043 22.9612762913 0.882696258473 4800.0
2229.26977736 11.9067297404 0.862067839969 5000.0
5840.74731829 14.0061696598 0.927581217863 5000.0
-7284.61608474 10.6009240755 1.04028455523 3800.0
-6381.24371348 -4.86225400324 0.990441548398 3200.0
-4653.79010523 -28.074880869 0.959778310545 7800.0
2234.78993412 -14.6132911797 0.968459031959 4800.0
4174.02598902 -12.9496644722 0.870373165937 5000.0
3129.32956796 -5.72546321637 0.807837577574 5000.0
-2214.92184868 11.733725726 0.856387290206 5000.0
1329.31029147 15.8868482717 0.800784848623 5000.0
1984.52033611 8.91437042172 0.741027629798 5000.0
6382.6569248 -7.27375582202 0.986017315953 5200.0
5558.87064091 10.7742600309 0.964939443805 3600.0
3204.79584599 29.6905753373 0.941848094416 2000.0
-1502.39390313 17.4772775406 0.977243383081 5000.0
-3379.88868647 -11.6451740944 1.06752490883 2800.0
-3291.2674345 28.1645421644 1.0376675881 4600.0
5159.39194877 13.9788209486 0.892272679815 5800.0
-4847.84765787 -28.6461982921 1.09852718636 4200.0
3095.50861701 9.79152511309 0.843764451428 5000.0
5108.19659373 14.6646366595 0.871030929322 5200.0
2273.60718555 11.2391788041 0.768965333515 4800.0
2976.71995694 -20.124046206 0.795907065942 5200.0
327.574706775 17.9196836529 0.767461113195 4800.0
-882.579291861 -11.5098710597 0.83581437387 4800.0
564.534191606 9.99653209512 0.752940853081 4800.0
-7646.28163702 15.6324896211 1.12696491531 2400.0
2467.22857713 23.3655733001 0.778803795335 7200.0
2325.98026657 29.6699627602 0.799896403726 5200.0
-5705.84804654 -8.87083213068 0.984387043623 3200.0
4644.16210004 20.3891981013 0.913548370286 4800.0
5776.91686479 -18.9799263278 0.908402340207 4800.0
2418.59161903 23.618326004 0.840554806841 5000.0
5712.6967422 10.5202508745 0.970681936018 3400.0
1088.33615637 -6.62508619689 0.702688455699 5000.0
1848.27456206 -34.2627006398 0.73526400014 5000.0
4034.28870792 22.4892414539 0.97056139986 5400.0
-6068.12140108 -1.31087874338 0.981983229453 2000.0
3918.39714313 -18.4917324258 1.0528952955 2200.0
4955.33230831 6.2266595981 0.987968163576 4600.0
3419.12063466 14.6034148192 0.988027937481 3000.0
-5922.30910161 15.0317712277 1.05926503828 2000.0
1821.08231016 7.19726445509 0.803272206097 4800.0
3240.70177117 14.4280882231 0.983417486089 5200.0
7495.32364036 -16.3536093843 0.943453102779 3000.0
2430.79420628 9.95112691254 0.846208829895 5000.0
5012.35416729 36.5187091995 0.959822845495 2600.0
8710.01929482 24.9222851392 0.930749802483 7400.0
3973.14119838 -10.460205 0.871288905597 5200.0
5321.38884863 18.5558350471 0.902671214727 5600.0
-4291.29432071 9.35674101369 1.17909435007 3000.0
3028.76449271 -10.2040173623 0.828257638593 4800.0
5134.76676077 19.1846566954 0.965523328413 3200.0
-6168.71203642 -25.2861137515 1.20283012017 2400.0
3761.0584211 -5.35878122296 0.972268418797 4800.0
2736.28842151 14.374144919 0.834428793326 5000.0
4239.33390749 -13.8520863332 0.995021701802 3000.0
2701.80747891 -29.1328705956 1.0425985884 2000.0
-1871.81776462 -21.4675779058 0.896067609273 5000.0
-3880.98571504 15.5197176687 0.940181407188 4600.0
-4589.27784628 9.31448437031 1.0651151786 4800.0
-3469.51126893 -7.90022197185 1.11941330416 2600.0
3009.46453829 33.2436527078 0.927518154747 2600.0
2766.26374512 11.3847476212 0.748578848039 5000.0
3218.65550475 19.2531394844 0.86920636861 5400.0
-4716.7308701 -24.5924517493 0.879891447246 7200.0
1838.12897561 -10.2333201205 0.771782769229 4800.0
3518.1034575 -11.3964565669 0.957879659687 4400.0
4070.50687913 9.88309475799 0.886323865755 5000.0
-2185.66864546 22.7474858968 0.735306456067 4800.0
-2959.69242463 -12.9101649024 1.01495219185 4600.0
2874.03169231 -10.7768276535 0.987793080849 2600.0
-4474.76534526 6.5966033386 1.27577831389 2600.0
5302.25246016 -15.1830886396 0.92292321133 4600.0
-3429.14523378 33.204280134 1.04428648695 3000.0
602.378194632 14.5729061318 0.797516343996 5200.0
5956.11661273 7.40722520078 0.947723953205 7000.0
759.533578817 10.2416876816 0.753824411869 5200.0
3797.96651243 10.2683351772 0.888844054883 5200.0
-996.877289017 -14.7616014322 0.805138676695 4800.0
-5420.35993377 -20.8794124621 1.21016647254 2200.0
1580.1120099 -30.6934739162 0.78493578756 4800.0
2583.06416278 14.414629895 0.712844583617 5000.0
1249.06334203 -8.96845099685 0.738961036339 5000.0
3119.79904285 -5.01397376645 0.827072905726 5000.0
-4349.07835092 12.654538404 0.988808203928 3400.0
-3710.31000702 -21.7594667605 1.08352628077 2800.0
5411.07611022 11.1930976021 1.00218841386 5000.0
-3862.78088359 -21.3446976065 1.05217046735 7200.0
5204.99585126 -15.0337386736 0.979918586113 2000.0
3358.21508339 -26.7462955427 0.850514483564 4800.0
2896.13068644 -13.2848998697 0.90456623033 2400.0
-4419.3847802 43.0779597788 1.0362898199 5000.0
-3171.62114974 11.2101866142 0.961081779015 4800.0
2788.50472457 -8.45231257823 0.812032929095 5200.0
5262.627387 -16.2365243531 0.919677901071 5000.0
1961.62478393 22.3077257821 0.944659666016 5000.0
7218.84783165 -4.45315793335 0.987845700981 4800.0
6794.26834344 -15.9464921943 0.983843518103 2200.0
1525.29556296 -18.4448363537 0.765292606935 5200.0
-9252.37894463 30.5822548513 1.02423638725 7000.0
3043.26421933 -19.4502928708 0.892938046421 4600.0
-4222.12963059 5.63477331453 1.00070503267 3400.0
-2701.02798205 -31.2710207591 0.813895294102 4600.0
4000.36440937 10.5490860701 0.946713975875 4400.0
-1099.11064366 -7.5334026064 0.762712131885 4800.0
-3909.20178027 9.73403110525 1.06422691058 2600.0
6804.83963575 -11.2808907169 0.976952358947 4800.0
-3123.59565102 -23.9563511863 1.01092270816 4600.0
-5080.78614133 10.2900090147 1.01659111037 2200.0
-3391.92989765 -15.644194263 1.11857430598 3000.0
2301.26287216 -23.0737392909 0.842330328709 5000.0
-10428.0122561 30.1695133933 1.08254253224 6600.0
3692.67113863 -12.0722755448 0.971186819556 4800.0
4136.93970441 -9.43503945956 0.979454252308 5400.0
3162.63985218 -13.68092707 0.989371757273 2600.0
1964.63380844 -17.7339308093 0.728085019078 5000.0
1704.44493629 -16.7923169817 0.74111050667 5000.0
4061.12161895 -24.1628619469 0.860173263846 7000.0
-4861.24101883 9.53480902521 0.979337473988 3400.0
6107.01531508 -15.2184375996 0.960593713547 4800.0
2562.87027099 12.4422779739 0.890750909816 5000.0
8788.01245364 -13.5857726191 0.98743234292 3400.0
3194.65749576 -20.717724744 0.889184466898 7200.0
7915.61381034 33.2419604635 0.980024208144 5400.0
-1116.1117355 -7.76145362371 0.802432184064 4800.0
-3557.31999857 17.7471807467 1.03827667493 4800.0
3018.96306643 -3.60890805658 0.89534299559 4800.0
2067.21827168 -22.1632238741 1.05368532727 3600.0
-3767.29559589 -19.1307091554 0.911596746863 4800.0
-1526.51189303 8.89923524818 0.822879061406 4800.0
-6109.89086381 12.3481338484 1.03073236773 5000.0
-1619.70405922 3.24103305053 0.810149031297 5000.0
-3829.24838092 25.7838454687 1.14201219976 2800.0
1290.90514447 -14.6865383696 0.727849478554 4800.0
-2366.1504336 -26.6646504724 0.951775095156 4800.0
1997.83900476 13.7120741691 0.966253625216 4800.0
-2509.41905302 5.73222799409 0.845490658972 4800.0
-5216.98058183 -15.0254352677 0.970309421466 4600.0
5202.89688595 22.2193539918 0.993105167462 2800.0
3638.56947697 -15.8339288519 1.03214422604 3000.0
5049.06897749 -16.8653209608 0.90169468576 5200.0
2844.99228447 15.6154405804 0.830783289714 5000.0
2935.30760828 19.5521222134 0.964781328661 2400.0
-1259.56438952 5.68729502904 0.771797274842 4800.0
-4536.29679413 17.7361242905 1.15606055587 2000.0
-1784.48276624 9.55772864055 0.814667300798 4800.0
-2573.11234091 10.2101520487 0.888551019132 5000.0
-6276.53593459 29.739201708 1.00038347754 2200.0
1690.53001632 13.590012544 0.871743227801 4800.0
542.303481852 16.9348822137 0.761888512408 4800.0
3380.87676381 -6.62553836696 0.973160273793 5000.0
4412.02819506 -22.5913140101 0.935912786014 2600.0
-2832.27802374 31.876087764 1.09563429112 2000.0
-1443.84193327 -8.82608043481 0.790946309604 4800.0
3708.2258606 -18.6708554172 1.01782611608 2000.0
4440.43336 22.6801490992 0.973227656832 2200.0
5192.12360832 10.330821707 0.904810084375 5600.0
-6343.9585666 21.5555992032 1.11782732784 2000.0
1733.27315076 26.2178448028 0.87958763931 5000.0
3462.45727752 -16.9162517143 0.891719793781 5200.0
-6369.65612809 -8.56625981144 0.985410408399 4800.0
5908.98808196 11.3432249812 0.910100533842 4800.0
2358.79296749 21.0573355992 0.93734395736 2400.0
-3035.25278917 25.1114086135 0.858866888835 4600.0
-3663.11206166 -8.93182002211 1.05599499634 2800.0
5413.32008276 -18.0285285811 0.896611386686 4600.0
3963.6422701 -22.0359845204 1.03599400607 2000.0
2903.69198857 -30.9336645643 0.913988043405 2000.0
-545.098005049 -11.5777673318 0.888223529921 4800.0
2472.14105582 -13.1589372482 0.999136345005 2000.0
-4572.19686314 -16.3268862886 1.0253520738 2000.0
-1715.55070128 11.5902024262 0.788685930107 5000.0
-5242.80050609 14.404693722 0.976331317168 2200.0
-2540.51979037 22.893588911 0.861509875417 4800.0
-3656.23848994 -7.84887835943 0.858496543693 5000.0
-3277.60062709 25.1452380387 1.12884353917 4800.0
-4748.89835243 14.5460789073 1.02323713934 5400.0
-2056.98877839 -12.9552240018 0.745559624742 4800.0
-3511.04932591 -10.2197784977 0.840652331565 4800.0
2669.13471457 -11.9472725163 0.96357180113 2200.0
7324.03804975 2.53172693567 0.986204849439 4800.0
-4489.88826523 -8.19539161675 0.970399070143 4800.0
5295.9398323 21.4406220151 0.964921594259 7800.0
4408.29343839 -14.9149373274 0.959008813212 4800.0
-3551.78199484 24.9267120183 0.994260762571 2400.0
-4823.25368806 -14.4025311639 1.13963647439 2000.0
2503.15006394 -25.5935559044 0.837754285529 7600.0
2391.12829017 -21.6387293821 0.810795342997 7600.0
-1500.49844526 19.3405685417 0.961548073494 5000.0
2044.81844716 5.02899453914 0.768940458266 5000.0
-1084.20707873 -16.7081158312 0.80483771121 4800.0
2691.69513584 24.5751524431 0.92907597577 2400.0
-3611.90390036 8.24238375258 0.984490763666 4800.0
2307.13269229 -6.72899789676 0.884525272643 4800.0
-4529.58042816 -16.8289474526 1.03641282435 2000.0
5215.64252699 31.4376009442 0.927123564928 2400.0
-5411.28890058 6.16682854067 1.04699839928 2000.0
2407.89911331 -7.73496301684 0.727005021172 5000.0
7863.67586532 -27.1202750547 0.924905621373 5800.0
-2417.48774141 -29.5785190276 0.825476665793 4800.0
7917.25548199 29.1114872516 0.95816591502 6800.0
5249.33369349 -23.3868056382 1.00417413056 4400.0
3211.38911672 -12.1330999384 0.890567989599 4600.0
2845.83327305 12.1438131886 0.779953567278 5000.0
5339.6024382 23.4914167722 0.982954979578 4800.0
-1652.1729285 26.8233284532 1.00353904299 4600.0
3352.85188797 13.9789189348 0.977021530279 3000.0
4389.67461278 10.6897458265 0.919272738756 5400.0
-9828.8260905 10.9995719194 0.982158911531 5200.0
-5152.98089585 15.9538750407 1.03112723329 2000.0
5657.43908796 20.3038673448 0.935566675073 4000.0
-9569.08332935 -4.64479441716 1.02337257518 7400.0
-1503.27166429 -23.1423018754 0.738812572417 4800.0
2764.9100162 -9.19426558379 0.778667452264 4800.0
-2694.34399729 -12.9505797745 0.955301048118 4800.0
-2394.57011383 -21.8391955588 0.832047879334 4800.0
-5521.20921313 10.8381673541 0.97876392631 4600.0
-2741.23853995 -19.181594073 0.891326019533 4600.0
-3386.34607252 -11.4887164902 1.13913828228 2800.0
3506.80090162 -22.8231663331 0.824790719698 7000.0
-3024.37829601 10.2730449302 0.928090003582 5000.0
-3042.46259718 -11.1282092604 0.944892043319 5000.0
637.010439477 -10.402481667 0.749626734501 4800.0
1855.58292312 -6.47442628608 0.776558610826 5000.0
3445.13828877 -16.1943833295 0.769941667718 5000.0
-1248.51980613 -16.0329707898 0.767630103554 5000.0
-3427.35363931 -9.76423049514 1.11936190854 2600.0
-3430.93289902 24.2078454166 1.13597346117 2800.0
3409.59563258 6.45588660146 0.84728384386 5000.0
-2112.67665403 8.74303505587 0.785677564941 4800.0
-2517.39296891 -22.8051330528 0.81071712832 4600.0
2571.62482463 -9.33044666941 0.892783923769 5200.0
-6328.02404834 19.6595034468 1.01756704718 5000.0
2910.48101112 13.6408516659 0.80590818471 5000.0
-4141.15918011 8.86976910591 1.03769652717 2600.0
5592.63853888 -6.20073875027 0.976658552224 5000.0
7539.31434471 7.41279898933 0.919011963278 5800.0
3646.88820568 16.586500535 0.94545076512 5200.0
3000.8010967 14.7318234301 0.924517941707 5000.0
1331.80148346 6.45488126241 0.790808457531 4800.0
-3760.24448789 17.119898308 0.930950198243 5000.0
1938.24166808 -15.3305149424 1.01827766795 2600.0
1925.35506999 -12.5977920351 0.754542924251 5000.0
3246.15625796 -13.5144248605 0.970899854269 4400.0
-2415.72656673 15.9479349466 0.925329157753 4800.0
-1537.92438182 12.0844532478 0.743956907772 4800.0
2083.32999389 -25.5055842063 1.02412366765 2400.0
4383.42561977 6.12887513558 0.901830351398 4800.0
1861.19829399 10.6749200161 0.763315164958 5000.0
5475.63562449 18.2903561369 0.929290552097 5200.0
-3853.99817544 -8.80000466612 1.14257980324 2800.0
-1084.32294335 -33.2661410871 0.824898459555 4800.0
-3651.93415236 -19.0442069346 0.993632805357 4600.0
-6176.38225142 -14.413511832 0.992686154261 3600.0
5970.53639974 -26.7481997754 1.00152087936 2200.0
3984.79022572 16.1049336997 1.00150920356 2000.0
1619.26756582 24.1698002579 0.804382787262 5200.0
-2402.40392504 -8.62434254905 0.861111398686 4600.0
4134.89550304 -8.92674850819 0.904602336191 5000.0
2111.02428448 21.4433401945 0.812832931735 5000.0
-3362.56846086 -17.3050294839 0.955748610721 4600.0
6248.95380726 -6.33767917047 0.913166471293 4600.0
-3478.91116928 -2.93593042569 0.879819928163 4600.0
2547.96470083 13.8216336528 0.838253669959 4800.0
-5854.52156235 -15.2682868334 0.983440018448 4400.0
3561.22193936 21.2907174304 0.855155827577 5200.0
-3917.51617148 12.3443321078 1.16687198561 3000.0
-3481.12529549 -16.7404802707 1.05593487771 2400.0
-5602.55646128 -16.1939575315 1.49591240986 3000.0
5542.30370256 16.6004446383 0.983964412336 2800.0
1070.71792806 -21.1816192354 0.80850613302 4800.0
1872.94007766 -26.4903171893 1.02790117491 2600.0
5326.05304528 -15.0438541181 0.928081841191 5000.0
5486.58177747 -14.5261998212 0.972413158015 3200.0
1124.37451973 12.819508171 0.911700698342 4800.0
1209.7808828 5.38185708124 0.786500770181 5200.0
-2519.85940496 -18.458248955 1.00388783474 2800.0
-3643.85660444 -17.7311713999 1.09202994035 2800.0
-3479.22913371 -7.82069273754 1.10336653326 2600.0
-4456.00105253 7.33836128647 1.12523515363 4800.0
-1761.08009246 24.3456185625 0.713939139187 4800.0
1601.7364237 -10.5020687516 0.788826647028 5000.0
2001.14912207 -16.0050133644 0.822537542202 5000.0
1241.65973546 -18.0459982054 1.12936435929 2000.0
-2804.06811346 -39.6267361147 0.823209634224 4800.0
6523.0910665 -16.7756200959 0.932910281882 3000.0
-10171.7197049 -8.36545014667 0.987515027984 5600.0
5579.77225122 23.6712622556 0.935933673387 4200.0
2242.10636916 21.0815438851 1.02479348392 4600.0
4245.56721811 26.1089591398 0.91550456896 5200.0
-5437.74883508 -9.73051841023 1.18659165875 3600.0
-5454.29581768 23.3622019384 0.990149887015 2000.0
1890.22087735 -7.81600208959 0.820120549719 5000.0
-4765.71457982 13.4511999911 0.997189951052 4800.0
-5129.90030229 6.06999090744 0.986748922109 5000.0
6696.29205835 -16.7920464045 0.960238588482 5000.0
2833.06991568 24.1459497658 0.947176260641 3000.0
-3147.87330107 -7.64228445392 0.862059456181 5200.0
-2484.45040435 -19.8570220624 0.951839150752 5000.0
-2399.54922238 14.5632916284 0.769951316938 5000.0
4004.42410814 -2.31274728395 0.951886581366 4800.0
-1188.14168808 -9.84119762241 0.758704107373 5000.0
-2890.05599697 25.3864360451 1.02809683987 2200.0
-4650.01210233 13.7798049943 1.17440090566 2200.0
-5602.97386812 3.35187337987 1.1905183311 2800.0
-6356.20499324 -24.356716481 1.13628190137 2200.0
1021.43694829 -4.55573998211 0.740128399173 4800.0
2341.63837912 -16.8702556667 0.80035857293 4800.0
4832.33507367 11.346210521 0.939324706851 2200.0
-1707.82864158 -15.9685742366 0.753487608182 5000.0
2204.80217847 12.0073856976 0.832925503404 5000.0
1617.98116084 9.70006718425 0.901142407617 4800.0
-7000.37085038 -13.6753792559 1.29509364678 2400.0
-3802.86513375 -13.4289809968 1.22546857319 2400.0
-5930.12807447 23.6743313063 1.02532149584 2600.0
3723.46116374 13.3944908177 0.926338779326 5200.0
4921.97550661 -18.5084103205 1.03141792465 2200.0
4120.87212449 -5.19365538618 0.94540151378 2800.0
-2209.51963518 18.2185185973 0.961201355311 5000.0
5192.75990297 -24.401100834 0.98864984875 3200.0
2223.20339359 7.44490071546 0.868369313655 5200.0
-3271.0302808 -20.2331506978 0.935815365538 4600.0
7047.33168819 -17.2026205769 0.918265365201 4400.0
3376.35863311 20.6393444017 0.94775035783 4400.0
-3647.32631968 -9.39144761669 0.927674555464 4600.0
-4323.40172048 -13.9987383767 0.983737687495 4800.0
-3137.46230477 13.1610911591 0.912194058429 4600.0
2329.67186844 8.40664425048 0.93068948625 5200.0
3260.59688935 -6.60527198995 0.898615254061 4600.0
3478.26230817 -10.9442775388 0.819393988468 5200.0
2949.69461785 -14.6187234695 0.884648717814 5000.0
1889.67814071 26.2900489497 0.918087487535 5000.0
5071.39517479 22.0009138626 0.994650537775 3000.0
-3431.69611374 10.4128869235 0.835910331747 4800.0
4685.95556576 -8.63649634809 0.913899464952 5200.0
4576.6446136 13.3963755832 0.976649709817 4800.0
3333.76087117 -26.7110347656 0.75988174931 5000.0
-1445.64522343 -26.1067524417 0.772168509394 5000.0
5561.77146386 -25.8873817649 0.989587564265 2400.0
-984.316341108 8.15505542146 0.764281285469 4800.0
-1991.42562954 25.3186144731 0.877247572349 5000.0
4485.30751657 -12.3019975603 0.956056666712 4400.0
-382.218698172 5.44118360412 0.800288327544 4800.0
-3137.95132855 31.6010539845 1.00788656358 2200.0
6238.4980493 14.466682605 0.961106017957 4400.0
-2058.70555645 -8.85719452928 0.793232843386 5000.0
-3026.23275975 21.3818420288 1.01910210023 4600.0
-4008.88464415 -24.2069100237 0.949666381074 4600.0
-2194.97066366 -14.145172654 0.844456683213 5000.0
-6129.5705338 8.58774315632 1.04401467894 2000.0
-4996.43381899 -12.464821619 1.07445101375 2000.0
-2131.35448276 16.3738571672 0.882060254586 4800.0
5274.37670766 11.7548674185 0.982401970363 5000.0
-3149.68225987 8.56148728852 0.841524849407 5000.0
-4169.76139337 -4.01320260851 0.984332747437 4600.0
-2604.33668171 20.2466087876 0.859432996415 4600.0
-4741.05068837 -6.83542767543 0.983942188846 5000.0
3514.28108003 -5.79148528396 0.872025036216 5200.0
2652.174034 15.9346568507 0.864903444403 5200.0
-6121.64178962 -8.68110273985 0.98768819604 3200.0
-8676.11433106 10.6454473465 1.02206725191 5000.0
5647.32690167 16.5967132485 0.930247056807 4800.0
7354.64250324 18.9610514257 0.91541016735 6600.0
-3800.90789746 16.2920560597 1.09720703908 4000.0
4036.28911299 -9.36714385655 0.890805953146 5000.0
-6300.60701015 -10.4380819923 1.04437517054 2000.0
-4300.34590557 -11.4367233939 0.960378397944 4600.0
7766.24031092 -8.72401526999 0.998793692424 7200.0
-703.737415664 -4.52249344515 0.743749123177 4800.0
5036.77607943 -21.0805249397 0.897087195446 4800.0
-192.554361327 15.1120004787 0.744105566697 4800.0
-2949.08159577 -24.6593110833 1.05360020859 2000.0
-1763.49057417 6.90487574925 0.84305910705 4800.0
-2222.28528276 -9.72825096579 0.858155269394 4800.0
-4191.78546808 -8.22049311972 1.21201776722 3000.0
3259.45019058 -10.191199639 0.880485815617 5000.0
-2546.71868258 8.49464159956 0.827375271862 4800.0
6386.25678612 15.5782631406 0.97947370163 3400.0
4448.84391701 14.7160008264 0.928134781283 5400.0
765.726522583 -25.191440362 0.895706766722 4800.0
-7730.50940528 20.378865437 1.10604096638 2000.0
2733.36089049 8.57205854961 0.764866246153 5000.0
3282.92518219 -12.6617419533 0.874861772152 5400.0
3724.34208296 -11.1580263883 0.894005369698 5200.0
2428.62150095 17.4625879238 0.936408336633 7600.0
1447.44489885 10.1446606115 0.752106389366 5000.0
-3919.82803442 21.4711667748 1.05221249291 4000.0
2458.17400789 -5.55694639101 0.820993724607 5000.0
-2625.4024577 -25.9292310636 1.08337695563 2400.0
3476.62073242 14.7071201172 0.89890927985 7200.0
2639.18664218 -11.452799907 0.720894174974 5000.0
1841.54454584 22.5683442083 0.806655965798 5000.0
3436.08258718 -18.9923795536 0.853603049822 5000.0
3622.4201668 -22.4287056467 0.837999019133 5000.0
3973.07156021 14.0791335911 0.978880657809 4800.0
4002.38186447 -21.4172074989 0.901444635214 5000.0
-2653.87192892 -26.9567905095 0.825046824888 5000.0
-1519.74904147 -16.3473187375 0.901021160395 5000.0
4839.70718397 20.3444130951 0.934898573366 4400.0
3567.37018312 12.2479804812 0.850708622213 5200.0
-5377.36137962 -5.0699870801 1.35093669851 2400.0
-7005.88518536 14.1677757543 1.02258095586 2000.0
-2099.57165637 -13.9242663194 0.893804190576 4800.0
6004.73733847 -20.7607744718 0.985183914623 5200.0
3255.5080193 -8.22531232835 0.919988958758 5000.0
-4716.08666604 -8.65277573893 1.30120205809 2600.0
6688.34063288 -7.64072084821 0.934485852428 3400.0
-973.901960891 4.06562789048 0.807852951482 4800.0
-7348.85839844 -20.6515644402 1.05429802593 2000.0
2410.26865211 18.0328147943 0.825440167042 7600.0
-3542.11389789 22.8318543388 1.07822350292 2000.0
-3691.19140337 -7.41198359471 1.07559243607 2800.0
-5211.32572306 20.8502271795 1.04355630591 2000.0
-3476.32194384 10.2521000161 0.939818231733 4800.0
-4667.70189465 11.2070199665 1.07420515825 2000.0
-5735.74395986 18.946252292 0.984163240926 4800.0
-5598.68043225 -9.71645205272 0.985392291051 3200.0
-3097.80813952 -11.3057854595 0.886499296936 4600.0
-4347.05964582 17.8662309985 1.06548752754 2000.0
-1564.0255006 20.0931383692 1.13682431829 4800.0
1189.87384241 30.4179309211 0.716472996676 5000.0
3028.71549844 10.977971409 0.897447181138 5000.0
8836.91421221 20.3146599325 0.950287780645 7000.0
-3660.32833366 -19.1238782303 0.830188443153 4600.0
-1869.14102434 -20.5970365881 0.794465426128 4800.0
4279.57787688 -11.111706148 0.970417672982 4400.0
3250.42687466 -12.7288295049 0.98059148303 4800.0
-6293.39371499 -8.94251883617 1.06674311533 2000.0
3524.983084 -31.5599957187 0.858210386665 5200.0
4448.0970685 16.2329533402 0.995323498222 2200.0
460.947367802 -5.89881177899 0.722923455235 4800.0
5445.87593285 21.1258329874 0.898317549392 5600.0
-5418.85128323 -13.0707099417 1.03072261318 3600.0
2388.43725405 -30.3677005054 0.77757583472 7600.0
-5502.79388507 -11.6447903529 1.07183126194 2000.0
1359.34518 19.1798642677 1.01248705369 2200.0
-370.743827282 -21.8757719818 0.839795832152 4800.0
-1468.25128237 -8.13326449777 0.77888643111 5000.0
-4175.54099326 -12.0568365275 0.876135219317 4800.0
-3461.61207239 22.0641221744 0.933055728468 4600.0
2229.04679595 -27.3726460629 0.802954719689 7600.0
-1376.13085662 -17.8958387054 1.06792508583 5000.0
1644.43568477 11.554567124 0.943573641866 4800.0
5930.38474517 -4.78991955786 0.911573244197 5200.0
764.234541075 -8.79109172176 0.75288009593 4800.0
-3946.21226386 -17.459352527 1.41725366389 2400.0
5099.71026144 28.9661915573 0.913619393393 5000.0
-4087.17687105 7.5759762601 1.04432928 2400.0
3996.72752925 -15.5370720989 0.984784411626 5000.0
6065.26312523 4.0656324456 0.980397064063 4600.0
-1449.44058387 -25.7127323415 0.921258188472 5000.0
2927.40537175 14.3638513201 0.906119943569 5000.0
-2997.77028498 -14.5605517218 0.824994711005 5200.0
-3947.85971938 -14.8383795669 1.15780701475 4800.0
-9506.21448948 -18.2466212287 1.04427855643 4000.0
7287.48169663 -21.7233634229 0.940006962189 4800.0
-3234.50233375 9.14241525059 0.948379110736 5000.0
-2474.28767504 10.4286512606 0.822884500345 5000.0
-1886.5618976 -22.5247448308 0.769783105921 4800.0
1890.78497079 12.6400323925 0.783796979265 5000.0
6021.39635356 -9.18435397542 0.91138042124 4400.0
2053.33121145 25.1404298229 0.761889953049 5000.0
-2648.20488141 8.76229606767 0.841470506046 5200.0
-2627.72274997 5.48237979982 0.877202005662 4600.0
5322.49025817 -11.4765719054 0.955240062135 4800.0
-1892.89468394 15.7167149025 0.948382591089 5000.0
-1616.19915748 -17.9653724977 0.868434544111 5000.0
-2836.19830819 -13.6281623943 0.901925865663 4800.0
3368.07483652 22.6057397895 0.888439820284 5200.0
-4451.58856469 13.1419778102 1.02045275491 4600.0
1310.00951182 -22.0169226046 0.775809525279 4800.0
2738.93634836 11.981089838 0.943726486942 2400.0
6143.04749698 -7.19372362599 0.970381657796 5200.0
-2906.2457526 11.4876910455 0.939409210702 5000.0
-4218.12174708 12.4759776466 0.98375099177 4600.0
4376.04977251 -8.15945252783 0.942758841687 5200.0
1897.51647036 -24.6025026942 1.14365725809 2000.0
-995.474898945 3.19640359751 0.736611765665 4800.0
-3795.99411151 23.4601891093 1.04014657684 4600.0
4796.35254627 20.9848123775 0.926376939563 7600.0
3052.47347266 -15.9389648635 0.832104423245 5400.0
831.33118829 -20.4389432318 0.928132793496 4800.0
3622.95874826 -16.1425017517 0.985189613778 2000.0
5331.73647469 -17.6522120401 0.997246865756 5000.0
-2867.91284307 -17.8743990174 0.953534987353 5200.0
-4374.42810281 -8.55607226496 1.074139823 3400.0
-2906.25671868 18.6013594857 1.09361511517 3000.0
-3724.99342501 -12.8343560982 1.02118921182 3200.0
4188.44133477 -24.1176002152 0.956700299163 3200.0
-1769.54492843 -14.8082282869 0.753482406954 5000.0
3609.40328295 18.4157670722 0.865215926999 7200.0
-5997.03900628 16.8030916171 1.39775753345 2800.0
1908.31318967 -11.4152457625 0.931776672169 5000.0
3181.95677629 -15.2732812128 0.98658554575 4200.0
-4753.69208715 -19.9744010492 0.966055361062 2000.0
-2737.56786168 -19.478880636 1.14393064509 2000.0
-2469.22986982 -3.4228182667 0.811453791129 5000.0
869.706808888 8.5949089916 0.821541820898 4800.0
5647.45647575 -18.3930732201 0.935960775313 5200.0
-1599.11433774 24.5625542476 1.09113653774 3400.0
4482.05575482 18.1088359745 0.909298245607 4800.0
-2371.31762754 -15.1323073135 0.842791870979 5000.0
-3981.42268504 10.0893104504 0.95606095014 5000.0
3633.29590849 15.2916639901 0.923877061029 5200.0
5668.88045822 8.57123074795 0.925008967806 5400.0
-5667.20370443 22.6044985578 1.01100502568 2400.0
6658.4364636 22.2544949012 0.996623490038 4800.0
-8085.02454803 12.5822646275 0.988589736851 2000.0
3185.40951188 12.8494395677 0.927933811777 7800.0
-7865.17465452 17.5572873132 1.01540928996 7400.0
-7704.37968326 15.7340286248 0.993103565437 5000.0
4113.12072835 -16.7962424331 0.924323999793 2400.0
-3571.45578655 21.9885589564 0.847256916938 4600.0
-1295.44635215 -14.396993221 0.797188973228 4800.0
4981.58826122 -7.87616233557 0.97653635535 5400.0
3124.71733999 8.11033418405 0.839579464793 5200.0
2040.60576212 28.1921510386 1.01997389431 2000.0
-2207.30024993 6.25023523428 0.797873759862 5000.0
-2094.88443902 -11.6294906866 0.803891668105 5000.0
-5858.03803927 12.235825437 1.00989070956 3000.0
-4181.85662873 27.5251183576 1.0163023968 3400.0
-5189.94819505 -26.4827383242 0.969463330684 2000.0
-2423.37563814 7.72685229202 0.77078564948 5000.0
-11465.4884517 -13.2246151731 1.03271324778 2600.0
892.989962341 -10.4591302658 0.815335798275 4800.0
3628.95705887 20.8225814967 0.994055498864 2600.0
-1795.14979341 20.5161219151 0.858153181834 4800.0
2164.47096428 19.8356518824 0.996391081581 2800.0
-4528.82319905 -4.42298214064 1.21397587437 2000.0
-5111.87515053 13.66946519 1.07377723779 2000.0
-3291.76550988 8.5855035046 1.00857088778 4600.0
-6752.68367531 -15.0584908808 1.10421225317 4800.0
4336.47570622 3.13891307185 0.867248090703 5400.0
1188.09139103 -17.3980337138 1.02156884932 4800.0
3366.16180009 12.1432853538 0.811567889627 5200.0
-3975.52015685 19.4411133697 1.05098119443 2800.0
-521.582871123 -26.8200912145 0.987017952009 3200.0
-5718.35795029 9.17600680548 1.02986566578 2000.0
4871.89273541 11.0947362324 0.90125428026 5000.0
-6092.09365019 30.7648139615 0.964285030559 4600.0
3757.23624388 -15.8089024726 0.980625360242 4400.0
2511.99482694 -17.9069002311 1.03989956504 2400.0
-2987.58925516 8.47545557788 0.830598580443 5000.0
-3233.94622045 -10.6440742648 1.11433251908 4800.0
-3026.02605364 25.1084059311 0.990619363188 4600.0
1757.41322126 6.24465047409 0.785713323279 4800.0
2503.41796387 4.079480732 0.740383611025 5000.0
-2740.22359987 15.1246318967 0.816578027005 7200.0
2491.4439632 25.9208484987 0.950423507434 5000.0
-7071.80692155 11.3577574285 1.02170057102 2000.0
-2508.09787442 7.13265082272 0.84199837326 4800.0
-3715.42874686 9.53544774493 0.887775741953 4800.0
-2479.11104713 -11.3668318649 0.859731083649 5000.0
5206.88235491 -9.83886148147 0.931018592157 5200.0
1873.94927948 -8.55323628157 0.735303787464 5000.0
-444.087275747 -8.78060329183 0.72904405388 4800.0
1888.27657818 -9.37064325463 0.845380990807 5000.0
3894.04985886 8.02311203514 0.98107335646 4800.0
4115.37287734 -14.6434194561 0.963588028234 4400.0
2902.09059015 8.00463958399 0.825731038232 5000.0
2133.37166839 -24.6493100769 0.793062102492 5000.0
-3158.45914716 -18.541015045 0.821092231624 4600.0
-4028.27357345 -16.7035331677 1.12594794687 3200.0
-3661.60581978 -8.88021937804 1.11024319389 2800.0
-1127.901859 21.1924044667 0.928342246032 5000.0
4175.09827921 4.48160424142 0.912128005056 4800.0
-5626.8193622 20.6946781685 1.08294501168 3800.0
6318.96598207 -34.1268511859 0.942598834869 2600.0
2460.55692218 -5.6196559916 0.816967307613 5000.0
-7733.71452455 35.2350149461 1.22596361828 3000.0
-2689.40162049 -13.6443214964 0.887639211596 4800.0
-3584.21890923 16.919476018 1.07846046435 3200.0
-4502.67836949 14.3258318705 1.37195230579 3000.0
1674.86032777 9.47558915024 0.782315562098 4800.0
1463.13356316 -21.0241567189 0.792274338732 5000.0
7178.93109118 -29.7695820567 0.957872005654 4800.0
7039.02786529 7.99793856209 0.943909094806 5200.0
3806.13717034 10.7880318194 0.945208799861 2600.0
-3678.17582784 -6.80390524787 0.956389353407 4800.0
-3019.95669431 12.9687580669 0.841068063423 4600.0
-5612.33621985 14.1260605883 1.05855112636 4800.0
-2916.93549026 -12.9997112426 1.06868863763 4600.0
-2460.43104374 -13.9930207194 0.964377733837 4600.0
5568.63974664 28.699423252 0.92543976871 5200.0
-3296.11690489 -24.6931706979 1.01720379257 7800.0
-5097.79942907 13.5056074773 1.05352810415 5400.0
-5131.54937774 18.3810537635 0.996797544166 4800.0
-3939.47406241 -14.9045895116 1.24394388215 3000.0
-2117.10809993 17.7139222501 0.818107307391 4800.0
3524.51040617 16.901481997 0.988497020512 4800.0
1953.36763549 10.486222173 0.896146157897 5000.0
3082.61672446 -15.0648229975 0.916606613103 2000.0
3118.42787357 -5.87726840243 0.768103980033 5000.0
-2985.74612793 -4.16732873169 0.840349587098 4600.0
3595.50909097 35.9149257725 0.997665038137 2000.0
-3565.11418192 -19.3034573699 1.01032621304 2600.0
-4702.63115656 18.8767284037 1.2081983845 2000.0
3352.22068753 11.5781431684 0.953099878448 5000.0
1127.63694303 8.48907458209 0.762725489078 5000.0
-1648.03931523 -6.37144606605 0.792989137988 5000.0
-3565.93933264 -13.5652323189 1.1040312193 2600.0
-2520.78226046 -9.7929865706 0.845209283985 5000.0
2182.42440651 7.87478810207 0.816712094112 4800.0
-7082.78495214 -13.6361854279 1.38436285592 2600.0
4495.93963224 34.1704089713 0.935876866703 3000.0
4161.55341285 23.681915215 0.907826811181 5000.0
566.650676785 14.3745194729 0.879170121239 5200.0
6733.79767443 -7.28708220431 0.915225203041 5200.0
-5365.4341007 -18.3149118268 0.990771284197 2400.0
3453.07303967 13.9658533374 0.879266775531 5400.0
3049.30856687 17.8417825505 0.980710451196 3000.0
-1060.09863513 13.4956637035 0.922311617056 4800.0
2818.12218856 -6.89195742161 0.898612995542 5000.0
5088.91499856 -9.24099504295 0.970728823228 4800.0
-3163.7396957 -11.5213921415 0.849702501694 5000.0
5684.92612919 -26.4243150969 0.921396085158 5400.0
-4863.97570411 15.8050203262 1.01919525125 5000.0
835.364135116 -25.5467752637 1.23174854217 2400.0
643.41055943 -22.9696934693 0.995776837425 4800.0
3034.13270093 -9.39555044311 0.960671129347 5200.0
6109.40837118 -14.1326478126 0.989688095598 4600.0
-4026.52983594 -23.6557205748 1.0549083267 3800.0
-6851.70340813 23.2666439579 1.04841700061 3800.0
4692.84202655 -33.2530282299 0.983026457878 2200.0
-4003.3387443 -16.7498796088 0.84200486471 5000.0
-1051.18837648 20.0212347089 0.778207139012 4800.0
311.685151149 18.3935312191 1.01962365404 4800.0
-5770.66378998 -27.2255383899 1.15099601383 3600.0
-2388.24905637 -24.171047062 1.10307442705 2000.0
-3365.58347333 10.2347023008 0.8687927446 4600.0
-3565.3775751 -8.26932887158 0.780726291318 4800.0
5393.68757723 -23.7484125443 0.950865948682 5200.0
3691.51975634 -23.0503241503 0.833120757461 5200.0
-5542.73934621 -16.3247572134 0.975581144519 4600.0
-5163.92885283 -11.8223296644 1.11120879672 2000.0
1503.21919108 15.0365074617 0.798346736939 5200.0
-2718.29042641 -6.21576341825 0.822907948911 5200.0
-4636.41338851 6.86305451149 1.34372064963 2600.0
2353.24108991 7.80026455514 0.813062899803 5000.0
1421.70325551 -6.34597688061 0.833904267494 5200.0
-4429.50587753 -21.1996815034 1.10602345984 2600.0
-1495.08633625 22.2578827379 0.904956512062 5000.0
-4157.66402146 -20.0535231841 0.99386574723 3600.0
6626.00718945 -16.4724440609 0.979788346524 5000.0
879.250738619 -16.378995989 0.737119141781 4800.0
-5312.93818893 -6.29953041182 1.04460833 2000.0
-2449.60225472 32.5428851223 0.886111420121 5000.0
-3264.60792449 -17.8612745693 0.861046507591 4600.0
5164.85744414 -8.56697542618 0.957900390966 4600.0
1211.56173555 -30.5848266575 1.11248943173 3400.0
2737.71733246 -12.6007137627 0.896869283109 5000.0
-5108.71791328 -9.93263053039 1.30069294675 2600.0
7449.63682898 -11.1378552914 0.954815011496 3200.0
3658.93686583 11.2400015951 0.931462806651 5200.0
9112.14189493 -19.0067175447 0.939754821056 6800.0
-4198.66083669 13.6408022918 1.1282212693 2600.0
-3469.65649056 14.74031822 1.03019298507 3400.0
2401.549312 13.706679172 0.724991767155 5000.0
-649.046874305 21.9651992202 0.992028725933 4800.0
-2758.75386801 -17.8270577946 0.939887870982 4800.0
4871.72163297 -11.6679807754 0.911901321169 5000.0
5070.82491908 -9.46518877113 0.926723695806 5200.0
-7096.72972245 -13.3665621866 0.970259003963 2600.0
6653.75108309 20.6952144859 0.943831793967 3400.0
1604.48117809 22.6239035855 0.838588530335 5000.0
4705.27782099 -17.1432173592 0.905509423236 5200.0
5730.59223704 22.186208184 0.911651167859 4400.0
-2814.68799813 -11.1052230054 0.969711103898 4600.0
3339.10984649 -15.451891326 0.821190286839 7000.0
-3041.89922017 14.5216150338 0.847719647967 5000.0
6794.85052531 -12.4406169123 0.974275343888 4400.0
-2976.0550929 21.1504487162 0.895943753308 5000.0
5336.58863034 10.031637207 0.894429339807 5200.0
7832.4699081 20.8754365523 0.979380616197 3400.0
-2583.35089653 35.7436698547 1.0834521911 2400.0
6817.56187697 -15.6254583572 0.946973546681 5400.0
-6193.76625603 -24.6875113325 1.17685577489 3400.0
1517.59089876 -17.4275530095 0.773590835668 4800.0
-2500.41105662 4.87425053848 0.813975143624 5000.0
715.69332475 -11.4963171594 0.785931326359 4800.0
-4165.95181275 -20.5024300316 0.946315597034 4600.0
-4223.54493219 19.006871288 1.17462154303 2400.0
2936.57013415 16.9430413917 0.812227236378 7600.0
-3795.31811117 14.1796215405 0.942614699858 4600.0
268.707536401 23.7334214026 1.03019970646 2000.0
5669.62278424 -9.39128221082 0.939295467685 3200.0
-5384.21362205 6.27595732505 1.01738299768 2000.0
-2493.38751669 24.6039602417 1.08212801671 4400.0
-5497.26073941 -23.4875794584 1.244342653 2600.0
-3461.83079478 12.8024764364 0.983691996757 4600.0
7287.02289534 19.6729155929 1.00152166174 2400.0
-1034.99084821 -7.78257919614 0.770698924949 4800.0
-1643.70823387 8.40214066626 0.838725590638 4800.0
-3333.81167187 11.3801056804 0.944619193486 5000.0
-3163.31137735 35.8244167633 1.08965289717 3800.0
-2896.79048747 15.7619815956 0.952823871327 5200.0
-8836.31029757 28.0725382211 1.05925549552 3800.0
1324.12716931 -36.0001514985 0.917394198139 4800.0
2975.24744376 -11.8153437923 0.97266920711 4800.0
-2486.18830848 14.3843829314 0.805128570559 4600.0
-3104.24364844 -12.9900564009 0.921261508014 4600.0
-72.7385752195 4.33112251236 0.75082716732 4800.0
7156.44209397 15.4527740839 0.993290822321 2600.0
-2620.61892638 17.2501813481 0.826043710074 4800.0
1676.38119918 -39.4234851006 0.816569557502 5000.0
-6585.99921262 -11.2670590502 0.972244190661 2800.0
2481.04212109 6.37271015638 0.783616049574 4800.0
-3906.61917317 -14.1349637334 1.10837631429 2200.0
6024.14180208 26.4483172094 0.920621920653 5200.0
-4807.88338866 11.6015131656 0.987121331508 4800.0
2665.95711187 21.1676806332 0.848118045851 5200.0
4296.64378949 -7.87542661795 0.884101129117 5400.0
-2105.31120785 -15.4074425002 0.825801749897 4800.0
3057.05211537 -20.7915445134 0.897537424504 5000.0
-3358.09284534 -23.0397972341 0.837312919598 4600.0
5871.4072299 18.0281335618 0.916164678685 5400.0
4242.05017602 -4.95970457749 0.975482482525 4800.0
1737.39473232 -26.6356676231 0.775497935112 4800.0
2054.61576736 -19.5313067466 0.795319230554 5000.0
3071.57479524 -29.1910162079 0.886252589141 5000.0
-2900.82026396 21.5145828359 1.03714389694 2600.0
-10353.5755539 -13.5064944024 1.02347277486 6200.0
-2499.86999566 -33.9371836845 0.811106373414 5200.0
-3821.99035646 22.6701192557 0.931526767493 4800.0
2317.20962131 -15.3261266135 0.795022508616 5000.0
4677.29015378 18.4192292101 0.909489264483 5200.0
-1770.34704247 -11.4196389496 0.93511756596 4800.0
-3797.71847775 -22.1994377763 0.929564629913 5200.0
-4523.20259488 23.8738517048 1.0567801242 3200.0
3704.33024349 10.9638616869 0.915567087335 7000.0
5055.97495438 10.8141488662 0.969717161382 4800.0
-2920.52115402 10.8530837808 0.829930931594 5000.0
-2895.89051187 -13.7976866536 1.03699526582 4600.0
-6797.8537934 -23.9041462293 1.55145344202 5800.0
1158.97906427 11.6490900175 0.792033685 4800.0
-5637.54072602 -12.5950189444 0.974643741897 2000.0
-2619.09099574 -25.9353229235 1.04145490885 2000.0
5307.21080837 16.323850897 0.894284510246 5800.0
-4586.85434971 -26.7359531147 1.02051777881 2000.0
-1794.4285074 29.7761791803 1.00584381274 4800.0
-3018.54812213 8.11815505814 0.840754153379 4800.0
-1776.46943075 -8.11345849447 0.756276885079 4800.0
-394.621677995 -11.6035225724 0.941868119318 4800.0
1153.10762636 16.4287062378 0.821802183013 5000.0
2149.37123833 -11.0149120827 0.941937663844 4800.0
1582.30930312 -18.3480159044 0.889948399302 4800.0
-1916.70073747 -16.7001517553 1.01024638813 2400.0
-4315.84092226 -15.4487561673 1.07319558893 2600.0
4167.93688029 -14.2118832105 0.961992338699 4800.0
-5246.26031036 18.2877855895 1.01254599318 2000.0
3578.18175705 -5.72381600201 0.935323758715 4800.0
3592.11385407 10.8396632655 0.990178078308 3000.0
5644.05079758 -8.56288134904 0.908135489347 5400.0
5347.75621306 6.39571597527 0.9865144818 5200.0
-2680.44640859 19.4403602333 0.900215761265 4800.0
2077.10632012 22.0027815616 0.771832650923 5200.0
4648.57764703 5.01985621016 0.91620430781 5200.0
-983.637245167 -8.20171796078 0.718267446081 4800.0
4799.09580955 -20.0319075727 0.98333073873 4800.0
-2847.39435551 12.1880369804 0.901638328367 4600.0
-5571.17139269 17.3911216326 1.2694507147 2400.0
-3486.30811182 10.0337946333 0.894249308631 4600.0
-2112.80159065 -5.82158516786 0.836315703094 5000.0
-3936.57596983 16.889542104 0.995055769571 4600.0
-2231.113011 -8.42267627561 0.905163353442 5200.0
1113.06563529 -8.95537909477 0.789228950233 4800.0
-3948.57961333 18.2151545026 0.984940014681 4600.0
-820.728266923 -16.1589306171 1.03212735378 3000.0
4731.19569318 -9.42032734389 0.893377149188 5200.0
-2963.64874067 18.2738825646 0.979716370117 4600.0
3235.99179432 -18.8482140649 0.884017871678 5400.0
1452.55949216 -11.3388743751 0.792284117732 4800.0
-3063.06844168 15.0322497551 0.833264800415 4800.0
2492.82548802 -15.7947474889 0.706161109761 5000.0
-1686.62440135 12.3270066601 0.786443901882 4800.0
1763.19336287 -13.0185153633 1.02514643052 4800.0
