690.231008364 -48.6901305139 0.968444834664 5200.0 0.561538461538
3524.98720958 49.0977024892 0.993155898942 8000.0 0.407692307692
-12.0538664844 84.6488964978 0.997702229366 1000.0 0.305128205128
880.142899667 -13.6554744565 0.945040780369 5400.0 0.869230769231
1470.08673449 -59.2471397714 0.994255200568 7600.0 0.510256410256
1519.39166826 -2.60357150645 0.988611396125 6800.0 0.869230769231
2273.58028503 60.321111142 0.978017461327 7000.0 0.664102564103
-1492.21112004 -58.5842477143 0.97957100871 3800.0 1.12564102564
2879.42475491 23.9866338441 0.984024096257 7800.0 0.715384615385
-4.35955125101 -11.7541768291 0.986523797383 4600.0 0.869230769231
-2425.11380478 47.8677383496 0.988966254773 7400.0 0.817948717949
1294.87342714 83.8485894179 0.998573916129 2200.0 0.35641025641
-2920.39023373 -4.45293476884 0.980760661891 7600.0 0.612820512821
-835.384631906 -89.3711063516 0.999154823314 3200.0 0.202564102564
-3419.61855002 18.4886623317 0.988321328135 6600.0 0.715384615385
-2223.4574531 88.0614951851 0.998855830207 7800.0 0.253846153846
-3414.86124858 10.8438927506 0.990769570113 5200.0 1.33076923077
-663.468508369 61.2626537936 0.997556202676 1600.0 0.715384615385
-569.495073332 58.1199742638 1.00001558591 7800.0 0.1
-2326.61318734 46.8289887388 0.999816787073 6800.0 0.151282051282
-760.004080157 56.3427949184 0.999699744676 1000.0 0.35641025641
2846.69760958 30.1956922495 0.995772761568 6200.0 0.407692307692
3630.90377699 -45.0103570703 0.997170377428 7600.0 0.305128205128
-2993.38894495 22.5023690535 0.995674728285 2800.0 0.664102564103
-3427.72397307 -2.9246240497 0.999220669853 7600.0 0.561538461538
-2802.97884275 -19.643516753 0.989839367244 7400.0 0.510256410256
984.889075703 -11.7041209287 0.971693143005 5000.0 0.920512820513
2583.40426404 10.5626251774 0.999301163404 7000.0 0.407692307692
-2655.79478961 -20.9785030521 0.989721267395 6600.0 1.02307692308
-1860.82461729 -30.8935671025 0.997681317999 6200.0 0.612820512821
-2638.71950929 -17.0386003067 0.993265597425 5400.0 0.664102564103
-3964.39615174 -14.3791289608 0.996552382877 5400.0 0.715384615385
-683.07282265 -3.87602203303 0.995654402834 5000.0 0.664102564103
1441.31803463 -20.8798875568 0.999437975994 8000.0 0.253846153846
-2878.23299492 -15.2371494105 0.993854628575 4800.0 1.07435897436
1561.68007487 54.2943877256 0.997515219467 4800.0 0.612820512821
-780.133264944 41.2158847612 0.989797675989 5600.0 0.664102564103
-1142.52768951 -28.7620776521 0.996927972269 5000.0 0.766666666667
1890.05853992 -9.99047034646 0.994732944684 6200.0 0.971794871795
-4014.83948586 -6.06423624229 0.994502487214 5200.0 1.17692307692
1370.95048618 -28.0509037683 0.988091724823 5000.0 1.02307692308
-2066.9283487 -2.50037303798 0.999336174456 7000.0 0.612820512821
-2133.73456773 -85.6385454885 0.999877409317 1400.0 0.458974358974
805.767155521 8.03177229585 0.996782919465 5400.0 0.869230769231
1029.06642537 -16.1642355061 0.998959024923 4600.0 1.07435897436
-2472.65518796 9.34501932991 0.999916517527 4600.0 0.305128205128
611.236321753 -29.1114423674 0.998842876678 5600.0 0.817948717949
-1634.51136191 -26.7673657917 0.999546122103 5000.0 0.407692307692
3566.00490906 -28.3228430963 0.992692247027 7800.0 0.664102564103
1007.35237138 -66.3326839546 0.998867714005 1000.0 0.664102564103
-3152.89095127 -23.4243809828 0.995520986511 1600.0 1.99743589744
1435.08319737 16.3294202568 0.999360663507 2400.0 1.38205128205
-1654.42738308 -51.6523768105 0.999015477153 6000.0 0.664102564103
967.229598541 -8.90101360542 0.996701336563 2600.0 1.22820512821
1304.05635837 -26.6304385751 0.999552404519 1400.0 1.38205128205
-3374.13486936 -77.8331205349 0.99996179563 1000.0 0.202564102564
-46.420839144 -39.4960800103 0.993583434764 4000.0 2.1
381.974717677 12.2543606983 0.999043660502 1200.0 1.17692307692
-226.827752809 -34.030537624 0.996406558252 5000.0 1.12564102564
-2918.42159948 -34.4118014147 0.998907514182 4200.0 1.22820512821
-819.158587001 45.0595915023 0.999861514495 6800.0 1.84358974359
-277.089038365 15.6250601069 0.999096199739 7600.0 1.02307692308
2933.72917023 47.3676966594 0.999918747191 3400.0 0.253846153846
-3071.22495381 34.9796598591 0.999209946116 6000.0 0.869230769231
-1610.15589057 -69.8595371911 0.999997531646 8000.0 0.151282051282
-418.186198585 42.574794103 0.998446183025 6800.0 1.43333333333
913.592254336 28.6690801131 0.997486710336 4800.0 0.817948717949
591.276318765 -35.5677751211 0.998531922477 4600.0 0.817948717949
2126.21707713 56.7972086167 0.99893665184 1200.0 1.33076923077
-3017.01319228 -84.5702191468 0.999367996384 1000.0 2.1
377.294262746 -15.1478795438 0.999896458747 5000.0 0.817948717949
-1615.70876957 1.11286209167 0.999713999717 3600.0 1.17692307692
3491.07208125 -4.44358995834 0.998397481048 2400.0 1.48461538462
-386.158070162 -87.8003471045 0.99999475893 4600.0 0.151282051282
547.973284609 32.4114531828 0.998890878922 3000.0 1.27948717949
-2190.13627692 61.5487729818 1.0000044872 4800.0 0.1
1791.2480074 -7.73231774466 0.999998497857 6800.0 0.1
1649.01454757 -43.7242531833 0.999130005765 1200.0 1.48461538462
-2722.69924228 3.51155302967 0.999054132298 6400.0 0.971794871795
-1610.0202094 -43.3571163328 0.999670517749 1600.0 0.971794871795
-1121.45655141 -7.86290485857 0.999124529476 5000.0 1.07435897436
-2841.99300474 -79.6557209616 0.999951065104 6200.0 0.407692307692
1738.1979208 -75.5408045137 1.00000039562 6800.0 0.1
-2603.50494462 -67.2452443785 1.00005034354 8000.0 0.1
-1916.95415341 89.8673221442 0.999116498792 7800.0 1.12564102564
-857.548793568 -27.906022096 0.99997047523 6600.0 2.1
3368.9811676 8.29374998605 0.999282239461 2200.0 1.63846153846
2611.33902275 -19.585329049 1.00001656843 8000.0 0.1
3348.69943712 -56.8820776526 0.999849524292 3000.0 0.664102564103
1385.22443702 -69.4505847161 0.998926859544 1000.0 1.74102564103
3857.83891274 -19.8941189073 0.999302522444 3000.0 1.48461538462
-3287.59661818 38.2434962783 0.999839715561 8000.0 2.1
2551.85591324 15.9273191019 0.999220281771 1400.0 1.79230769231
-2049.05736383 -49.8492064104 0.999628051753 3200.0 1.79230769231
-317.797275549 -6.15295479422 0.999485040367 1600.0 2.1
3410.80657207 2.50506809619 0.999995412693 1000.0 0.305128205128
-1307.42951969 2.48075093168 0.999809031756 2000.0 2.1
647.67761069 -36.3618718808 0.999984165388 7600.0 0.305128205128
1246.86368149 -28.9270648166 0.999795330311 3800.0 0.766666666667
-4569.83373413 47.571616156 0.999956684571 7600.0 0.151282051282
2939.30406235 -22.2436399916 0.999372921638 1400.0 1.63846153846
-3121.24959658 2.98094213764 0.999942547227 1000.0 0.817948717949
-3014.70086687 -82.4180885682 0.999387191388 1800.0 1.84358974359
-416.890563363 27.0226407893 0.999458210963 1800.0 2.1
-32.0617825702 33.6190935611 0.999742709622 2600.0 1.02307692308
-3007.83425809 -11.1494016778 0.999861093721 5200.0 1.38205128205
-4023.49996341 10.1775311799 0.99988387797 3800.0 1.12564102564
3703.89864801 -2.38580565131 0.999587746985 1800.0 1.89487179487
-1131.68280903 37.7096901003 0.999496255126 5400.0 1.94615384615
2220.3062836 48.5624231349 0.999931711207 2000.0 0.971794871795
-2200.47782925 -20.1755966415 0.999807856147 2600.0 2.1
788.974269677 35.4894843078 0.99975428267 8000.0 1.22820512821
273.44228874 -73.0915560751 0.99991049337 7800.0 2.1
-2960.1424776 61.0354956293 0.999919100447 1600.0 2.1
221.1608365 47.7900746357 0.998981269289 2000.0 2.1
-2062.50475735 -38.1181723594 0.999853016678 1800.0 0.971794871795
-1957.30967258 21.9625777955 0.999875197961 1000.0 2.1
-1911.12953059 2.71691563559 0.999809867598 3600.0 1.17692307692
-3282.75352962 10.979430885 0.99896912671 7600.0 1.5358974359
1534.61027702 -82.0864352055 0.999873525306 1800.0 2.1
-2325.35308959 21.8595582708 0.999388563958 1200.0 2.1
-3560.23664811 32.5171468717 0.999735880332 4600.0 1.89487179487
150.429151665 33.3896432826 0.999754626634 5000.0 2.1
2041.35600123 50.4458939316 0.999994930092 1400.0 1.27948717949
31.6193243062 0.97195232292 0.999830847216 5400.0 2.1
-2779.26106762 57.8085678249 0.999161884259 7600.0 2.1
-3067.80647867 41.5647218567 0.999777164395 6800.0 2.1
-2402.75613628 -55.6816511015 0.999137648987 8000.0 2.1
1443.90932701 18.6534471279 0.999616741362 1000.0 2.1
2693.26642651 -72.3295649348 0.999377382559 1000.0 2.1
-2384.09576072 14.6619443892 0.998449044581 3400.0 2.1
-3922.90432367 70.2689150831 0.9998101428 2600.0 2.1
-2012.43470134 -75.422523358 0.999959060124 3600.0 2.1
-2705.68261781 23.2787291658 0.99983702058 7600.0 2.1
-3173.81244067 -6.83375275133 0.9995990152 6400.0 2.1
2407.45059897 56.9749557791 0.999855455776 7800.0 2.1
-1713.34291351 57.5409450565 0.999521009449 2000.0 2.1
-816.248211672 -39.0704125922 0.999961992408 6800.0 2.1
-2137.98795949 52.0840186954 0.999938060283 1000.0 2.1
2398.09339942 -10.0062580108 1.00000502784 3000.0 0.1
-2164.27138859 -50.7866319084 0.999953377551 1000.0 2.1
-3966.8438325 61.4309732019 0.999794646687 1600.0 2.1
-3421.44285496 -39.1263268067 0.999640865116 7800.0 2.1
-1816.41584391 39.8179218227 1.0000008456 3200.0 0.1
-797.679428907 -7.76832634228 0.999953908221 7200.0 1.68974358974
3397.6270933 -55.5109144256 0.999419144076 4400.0 2.1
-754.6959468 -3.87935613107 0.99999781719 1800.0 1.12564102564
-731.372455927 -1.55221957458 0.999954197352 3200.0 2.1
-2312.91569791 41.8263621014 0.999668767643 4600.0 2.1
2212.21600257 31.3668729358 0.999855473044 8000.0 2.1
-1085.43110318 40.7066307035 0.999692077942 1200.0 2.1
1081.90313702 29.6980820508 0.999758530408 1000.0 2.1
1279.82992485 -25.1602552502 0.999937348243 3000.0 1.43333333333
1209.11270072 -3.45244086638 0.99992539045 7800.0 2.1
1665.56565154 -40.0585925746 0.999925622438 2400.0 2.1
105.960587965 49.5380863179 0.999930831452 5400.0 2.1
-716.320663601 25.3124263194 0.999761775028 1000.0 2.1
228.194660306 50.866117295 0.999859742681 1600.0 2.1
3530.74138999 -19.7787469882 0.999906315841 2000.0 2.1
-1116.04811538 -68.0870645488 0.999763482903 1800.0 2.1
1136.14015923 75.5257821266 0.998958082383 1800.0 2.1
1089.45132536 20.5276696439 0.999826273723 5200.0 2.1
-2100.7900816 24.9410065701 0.999953897241 6800.0 2.1
658.186907623 -38.2129994173 0.999406595171 7600.0 2.1
3215.3539997 40.6807960205 0.999989138655 7400.0 1.07435897436
1805.53221622 -13.2817577214 0.999928817429 4400.0 2.1
3172.115012 -24.3239090494 1.00000007701 7600.0 0.1
-1416.82999314 -49.1632241066 0.999752515984 6000.0 2.1
-3479.76333896 4.90977344417 0.999929715529 2200.0 2.1
-1607.52104905 -58.1063810422 0.999830541218 1200.0 2.1
832.544805018 27.1481460328 0.999909080328 2400.0 2.1
1602.77014279 3.79497758075 0.999887173628 1600.0 2.1
1377.13276072 -83.9479046306 0.999958675224 6600.0 2.1
-2144.90087792 11.5238371788 0.999919310391 7600.0 2.1
3164.41269546 19.276301028 0.999885942487 1000.0 2.1
-3148.24580796 46.0809811604 0.999996583299 7600.0 1.58717948718
-3711.91192677 -17.304189288 0.999956508019 8000.0 1.84358974359
2609.44525271 18.0564678286 0.999989093848 6800.0 2.1
2706.34994766 44.9872137404 0.999994638114 1600.0 2.1
1303.85124927 -3.02904965338 0.999982406127 1000.0 2.1
2218.12872318 -15.7869974962 1.00000031321 5000.0 0.1
601.789932861 26.9998328181 0.999999878056 5600.0 0.253846153846
2439.59958628 -35.6348100477 0.999954336508 1600.0 2.1
-2027.72728786 1.25855778245 0.999664139969 7600.0 2.1
3535.73057731 48.4506923979 0.999897503748 1400.0 2.1
2327.20303487 12.2975856598 0.999941765809 7800.0 2.1
3555.45593124 -34.6548280879 0.999833816437 2400.0 2.1
-3883.49001942 -5.93071038788 0.999997486687 1800.0 2.1
1454.90907542 -36.3390497254 1.00001110186 5600.0 0.1
-2960.70325855 -12.4295369617 1.00000233224 7600.0 0.1
633.322784644 -68.7728605331 1.00000007785 1000.0 0.1
-3258.63035108 -4.24445246188 0.999978367901 2400.0 2.1
322.560272484 17.822297819 0.999916582119 5800.0 2.1
-1034.89215666 18.8433722001 0.999997097896 6800.0 2.1
-2499.56638158 62.5897727412 0.99992618173 8000.0 2.1
-1422.87501591 58.4490978178 0.99989925748 2000.0 2.1
1528.48255629 78.6464261258 0.999940270739 2200.0 2.1
1341.62539982 -14.8639538521 0.999942674585 2800.0 2.1
505.693374154 -7.51205373321 1.00000002315 8000.0 0.1
672.550378414 80.7584381546 1.00000045425 2200.0 0.1
-2707.78519128 -46.7697396465 0.999882750613 3200.0 2.1
2999.96753959 18.8246714026 0.999994225974 1000.0 2.1
802.040853165 -38.6323870806 1.0000001463 1000.0 0.1
3885.25894018 38.7955569588 0.99999999872 7600.0 0.1
-2700.33781612 -74.6544911965 0.999969394675 3200.0 2.1
1095.03627882 56.0559270137 0.999916836703 1400.0 2.1
-453.174670861 -2.89483001145 0.999949459278 3600.0 2.1
454.948964181 -31.3651782603 0.999961676105 8000.0 2.1
-2105.46169783 38.9170437944 0.999978784057 2400.0 2.1
-1400.38018863 -23.0102253208 0.999994632385 1000.0 2.1
193.39692481 33.153942217 0.999979572591 1000.0 2.1
4267.35646979 -49.1424651493 0.999996190123 1000.0 2.1
-3188.18903499 -73.2780855409 0.999876411839 2000.0 2.1
-1812.92482689 33.3766622816 0.99999705425 2800.0 2.1
-3320.42717716 21.2537132301 0.999950663816 1400.0 2.1
2808.85974173 7.39890226589 0.999966623049 3800.0 2.1
-2846.49206742 -26.9019618211 0.999986914943 2600.0 2.1
269.213392053 -77.0680667541 0.999945642123 4200.0 2.1
1349.4195416 19.0293960277 0.999999161432 3200.0 2.1
960.392628764 -9.58525967027 0.999830557778 6600.0 2.1
-448.521622195 -48.7866503784 1.00000028434 5800.0 0.1
893.393065977 -28.1666036512 0.999994523376 1400.0 1.63846153846
319.216051355 46.8272754017 0.999995056361 6600.0 2.1
1968.3037728 41.7108374645 0.999994750581 7000.0 2.1
-3704.40088996 79.3585253427 0.999953634185 5200.0 2.1
1846.79126064 -19.0732906755 1.00000043439 7000.0 0.1
3153.0971543 -34.2511280833 0.999903549461 1200.0 2.1
2216.31700957 -25.5504468267 0.999982723855 4200.0 2.1
316.253622989 -5.85420472353 0.999964920593 8000.0 2.1
73.8063720326 -12.97417857 0.999990399632 1600.0 2.1
1286.66809505 -5.214561676 0.999993927745 2600.0 2.1
-2267.06169945 1.23210357812 0.999992136327 2000.0 2.1
-861.704246358 -42.2756875404 1.00000152115 7800.0 0.1
-86.1320268131 16.926322639 0.999956374637 5800.0 2.1
3132.95980556 -25.9497225435 0.999948304735 5400.0 2.1
-2403.98160342 17.6612033017 0.999998730984 2400.0 2.1
1687.52551479 -39.7544589778 0.999964398713 8000.0 2.1
-1589.34949486 23.9324154872 0.999985692668 7000.0 2.1
-2512.74583314 9.28601158316 0.999979987525 1600.0 2.1
-2624.69801802 41.9147643606 0.999971464585 2400.0 2.1
2108.14300055 -54.1326996333 1.00000117128 5800.0 0.1
632.44320732 -88.6440826395 0.999866338774 1000.0 2.1
-2485.87273003 34.5861506221 0.999914750474 7000.0 2.1
-1884.72037604 -34.7541507516 0.999987827342 7600.0 2.1
-9.05889842022 -39.7662118345 1.00000022924 7400.0 0.1
-4006.77375268 3.89548323599 0.999958292614 7400.0 2.1
-3822.62859433 -17.1858806822 0.999995648216 2800.0 2.1
-2883.57996231 -62.3361956511 0.999979567836 2400.0 2.1
203.393186737 55.9911399388 0.999998409293 7800.0 2.1
1568.50959542 -0.651346874969 0.999882153468 2000.0 2.1
-1834.58512716 82.6216837343 0.999997844449 1000.0 2.1
-2390.77337532 -62.7604171971 0.999992741328 6400.0 2.1
-208.695358867 75.7997260208 0.999992793637 1000.0 2.1
-1819.04179747 82.732100073 0.999996336297 4600.0 2.1
-2393.34789341 -55.5586717417 0.999999041755 7000.0 2.1
90.6623660894 -46.9947940112 0.999986399749 1000.0 2.1
1651.73749614 20.9985483709 0.999993693519 6000.0 2.1
702.753977969 -3.47147009149 0.999999487731 8000.0 2.1
3042.32804258 -29.9674515961 0.999991735255 8000.0 2.1
-1957.64153068 -6.60749637744 0.999978789722 7800.0 2.1
648.681969752 38.9775007021 1.00000002652 5000.0 0.1
-647.049873868 36.8372348022 0.999968635177 1000.0 2.1
-2984.82401445 9.36435029679 0.999995619518 1000.0 2.1
356.472950063 63.3554109008 0.99998516328 7600.0 2.1
1545.27308542 -31.5942086355 0.99999104275 1800.0 2.1
2172.21819834 -29.2061263328 0.999997547297 2600.0 2.1
1662.76334193 -20.7302554445 0.999987919747 2600.0 2.1
934.732415853 -84.7606538902 0.999990512627 1800.0 2.1
-1949.43688562 29.9693993452 0.9999409947 5800.0 2.1
-2984.82789662 -8.99208292827 1.00000014767 7800.0 0.1
564.78205594 -72.1261417701 0.999999747147 1000.0 2.1
1318.24035923 -24.7622308721 1.00000001005 4000.0 0.1
-2041.32916085 43.4093752865 0.999997052915 2200.0 2.1
464.652441609 7.47109584418 0.999895109484 7400.0 2.1
-486.784950207 23.849006024 1.00000025762 1000.0 0.1
-3320.95105961 -14.1966696061 0.999996396638 4400.0 2.1
3496.64791839 45.1797376496 0.999989612265 2000.0 2.1
-2754.27097969 17.3451111798 0.999993734012 7400.0 2.1
-442.018297479 41.7004503973 0.999997099307 2000.0 2.1
-569.267997174 -57.2248994389 0.999999757933 7800.0 2.1
-922.501683403 0.988103813072 0.999998348191 5200.0 2.1
2701.2235531 61.3448017511 0.999993463854 7800.0 2.1
377.315164207 -7.14562616912 0.999884527217 7400.0 2.1
2462.28608437 25.1444054228 0.999984070288 6800.0 2.1
-1139.53603315 88.693420779 0.999985884939 2000.0 2.1
3263.81847214 3.95854718181 0.999971106457 3200.0 2.1
2278.08670406 8.4334202078 0.99999703986 5200.0 2.1
1221.31693745 -21.7243567488 0.99999038331 7600.0 2.1
-3314.97363329 -6.77512449675 0.999998090511 1000.0 2.1
-375.680294196 17.9932081002 0.999999538067 7000.0 2.1
-3057.00746257 6.55543363023 0.999997790413 7800.0 2.1
3358.02506337 6.07836904633 0.999998550235 1800.0 2.1
3259.64931197 29.229682804 1.00000008465 8000.0 0.1
3674.88346719 -1.46364943192 0.999999598529 4200.0 2.1
179.776635968 -13.9651440048 0.999991292467 2000.0 2.1
-2380.86181954 -49.4377312792 0.999986190393 1000.0 2.1
1022.62423909 42.1398579821 0.999992843821 7400.0 2.1
197.235572717 82.4796890709 1.00000016012 2800.0 0.1
172.531647054 25.798464279 0.999999461606 5000.0 2.1
1622.77629745 10.0939028825 0.99996887643 2800.0 2.1
-4005.49579099 80.4965719129 0.999994792533 1800.0 2.1
-268.952487255 -74.965926346 1.00000003822 6800.0 0.1
-1537.07989518 23.538943535 0.999988819631 7600.0 2.1
-3196.33469849 28.0374145802 0.999997316197 1200.0 2.1
2368.75373999 -0.80857391168 0.999999245365 8000.0 2.1
-1089.94854499 -27.375963187 0.999994178181 7800.0 2.1
1232.24724025 32.170568024 0.999999997095 8000.0 2.1
-293.581974344 44.8194623003 0.999997454102 8000.0 2.1
-759.070987412 -17.2136620678 0.999999560287 2200.0 2.1
2721.31770647 -17.2794229017 0.999987872802 7400.0 2.1
963.410522565 -1.22895228347 0.999991272247 8000.0 2.1
1133.24441035 -32.3552623627 0.999955755064 7400.0 2.1
-1052.66531438 -3.2299054755 0.999997724131 1000.0 2.1
968.223294564 -39.066363706 0.999990882368 2400.0 2.1
2170.35734188 4.70312176306 0.999998648162 7200.0 2.1
2930.85877568 42.1174545877 0.99999856528 1000.0 2.1
2980.19768568 -75.787581796 0.999999956442 6000.0 2.1
2250.20906618 -26.3143176253 0.999996764081 6800.0 2.1
-2232.84596394 33.2576926521 0.99999882391 4400.0 2.1
-35.2619001123 18.0960186247 0.999994655093 7200.0 2.1
3157.12900476 -40.1504788592 0.999992777298 1000.0 2.1
-2759.83844436 76.4326249653 1.00000000027 7600.0 0.1
-3181.69214516 -5.26850088809 0.999999964813 8000.0 2.1
3159.67355588 39.0897101881 0.999986510739 4400.0 2.1
-3.26524480321 85.7498253088 0.999999513879 7600.0 2.1
747.395169919 -41.3737317079 0.999994055131 7800.0 2.1
3448.00821649 -34.9563559794 0.999999996427 8000.0 2.1
1323.07057499 72.9315531636 0.999999447041 7800.0 2.1
-1223.13314634 -46.5534074447 0.999999770638 4400.0 2.1
-3062.76549662 -7.02087435541 0.999999586335 1400.0 2.1
-3520.26188504 59.5010364736 0.999994224144 2400.0 2.1
316.334926742 82.863160842 0.999999964162 8000.0 2.1
-2482.2608907 9.12024936111 0.999988890161 8000.0 2.1
60.9389468459 -3.90003689562 0.999999996082 7400.0 2.1
-711.378110922 5.78601480285 0.999992479701 7000.0 2.1
4215.36731514 22.9616990888 0.99998090877 2200.0 2.1
489.759093381 -52.8390187415 0.99999935393 1000.0 2.1
3405.35348202 -26.4014906181 0.999997837069 7400.0 2.1
-539.830865214 -5.32165870839 0.999996790083 8000.0 2.1
-234.542141865 89.3470583875 0.999999995233 6800.0 2.1
-778.887748784 79.6803265696 0.999993446507 4800.0 2.1
2759.80916806 28.7608502416 0.99999990724 1000.0 2.1
3407.92433639 58.0245446535 0.999999948496 7800.0 2.1
-2869.96963707 -1.42392682368 0.99999810687 1600.0 2.1
1208.43210628 -16.5613764219 1.00000001181 7000.0 0.1
2482.26144935 5.46274869727 0.99999293501 7400.0 2.1
-455.702678113 32.0010090292 0.999999902361 3600.0 2.1
-277.343209552 -33.8793248025 0.999998906615 4400.0 2.1
-3467.26641201 -46.0929824048 0.99999841412 1600.0 2.1
-1573.66527607 -21.4676094976 0.999998362372 2200.0 2.1
1114.21137283 -4.4424200412 0.999999647794 5800.0 2.1
116.233145117 1.10532650645 0.999998372805 2400.0 2.1
1892.60948506 -35.8848449268 0.999997978407 6000.0 2.1
3683.56449437 -4.48760548164 1.00000000288 7800.0 0.1
-1402.46490562 -89.632539608 0.999999551297 7800.0 2.1
-3728.30557508 86.4805254291 0.999999767047 1000.0 2.1
625.069108873 61.0369302847 0.999999422878 1000.0 2.1
-405.8354695 -5.18373022386 0.999999668523 8000.0 2.1
1836.07521187 -28.6839479811 1.00000001646 3200.0 0.1
3592.24239428 11.6188243495 0.999999360313 5200.0 2.1
1252.55405486 -54.0620312648 0.99999529813 5600.0 2.1
-2085.40416726 -18.9570313101 0.999999928564 8000.0 2.1
-3867.54107638 76.0299164226 0.999999067166 8000.0 2.1
-3429.92213071 -59.9925567551 0.99999987168 1800.0 2.1
949.27034245 36.6443510241 1.00000001208 2400.0 0.1
-106.83943689 79.9251951143 0.999999700858 5200.0 2.1
1863.96592683 26.3430063174 0.999999827587 1000.0 2.1
-963.364429556 -48.22571709 0.999998311295 1000.0 2.1
2805.79731899 -72.9426906489 0.999999980745 3400.0 2.1
1567.55610724 5.80771764278 0.999994326949 6600.0 2.1
3278.79994499 40.1438526506 0.999999688626 8000.0 2.1
1616.42297571 42.9731017824 0.999999576159 2400.0 2.1
53.4928202236 -20.1044509329 0.999999880247 6000.0 2.1
-1623.46754578 -15.2126257396 0.999998512638 2200.0 2.1
2580.46700096 21.4652843101 0.999999270774 5600.0 2.1
-942.742784546 13.4509882691 0.999999573768 7800.0 2.1
-2450.24388895 -23.8853908617 1.00000000518 1000.0 0.1
2840.84755089 58.563178742 1.00000009562 2600.0 0.1
-1436.42794595 32.744246614 0.99999999887 7600.0 2.1
1696.32816513 -8.92306610254 0.999999811656 1000.0 2.1
2339.33636939 41.9298806466 1.00000002069 1000.0 0.1
-2649.27769445 -47.0132197247 0.999994677986 1400.0 2.1
1522.09959316 8.54538115979 0.999999013709 2200.0 2.1
-1852.20222571 -44.3359823505 0.999999839853 8000.0 2.1
3352.45917029 -4.33358187768 0.999999848779 1400.0 2.1
1496.9110208 88.6879911056 0.999999194911 1000.0 2.1
-3376.15240934 8.48527219805 0.999999832446 2200.0 2.1
-2225.42176315 10.4674241267 1.00000000493 1000.0 0.1
-3453.76642943 -20.364838406 0.999999971687 1800.0 2.1
-50.2473572686 -55.7561139046 0.999999828788 6400.0 2.1
-2778.50003368 44.8966498549 0.999999900483 1800.0 2.1
317.245547096 -55.4488305084 0.999999726813 8000.0 2.1
-928.09635519 -17.1125230027 0.999999965787 5400.0 2.1
1971.7270731 11.764621183 1.00000000016 1000.0 0.1
2929.71160444 -16.1932659841 1.00000000089 8000.0 0.1
-1239.99567695 21.3576962106 0.999999758432 5600.0 2.1
1331.33201548 -79.0952296187 0.999999983586 8000.0 2.1
-1974.43184606 79.2020565571 0.999999715901 5800.0 2.1
-3539.36646607 30.0171559204 0.999999995392 7800.0 2.1
-3.89235035782 -60.3763860743 0.999999924488 7200.0 2.1
-2669.42583499 3.50134827516 0.999999970553 1000.0 2.1
-860.219428011 -3.89470081668 1.00000002621 1000.0 0.1
1912.65637638 -6.37067233509 0.999997166311 8000.0 2.1
-2005.10774564 -75.2281326308 0.999999715188 1000.0 2.1
-1223.26742067 -52.6683316994 0.999999954731 5800.0 2.1
-3616.04155073 36.661698452 0.999997295199 1400.0 2.1
2867.79441042 -26.2137554744 0.999999942597 3600.0 2.1
-2209.26166175 20.0540674379 0.999999972954 2200.0 2.1
-2140.99980473 2.71123050648 0.999999978245 4600.0 2.1
4124.57992616 31.3245665264 0.999999918641 8000.0 2.1
2556.27782305 37.5980690224 0.999999976583 7000.0 2.1
-942.525659197 36.6284049761 1.00000002029 2200.0 0.1
-727.025793909 17.2829592037 1.00000000005 1000.0 0.1
91.8801810403 -49.1729362475 0.999999971011 2000.0 2.1
-2802.84878295 -34.5811595164 0.999999770183 8000.0 2.1
-356.329799195 -69.199088525 1.00000000106 4600.0 0.1
-2329.60825331 57.0160541028 0.999999888735 2600.0 2.1
-1833.68325127 -55.3604939998 0.999999742444 1800.0 2.1
-1389.68739319 32.5678270498 0.999999959576 7400.0 2.1
-2172.40146309 9.99529253076 0.999999697527 2000.0 2.1
2479.17135942 1.0081629386 0.999999994383 8000.0 2.1
-827.665297949 -47.9466124528 0.999999961239 1400.0 2.1
31.4137419508 -0.782446047153 1.00000000011 3400.0 0.1
2131.04529154 22.9390879965 0.999999999272 2000.0 2.1
3081.8592285 -37.2398713317 0.999999992012 7400.0 2.1
-2599.61638083 -38.5371463542 0.999999740088 7400.0 2.1
-2711.17638071 -58.3125743066 0.999999978596 1000.0 2.1
-3093.39197466 -57.0239866569 1.00000000003 2600.0 0.1
1187.61247045 -38.3595729334 0.999999997655 7000.0 2.1
-304.522293833 17.6429076161 0.999999961254 8000.0 2.1
412.856819767 -80.9696758946 0.99999991684 2200.0 2.1
878.54067597 -76.2942423757 0.999999853176 8000.0 2.1
2004.76008947 71.2056837495 0.999998599346 7800.0 2.1
2750.87850161 -45.8760868418 1.00000000001 2800.0 0.1
1039.86398564 58.306652504 0.999999998939 2400.0 2.1
2760.62773546 -52.3227967394 0.999999953561 1000.0 2.1
-1377.1571701 -28.1960130843 0.999999975309 1600.0 2.1
2106.46284312 79.5559669647 0.999999719979 7800.0 2.1
124.534468618 2.11921268374 0.999999878014 3600.0 2.1
2216.6790275 -17.2533752236 0.999999958046 1000.0 2.1
143.377185308 48.7237277306 0.999999787862 1800.0 2.1
-1718.57755367 56.207969172 1.00000000001 3400.0 0.1
-1967.68307688 18.6006837212 0.999999655925 2800.0 2.1
943.92628788 26.7600615683 0.999999848902 6200.0 2.1
-2329.54043934 -35.5182285673 0.999999999895 5600.0 2.1
-484.569799568 -32.6531636572 1.00000000206 6400.0 0.1
-2168.38685173 47.9861956309 0.999999999058 1600.0 2.1
-170.749504082 53.6998214986 1.00000000575 2800.0 0.1
3402.81275347 79.2744140283 0.999999945958 4800.0 2.1
-3112.78057444 -6.37279547895 0.999998175491 8000.0 2.1
2219.26780126 53.8978931251 0.999999976008 7800.0 2.1
1662.83003536 50.5141968723 0.99999988881 5200.0 2.1
2687.5780465 4.91657502791 0.999999952019 6800.0 2.1
759.737150907 54.447158879 0.999999948459 8000.0 2.1
1699.18969809 9.11464694504 0.999999888915 2800.0 2.1
-3289.05982482 -52.5801453511 0.99999997369 1800.0 2.1
-1625.44002843 -57.0299003163 0.999999927196 6200.0 2.1
2330.31121489 26.6857176968 0.9999998832 5000.0 2.1
3482.82530629 -16.0045103017 0.999999971042 7600.0 2.1
-2996.90590156 86.2951756962 0.999999768566 7600.0 2.1
1819.01878705 -14.7613975874 0.999999965638 1000.0 2.1
3136.41205482 -87.0165103794 0.999999966909 3800.0 2.1
186.675297278 12.5387432198 1.00000000415 4800.0 0.1
-2742.92328126 22.7359688335 0.999999955627 7800.0 2.1
3131.60297115 22.8633809373 0.99999999347 1800.0 2.1
-1138.49272518 -9.26911768151 0.999999085415 1400.0 2.1
889.039083937 -53.223338151 0.999999636209 1000.0 2.1
1563.84039438 72.6150942573 0.999999948228 1000.0 2.1
597.025048677 20.6878906707 0.999999958452 1000.0 2.1
-2462.51821663 22.2034342987 0.999999752236 7200.0 2.1
-186.028782893 29.4468811732 1.0000000015 3600.0 0.1
-226.267005915 54.1956106181 0.999999120121 7400.0 2.1
1877.48107283 -6.21344684878 0.999999959259 1000.0 2.1
-3231.273902 -47.0066837157 0.999999990031 1000.0 2.1
-4602.07009054 20.6760071716 0.999999985808 1600.0 2.1
3256.75901782 56.4495444185 0.999999960999 4600.0 2.1
-215.44939001 14.3305986904 0.999999905693 1000.0 2.1
-3009.19339719 -51.341012366 0.999999968943 2400.0 2.1
2945.8440391 33.7696641582 0.999999711218 1000.0 2.1
-1511.75497981 -79.1065167199 0.999999999335 2400.0 2.1
1608.84543236 -37.9247295742 0.999999946844 7600.0 2.1
4699.57045604 -66.6004342374 0.999999736881 2200.0 2.1
3763.73537906 76.0760950352 0.999999860101 7000.0 2.1
701.33390007 4.25117183109 0.999999968406 7600.0 2.1
-3265.19322619 -8.85175250354 0.999999998111 7600.0 2.1
498.898508027 -59.1287635132 0.99999999838 8000.0 2.1
2080.95329844 38.6440713206 0.99999993368 5000.0 2.1
-772.446712796 -29.7966396635 0.999999971816 7600.0 2.1
-2407.11906118 -32.1632643513 0.999999989291 5200.0 2.1
3046.26611269 -20.5708177555 0.999999546818 1200.0 2.1
2496.3093937 -84.7882466782 0.999999718521 1000.0 2.1
2477.6039827 20.1605535675 0.999999747078 6600.0 2.1
359.106549907 1.4734501599 0.999999471988 5000.0 2.1
-3512.48678074 54.0855818327 0.999999999857 7000.0 2.1
-1940.89805044 -29.5130382413 0.999999883838 1000.0 2.1
-992.9716379 -41.5757922681 0.99999998495 3400.0 2.1
1200.65073841 20.5689272193 1.00000000016 3200.0 0.1
-3386.19855675 -4.76619321309 0.99999999488 2400.0 2.1
-82.1042645367 22.6826988554 1.00000000309 2400.0 0.1
-3158.60292399 15.1657362906 0.999999999958 2800.0 2.1
1289.00218811 -38.5408244491 0.999999759156 1000.0 2.1
1022.74817413 29.7945588924 0.999999972802 8000.0 2.1
-3335.79745651 53.7591452666 1.00000000014 3000.0 0.1
1554.12722879 22.5603656356 0.999999922321 8000.0 2.1
-2710.48878645 -8.84175551942 0.999999992644 3200.0 2.1
-340.861009701 30.436641567 0.999999874218 6200.0 2.1
1952.03002284 16.2357536842 0.999999992206 1000.0 2.1
-1340.27999653 -5.93983392519 0.999999995863 3400.0 2.1
-1640.73597211 -51.5161826433 0.999999855009 3200.0 2.1
844.681825926 -75.4939199057 0.999999828467 7400.0 2.1
-3116.91557995 3.03761815175 0.999999941404 2000.0 2.1
-366.082073997 12.9028081812 0.999999910552 1000.0 2.1
1854.2643872 6.79595785788 0.999999999182 8000.0 2.1
502.082175835 -31.5801065793 0.999999974373 2000.0 2.1
-1491.22099446 13.0840794236 0.999999927661 2200.0 2.1
-27.1255929811 -3.87473252882 0.999999942982 7400.0 2.1
-3223.12147806 -81.1855323845 0.999999985871 8000.0 2.1
-2746.25193078 43.7624955744 0.999999969875 8000.0 2.1
218.926669664 37.9909785024 0.999999999866 1200.0 2.1
-3196.72392484 -7.03890714998 0.999999965851 5600.0 2.1
-2389.06950414 5.26807415663 1.0 1800.0 0.1
-4455.81105832 39.3830475389 0.999999995942 5400.0 2.1
3230.19962751 30.9135580834 0.999999863906 1000.0 2.1
-3380.79263981 -11.0877470626 0.999999935168 1800.0 2.1
-3122.41387701 -53.7404278393 0.999999985 7200.0 2.1
1839.43716761 -29.3052787171 0.99999999748 7800.0 2.1
-2155.56923412 14.6934776248 0.999999983307 2600.0 2.1
-2338.76635365 -35.9679458904 0.999999999748 1000.0 2.1
1582.84090513 0.931471056858 0.999999969192 8000.0 2.1
58.4815782694 -5.10959943748 0.999999893419 2000.0 2.1
785.287172093 62.9086654823 0.999999958033 7400.0 2.1
-529.898459211 -58.2209272346 0.999999995413 8000.0 2.1
-234.350148443 19.5297784148 0.999999972521 7600.0 2.1
-2798.68772188 12.2630239753 0.999999910543 2200.0 2.1
3433.00765749 -72.3924414387 0.999999997017 7800.0 2.1
3155.26693045 49.8093601786 0.999999977955 1600.0 2.1
-1126.27636997 -56.5199998404 0.999999980424 2400.0 2.1
-3637.76092674 -22.6684767035 0.999999997554 1000.0 2.1
1685.82091142 -3.47834045192 0.999999997015 1000.0 2.1
-2803.35271437 2.91347765528 0.999999963338 1400.0 2.1
-2590.86581394 -4.27712631514 0.999999947516 1400.0 2.1
1733.73824749 19.0321722722 1.00000000088 2000.0 0.1
-2191.20633382 21.8358719391 0.999999952243 2000.0 2.1
-1716.24588514 -61.257592383 0.999999929941 7600.0 2.1
3179.13182237 27.6305393821 0.999999995069 3000.0 2.1
-796.196311665 26.8858229672 0.999999975128 4400.0 2.1
-3258.396431 41.02157683 0.999999957631 1000.0 2.1
-201.583727023 -87.2754600796 1.00000000045 2800.0 0.1
2586.55507692 10.2850366341 0.999999967987 1600.0 2.1
-3686.3984775 -6.22028068096 0.999999999718 8000.0 2.1
-1981.30915401 -57.9945122939 0.999999999981 1800.0 2.1
3219.71251191 -61.5997437988 0.999999998845 1000.0 2.1
-2488.25872262 62.5430866369 0.999999998106 8000.0 2.1
898.19937682 -49.3501474383 0.999999967824 8000.0 2.1
1914.33935774 -56.1516162877 1.00000000002 4200.0 0.1
-120.975066477 -27.7042258022 0.999999999097 7400.0 2.1
-3310.10782607 42.838224518 0.999999999954 6600.0 2.1
1026.91619752 -76.7495381963 0.999999999867 6600.0 2.1
1167.55496619 -19.9067737346 0.999999999092 7800.0 2.1
-3327.4362943 -15.0739246993 0.999999992759 6800.0 2.1
540.747069419 12.3428414111 0.999999990173 2600.0 2.1
-1336.84590293 9.37432641352 0.999999985896 8000.0 2.1
-489.895909559 -36.2977322252 0.999999998205 2200.0 2.1
-1901.10790126 -32.0357181901 0.999999998336 8000.0 2.1
29.0236192216 -84.2525398189 0.999999994332 1000.0 2.1
-4013.38555568 -16.8392151134 0.999999999736 2800.0 2.1
-598.015835108 -39.5865584535 0.999999998695 8000.0 2.1
-1638.93146286 68.308870762 0.999999999974 4400.0 2.1
-2531.19703348 -20.738187073 1.00000000005 8000.0 0.1
-435.730023714 51.7139096219 0.999999993493 8000.0 2.1
-113.785439943 -2.4275282345 1.0 3600.0 0.1
3383.20097188 20.3868189704 0.999999993728 4200.0 2.1
2331.21123205 -14.7859423744 0.999999955742 5200.0 2.1
1879.58230905 -23.0099857287 0.999999980431 5200.0 2.1
3542.75711364 -24.7217226524 0.999999998904 4800.0 2.1
3475.76524565 37.4987602351 0.999999999438 8000.0 2.1
2836.37045818 32.6064187911 0.999999993087 4000.0 2.1
-3352.76327521 12.7948839101 0.999999970394 7800.0 2.1
-298.280877418 -10.326126668 0.999999994922 4800.0 2.1
2859.41876131 -29.3708998787 0.99999999856 2000.0 2.1
-1360.82373771 -34.5348097971 0.999999978122 7000.0 2.1
-9.19814095588 -56.2951555311 1.0 5000.0 0.1
-2563.59752918 -88.9427544438 0.999999976684 3400.0 2.1
1823.76593923 -33.9031491376 0.999999988483 1000.0 2.1
-3541.44172289 37.2161694239 0.999999993038 8000.0 2.1
2829.82993652 43.9885543286 0.999999999978 2200.0 2.1
-1369.08833604 29.4818533097 0.999999991562 3600.0 2.1
-3172.54238463 -15.2972763885 0.999999999246 2600.0 2.1
-2173.10720391 36.5499599233 0.999999994285 7800.0 2.1
1875.98204783 44.5856886779 0.999999999742 7600.0 2.1
-194.256321983 18.341361176 0.999999999376 2800.0 2.1
3418.08439234 46.0682742196 0.999999996127 7400.0 2.1
-3083.12588811 30.8455871144 0.999999999932 1000.0 2.1
-563.430576024 11.5182692539 0.999999997948 1000.0 2.1
2417.94963537 74.7421920103 0.999999834542 1000.0 2.1
544.789007075 9.04929614241 0.999999999085 2600.0 2.1
407.526467828 45.0863742918 0.999999999973 6600.0 2.1
-2515.13384197 -4.7222090167 0.999999986316 8000.0 2.1
-1357.4327044 -27.0251673395 0.999999998758 2200.0 2.1
947.182989972 -58.9540932516 0.999999999775 4200.0 2.1
-2622.78544268 -13.1159335104 0.999999997676 6200.0 2.1
-551.166249249 -20.8310786373 1.00000000027 2800.0 0.1
2430.20548095 -13.9729402495 0.999999999862 1200.0 2.1
2001.04839266 85.3682075089 0.999999938932 1400.0 2.1
-1571.71290299 75.7070046546 0.999999997661 1600.0 2.1
-2269.73135674 -59.343865713 1.00000000012 4600.0 0.1
-2986.3698171 -87.5792003349 0.999999980311 7200.0 2.1
-1567.97012023 -19.133354298 0.99999998178 2200.0 2.1
1233.83781661 -45.7002549271 0.999999999971 1000.0 2.1
2492.05473336 87.2258754007 0.999999998873 8000.0 2.1
3435.55758154 38.2431570325 0.999999993706 4800.0 2.1
-1763.85510512 9.81084846189 0.999999997758 1000.0 2.1
-2482.36276964 59.1080874281 0.999999999115 1000.0 2.1
1506.67410123 -39.2501724924 1.00000000003 7400.0 0.1
-926.021393719 -32.6948849389 1.00000000007 3200.0 0.1
1544.50633065 55.1523573933 0.999999999292 3000.0 2.1
1207.11538191 19.0076170984 0.999999997363 1000.0 2.1
-3333.88807872 48.2625241151 0.999999997827 8000.0 2.1
1788.15228557 9.98686003653 0.999999997344 3200.0 2.1
211.786164049 -5.5939138888 0.99999999741 7400.0 2.1
-861.880280197 -10.2867495222 0.999999999722 2400.0 2.1
3264.59046199 78.6411764616 1.0 3400.0 0.1
4661.97311768 39.3120862515 0.999999997992 1200.0 2.1
-128.311698333 10.9216587707 0.999999998838 1800.0 2.1
1581.68550978 29.4395116696 1.0 6200.0 0.1
-1616.69390439 -54.5768197782 0.999999998023 1000.0 2.1
2313.64432666 -75.8658156058 0.99999997619 1400.0 2.1
843.729616523 87.9324040703 1.00000000005 8000.0 0.1
4300.65775332 9.77532458958 0.999999999401 4800.0 2.1
999.217428726 -51.9708678978 1.00000000022 1800.0 0.1
-2953.27702359 48.2421480784 0.999999999672 5600.0 2.1
3340.79051608 14.4611421247 0.999999996268 1000.0 2.1
3792.31771203 23.0210638053 0.999999999008 8000.0 2.1
-1907.97924047 -32.2436982069 0.999999998799 6600.0 2.1
639.812337838 74.348820602 0.999999998501 4000.0 2.1
567.789420582 -64.2795445767 0.999999994674 6000.0 2.1
1844.81617865 -70.8938363775 0.99999999584 1600.0 2.1
340.325596803 43.480556472 0.999999999798 4600.0 2.1
2866.9491675 -25.9867597797 0.999999999035 7800.0 2.1
-1610.97581391 -0.983700581118 0.999999999918 8000.0 2.1
3475.36804331 3.00322682672 0.999999999998 2400.0 2.1
-1467.92869651 -53.1384890014 0.999999999775 2200.0 2.1
-807.414354163 88.5715408114 0.99999999952 8000.0 2.1
1590.37711278 43.4602839803 0.999999999068 1200.0 2.1
481.370976014 6.02916164626 0.999999999703 8000.0 2.1
-3564.02293388 -85.7972102363 0.999999999592 8000.0 2.1
2792.21794009 31.1885549792 0.999999999728 1000.0 2.1
-1569.60666184 37.476809113 0.999999982682 1600.0 2.1
-1798.19271751 -3.39999990079 0.999999998244 8000.0 2.1
1178.15713708 -40.5287171788 0.999999994701 2000.0 2.1
-3000.24135032 62.6762707642 0.999999999196 8000.0 2.1
-665.152810758 -65.0142608022 0.999999999939 7000.0 2.1
2656.20175663 1.69188488699 0.999999999497 1000.0 2.1
-540.481199013 27.5515667765 0.999999999026 1200.0 2.1
375.423590858 61.1843140586 0.99999999602 6600.0 2.1
-2530.04832734 54.7860715817 0.999999999893 1000.0 2.1
211.377581019 22.0654746595 1.00000000001 4600.0 0.1
1905.23968127 -33.2358706911 0.999999999585 1000.0 2.1
2172.50092078 -22.3557139674 0.999999999436 6000.0 2.1
1869.68240314 -38.2578087559 0.99999999999 7800.0 2.1
4697.25300752 -85.3406369526 0.999999999942 2200.0 2.1
3301.07097454 0.560926874188 0.999999999706 8000.0 2.1
3432.68874976 -14.7280355887 1.0 6600.0 0.1
3194.44842268 -7.02901681755 1.00000000002 8000.0 0.1
580.623207475 -45.5621322816 0.999999999975 5600.0 2.1
-1506.21323309 -35.0157595769 1.0 8000.0 0.1
-2004.79962289 -17.9250418708 0.999999999966 7600.0 2.1
-3143.20955976 -42.1445047572 0.999999997681 3200.0 2.1
-272.35065179 -2.51597801657 0.999999999943 2000.0 2.1
2196.48924452 -70.5670362722 0.999999999596 2600.0 2.1
-1468.53383872 -67.8030346257 0.999999999273 7800.0 2.1
2572.19833762 50.8589201126 0.999999999563 7200.0 2.1
-2637.80080117 -5.28371607658 0.999999995001 6600.0 2.1
-302.422398549 -6.0226847109 0.999999999438 6200.0 2.1
479.295421004 -28.1976569469 0.999999998386 6600.0 2.1
3073.71183684 -51.5105442616 0.999999999719 1000.0 2.1
2836.82244453 81.7293160228 0.999999999911 7200.0 2.1
1368.02344319 -25.3727871098 0.999999998979 1000.0 2.1
-723.421198497 61.1113205849 0.999999999998 2200.0 2.1
789.80905471 -38.3727406476 1.0 1000.0 0.1
-343.76560345 75.277420979 0.999999999836 2400.0 2.1
1874.22160509 -55.5611545878 0.999999999229 6000.0 2.1
3423.01745209 -20.9395774368 0.999999999736 8000.0 2.1
740.003312698 -31.3695833626 0.99999999829 2800.0 2.1
1383.124716 -23.4616075774 0.999999999814 5000.0 2.1
-622.895056984 8.6276346951 0.999999999878 7400.0 2.1
2879.70593676 -12.1542266854 0.999999999959 5800.0 2.1
3430.42094774 37.4197507442 0.999999999797 1000.0 2.1
286.811087608 -40.8958511865 0.999999999708 6400.0 2.1
883.516162667 37.5369988916 0.999999999734 8000.0 2.1
1606.37469955 67.9781451157 0.999999999143 7800.0 2.1
-649.403215228 -1.71466728221 0.999999999674 1600.0 2.1
-2932.30655731 -28.1366893199 0.999999999991 8000.0 2.1
-3864.39686153 -7.75939244396 0.999999999894 7000.0 2.1
-3348.17212373 12.7985711043 0.999999999892 2800.0 2.1
-310.045572573 -30.0475571949 0.999999997869 6800.0 2.1
3200.02859323 7.90918346099 0.999999999981 8000.0 2.1
-1082.38519909 -19.09902127 0.999999999837 4600.0 2.1
201.912297561 -17.3095048934 0.999999991593 5400.0 2.1
-2484.18475368 -7.27330655465 0.999999998074 1800.0 2.1
-1565.70168205 -57.9555615583 0.999999999892 7200.0 2.1
-1662.36856389 45.2859550674 0.999999999972 7400.0 2.1
1938.44314548 -24.39472737 0.999999999992 8000.0 2.1
952.986609461 -30.8500407381 0.999999999085 7800.0 2.1
514.079177471 86.208010588 0.999999999237 8000.0 2.1
-1219.96476417 -26.2897260738 0.999999999901 8000.0 2.1
3140.74578362 18.2627419685 0.999999999705 6600.0 2.1
4471.7389133 -21.8013082472 0.999999999751 7800.0 2.1
-1000.17727994 35.7868113654 0.999999999939 1000.0 2.1
2871.18258323 -69.0217007858 0.999999999977 2200.0 2.1
2810.91938478 87.8298407336 0.9999999999 3600.0 2.1
4358.54390378 43.9845692623 0.99999999979 7200.0 2.1
-3241.02380705 -33.3919222153 0.999999999974 1600.0 2.1
2428.62798861 4.86636014794 1.0 6000.0 0.1
-2842.68986972 -7.10449582933 0.999999999977 8000.0 2.1
1105.90227287 82.8848972253 0.999999999955 1200.0 2.1
3577.62360907 33.1549564337 0.999999999995 1200.0 2.1
-2695.02666596 52.9808676576 0.999999999958 8000.0 2.1
-773.251157073 22.8168943261 0.999999999991 3400.0 2.1
1689.25266836 -18.2914362236 0.999999999736 4800.0 2.1
1283.13802666 -26.6106422681 0.999999999714 4400.0 2.1
-2290.39361551 -15.3073174811 1.00000000001 4000.0 0.1
2409.78895463 31.8361405813 0.999999999684 8000.0 2.1
-422.84792679 -21.3239420431 0.999999999812 1000.0 2.1
2844.65465433 0.93474016772 0.999999999066 5400.0 2.1
-1146.86148627 -11.2911652378 0.999999999366 6400.0 2.1
-256.084352996 42.3184577419 0.999999992848 8000.0 2.1
-1054.12193994 17.2971420553 1.0 3800.0 0.1
3725.18704718 -38.9350349751 0.99999999914 4200.0 2.1
2004.3512985 -29.6349643271 0.999999999208 2200.0 2.1
416.885438225 -14.3832346084 0.999999999846 8000.0 2.1
-3536.92172504 22.3548011038 0.999999999998 6800.0 2.1
2631.97340371 12.7344939097 0.999999999946 5000.0 2.1
-884.317210544 22.2948258937 1.0 8000.0 0.1
-2270.08683397 -86.4707323675 0.999999999998 1400.0 2.1
-1514.8529585 -81.3899637263 0.999999999614 1400.0 2.1
1658.65377563 -16.5684264696 0.999999999965 5600.0 2.1
-3148.98542301 23.1995214577 0.999999999227 7400.0 2.1
-3430.57595325 16.471273071 0.999999999954 1200.0 2.1
1423.7108846 4.82807503847 0.999999999929 6800.0 2.1
-3004.10350695 21.6298396848 0.999999999359 7400.0 2.1
-3350.75598984 29.6079031684 0.99999999997 2000.0 2.1
-1219.72657665 1.70897095128 0.999999999846 1400.0 2.1
1320.5220101 -50.1143864344 0.999999999834 1000.0 2.1
-1662.99557496 5.4990921605 1.0 7400.0 0.1
889.177628805 60.4483092185 1.0 1000.0 0.1
-511.074632951 32.4255578666 0.999999999984 8000.0 2.1
850.105934182 -28.2614774779 0.999999999854 1800.0 2.1
2164.977367 -9.34902909737 0.999999999997 6200.0 2.1
-87.6066329667 85.633501545 0.999999998542 1200.0 2.1
2972.14346272 3.8244827353 0.999999999988 7400.0 2.1
-3344.85987838 -25.5590052105 0.999999999974 2400.0 2.1
2010.73012271 12.3593725237 0.999999999916 6000.0 2.1
1625.88945244 22.2165749714 0.999999999894 7800.0 2.1
510.719053592 3.51536601297 0.999999998965 6000.0 2.1
-1691.61370737 -6.98820313695 0.999999999941 8000.0 2.1
-762.461203715 19.4702009482 0.999999999976 7800.0 2.1
-41.6462452138 49.5634264274 0.999999999958 2400.0 2.1
-539.90692502 -1.93707709197 0.999999999925 2400.0 2.1
-1626.53978309 31.3742368614 0.99999999998 2800.0 2.1
3987.53336755 -28.3696853314 0.999999999987 7000.0 2.1
-3591.21156963 -17.9972830132 0.999999999918 5400.0 2.1
3881.71354918 87.67176741 0.999999999998 1000.0 2.1
505.147180464 -77.2498152774 0.999999999914 2000.0 2.1
385.309654481 -7.00369946062 0.999999999978 7600.0 2.1
-606.862655917 -33.9169963701 0.999999999949 1600.0 2.1
2722.91424133 37.8356158794 0.999999999944 1000.0 2.1
-3712.21418131 11.1403747009 0.999999999922 6800.0 2.1
-3114.54731525 16.5810542819 0.999999999991 7400.0 2.1
-451.641154334 -44.6741065548 0.999999999964 2000.0 2.1
2877.21843822 32.4791082151 0.999999999887 1000.0 2.1
2822.58289476 -79.1038007856 0.999999999997 4800.0 2.1
-494.138586557 -6.484189965 0.999999999991 5600.0 2.1
-1806.59220553 9.52819751669 0.999999999892 7800.0 2.1
-2269.8134875 6.12546174981 0.999999999984 8000.0 2.1
-841.193240577 17.8920121666 0.999999999997 7600.0 2.1
-1197.95454655 -0.893220262681 1.0 7200.0 0.1
1539.32918617 61.5423651462 1.0 7600.0 0.1
-247.119267895 34.0398031149 0.999999999992 4600.0 2.1
-2974.88399994 60.9983341964 1.0 5000.0 0.1
-1600.00340406 -46.6701633731 0.999999999992 3600.0 2.1
2876.60317663 59.7592671683 1.0 5000.0 0.1
-3309.19372246 -18.5299915864 1.0 5000.0 0.1
-2316.77691485 86.7843450404 0.999999999992 6800.0 2.1
98.5977450556 15.0984684893 0.999999999803 1000.0 2.1
-3457.26414172 -21.6812220095 1.0 1600.0 2.1
3491.33411315 70.5028499361 0.999999999946 7200.0 2.1
-2845.07650397 83.4041818732 1.0 7600.0 2.1
1069.03511924 55.1428755474 0.999999999989 1000.0 2.1
4024.61829971 17.5392784009 1.0 7800.0 0.1
1182.39015183 46.3045820617 0.999999999974 7000.0 2.1
4508.50410345 -72.3466610165 0.999999999982 1400.0 2.1
2765.53513744 -82.9441305883 0.999999999998 1000.0 2.1
-1513.86601959 41.79334227 0.999999999905 1000.0 2.1
-1620.28130466 -23.5313557549 0.999999999977 5200.0 2.1
182.08080057 -69.6806038049 0.99999999999 6000.0 2.1
-702.368540905 48.5598109955 0.999999999358 1400.0 2.1
1454.97288419 3.47971760384 0.999999999967 1400.0 2.1
2861.27780153 -25.9813087431 0.999999999948 5600.0 2.1
-1964.76056314 54.0978607737 0.999999999987 7800.0 2.1
1666.87973923 20.5551064352 0.999999999925 6400.0 2.1
-174.553605032 -34.8108714902 0.999999999996 2400.0 2.1
-3398.22443066 -55.0074528635 0.999999999946 2200.0 2.1
-3742.75910043 -57.3785030088 0.999999999965 7600.0 2.1
1837.01042677 44.9695969412 0.999999999607 1400.0 2.1
2845.89872884 -89.180563114 0.999999999972 8000.0 2.1
2208.46306375 -40.2494497592 0.999999999984 1800.0 2.1
168.4890711 -4.60388290485 0.999999999905 1000.0 2.1
967.935325446 -20.9300265833 0.999999999957 1000.0 2.1
-1122.6470908 -47.4301436603 0.999999999978 4600.0 2.1
-1281.17480807 44.4480669047 0.999999999998 8000.0 2.1
-1229.01851052 -48.7577140607 0.999999999899 7800.0 2.1
-1981.44693143 -83.9214251206 0.999999999997 3200.0 2.1
-295.706411638 68.3668195722 1.0 1000.0 0.1
-1867.35750386 -84.6026992983 0.999999999895 8000.0 2.1
-1189.49994346 44.411003636 0.999999999553 1600.0 2.1
2491.74225328 67.6325153022 0.999999999989 2200.0 2.1
-320.101438725 47.9900999544 0.999999999995 3800.0 2.1
1811.68386786 30.0822188744 0.999999999992 1400.0 2.1
1034.65329986 60.6398929172 0.999999999993 7400.0 2.1
-158.55605506 83.4503482616 0.999999999942 8000.0 2.1
1883.78542424 62.1296476995 1.0 1000.0 0.1
-1453.44965352 16.0450221884 0.999999999988 1800.0 2.1
134.989974749 -4.72495489116 0.999999999982 2800.0 2.1
-3603.33619093 -44.3074661213 0.999999999988 6600.0 2.1
-820.864819576 -88.6807685849 0.999999999936 7000.0 2.1
3013.39930245 40.4772560435 0.999999999998 6000.0 2.1
-2911.33215225 41.1721498976 1.0 7000.0 0.1
1874.83051828 45.3684407736 0.999999999989 7600.0 2.1
-19.3369494956 51.5481746076 0.999999999976 1000.0 2.1
733.248627825 -48.3132065677 1.0 2800.0 2.1
-2373.63502541 30.8752293486 1.0 7400.0 2.1
-3403.15713763 -20.1988247032 0.999999999999 1800.0 2.1
2897.11536099 19.0388652388 0.999999999989 4600.0 2.1
1914.48685199 -82.7299530365 0.999999999963 8000.0 2.1
-894.504722816 66.4533386352 0.999999999999 3200.0 2.1
729.523055178 17.1456262136 0.999999999998 5800.0 2.1
279.383959098 21.1609378007 0.999999999998 7600.0 2.1
647.94597695 -18.7340794868 0.999999999997 7400.0 2.1
-3651.95013681 8.64758786992 0.999999999991 2800.0 2.1
-1489.16578387 -62.41371897 1.0 8000.0 2.1
506.18988409 50.6701475294 0.99999999998 2000.0 2.1
314.763175211 41.4416509443 0.999999999982 1000.0 2.1
132.140814463 77.4433053453 0.999999999999 1000.0 2.1
1104.07833817 87.7922911615 1.0 7800.0 0.1
1492.29726861 68.2564243461 0.99999999999 1200.0 2.1
-2190.4725999 -71.2285737957 0.999999999958 1200.0 2.1
3793.44472164 18.5565605452 0.999999999981 7800.0 2.1
1192.40827395 -2.98997456447 1.0 2200.0 2.1
1759.68025059 11.0326405699 0.999999999995 6600.0 2.1
-3623.32943434 14.4299941823 1.0 2600.0 2.1
-3070.48064836 -30.5054506463 1.0 1000.0 2.1
2967.27838979 25.2770768536 0.999999999948 1400.0 2.1
640.129758656 -49.1684815875 1.0 1000.0 2.1
2242.26927369 20.4886925203 0.99999999999 1200.0 2.1
128.674588719 61.569158592 0.999999999997 7200.0 2.1
-487.135153188 -6.93790379563 0.999999999971 2000.0 2.1
-3071.71325343 14.4367318134 0.999999999997 7200.0 2.1
2094.17807827 20.3206688515 1.0 6000.0 0.1
-2394.64573686 79.7167626188 0.999999999989 6400.0 2.1
-507.793964446 -61.1288619995 1.0 8000.0 2.1
1651.6579304 -42.4319788538 0.999999999996 1400.0 2.1
-3868.84533789 32.637161059 0.999999999939 2000.0 2.1
870.184887059 9.49317389933 1.0 8000.0 0.1
57.8565144549 11.4711422693 1.0 8000.0 2.1
3542.52631593 48.981445479 1.0 6600.0 2.1
-1828.72065922 -74.033831074 0.999999999993 1000.0 2.1
-1368.57893998 22.2947582998 1.0 7000.0 0.1
-1107.88674988 19.7973241994 0.999999999957 1200.0 2.1
1133.29178838 62.6598609154 0.999999999948 2400.0 2.1
-1958.45268348 4.42272065577 0.999999999999 7800.0 2.1
1229.79379321 5.13883244423 0.999999999995 1800.0 2.1
3426.78973898 -68.4853210833 0.999999999999 2400.0 2.1
2881.31267569 -6.54717097846 0.99999999995 1000.0 2.1
3191.64165121 14.0439025516 1.0 7800.0 0.1
1073.59692709 -56.2272931676 0.999999999994 7400.0 2.1
1706.83725879 4.18369486946 1.0 1000.0 0.1
-2747.27347051 -77.5923831279 0.999999999993 1600.0 2.1
-3711.77566716 -87.7628236127 0.999999999991 7800.0 2.1
-3918.31962471 35.7529609742 0.999999999996 3600.0 2.1
744.196637408 -41.3848069076 0.999999999997 1000.0 2.1
-404.907073336 -1.23520398066 0.999999999994 2400.0 2.1
363.058928651 73.2914626539 0.999999999984 2600.0 2.1
3484.1515792 -54.4986212133 0.999999999996 4000.0 2.1
-2550.12748609 -24.4342713496 1.0 2800.0 2.1
3314.60847216 -45.8996256241 1.0 8000.0 0.1
1229.78168869 26.6041501527 0.999999999999 1000.0 2.1
-176.491012983 -48.55913894 0.999999999997 1600.0 2.1
-3240.76610861 14.7533246137 0.999999999984 7800.0 2.1
784.216861149 12.1740445479 0.999999999952 8000.0 2.1
2024.43933743 61.9666594318 0.999999999998 7800.0 2.1
-3017.06207794 -9.84718834945 0.999999999999 8000.0 2.1
3160.6021097 -24.2000919171 0.999999999999 1800.0 2.1
596.512190344 30.8980428873 1.0 6400.0 2.1
2377.62965954 7.79741843757 0.999999999997 7600.0 2.1
3217.5472579 -35.7634997264 0.999999999998 7400.0 2.1
1232.42710808 -20.8453660041 1.0 5200.0 0.1
-1230.68052876 57.3319670675 0.999999999982 1200.0 2.1
2972.11078026 -18.7573123781 1.0 4400.0 0.1
3213.48864733 54.2323768169 0.999999999999 1000.0 2.1
-3638.41487099 -8.76571057919 1.0 7600.0 2.1
-1135.18245498 11.903260817 0.999999999996 8000.0 2.1
-3202.94080439 -48.0298869987 0.999999999988 2000.0 2.1
3275.50688469 20.4475056688 1.0 8000.0 2.1
3101.48633497 -22.10344553 0.99999999998 1200.0 2.1
-959.457133523 -12.3560396189 1.0 1800.0 2.1
1846.69880129 44.8884843445 0.999999999999 7600.0 2.1
2921.20397547 59.0185897753 0.999999999993 4800.0 2.1
108.180535459 56.0832594437 1.0 3600.0 2.1
53.7445706484 77.3868760522 1.0 8000.0 2.1
-2009.24585346 -30.8243125754 0.999999999977 7200.0 2.1
-2997.09898524 55.7486309838 0.999999999999 2400.0 2.1
-1572.69919908 43.1694734661 1.0 1600.0 2.1
-806.722689986 5.56568286353 0.999999999999 1000.0 2.1
2781.02599592 -66.8844397159 1.0 1200.0 0.1
-232.253021232 87.3655735088 0.999999999994 6600.0 2.1
-1146.68254565 63.7322067003 0.999999999976 1800.0 2.1
-1219.65635868 84.1959532684 0.999999999999 5000.0 2.1
-2251.60711243 1.40524498978 1.0 5800.0 2.1
4353.30703312 67.0264351991 1.0 4800.0 0.1
3227.5428013 87.6198433277 0.999999999987 3800.0 2.1
1102.08214694 -84.419318806 0.99999999999 7800.0 2.1
2401.17389637 -25.0097293096 0.999999999999 1000.0 2.1
-1534.27926177 29.0844949939 1.0 2600.0 2.1
3983.46225047 32.9887564736 1.0 7400.0 2.1
3521.45298786 -44.7667943954 0.999999999999 2800.0 2.1
3444.49836694 11.2881014867 1.0 8000.0 2.1
2355.94400555 -16.4693131802 1.0 1000.0 0.1
243.270894019 -19.5141541043 1.0 4600.0 0.1
3328.50387186 22.0224454181 1.0 4200.0 0.1
2184.41991393 20.6597913985 1.0 7800.0 2.1
-3050.13321665 -16.803767617 0.999999999996 1000.0 2.1
1931.82080658 7.5005618824 1.0 1000.0 2.1
-3086.16606082 -38.6479352906 1.0 1000.0 2.1
1872.53630733 22.6813698978 1.0 7800.0 2.1
584.691623085 -20.6537258297 0.999999999999 5200.0 2.1
1589.07897858 3.92862918777 1.0 8000.0 2.1
-3167.61929517 84.4550848056 0.999999999998 6400.0 2.1
3557.88454587 53.3205163036 1.0 1400.0 2.1
1808.38697409 -14.0619471362 1.0 1000.0 2.1
2749.04629461 -45.3552701967 1.0 2400.0 2.1
476.408496844 -72.3708127166 0.999999999999 1800.0 2.1
-2816.24222324 -35.489509669 1.0 3600.0 0.1
4684.35740061 16.8804757167 1.0 8000.0 2.1
-3482.07622579 32.1933655943 1.0 1000.0 2.1
3611.88537609 42.5134976249 1.0 7200.0 2.1
2222.9134947 -26.6146167346 1.0 3800.0 2.1
-3516.26444499 54.9210846625 1.0 1200.0 2.1
-43.0736721993 -21.1254719593 0.999999999992 7400.0 2.1
1500.33920121 10.3167048695 0.999999999991 1600.0 2.1
-1358.34010193 30.3231300346 0.999999999996 4200.0 2.1
2287.61312091 -50.5968637638 1.0 1000.0 2.1
-1110.11592352 28.3522577159 1.0 7800.0 2.1
-3537.58779577 -7.23516567098 1.0 7800.0 2.1
-620.392052537 -85.1935407278 1.0 7600.0 0.151282051282
329.241177709 7.82661341105 0.999999999998 7400.0 2.1
1197.01850559 15.6724599022 0.999999999999 1400.0 2.1
828.232127708 -40.1053525427 0.999999999997 2000.0 2.1
-358.639031823 -14.9217428397 1.0 5200.0 2.1
-3305.59659873 44.2550286916 0.999999999999 7000.0 2.1
-432.111167038 -41.7029622165 0.999999999998 1000.0 2.1
-122.087009534 52.7243577606 0.999999999999 3800.0 2.1
2161.29642865 -13.8504612744 1.0 1800.0 2.1
2358.33425609 -12.5679845089 0.999999999999 5200.0 2.1
-1403.58349718 -30.0129876994 0.999999999999 7000.0 2.1
-385.080605246 -35.8953013311 0.999999999993 4400.0 2.1
-2307.5270153 -24.4659700914 0.999999999998 7400.0 2.1
4539.8446784 13.812134365 1.0 1600.0 2.1
-729.306933645 -5.52203817413 0.999999999998 2400.0 2.1
3335.85518795 -10.016844415 1.0 7400.0 2.1
1348.69421618 -5.40792398219 1.0 4800.0 0.1
-2601.92238044 38.1832510467 1.0 8000.0 2.1
3239.33810016 30.1161115197 1.0 7600.0 0.1
1174.71454388 -11.9849309893 1.0 1400.0 0.1
-1521.97761301 42.878179533 1.0 1000.0 2.1
-2859.14366905 -51.2319140475 0.999999999999 3400.0 2.1
-3258.97530555 -5.35388149822 1.0 2400.0 2.1
1363.46920513 -18.3771205421 1.0 3200.0 0.1
-1784.70958078 53.5824633048 1.0 2600.0 0.1
1862.24547825 22.2675928933 1.0 8000.0 0.1
1874.86843144 5.78220118275 1.0 7600.0 2.1
-3186.84546224 -48.2485517296 1.0 7000.0 2.1
-2584.97662704 -34.1445397122 1.0 7600.0 2.1
-1098.54931468 20.6658184443 1.0 6200.0 2.1
-602.796757064 -62.9796202783 1.0 4800.0 0.1
-3206.69557612 -3.49075755537 1.0 7600.0 2.1
-3180.79252004 18.1206570494 1.0 1000.0 2.1
-131.598302334 53.3553339979 1.0 5800.0 2.1
-1390.7887366 -84.5619134523 0.999999999999 8000.0 2.1
-4016.83164408 11.7882322476 1.0 7400.0 2.1
1141.67379862 -78.5330779322 1.0 4400.0 2.1
221.14020208 13.2273929855 1.0 4600.0 2.1
-170.109589241 -43.6039593377 1.0 7000.0 0.1
641.899738425 -37.5547741709 1.0 2200.0 2.1
2777.31909189 -30.1467466842 0.999999999999 1000.0 2.1
3170.23746697 11.2957396728 0.999999999998 7800.0 2.1
1614.54229021 -20.5067866068 1.0 1400.0 2.1
-2589.12927805 -17.2069262966 1.0 8000.0 2.1
3104.56646882 -47.7519200919 1.0 2400.0 2.1
-2952.01133958 12.1520527756 1.0 3000.0 2.1
-3070.80062936 81.5421881152 1.0 6200.0 2.1
-810.876472461 -86.8148054293 1.0 8000.0 2.1
2835.05312967 43.4236881122 1.0 1000.0 2.1
-2608.03527559 -27.6234244794 1.0 1400.0 2.1
-332.607951971 31.3514770986 0.999999999999 5000.0 2.1
3984.40588613 -19.6868151285 1.0 7800.0 2.1
2213.56448362 -49.5613511036 0.999999999999 2400.0 2.1
-1975.43796829 -16.5826474577 1.0 8000.0 2.1
3164.12856958 -16.587557763 1.0 8000.0 2.1
-2811.2809331 35.7808534073 0.999999999998 7600.0 2.1
-2606.07685972 -72.3366773458 1.0 5400.0 2.1
-3382.09587468 -11.7640826187 1.0 4800.0 2.1
3198.34417069 -75.4104549065 1.0 2200.0 2.1
-3549.43025932 67.4420374872 1.0 7600.0 2.1
-936.924641248 -44.9802039285 1.0 4600.0 2.1
-1353.14098009 82.6808631521 1.0 1000.0 2.1
3463.4728959 -4.25629409745 0.999999999998 8000.0 2.1
2428.07697719 26.9266852256 0.999999999999 1000.0 2.1
1352.51780235 -54.4949781137 1.0 6000.0 2.1
135.911023715 38.1721762075 1.0 6400.0 2.1
-3253.44289424 7.35661848096 0.999999999997 2600.0 2.1
1307.10733052 31.7541950106 0.999999999998 3000.0 2.1
2713.09627879 -21.8605954375 1.0 2800.0 2.1
-97.7428393551 2.07832337202 1.0 1000.0 2.1
-1676.51832157 22.3462680953 1.0 1600.0 0.1
4532.69217915 69.6257799191 1.0 1000.0 2.1
-8.56366801701 31.1402134929 0.999999999999 7800.0 2.1
2050.35842572 3.84761146639 1.0 1000.0 2.1
773.098458937 -12.4239960186 1.0 7400.0 2.1
-790.954524131 -89.277100627 1.0 7400.0 2.1
1192.46541669 -8.88146781376 1.0 6200.0 1.02307692308
-2166.49370313 4.69200271272 1.0 7200.0 0.1
677.044826493 -15.4647721687 1.0 7800.0 2.1
980.508100403 10.5430102765 1.0 2400.0 2.1
-1554.24571105 10.5842313496 1.0 8000.0 2.1
2025.36650973 32.473802845 1.0 8000.0 2.1
2613.87112066 33.8715701524 0.999999999999 6400.0 2.1
1061.06590598 77.9300485673 0.999999999997 6400.0 2.1
3155.96276693 82.2683290067 1.0 7200.0 2.1
-350.089447199 57.2127960268 1.0 2600.0 2.1
490.675969347 -38.0906524445 1.0 3200.0 2.1
-1455.98729995 1.54136975321 1.0 6400.0 2.1
-2501.31427483 89.795747282 1.0 8000.0 2.1
-1008.75756207 9.04264909115 1.0 3200.0 0.1
-2370.31441606 -44.1062124312 1.0 8000.0 2.1
3296.14748357 -4.62557092596 1.0 5800.0 2.1
1983.35837078 -79.8846050695 1.0 3200.0 2.1
4286.07961347 41.9424940641 1.0 7800.0 2.1
1479.96774985 -5.03857152122 1.0 8000.0 2.1
-2788.98233802 -29.0031212714 1.0 4800.0 2.1
3083.30604225 -71.9936690035 1.0 1000.0 2.1
3927.59240713 40.0283903626 1.0 7000.0 2.1
975.595984246 -25.8557549698 1.0 1400.0 2.1
504.0748887 10.1854316451 1.0 7200.0 2.1
-1976.36693454 -35.8103719491 1.0 3200.0 2.1
1762.13497487 31.0876888811 1.0 7400.0 2.1
-1430.47935861 50.4804465673 1.0 4400.0 2.1
-663.742941315 -10.8201535709 1.0 2400.0 2.1
-1337.48563692 67.1202891395 1.0 1200.0 2.1
-3842.10000995 36.4809054341 1.0 8000.0 2.1
416.536688832 86.4209737841 1.0 8000.0 2.1
-2427.27518491 35.4532855116 0.999999999999 7600.0 2.1
601.838562852 42.2160844923 1.0 7800.0 0.35641025641
2586.7038012 -8.41821950197 1.0 1600.0 2.1
-2190.88555337 86.438901318 1.0 4200.0 2.1
2815.12861177 -51.2078905569 1.0 1600.0 2.1
-2490.22855462 -39.8257967557 1.0 8000.0 2.1
3223.08267292 19.5479603104 1.0 2600.0 2.1
209.779332211 -17.6130001747 1.0 2200.0 2.1
931.841099623 20.1055675938 1.0 1000.0 2.1
2571.89676107 11.97928491 0.999999999997 1000.0 2.1
-2991.4076178 -58.9656677245 1.0 7800.0 2.04871794872
-788.833000983 15.4014973853 1.0 3600.0 2.1
-1823.32379997 -28.0251777655 0.999999999999 1400.0 2.1
3114.29249904 -2.4256088944 0.999999999999 1400.0 2.1
-4207.44836793 -4.41618420691 1.0 8000.0 2.1
-3427.99628883 -52.1387734648 1.0 7600.0 2.1
950.034202772 50.3982401432 1.0 7200.0 2.1
723.514905285 -28.2524057554 1.0 7600.0 2.1
-563.958050466 27.76917138 1.0 2000.0 2.1
2517.1990326 -66.6001444094 1.0 2400.0 2.1
-2367.78859409 -16.3713840565 1.0 7000.0 2.1
1133.53904903 5.07855524878 1.0 7200.0 1.84358974359
1366.16844949 78.2330936349 1.0 7600.0 2.1
-2547.29154548 53.3487096472 1.0 1000.0 2.1
1200.88134768 -15.0207597475 1.0 1000.0 2.1
-64.3010332012 -11.9955610877 1.0 3200.0 2.1
-2348.8604724 -27.3283286161 1.0 1600.0 2.1
-2190.66802881 -36.7705730368 1.0 1200.0 0.1
519.737557767 -14.1215084065 1.0 1000.0 2.1
-1314.1640717 67.1911681579 1.0 1000.0 2.1
2439.39169662 16.8178357621 1.0 1000.0 2.04871794872
3351.19062736 25.3276499843 1.0 7800.0 2.1
3574.32947217 23.5573203957 1.0 7600.0 2.1
-1899.23222338 84.5517438592 1.0 8000.0 2.04871794872
3474.26396024 52.4363464627 0.999999999999 4200.0 2.1
408.715579291 18.9951099527 1.0 7600.0 2.1
-2446.56088698 27.6118827112 1.0 8000.0 2.1
411.311552141 25.3423622543 1.0 6200.0 2.1
-2580.99263663 -54.6901907841 1.0 2400.0 2.04871794872
-1185.25627352 -78.1857887817 1.0 1400.0 2.1
-74.4046019574 -2.83125481511 1.0 7400.0 2.1
-143.940013987 -64.4263725892 1.0 3800.0 2.1
-3276.49421701 6.8185576523 1.0 4400.0 2.1
-782.205890595 -46.8779290926 1.0 7800.0 2.1
-2658.70783745 10.3389099266 1.0 6600.0 2.1
2013.22076119 -10.325054554 1.0 8000.0 2.1
-1207.83835162 -36.6350715382 1.0 1800.0 2.1
2702.34337574 -1.62560376939 1.0 1000.0 2.1
3172.23875542 54.6114967683 1.0 4400.0 1.79230769231
-3687.76159876 27.4490660414 1.0 7800.0 1.89487179487
381.1818965 41.1327562814 1.0 1000.0 2.1
-1826.08355274 -19.5372388692 1.0 3000.0 2.1
-3606.70474179 -41.7059137011 1.0 1200.0 2.1
-3178.96295995 -38.0732428589 1.0 1800.0 1.99743589744
2300.33795935 -66.7721971103 1.0 7200.0 2.1
3466.57329431 -7.07849959409 1.0 7400.0 2.1
-969.141725006 23.9646794289 1.0 7600.0 2.1
1312.85262198 29.4728015697 1.0 4200.0 0.1
-3828.14028973 -73.6982174648 1.0 2600.0 2.1
1454.30885506 -57.4000806101 1.0 3800.0 0.202564102564
-1127.21309783 48.7792691879 1.0 3800.0 2.04871794872
1067.64723979 -47.6691943966 1.0 2200.0 2.1
3029.71047737 -26.0925012837 1.0 4600.0 2.1
2458.1858041 -82.4907444384 1.0 7800.0 2.1
1917.16448794 1.64039732661 1.0 1000.0 2.1
-466.249863637 35.7093284531 1.0 1000.0 2.1
2880.22021032 -62.3093706941 1.0 3400.0 0.1
2152.42572905 -19.3856820367 1.0 2800.0 2.1
-1211.85942717 -89.8588261116 1.0 7600.0 2.1
-2394.29014892 34.8604726391 1.0 1000.0 2.1
29.723282079 -44.7864381347 1.0 5400.0 2.04871794872
626.81730607 -81.7688658786 1.0 4000.0 2.1
-3280.82675315 -41.4661130811 1.0 7400.0 2.1
2445.95241486 36.9168321149 1.0 1800.0 2.1
1018.90620327 -83.9252956894 1.0 2800.0 2.1
3455.41765965 81.6858240019 1.0 2000.0 0.920512820513
483.728269143 30.8467145064 1.0 8000.0 2.1
-2999.50686447 -23.3376109322 1.0 5000.0 2.1
-3732.80974853 47.6080582491 1.0 6600.0 2.1
-205.933332106 16.0039963979 1.0 6400.0 2.1
3486.64133565 22.6971127413 1.0 1800.0 2.1
1451.25438555 16.956748977 1.0 4000.0 1.58717948718
-2500.88543411 44.7113735551 1.0 6000.0 0.1
2814.24295902 -25.8768854615 1.0 2600.0 2.1
-3455.73693158 -12.4311920232 1.0 7400.0 1.84358974359
8.6393473416 -17.1145956882 1.0 7400.0 2.1
-2846.33995688 -47.697907741 1.0 6600.0 2.1
-4722.59061898 37.3142954376 1.0 5600.0 2.1
1275.40725464 17.5980372149 1.0 7000.0 2.1
-2232.59790067 -15.1710065228 1.0 4400.0 0.1
-2209.29822356 9.62022499425 1.0 1000.0 2.1
-97.6877982618 45.4414628776 1.0 4000.0 0.1
-204.006155666 -32.6882229331 1.0 1400.0 1.27948717949
-1915.78426638 -85.8987749895 1.0 3800.0 2.1
305.401719951 38.950444328 1.0 6200.0 2.1
560.022804133 17.3850423357 1.0 1200.0 2.1
3018.00179249 31.1732772499 1.0 2200.0 2.1
-385.560619198 -3.14764131098 1.0 8000.0 2.1
-3032.22592039 31.484185124 1.0 3200.0 2.1
182.607678974 -20.8947706768 1.0 7000.0 2.1
-2385.03103151 -7.63959495008 1.0 6200.0 2.1
-2172.10075293 81.5709563791 1.0 1000.0 2.1
1726.18233904 6.99940234384 1.0 4800.0 1.99743589744
-2671.45739975 56.5937460715 1.0 2400.0 2.1
1390.94766543 -23.4736799435 1.0 7800.0 2.1
3339.58323823 -22.057331072 1.0 5800.0 2.1
3395.58137751 14.9654686969 1.0 3400.0 2.1
288.197042736 -8.38966503259 1.0 7800.0 2.1
928.408641548 20.3557080301 1.0 3200.0 0.1
-1488.39278529 2.3027396828 1.0 7000.0 2.04871794872
453.668062831 -35.8324660297 1.0 2200.0 2.1
3394.04914975 -40.3308991601 1.0 1000.0 2.1
-1490.28843883 61.3572412246 1.0 7200.0 2.1
-3263.91811127 17.0597544763 1.0 1000.0 1.94615384615
3086.89789174 64.158455245 1.0 4800.0 1.99743589744
188.305047984 88.4627406363 1.0 7800.0 2.1
-1744.93830347 -83.3843670529 1.0 1200.0 2.1
-3111.55051094 -14.0050200115 1.0 1200.0 1.48461538462
-1546.23683913 -46.2625072307 1.0 4200.0 2.1
85.474838915 49.3399218377 1.0 8000.0 2.1
-832.571404063 -87.795223038 1.0 2000.0 0.253846153846
-2510.00062094 -5.68250828525 1.0 8000.0 2.1
-3582.25878506 78.855153619 1.0 1000.0 1.5358974359
-2792.64729665 -11.8189734715 1.0 6400.0 1.58717948718
2367.23098882 -17.9517505569 1.0 6800.0 2.1
-1180.26836507 -41.5331891713 1.0 5800.0 1.07435897436
-90.7385695947 26.0365826808 1.0 1600.0 0.407692307692
1674.7079705 -37.5303409179 1.0 1200.0 2.1
-2789.89217864 18.3825196236 1.0 3400.0 2.1
-2621.32867278 31.2890470388 1.0 2800.0 2.1
-586.309221782 -2.90627204237 1.0 5200.0 2.1
-836.161741902 -21.3894069923 1.0 4000.0 2.1
2337.89610006 -22.5542187211 1.0 2000.0 2.1
2313.22063988 -15.1829502198 1.0 3800.0 0.1
-358.581408962 -60.3572009293 1.0 1200.0 2.1
2756.69999932 17.9165709803 1.0 6800.0 2.04871794872
234.42097586 54.703730351 1.0 1800.0 2.1
-1982.87617165 57.9582972762 1.0 1200.0 2.1
29.0764026244 -12.6201150918 1.0 1200.0 2.1
-2405.71840859 -39.1105001295 1.0 8000.0 2.1
-1749.80393566 -39.5550927614 1.0 4400.0 2.1
-2060.51892954 -14.4501474498 1.0 1600.0 2.1
2546.00746055 -5.50581041225 1.0 2000.0 2.1
2308.33407501 21.664992545 1.0 1400.0 2.1
2119.5243774 22.3988595579 1.0 7800.0 2.1
577.584952863 17.27182327 1.0 2600.0 2.1
-2776.28128783 -33.9131512258 1.0 4000.0 2.1
1736.97626835 -70.5162485854 1.0 7800.0 0.1
3041.43463991 0.793686849566 1.0 6000.0 0.561538461538
-417.23258771 -28.7850367292 1.0 8000.0 2.1
3060.42148493 -18.0314701185 1.0 2600.0 2.1
-1342.81444214 -70.8306217544 1.0 2800.0 1.33076923077
-1776.43255242 42.7986861031 1.0 3200.0 2.1
-278.938929459 -11.0100423684 1.0 3400.0 2.1
4205.45243553 47.8831433512 1.0 7800.0 2.1
1735.71575688 8.91603033644 1.0 1800.0 2.1
-1709.8655687 -13.2070651419 1.0 2200.0 2.1
-514.462058038 27.3650966473 1.0 2000.0 2.1
-2143.39226504 -80.2150642796 1.0 3000.0 2.1
2129.11927042 34.1054966094 1.0 8000.0 2.1
-585.462394779 7.36098553733 1.0 1000.0 2.04871794872
-1212.65452392 -17.7327383066 1.0 7800.0 2.1
2759.12138821 -26.9688236861 1.0 6600.0 0.305128205128
-2202.63778731 -78.7030394251 1.0 4200.0 2.1
3074.1282192 -67.5726861231 1.0 8000.0 2.1
-4350.16198552 25.17759565 1.0 7400.0 1.74102564103
-478.944412776 22.0920111988 1.0 7400.0 2.1
-1991.85849542 -5.02153794672 1.0 6800.0 0.305128205128
238.348751011 -20.9223212802 1.0 4000.0 2.1
3058.3117573 56.060555109 1.0 8000.0 2.1
1847.32269054 11.8703197286 1.0 4200.0 1.68974358974
2111.61907075 81.1239587904 1.0 1200.0 2.1
2904.14968751 19.191899784 1.0 7800.0 2.1
1590.118247 21.7938537009 1.0 8000.0 1.99743589744
-83.4470679302 46.6344114257 1.0 2200.0 2.1
3409.72128498 -18.6551359611 1.0 1800.0 2.1
-3533.05069182 9.5449688578 1.0 3000.0 2.1
-2580.76291346 -44.2190273933 1.0 8000.0 2.1
-3496.05285954 38.6433614809 1.0 3400.0 1.79230769231
3355.08094244 -22.5260083537 1.0 7000.0 2.1
-3662.45284563 -6.32009682942 1.0 2000.0 2.1
3159.57970203 16.8726989549 1.0 3200.0 2.1
-1551.32862095 89.8648845015 1.0 1600.0 2.1
1443.72025597 -18.2180411777 1.0 5800.0 1.99743589744
-793.962275976 25.4999463622 1.0 1400.0 2.1
-3313.01998021 1.00361281122 1.0 7200.0 2.1
993.391194367 10.2939718914 1.0 5200.0 2.1
3128.92599176 -52.5347474385 1.0 6600.0 2.1
-929.202318158 -49.6063975659 1.0 6400.0 2.1
-500.495678512 -2.35646933161 1.0 1600.0 0.817948717949
-2752.58710878 -33.3361642942 1.0 2000.0 0.715384615385
-793.355219349 -8.06023961511 1.0 8000.0 1.79230769231
-1151.73079598 58.8697310587 1.0 2400.0 2.1
-1512.54829057 -43.7147051317 1.0 5200.0 2.1
-282.690622923 -89.8785384452 1.0 7000.0 1.58717948718
-2078.88355444 -84.2468855741 1.0 8000.0 2.1
-898.983129902 9.72503771058 1.0 3800.0 1.38205128205
-746.713612432 -33.4278358496 1.0 8000.0 1.12564102564
-3441.36054577 -15.4506869853 1.0 7400.0 2.1
1448.65896877 -9.10402575964 1.0 4200.0 2.1
-3549.36755959 -35.3515965948 1.0 6400.0 2.1
2317.14769031 38.1908720095 1.0 1200.0 2.04871794872
-609.559916989 -69.7156013935 1.0 6200.0 2.1
-1622.51231322 -9.27915447534 1.0 3000.0 2.1
-226.273214693 -11.6251739833 1.0 7600.0 2.1
-3313.98107459 -5.62115411022 1.0 5600.0 2.1
-2180.04489277 -22.9320698811 1.0 7000.0 2.1
4413.6268168 -22.3384302198 1.0 1600.0 2.1
3124.26155615 12.7665184183 1.0 7600.0 2.1
-2324.07293313 85.0530321283 1.0 1000.0 2.1
1421.80129627 -10.6551741799 1.0 6200.0 2.1
3147.52957811 -23.056849672 1.0 5600.0 1.89487179487
-2716.0453888 -88.1413223043 1.0 7400.0 2.1
90.8500588031 -29.837743285 1.0 5000.0 1.74102564103
-1993.50357378 -78.9130336896 1.0 2600.0 1.89487179487
-463.945238414 7.62548315589 1.0 3200.0 2.04871794872
-2592.96583688 -11.8504900935 1.0 2800.0 2.1
-758.230766543 -67.9751546909 1.0 1400.0 1.94615384615
1679.4795866 -27.5820978023 1.0 7800.0 2.1
-2718.58272239 -73.5141905222 1.0 1800.0 2.1
1617.69588946 -23.1454909872 1.0 1400.0 2.1
-1581.85120567 -12.2316890315 1.0 5200.0 2.1
-670.563897342 -16.8923172157 1.0 4800.0 1.79230769231
-1837.62105456 62.4340983712 1.0 3600.0 0.817948717949
3835.37896528 -49.2034371342 1.0 1400.0 2.1
-2339.23372426 19.4992540705 1.0 4400.0 1.63846153846
-3711.79667956 27.3601764316 1.0 6600.0 2.1
-286.600059434 4.56176636246 1.0 3400.0 2.1
-90.4512057371 -5.62984873367 1.0 4200.0 2.1
-1092.52780456 25.4989488228 1.0 8000.0 2.1
2134.63705994 -81.2828256328 1.0 6400.0 2.1
-536.820150313 30.26904612 1.0 1600.0 2.1
2809.63485935 -26.1342472287 1.0 2600.0 2.1
-3446.37983483 22.7141075247 1.0 1200.0 2.1
2646.91174027 20.6568687639 1.0 3800.0 1.99743589744
-297.795643508 -17.3891873289 1.0 5400.0 2.1
2310.74208558 9.14154811988 1.0 5000.0 2.1
-2341.83599653 -24.5072201587 1.0 7600.0 2.1
642.700297018 -39.1970572888 1.0 1200.0 2.1
2940.21088381 18.5701252133 1.0 1600.0 2.04871794872
-1739.48306358 -21.4310696316 1.0 1200.0 2.1
-496.925301441 34.7288356542 1.0 1600.0 1.02307692308
637.517423841 22.5755090795 1.0 8000.0 2.1
-667.874604811 8.97511757339 1.0 5600.0 2.1
-1250.42075933 59.3090824553 1.0 2600.0 1.89487179487
2329.9032617 -6.93459400805 1.0 1400.0 2.1
2137.94153703 68.4437978866 1.0 1000.0 1.99743589744
884.206925348 -25.3525907085 1.0 1200.0 2.1
-1667.46361434 -11.6956679514 1.0 7600.0 2.1
-2727.13043943 4.07436938086 1.0 4000.0 0.971794871795
1442.80392239 -28.0523466686 1.0 3000.0 2.1
-892.520506772 -84.5224509053 1.0 1800.0 1.17692307692
2704.30169835 39.5272132158 1.0 7600.0 2.1
3677.92715756 54.974393691 1.0 4800.0 2.1
-2821.72771979 4.89932168622 1.0 1200.0 1.68974358974
-3012.81715065 -16.0357607737 1.0 7600.0 1.89487179487
542.269186928 -36.2358645402 1.0 2000.0 1.84358974359
-387.19064851 55.5302541167 1.0 1200.0 1.89487179487
3509.59652442 73.1443687689 1.0 2800.0 1.84358974359
-1049.10491896 81.824447468 1.0 1000.0 1.63846153846
-3107.29396761 24.2565237941 1.0 5800.0 2.1
2067.39681238 39.7912881573 1.0 7600.0 2.1
1798.04944614 -14.0433627303 1.0 1400.0 2.1
3004.21466868 20.4048505157 1.0 7600.0 2.1
-385.068346296 -44.6997375806 1.0 2800.0 2.1
-2444.82079666 61.4952280475 1.0 4400.0 1.12564102564
-3495.27477303 15.5038100936 1.0 4000.0 2.1
-3047.86778036 -10.4704071064 1.0 7400.0 2.1
4402.57500106 -27.3759476274 1.0 4000.0 2.1
-2122.87883817 62.3611580299 1.0 5400.0 2.1
-1478.81131168 -39.8765780577 1.0 6400.0 2.1
1306.02065529 3.69299734708 1.0 8000.0 2.1
-3480.78331294 9.8424702229 1.0 7400.0 2.1
-1358.73918455 -53.7535985105 1.0 3400.0 2.1
-1164.7344905 -2.28801298852 1.0 3200.0 2.1
-3192.22345177 11.8836953003 1.0 1800.0 2.04871794872
840.177008144 3.22550973733 1.0 7600.0 2.1
2180.2884651 26.0530134319 1.0 8000.0 1.48461538462
-1129.22288193 67.2274213102 1.0 6600.0 2.1
2728.73200642 -79.6955703632 1.0 6400.0 2.04871794872
683.008668709 83.8576965158 1.0 3600.0 0.458974358974
-501.505698152 -31.5791291851 1.0 3000.0 2.1
619.652436252 -4.4530896238 1.0 2400.0 2.1
-248.733882145 -62.1507890218 1.0 4200.0 2.1
3678.26277615 12.1248660553 1.0 7600.0 2.1
1157.52195475 84.46286098 1.0 4600.0 2.1
-137.544206154 -9.20873436925 1.0 6600.0 1.94615384615
2377.71819004 -24.3731353227 1.0 3200.0 2.1
-1143.3005883 -8.22824129785 1.0 4800.0 2.1
1247.8711965 -9.89880869144 1.0 6200.0 2.1
2489.90085638 -88.9011276356 1.0 2000.0 2.1
2298.58658881 -26.960843237 1.0 4600.0 0.664102564103
-1619.06931767 -36.2427303972 1.0 2800.0 2.1
3792.10113157 79.0885214018 1.0 7800.0 2.1
1778.49102934 -23.2778652809 1.0 2800.0 1.94615384615
-1189.27178797 26.7153788655 1.0 5200.0 2.1
551.962851227 51.207458451 1.0 1800.0 2.1
-2401.70477139 17.1287337101 1.0 6800.0 2.1
3727.51800033 -7.79970970126 1.0 6400.0 2.1
4006.15855708 14.9684947804 1.0 3600.0 1.5358974359
-791.394003543 -53.599075204 1.0 7800.0 2.1
2412.53890982 4.51432800756 1.0 4600.0 1.38205128205
-1681.76656988 37.6647180044 1.0 3000.0 1.38205128205
3288.82392877 14.8474778758 1.0 6000.0 2.1
584.24381601 41.2834048433 1.0 8000.0 2.1
2286.71222207 22.2646345591 1.0 3000.0 2.1
-1375.08739025 31.7743819608 1.0 1200.0 2.1
594.257471127 40.6338645561 1.0 2000.0 2.1
-2.56961770437 -31.839566144 1.0 4600.0 2.1
-2485.32605082 -22.4575629558 1.0 2000.0 2.1
-2395.19220841 60.0650021363 1.0 3600.0 2.1
3391.04787466 -17.0915719231 1.0 1200.0 2.1
483.499075404 12.8944807857 1.0 5800.0 2.1
-17.4793658873 -53.7876212619 1.0 7400.0 2.1
-1227.4445096 41.3511843949 1.0 3600.0 2.1
2404.79616762 6.91529500391 1.0 6000.0 2.1
-1533.60659481 48.9131430155 1.0 2600.0 2.1
444.51650021 18.1460602807 1.0 5400.0 2.1
134.752434739 67.6179285784 1.0 3800.0 2.1
-2281.70252299 83.2545900026 1.0 1200.0 2.1
377.031853721 -77.5358730577 1.0 6600.0 2.1
1665.0307034 75.368160905 1.0 1600.0 2.04871794872
-3195.82768134 -87.4573594833 1.0 7600.0 2.1
-2889.65890595 -14.6132977144 1.0 6200.0 1.33076923077
2939.27573545 5.75630572847 1.0 4600.0 2.1
4450.27200782 -4.52578963272 1.0 6600.0 2.1
-2384.43416836 -58.7062807801 1.0 6600.0 2.1
3190.38318769 -52.3124060262 1.0 5000.0 2.1
47.7099973381 -44.0403817971 1.0 6000.0 0.766666666667
277.557360592 -26.2375994677 1.0 5200.0 2.1
-1798.38940977 26.7356732151 1.0 4200.0 2.1
2572.89223587 -88.938776688 1.0 6000.0 2.1
-2147.92449745 -17.6440856103 1.0 2200.0 2.1
-1410.19005416 -52.519135686 1.0 6800.0 2.1
-3050.55217424 -6.65960696816 1.0 3200.0 2.1
1005.81224607 -1.43347331533 1.0 7400.0 2.1
1125.26066546 11.1048408246 1.0 6400.0 2.1
-482.98102361 -89.7363704186 1.0 6400.0 2.1
1128.56824018 -6.22305293129 1.0 3200.0 2.1
-1322.0297037 -53.8300620955 1.0 4000.0 2.1
365.073575649 -84.8010896568 1.0 6600.0 2.1
-1961.05433012 -1.65881527695 1.0 5200.0 2.1
-3106.45877591 11.1745318585 1.0 5600.0 2.1
544.547510036 -24.9669496242 1.0 4800.0 2.1
-4019.80753793 21.4273159065 1.0 6400.0 1.38205128205
2140.58655159 21.3314268237 1.0 6800.0 2.1
-1854.88980039 27.2002035197 1.0 2800.0 2.1
424.15419808 -6.66394654399 1.0 1600.0 1.89487179487
1383.64017375 -19.9036930128 1.0 6800.0 2.1
2635.10185437 -3.98031860611 1.0 2200.0 2.1
-3022.08665652 52.4639735016 1.0 5000.0 1.89487179487
3437.31672779 87.4111610491 1.0 4200.0 2.1
-1691.06491581 -15.4739822076 1.0 3200.0 1.02307692308
-1093.14838058 42.9782559124 1.0 5000.0 2.1
-507.514724593 52.7012369632 1.0 1200.0 2.1
-4206.69244122 12.8534667978 1.0 4400.0 2.1
564.104006048 -12.4556307218 1.0 5600.0 2.1
-40.3063579219 -15.9174120478 1.0 5800.0 2.1
895.345683931 23.8806007099 1.0 3200.0 1.99743589744
2404.31026629 -37.9292360183 1.0 3600.0 2.1
-2037.93525439 13.8550182623 1.0 7400.0 2.1
994.805736208 8.28860015073 1.0 4400.0 1.94615384615
-2519.57429092 1.90950355381 1.0 7000.0 2.1
-42.8707287695 66.3158745841 1.0 5400.0 2.1
-1291.55666263 89.4881317717 1.0 1200.0 2.1
830.141769406 46.4646335092 1.0 3200.0 2.1
-1568.7116623 -23.8153385062 1.0 6600.0 2.1
-1633.98414824 -13.1312947622 1.0 5800.0 2.1
3248.10529576 -13.0702886845 1.0 5600.0 2.04871794872
-3053.63414528 -16.936645758 1.0 2800.0 2.1
-1526.80632709 -15.8416605651 1.0 7400.0 2.1
1333.42835237 -47.1291888397 1.0 4600.0 2.1
3066.33230292 -0.895998309962 1.0 7600.0 2.1
-1092.5761765 34.99978144 1.0 7600.0 2.1
1422.83300355 25.4030358847 1.0 7800.0 2.1
-452.583595476 81.2149140649 1.0 5200.0 2.1
-2956.09445328 -8.44793577021 1.0 2400.0 2.1
2159.96622034 35.1551365356 1.0 2800.0 2.1
2910.82015345 -4.88574847685 1.0 2200.0 2.1
-3590.11781998 11.411159391 1.0 8000.0 2.1
-1814.81583696 33.1848396363 1.0 2000.0 2.1
3323.7107153 44.853785866 1.0 5400.0 2.1
-1455.84034388 -35.0253730117 1.0 3600.0 2.1
-3588.16635542 15.4059025195 1.0 2400.0 2.1
1442.96175704 -33.0350172882 1.0 7600.0 2.1
-1189.83832437 -3.90397147899 1.0 6800.0 2.1
813.456926092 -67.4230346935 1.0 1400.0 2.1
-2875.78802436 14.2740598183 1.0 1200.0 2.1
489.477113892 20.8780617907 1.0 8000.0 2.1
188.707345877 30.9782158771 1.0 7600.0 2.1
-527.598975688 -21.38256941 1.0 4600.0 1.07435897436
-826.973137116 -5.2518862131 1.0 4000.0 2.1
1577.25693688 -20.4872949622 1.0 5800.0 2.1
2031.95087663 -55.7583762511 1.0 5600.0 2.1
132.619564662 -45.9241547384 1.0 8000.0 2.1
-497.928538057 -49.344370304 1.0 6800.0 2.1
-4059.26244679 -39.2925446124 1.0 6600.0 2.1
2994.0128056 33.4238592463 1.0 6400.0 1.94615384615
-1830.54585825 -85.4748004083 1.0 4600.0 2.1
2812.69557669 31.1283293975 1.0 2000.0 2.1
-2103.0159053 54.5430187491 1.0 6600.0 2.1
-1584.11912578 -79.7191187323 1.0 5000.0 2.1
-1064.47465744 -7.92254737462 1.0 8000.0 1.12564102564
-1905.57230258 16.3687418114 1.0 1000.0 2.1
3048.90313848 21.4127230688 1.0 4200.0 2.1
679.151252201 -43.0948271841 1.0 7400.0 2.1
-332.616544093 54.9497174931 1.0 5800.0 2.1
-1231.80840149 -15.9216998027 1.0 1200.0 2.1
3722.13884058 19.7084941524 1.0 5800.0 1.89487179487
1616.12027886 12.6021489603 1.0 3200.0 1.48461538462
-3717.5905215 -84.1548511506 1.0 1000.0 2.1
25.4927213918 51.6105342235 1.0 7800.0 2.1
2847.88035485 18.2024538909 1.0 7600.0 2.1
-2430.36205019 8.39054905206 1.0 5600.0 2.1
-505.384270097 -41.2224137996 1.0 2600.0 2.1
-3211.98211191 -10.6251362295 1.0 5400.0 2.1
1963.82065538 13.944944585 1.0 5000.0 2.1
-3486.72793201 -35.2011424641 1.0 6200.0 2.1
-2422.89247566 -72.346485774 1.0 7200.0 2.1
149.794717476 31.3901629188 1.0 3400.0 2.1
-2247.21048446 -8.97195861483 1.0 7200.0 2.1
-1691.94172752 15.9587743807 1.0 6200.0 2.1
-322.234388306 -42.8746150081 1.0 5000.0 1.12564102564
2143.854416 -24.6523203955 1.0 3800.0 2.1
1448.90365609 18.8545246803 1.0 7800.0 2.1
-1441.77491237 -46.3534592787 1.0 6400.0 2.1
2312.1611635 -84.6325930428 1.0 4600.0 2.1
-2579.87713239 -6.47022125866 1.0 4200.0 2.1
1228.14700342 -4.40266299941 1.0 6800.0 2.1
2094.74440016 -2.62598135843 1.0 1200.0 2.1
-3469.08857966 11.6942331535 1.0 1000.0 2.1
2355.79929148 61.8980459011 1.0 6400.0 2.1
4512.75921884 -36.8009757216 1.0 2400.0 2.1
-3121.04169963 -26.5820022368 1.0 3000.0 2.1
-2439.9272578 50.7170228203 1.0 6600.0 2.1
-2964.16231935 86.7717906853 1.0 4000.0 2.1
-2257.73635957 4.19713862029 1.0 6000.0 2.1
2837.66128754 35.0992554968 1.0 6200.0 2.1
-217.341484454 -40.8347025619 1.0 5600.0 2.1
-3556.84688242 -11.9038292898 1.0 3600.0 2.1
-490.319219143 44.814385409 1.0 4200.0 2.1
-3424.56769027 -6.11867103656 1.0 3000.0 2.1
1540.68510651 28.9659039984 1.0 6600.0 2.1
3241.51470922 -42.6284899257 1.0 2800.0 2.1
-3545.897391 -7.66845470605 1.0 5000.0 2.1
1530.18651449 10.6299869752 1.0 5800.0 2.1
3571.40734816 -4.85866225328 1.0 2400.0 2.1
3664.90006979 33.1064262565 1.0 7200.0 2.1
-2316.96001588 8.26482140116 1.0 4000.0 2.1
690.309769023 -80.7330683286 1.0 5400.0 2.1
1111.16780469 -11.7620904837 1.0 3400.0 2.1
-1736.8243319 44.0097721217 1.0 4200.0 2.1
-2558.1433206 15.5418327707 1.0 1200.0 2.1
346.68532625 -3.01171043719 1.0 6600.0 2.1
3502.79227135 55.3016797706 1.0 4200.0 2.1
3051.47788996 12.6785130797 1.0 5200.0 2.1
71.3450166993 54.332394492 1.0 3200.0 2.1
-651.720641298 -39.9030606134 1.0 3200.0 2.1
2275.93524525 -12.4417824758 1.0 4200.0 2.1
2702.94345296 -28.2811278865 1.0 1800.0 2.1
-1020.29506022 16.2783775497 1.0 1800.0 2.1
-3399.38872065 -5.92413858414 1.0 3800.0 2.1
-4163.98051268 -17.1998496887 1.0 1000.0 2.1
-2262.84324594 -69.5986760747 1.0 6200.0 2.1
-847.52225737 -8.21315223169 1.0 2600.0 2.1
-551.639272965 56.2302091069 1.0 4200.0 2.1
110.116195161 54.8535220436 1.0 6800.0 2.1
-3109.68462335 43.6221514542 1.0 7000.0 2.1
3778.39718487 -40.1300538284 1.0 2200.0 2.1
-1475.88948327 9.67717772421 1.0 6800.0 2.1
-1383.14413972 53.7039294496 1.0 1000.0 2.1
2203.97168879 14.852246752 1.0 7000.0 2.1
2579.53003514 34.494632345 1.0 8000.0 2.1
-3377.94532357 8.92550960664 1.0 5000.0 2.1
-3293.20288037 -84.8110686104 1.0 5000.0 2.1
-693.736472095 -39.114907515 1.0 4600.0 2.1
1187.14573051 3.49293191693 1.0 2600.0 2.1
-2062.49307349 58.8783873136 1.0 2400.0 2.1
-3412.63472499 37.7104374263 1.0 7600.0 2.1
2077.62828539 50.3186057222 1.0 2200.0 2.1
1861.33841193 -66.3374809766 1.0 4800.0 2.1
2573.18097053 45.5812403047 1.0 1000.0 2.1
-2636.61024496 -17.5464498934 1.0 7800.0 2.1
436.778640382 -22.9650899386 1.0 6400.0 2.1
3084.31032348 71.5142759826 1.0 6000.0 2.1
-2692.85587209 -20.9751154094 1.0 1400.0 2.1
782.432214315 60.2274744253 1.0 3400.0 2.1
427.516483858 -14.4512233823 1.0 1600.0 2.1
646.656373769 16.7773263105 1.0 8000.0 2.1
3700.80151718 25.1705792269 1.0 5400.0 2.1
3657.28075788 -79.4297645019 1.0 6800.0 2.1
1474.6831815 15.2360173803 1.0 2200.0 2.1
-2883.34213646 4.66403628872 1.0 2600.0 2.1
-406.724840031 -65.9349700779 1.0 5000.0 2.1
3533.7034273 13.3035052439 1.0 5000.0 2.1
1849.22473907 10.0045309398 1.0 3400.0 2.1
-630.004812111 45.8096264878 1.0 7000.0 2.1
-2006.79660888 49.8707160515 1.0 3200.0 2.1
-1150.87936429 -82.4623469495 1.0 1000.0 2.1
-2169.4929593 -35.26513712 1.0 3400.0 2.1
-487.340140384 -72.443837377 1.0 3600.0 2.1
-2281.98105991 -28.5668084604 1.0 3000.0 2.1
1012.22268204 46.903426998 1.0 5200.0 2.1
1602.96155093 21.2374502136 1.0 7400.0 2.1
-57.3760444681 -83.5751899163 1.0 8000.0 2.1
-2360.91001252 85.8523853701 1.0 6200.0 2.1
-1512.60771136 -2.7993790291 1.0 6000.0 2.1
-627.358186581 -19.5657794716 1.0 7600.0 2.1
-1017.03139631 -20.0041390683 1.0 6200.0 2.1
-2030.64201285 7.03294135234 1.0 4800.0 2.1
2970.21247244 26.6072411238 1.0 6200.0 2.1
3946.89954669 -29.6811180677 1.0 4000.0 2.1
2034.26031005 33.0552722034 1.0 5200.0 2.1
-2231.03820855 37.6839090229 1.0 4800.0 2.1
3259.33937396 19.1563581127 1.0 3600.0 2.1
390.901839543 9.29135515064 1.0 2200.0 2.1
802.500674094 -7.17004198538 1.0 5600.0 2.1
-3834.51556026 1.72279534685 1.0 1800.0 2.1
137.164082272 -82.1036352974 1.0 2600.0 2.1
3306.97443437 -47.2719110161 1.0 2200.0 2.1
2457.44998031 -32.7144258627 1.0 5000.0 2.1
-2483.74248714 54.5508974103 1.0 2600.0 2.1
-577.931651403 40.2922495955 1.0 5600.0 2.1
2419.03183743 21.5090611242 1.0 3800.0 2.1
2185.53225313 56.808719284 1.0 3000.0 2.1
2127.34678827 -28.7855313384 1.0 2200.0 2.1
224.155832541 28.2265435284 1.0 4000.0 2.1
-3245.16590856 44.229214425 1.0 3200.0 2.1
-1276.08877214 55.3344055074 1.0 2400.0 2.1
4541.36413438 -62.4960382566 1.0 3200.0 2.1
2438.53553787 -15.0177014713 1.0 5000.0 2.1
-922.60571081 43.1481394194 1.0 6800.0 2.1
4065.41314024 -34.5863652435 1.0 6600.0 2.1
-1583.65500157 -52.077303086 1.0 4400.0 2.1
-1688.91552502 50.190023783 1.0 5400.0 2.1
924.636043719 -22.2315132831 1.0 6800.0 2.1
-1106.00537211 -36.5685328181 1.0 4800.0 2.1
-2932.36358998 7.48974236748 1.0 3600.0 2.1
-1066.95047195 16.3094350813 1.0 6600.0 2.1
-292.246191402 36.4938176322 1.0 8000.0 2.1
1613.74078812 4.32192882047 1.0 4800.0 2.1
-514.470871945 -88.554601168 1.0 1200.0 2.1
3608.37906012 -43.8994814057 1.0 6600.0 2.1
-367.171802464 24.5663836608 1.0 4400.0 2.1
3472.76569823 71.5167692323 1.0 1000.0 2.1
1964.75190488 -13.94891257 1.0 2000.0 2.1
3133.20506099 30.0979630332 1.0 5200.0 2.1
-360.511478699 -30.9841822157 1.0 7600.0 2.1
2359.09060962 38.3005834232 1.0 4000.0 2.1
-1605.1680644 88.1904533281 1.0 3600.0 2.1
3040.86056391 22.4228615413 1.0 5400.0 2.1
4379.32793013 10.9379623847 1.0 7000.0 2.1
131.155888164 -41.0464303667 1.0 3800.0 2.1
1045.39577921 -75.6347723685 1.0 4600.0 2.1
-3850.12977387 89.175675403 1.0 4200.0 2.1
-2620.73389818 89.8260032868 1.0 7400.0 2.1
-3319.54023106 51.5330220488 1.0 7200.0 2.1
-1461.48599642 -31.8566189271 1.0 1800.0 2.1
1123.80510888 -74.7091252736 1.0 7200.0 2.1
-1164.81890908 -7.25528252737 1.0 1800.0 2.1
-2293.65440886 74.991774267 1.0 7200.0 2.1
-1884.47330035 -0.791721162505 1.0 6800.0 2.1
-1628.6322962 14.0263128788 1.0 1000.0 2.1
2899.46234305 -3.31879845951 1.0 1200.0 2.1
-3209.26983692 -3.51401835451 1.0 1200.0 2.1
761.797231896 1.25356007833 1.0 4400.0 2.1
1162.89569398 -43.0359286051 1.0 7600.0 2.1
-3065.0532473 28.9405565645 1.0 7400.0 2.1
2797.74304501 -19.7472005229 1.0 6600.0 2.1
-3754.69586668 -38.9473795567 1.0 7000.0 2.1
316.716759832 84.7817638689 1.0 1400.0 2.1
-290.959766533 16.2136362229 1.0 2400.0 2.1
-1048.3989417 28.395003222 1.0 3600.0 2.1
1114.59597906 3.57714956738 1.0 8000.0 2.1
-3038.28870017 24.0989622283 1.0 6600.0 2.1
3640.16516929 32.4174336665 1.0 6000.0 2.1
271.15833264 53.0944080158 1.0 2800.0 2.1
2694.0167646 -48.7189497995 1.0 7600.0 2.1
-1473.33800591 -14.2451590637 1.0 7400.0 2.1
-1302.75247364 3.49690321378 1.0 3600.0 2.1
-1476.21348724 20.8660805184 1.0 7200.0 2.1
-2532.5796411 7.62377488416 1.0 3400.0 2.1
555.211512083 -12.8294863404 1.0 5800.0 2.1
-1047.80489289 -9.9114954234 1.0 5400.0 2.1
3761.29669769 1.14555966262 1.0 5600.0 2.1
-480.397952534 -86.9638855818 1.0 4400.0 2.1
-388.239120811 -76.6616154099 1.0 4400.0 2.1
1630.49018731 45.0664993687 1.0 6800.0 2.1
7.97067843107 8.53433483155 1.0 4800.0 2.1
2116.45941447 -39.0240362001 1.0 7200.0 2.1
-1974.64639826 13.7461792379 1.0 3400.0 2.1
-911.238784602 -80.5768310998 1.0 1400.0 2.1
1252.1696847 -26.6240096885 1.0 6800.0 2.1
-1446.19249835 -9.75895331325 1.0 7600.0 2.1
1112.0200227 -66.1052186519 1.0 4400.0 2.1
-2773.21886638 48.5363884867 1.0 6600.0 2.1
379.977734321 21.566013162 1.0 2800.0 2.1
-790.223624498 1.38685077428 1.0 2800.0 2.1
-883.485123507 -81.5543296217 1.0 2200.0 2.1
-611.251846495 -71.251969358 1.0 4000.0 2.1
-4187.30359569 -12.8995826366 1.0 5800.0 2.1
42.0612260628 46.4692048298 1.0 7600.0 2.1
-863.988454616 -13.7035608268 1.0 5000.0 2.1
-1242.8548382 19.3843861962 1.0 4600.0 2.1
3000.44724537 -75.1489689477 1.0 2400.0 2.1
-1186.60272022 -3.79814515142 1.0 7600.0 2.1
-2613.55938176 11.1869551353 1.0 1800.0 2.1
-625.696585131 -84.5413094379 1.0 4000.0 2.1
685.773797676 35.1242691857 1.0 3600.0 2.1
-746.204134917 -26.4249496148 1.0 4400.0 2.1
-2273.42633462 20.7596923364 1.0 5000.0 2.1
145.029848613 -29.0705518606 1.0 1000.0 2.1
3276.0463653 -50.3072646398 1.0 5000.0 2.1
606.186034731 -11.6965538476 1.0 7600.0 2.1
1692.37161602 -10.9708787896 1.0 4600.0 2.1
1168.71582596 1.18859092448 1.0 4800.0 2.1
-1347.34264505 -18.0829283071 1.0 7600.0 2.1
2383.35885671 -71.0177882081 1.0 4200.0 2.1
413.650621193 42.1786914897 1.0 1200.0 2.1
3101.20900738 36.0910857023 1.0 2600.0 2.1
-1553.36462234 -33.7760955153 1.0 4600.0 2.1
-2169.15407198 -10.9102066574 1.0 1000.0 2.1
-3678.0173399 84.6258489912 1.0 5000.0 2.1
2507.13598644 44.1704488516 1.0 1000.0 2.1
3394.24249441 7.51135379856 1.0 4400.0 2.1
-1104.0859984 30.5454013466 1.0 1800.0 2.1
-2173.95196375 5.07850186532 1.0 1000.0 2.1
-992.82348189 -72.5974419193 1.0 4000.0 2.1
-1952.74005145 55.9396654668 1.0 6800.0 2.1
-3136.17661999 -35.5082541699 1.0 4000.0 2.1
1885.59973206 -3.13503447077 1.0 5200.0 2.1
-1396.10596657 1.85058318953 1.0 6600.0 2.1
-1163.57804286 2.53584946423 1.0 3200.0 2.1
425.800545128 48.1367343789 1.0 5400.0 2.1
-989.897670256 33.5842419058 1.0 6600.0 2.1
1458.88942663 -46.6017660624 1.0 5000.0 2.1
2272.6910758 71.1037767374 1.0 2200.0 2.1
3402.58670513 -68.5160074033 1.0 4600.0 2.1
-10.8468899175 2.67940414734 1.0 6400.0 2.1
-1754.81743133 20.9194750922 1.0 7000.0 2.1
2597.45451234 46.7693584639 1.0 1000.0 2.1
2073.80704778 -80.6924682514 1.0 6600.0 2.1
-3519.95024077 -86.0577036823 1.0 5000.0 2.1
3587.7154725 -32.9006764781 1.0 7400.0 2.1
-2424.27801885 25.9813742239 1.0 3400.0 2.1
-2039.46286746 -7.28645155521 1.0 2000.0 2.1
287.499608216 -25.2572688086 1.0 6800.0 2.1
-3430.73837377 -41.7539108993 1.0 3800.0 2.1
-1856.09490205 52.0060206722 1.0 1800.0 2.1
-1203.61358352 70.0966918828 1.0 6200.0 2.1
681.00871206 25.5282851974 1.0 2200.0 2.1
3522.52730062 28.2672235826 1.0 2600.0 2.1
-2192.95490727 14.6602354612 1.0 7600.0 2.1
-2188.77568383 81.3020091286 1.0 4800.0 2.1
-2805.80824964 7.28796022642 1.0 1000.0 2.1
229.801536048 30.0544914727 1.0 5800.0 2.1
-221.486907108 39.5436377879 1.0 4200.0 2.1
782.395088429 -21.2406077549 1.0 6000.0 2.1
1340.60510082 -29.0730249588 1.0 3800.0 2.1
1444.73702562 77.8000770426 1.0 6000.0 2.1
1021.71997574 2.12387537119 1.0 2000.0 2.1
2575.98065564 34.7480548118 1.0 2600.0 2.1
651.222475278 -23.0717673571 1.0 6600.0 2.1
1822.47542815 -41.1669420568 1.0 1000.0 2.1
-2559.08969144 -24.5912612114 1.0 3200.0 2.1
-2115.84227747 -47.4908094676 1.0 5200.0 2.1
1908.46617203 -4.14143632745 1.0 1600.0 2.1
3141.8025095 58.8536789369 1.0 6600.0 2.1
-2500.89631731 -89.0092643004 1.0 6000.0 2.1
2718.06667858 33.8340765468 1.0 2800.0 2.1
1326.83016258 -2.6238496191 1.0 3200.0 2.1
-3060.52028458 28.6686373094 1.0 5200.0 2.1
2591.11604843 40.1957233943 1.0 1400.0 2.1
-749.733463868 22.4944704891 1.0 6400.0 2.1
-1434.9214908 -16.4526690034 1.0 1000.0 2.1
-1783.07626249 83.4992695328 1.0 3400.0 2.1
3471.62864958 25.1384911023 1.0 2800.0 2.1
888.703793356 22.5492585334 1.0 7600.0 2.1
-1512.96129577 -41.1977319252 1.0 3200.0 2.1
-3325.04829833 -19.0916915907 1.0 5000.0 2.1
1658.29792245 81.4749919485 1.0 4400.0 2.1
1591.0447365 34.2009055733 1.0 4200.0 2.1
592.419101221 14.8666794174 1.0 3000.0 2.1
2479.07352292 -15.1731679103 1.0 4600.0 2.1
1620.58545416 -35.605114677 1.0 2000.0 2.1
1039.34699567 -35.8935881295 1.0 4600.0 2.1
1284.13408164 32.0876423592 1.0 4200.0 2.1
3622.8409892 45.7591070292 1.0 5600.0 2.1
1636.21074755 9.17479175965 1.0 4800.0 2.1
3054.4901681 52.8359025779 1.0 1400.0 2.1
-527.220151548 -87.0511402649 1.0 1800.0 2.1
2284.91470126 40.3573226439 1.0 5000.0 2.1
3215.76538298 -73.2330605789 1.0 6400.0 2.1
2919.22773848 -51.9908927123 1.0 4600.0 2.1
-3118.56195583 26.0562643747 1.0 1200.0 2.1
-2608.14638735 -10.6463030401 1.0 7000.0 2.1
3145.61523188 -20.365189522 1.0 4600.0 2.1
-857.744486205 -25.9466883704 1.0 3000.0 2.1
-48.2050926949 -1.1525924662 1.0 7000.0 2.1
3258.91150898 43.4856059046 1.0 7000.0 2.1
-644.133274003 29.2164559385 1.0 7800.0 2.1
268.994969754 -47.9488034616 1.0 8000.0 2.1
3350.80559568 -58.6873723988 1.0 7000.0 2.1
1361.86164623 14.2487355176 1.0 6800.0 2.1
-357.317796012 14.2410563696 1.0 1000.0 2.1
2426.23635297 30.2155990478 1.0 7800.0 2.1
-3467.63992886 -28.3412522867 1.0 4400.0 2.1
198.668629907 16.7316666702 1.0 3200.0 2.1
633.606144422 6.18888185816 1.0 1800.0 2.1
-3109.23962055 1.9322470177 1.0 1600.0 2.1
953.167844418 22.1979818876 1.0 5600.0 2.1
-2927.61052288 40.5852872476 1.0 4600.0 2.1
629.862665991 67.8934545232 1.0 7000.0 2.1
4342.53768128 -85.1018292742 1.0 6800.0 2.1
-2628.80032716 70.526984752 1.0 6000.0 2.1
-358.146257211 -42.0689102605 1.0 6000.0 2.1
-3314.01338974 51.4575405301 1.0 1600.0 2.1
-679.165535387 -24.584473769 1.0 6200.0 2.1
-3123.81719997 10.5763336246 1.0 7000.0 2.1
-1920.31757546 32.1349531854 1.0 2400.0 2.1
1316.16209143 -27.0419181313 1.0 1000.0 2.1
2795.45396367 7.36785559578 1.0 1000.0 2.1
-1718.07828635 -28.8627209654 1.0 2800.0 2.1
-885.253266857 -60.2719741841 1.0 2600.0 2.1
2124.19642222 -82.1612032325 1.0 7600.0 2.1
-168.75833987 71.8633739973 1.0 7600.0 2.1
-1153.74051378 1.06426976899 1.0 3400.0 2.1
2546.21932674 -24.4123259841 1.0 1000.0 2.1
2265.57930127 18.663072377 1.0 2800.0 2.1
3284.64596251 -30.3389886055 1.0 7600.0 2.1
-3644.97756645 21.223532698 1.0 7000.0 2.1
3471.8254812 23.2334234461 1.0 5600.0 2.1
926.042946188 7.88246629154 1.0 6000.0 2.1
53.4944189149 21.0067456964 1.0 2800.0 2.1
3513.72793343 36.4677963343 1.0 5000.0 2.1
297.889248444 -80.7756116974 1.0 3800.0 2.1
2913.63343366 19.0525153653 1.0 6000.0 2.1
-1072.33961636 -8.04738893857 1.0 5400.0 2.1
688.079729878 25.9298525161 1.0 1600.0 2.1
277.217009527 -49.465533743 1.0 6000.0 2.1
-2977.42420938 -52.3784441104 1.0 1200.0 2.1
-2394.96453175 41.2926898696 1.0 5800.0 2.1
-2280.68868497 -32.1378690406 1.0 6600.0 2.1
-729.701796319 -52.2473723251 1.0 1400.0 2.1
1667.69404359 -51.5434349788 1.0 5800.0 2.1
265.452958644 38.093860275 1.0 7000.0 2.1
1604.83426695 20.8105400944 1.0 1000.0 2.1
-86.4961486307 48.2497072361 1.0 5400.0 2.1
-2555.3547267 0.689195530802 1.0 3200.0 2.1
3941.28821066 -21.9435913933 1.0 3400.0 2.1
-2041.57251031 -21.9331971419 1.0 3400.0 2.1
2363.75945534 89.3620455807 1.0 1600.0 2.1
1570.24878943 -59.7274014268 1.0 4200.0 2.1
2889.00269306 -45.2817455594 1.0 6000.0 2.1
3481.17888302 -9.52366039362 1.0 2200.0 2.1
3122.1635315 38.0205660122 1.0 4600.0 2.1
42.1941391517 14.541632993 1.0 4000.0 2.1
-3220.34356146 -8.03651157258 1.0 4400.0 2.1
-2176.77492427 -7.42590854292 1.0 3800.0 2.1
2769.08738504 13.1168233816 1.0 2000.0 2.1
1871.00797841 8.53465308645 1.0 3200.0 2.1
1655.91608254 48.4174183843 1.0 4800.0 2.1
3121.53746723 -40.5264291695 1.0 5600.0 2.1
161.265429301 -19.1712370558 1.0 7600.0 2.1
644.196266804 -7.76615304021 1.0 1600.0 2.1
1276.7018833 6.19273163802 1.0 7000.0 2.1
876.896069762 -14.4683518822 1.0 6600.0 2.1
3513.08996479 45.3991897632 1.0 4400.0 2.1
-2476.34511694 -3.50656448802 1.0 1600.0 2.1
3881.37588321 -18.8503141063 1.0 5800.0 2.1
-1944.4197862 -13.7773182331 1.0 3200.0 2.1
-3508.00067702 21.4257612507 1.0 7000.0 2.1
1660.66356832 26.3916296551 1.0 7400.0 2.1
366.419122407 72.2905135455 1.0 3800.0 2.1
324.202426695 -22.6497516371 1.0 4400.0 2.1
1192.35751994 7.50034879045 1.0 4600.0 2.1
3208.34211651 15.4638560784 1.0 7200.0 2.1
2361.20309097 -1.05180882513 1.0 2200.0 2.1
-2817.29228652 -35.5045154328 1.0 5200.0 2.1
-1480.40404631 -39.3712549224 1.0 3600.0 2.1
-3452.98512768 4.34891001676 1.0 2400.0 2.1
1365.85745652 24.2962627755 1.0 3200.0 2.1
-2489.83011118 21.0749684177 1.0 2400.0 2.1
3239.64319255 13.175776568 1.0 1200.0 2.1
1529.02297245 -31.0934861402 1.0 4800.0 2.1
-9.34518171788 -83.383802734 1.0 7000.0 2.1
-551.081859436 -21.8001467456 1.0 3600.0 2.1
-1668.02799754 2.62986374537 1.0 3000.0 2.1
759.522108296 23.9399377303 1.0 6600.0 2.1
3335.62231798 -41.7172202612 1.0 5800.0 2.1
-344.688321527 -45.2308828974 1.0 2400.0 2.1
2024.86345158 -10.669606341 1.0 3200.0 2.1
-1684.29319623 -42.5258899833 1.0 5400.0 2.1
-1095.60353109 5.76415491913 1.0 1600.0 2.1
42.6772159085 9.24638021359 1.0 2200.0 2.1
-1159.62356996 -46.3024806304 1.0 1200.0 2.1
2430.23809769 -29.1888088388 1.0 4600.0 2.1
-1785.08516281 22.5335139746 1.0 1400.0 2.1
1196.23227848 62.4989483072 1.0 5800.0 2.1
-1540.11652788 56.3517649577 1.0 8000.0 2.1
1668.43824505 18.377525871 1.0 1400.0 2.1
1530.82139024 1.46483295333 1.0 7800.0 2.1
-318.978669577 -3.71875417565 1.0 2000.0 2.1
3374.41977119 46.7628840375 1.0 5600.0 2.1
-1159.81155401 64.7259443708 1.0 2400.0 2.1
2112.45679954 50.8922919294 1.0 6200.0 2.1
-2331.89098953 11.386731029 1.0 7400.0 2.1
2231.36845454 88.0919940857 1.0 4400.0 2.1
-1738.98263055 -25.3768136668 1.0 2400.0 2.1
2098.08035012 -24.884092641 1.0 8000.0 2.1
3534.31316061 -48.7329775879 1.0 2000.0 2.1
1445.96857145 82.7132926044 1.0 4600.0 2.1
-3709.81577329 72.1484962047 1.0 2000.0 2.1
2574.00102697 44.0070671016 1.0 6800.0 2.1
-2931.70174048 85.9140348555 1.0 3600.0 2.1
1517.6085259 -84.6372185302 1.0 1000.0 2.1
490.333500182 -47.299458668 1.0 7800.0 2.1
-2582.49920135 42.8028264316 1.0 4000.0 2.1
3430.54368658 -37.7131853804 1.0 6200.0 2.1
-1612.61116969 54.8180703697 1.0 4800.0 2.1
3817.53998485 31.2403391237 1.0 6000.0 2.1
-346.728333649 14.5520709428 1.0 7000.0 2.1
-1976.21696123 -30.128318525 1.0 7600.0 2.1
-2600.46611519 31.2314840429 1.0 6400.0 2.1
-337.989117041 -16.141086396 1.0 2400.0 2.1
-1161.0035484 -29.0698504415 1.0 6200.0 2.1
-3809.76680143 16.0045164036 1.0 3200.0 2.1
-1976.16367904 15.1578331907 1.0 2800.0 2.1
2960.63080157 1.15898599651 1.0 1200.0 2.1
-603.543786161 -4.44153203798 1.0 2800.0 2.1
3744.52706513 -16.6837536163 1.0 5600.0 2.1
121.0142764 60.8904682378 1.0 5400.0 2.1
-3731.73112648 14.8745619023 1.0 4400.0 2.1
-435.530984524 84.1616680757 1.0 7800.0 2.1
2030.03088147 28.5541905672 1.0 5000.0 2.1
947.404144678 -35.0324315974 1.0 6400.0 2.1
408.501091968 51.9040167609 1.0 4800.0 2.1
-3291.3878113 -34.3259876795 1.0 1000.0 2.1
-1742.84341058 -19.5268122734 1.0 3600.0 2.1
-2918.48873918 -64.8905686182 1.0 7800.0 2.1
898.456508682 -79.3344618104 1.0 8000.0 2.1
-2832.31451638 -58.0900034534 1.0 2800.0 2.1
4544.53943907 64.3313093111 1.0 7600.0 2.1
2312.76112075 -32.4206172205 1.0 4800.0 2.1
-1294.59173552 -71.6276077716 1.0 6000.0 2.1
-1073.7520087 5.8856007324 1.0 6000.0 2.1
1526.08896784 47.3018215867 1.0 7400.0 2.1
1552.03039492 -9.0251054824 1.0 7400.0 2.1
-1111.16501249 10.4340388134 1.0 6000.0 2.1
-688.161000068 45.6650215365 1.0 5000.0 2.1
-2234.29334046 -38.3418343014 1.0 5200.0 2.1
1990.81411072 -33.9938903533 1.0 3400.0 2.1
98.7516005034 45.7912115337 1.0 6800.0 2.1
2984.26928537 -7.81969626423 1.0 5000.0 2.1
1314.75249412 28.6797098773 1.0 3600.0 2.1
-2936.50185959 52.5358488747 1.0 2200.0 2.1
-232.106825574 50.6009467847 1.0 2000.0 2.1
-530.901328978 -11.8330191169 1.0 3600.0 2.1
-381.754238958 46.2987404856 1.0 6400.0 2.1
833.981171144 -22.5906584783 1.0 2400.0 2.1
-1228.56375983 -55.9961779574 1.0 7600.0 2.1
-2112.47850445 -27.0710131751 1.0 1400.0 2.1
938.596565531 -78.6618371095 1.0 4200.0 2.1
-1600.67780934 -39.5865063288 1.0 1200.0 2.1
-591.091268465 4.62670512395 1.0 3600.0 2.1
600.116772402 -75.8894651144 1.0 1000.0 2.1
444.872505552 13.214988715 1.0 6200.0 2.1
-509.846805362 -18.8505694545 1.0 7000.0 2.1
1344.24238793 -0.591407460555 1.0 4000.0 2.1
647.295880335 23.2125697806 1.0 5400.0 2.1
2560.04503458 20.6069671974 1.0 2600.0 2.1
-2682.521363 -5.6242202858 1.0 5600.0 2.1
-2403.51757458 -25.0700376169 1.0 8000.0 2.1
-2054.18940325 41.8612760834 1.0 1600.0 2.1
-2296.47066889 7.20616054969 1.0 4200.0 2.1
-1712.96026128 -2.90712611109 1.0 4600.0 2.1
-2360.8873221 -42.3475617639 1.0 3600.0 2.1
-3163.20281806 65.1082006333 1.0 6000.0 2.1
-1826.37850062 51.5194343676 1.0 4800.0 2.1
-2784.29023836 31.0512504322 1.0 4800.0 2.1
1259.36614414 47.7087359624 1.0 1400.0 2.1
2441.05238636 -68.7565274699 1.0 2000.0 2.1
-3912.29887961 9.81394393691 1.0 4200.0 2.1
2675.37910885 17.2773618171 1.0 5400.0 2.1
-3240.72902242 41.8037986731 1.0 5800.0 2.1
-2635.01190857 19.2383821483 1.0 6800.0 2.1
-869.425998118 89.8150939962 1.0 5600.0 2.1
704.320147422 -12.6552971575 1.0 5200.0 2.1
-1179.95575548 -24.3015485819 1.0 3000.0 2.1
3181.06298311 -22.1501136318 1.0 4000.0 2.1
2769.88124302 -87.8711347164 1.0 2000.0 2.1
2944.48400392 41.7331242698 1.0 2200.0 2.1
-3617.61610965 17.2215895722 1.0 7800.0 2.1
-3525.78304811 -88.054165599 1.0 1800.0 2.1
3664.15822608 -44.2404451653 1.0 5200.0 2.1
1876.86966182 -39.719114195 1.0 4200.0 2.1
1386.24716771 -34.6689317269 1.0 5800.0 2.1
2448.11469579 7.00652273904 1.0 1200.0 2.1
2916.41616715 50.4911915816 1.0 4400.0 2.1
3635.36603931 60.7600354972 1.0 3800.0 2.1
2526.28509251 -61.5790173209 1.0 7400.0 2.1
-707.220112847 19.1241618744 1.0 4200.0 2.1
-1163.33308404 -80.0471686932 1.0 3600.0 2.1
-1585.89007076 -11.5341873994 1.0 7000.0 2.1
1684.35622883 84.8244278884 1.0 8000.0 2.1
1517.97621492 -41.6248693899 1.0 4400.0 2.1
134.551847408 9.51114319008 1.0 5800.0 2.1
-3612.57058155 8.1624731803 1.0 2200.0 2.1
2193.20762037 89.1396316365 1.0 4200.0 2.1
1250.0753425 63.8860448866 1.0 6200.0 2.1
1252.4265191 -7.00873177175 1.0 7800.0 2.1
1966.70961823 -67.0420777773 1.0 4600.0 2.1
-2886.41834815 -6.37833501869 1.0 1400.0 2.1
-972.907894213 27.8377158285 1.0 3200.0 2.1
-153.299434978 -87.5748474827 1.0 6000.0 2.1
1673.86329635 -12.700182367 1.0 7600.0 2.1
1339.93569702 31.7936272725 1.0 5200.0 2.1
905.701622689 23.0160189383 1.0 7800.0 2.1
1214.88772721 11.6372845356 1.0 7600.0 2.1
3614.06601508 79.0755765888 1.0 1400.0 2.1
63.5600797659 -14.571019499 1.0 5200.0 2.1
-2208.1885979 -36.8899842465 1.0 5400.0 2.1
1925.92469442 6.72262651702 1.0 7000.0 2.1
-2894.63727698 16.0587671314 1.0 5800.0 2.1
92.9174220831 -2.63646158108 1.0 4800.0 2.1
2282.5620413 12.7527607779 1.0 3000.0 2.1
377.348309059 50.3916801177 1.0 4000.0 2.1
2608.98695805 -74.2673725299 1.0 2400.0 2.1
-426.770407724 -33.3151387983 1.0 6200.0 2.1
3006.26071204 -13.9166801268 1.0 7800.0 2.1
756.16976088 -5.54061936201 1.0 1000.0 2.1
-2004.60246581 -71.5866452563 1.0 6800.0 2.1
276.828341931 37.1795875988 1.0 2600.0 2.1
-1449.79817256 38.8597453646 1.0 5600.0 2.1
3484.5271329 19.7386886244 1.0 5000.0 2.1
1450.57126845 44.7450641298 1.0 5400.0 2.1
3844.61311041 18.8495355017 1.0 6200.0 2.1
588.304608896 -10.493644017 1.0 1400.0 2.1
160.587404713 -15.4744480207 1.0 5600.0 2.1
