EV.L001.                  38.87984        -7.96226        182              0.
EV.L002.                   38.83255        -8.07663        171              0.
EV.L003.                  38.70053        -8.19153        237              0.
EV.L004.                  38.97579        -8.20962        89               0.
EV.L005.                  38.79668        -7.96925        324              0.
EV.L006.                  38.95233        -7.87452        201              0.
EV.L007.                   38.99345        -7.67249        221              0.
EV.L008.                  38.68375        -7.89801        296              0.
EV.L009.                  38.75314        -8.35979        128              0.
EV.L010.                  38.66282        -7.70761        241              0.
EV.L011.                  39.06351        -8.05425        160              0.
EV.L012.                  38.74976        -8.06516        295              0.
.D01.                   38.36485        -18.3749        -4888            0 
.D02.                   38.309333       -18.291667      -4453            0 
.D03.                   38.3099         -18.458367      -4420            0 
.D04.                   38.45495        -18.3959        -5018            0 
.D05.                   38.175167       -18.149933      -4721            0 
.D06.                   38.549833       -18.166667      -5283            0.
.D07.                   38.551333       -18.5495        -5036            0.
.D08.                   38.185167       -18.666667      -4814            0 
.D09.                   38.030183       -18.375383      -4860            0 
.D10.                   38.367667       -18.776833      -4973            0 
.D11.                   38.670167       -18.347333      -5215            0 
.D12.                   38.375          -17.935167      -4892            0 
