.EIBI. 39.0269 1.3436     0.    0.0
.ETOS. 39.7678 2.8144     0.    0.0
.COBS. 40.7141 1.3573     0.    0.0
.ALCN. 40.5593 0.4809     0.    0.0
.CMAS. 40.7256 0.3138     0.    0.0
.EBR. 40.8203 0.4939      0.    0.0
.EROQ. 40.8232 0.4088     0.    0.0
.ALCX. 40.2612 0.2669     0.    0.0
.EMOS. 40.3639 -0.4721    0.    0.0
.ERTA. 40.9567 0.3335     0.    0.0




.ACU. 38.5113 -0.4107     0.    0.0
.CCAN. 28.2216 -16.6050   0.    0.0
.CFTV. 28.4138 -14.0833   0.    0.0
.CFUE. 28.6468 -13.9359   0.    0.0
.CHIE. 27.7270 -17.9607   0.    0.0
.CHIO. 28.2398 -16.8162   0.    0.0
.CICO. 28.3490 -16.7241   0.    0.0
.CLAN. 29.1028 -13.4761   0.    0.0
.CRAJ. 28.2649 -16.5969   0.    0.0
.CTFE. 28.4800 -16.2620   0.    0.0
.EADA. 38.1673 -4.5771    0.    0.0
.EALB. 35.9399 -3.0343    0.    0.0
.EALH. 37.8582 -1.4197    0.    0.0
.EALK. 43.2197 -1.5071    0.    0.0
.EARA. 42.7727 -1.5797    0.    0.0
.EARI. 43.3012 -5.2099    0.    0.0
.EBAD. 38.7556 -7.0133    0.    0.0
.EBAJ. 28.5399 -16.3434   0.    0.0
.EBAN. 38.1710 -3.7900    0.    0.0
.EBEN. 38.7038 -0.2250    0.    0.0
.EBER. 36.8979 -2.8896    0.    0.0
.EBIE. 42.6862 0.1428     0.    0.0
.ECAB. 38.0753 -5.4186    0.    0.0
.ECAL. 41.9413 -6.7371    0.    0.0
.ECEU. 35.8978 -5.3768    0.    0.0
.ECHE. 39.5908 -0.9677    0.    0.0
.ECOG. 37.2772 -3.5663    0.    0.0
.ECRI. 42.6089 -2.5100    0.    0.0
.EFAM. 29.1275 -13.5295   0.    0.0
.EGOM. 28.1594 -17.2096   0.    0.0
.EGRA. 42.1952 0.3160     0.    0.0
.EGRO. 37.5342 -7.4831    0.    0.0
.EGUA. 36.8337 -3.5653    0.    0.0
.EHIG. 28.5567 -17.8062   0.    0.0
.EHOR. 37.8232 -5.2480    0.    0.0
.EHRO. 27.7535 -18.1106   0.    0.0
.EHUE. 37.8148 -2.5927    0.    0.0
.EINC. 42.6600 -7.3500    0.    0.0
.EJIF. 36.4513 -5.4688    0.    0.0
.EJIM. 36.4358 -5.4542    0.    0.0
.EJON. 42.4487 2.8886     0.    0.0
.ELAN. 43.2317 -3.4340    0.    0.0
.ELIJ. 36.9190 -5.3790    0.    0.0
.ELIZ. 43.1640 -1.5285    0.    0.0
.ELOB. 41.8674 -8.0611    0.    0.0
.ELOJ. 37.1480 -4.1530    0.    0.0
.ELUQ. 37.5605 -4.2668    0.    0.0
.EMAL. 36.7620 -4.4280    0.    0.0
.EMAZ. 42.9490 -8.9765    0.    0.0
.EMEL. 35.3000 -2.9567    0.    0.0
.EMIJ. 36.5645 -4.7727    0.    0.0
.EMIN. 37.7675 -6.6724    0.    0.0
.EMIR. 41.9144 1.5258     0.    0.0
.EMLI. 35.3000 -2.9500    0.    0.0
.EMON. 43.4362 -7.3298    0.    0.0
.EMUR. 37.8422 -1.2405    0.    0.0
.ENIJ. 36.9715 -2.2070    0.    0.0
.EORO. 42.8926 -1.3095    0.    0.0
.EOSO. 28.0718 -15.5525   0.    0.0
.EPAB. 39.5449 -4.3499    0.    0.0
.EPLA. 40.0642 -6.0803    0.    0.0
.EPOB. 41.3527 1.0786     0.    0.0
.EPON. 43.3270 -7.1494    0.    0.0
.EPRU. 36.9660 -5.2313    0.    0.0
.EQES. 37.8028 -3.0711    0.    0.0
.EQTA. 37.2050 -3.4399    0.    0.0
.EQUE. 37.2086 -3.4444    0.    0.0
.ERIP. 37.3730 -7.2550    0.    0.0
.ERON. 37.0180 -3.8050    0.    0.0
.ERUA. 42.3927 -7.1425    0.    0.0
.ESAC. 41.7219 -0.4693    0.    0.0
.ESPR. 36.8686 -5.8562    0.    0.0
.ETER. 42.3015 2.8555     0.    0.0
.ETOB. 38.6447 -1.5478    0.    0.0
.ETOR. 40.8195 -2.0552    0.    0.0
.EVAL. 37.5842 -6.7475    0.    0.0
.EVIA. 38.6386 -2.5025    0.    0.0
.EZAM. 42.1490 -8.6950    0.    0.0
.GGC. 28.1197 -15.6367    0.    0.0
.GUD. 40.6430 -4.1537     0.    0.0
.PAB. 39.5458 -4.3483     0.    0.0
.RETOR. 40.8192 -2.0552   0.    0.0
.STS. 42.8860 -8.5509     0.    0.0
.TBT. 28.6794 -17.9145    0.    0.0
.VILA. 41.1821 1.7525     0.    0.0
.CGAR. 41.2933 1.9137     0.    0.0
.CAVN. 41.8815 0.7505     0.    0.0
.CORI. 41.9724 2.0487     0.    0.0
.CFON. 41.7611 2.4345     0.    0.0
.CCAS. 41.8828 2.9041     0.    0.0
