241.104206008 66.528572406 0.937658965504 2000.0 0.151282051282
4064.89809275 38.2446538374 0.807355922172 4800.0 0.458974358974
-6105.59719795 20.572321782 0.855167791816 3400.0 0.253846153846
-6437.19897909 -50.3144244346 1.01477553047 3800.0 0.1
-7942.70437132 23.6832802317 0.91551907365 1800.0 0.202564102564
2003.31941787 -45.2717952795 0.76720311647 5000.0 0.561538461538
1408.24694877 21.9202442984 0.642125093145 2200.0 0.458974358974
688.923248515 -19.9589389684 0.525941651845 2200.0 0.407692307692
-3578.94966849 -72.5245936638 0.914466499116 1800.0 0.202564102564
954.437298827 -40.5063461482 0.706707127272 2200.0 0.35641025641
1438.75226625 -4.27462861767 0.195266360866 2000.0 0.458974358974
-4166.3938068 41.2474358062 0.834082362407 1000.0 0.151282051282
5847.61098199 -49.8166733291 0.998008262345 4600.0 0.1
-5808.52268316 -45.4394499994 0.920838564671 4000.0 0.253846153846
-3373.62594441 47.2597371654 0.920571725895 1200.0 0.1
-5440.3844179 -26.2053595402 0.943619931983 5000.0 0.253846153846
-437.526363269 23.5524734664 0.397540911121 2000.0 0.458974358974
7071.16756771 25.1646448334 0.932072313945 2200.0 0.305128205128
6828.48376968 -13.3941780631 0.915600177291 2800.0 0.202564102564
-767.642876053 67.6575874134 0.941038415615 2000.0 0.151282051282
-2460.11770197 24.4886801118 0.618229994802 1600.0 0.305128205128
503.622111749 -28.3743671223 0.678055577995 2000.0 0.305128205128
816.659572078 11.0519295353 0.315174384676 2000.0 0.510256410256
-3967.70967259 -33.1438825427 0.877922443761 5000.0 0.305128205128
-6564.7623029 38.2264585283 0.978999490539 1600.0 0.1
2591.14091147 58.5996269454 1.00946036664 600.0 0.1
-6875.33283195 -86.4663233685 0.987695980648 4600.0 0.151282051282
-2767.82872144 8.64804885601 0.506427410015 1800.0 0.35641025641
4458.22038665 -6.43137069139 0.744583630122 5000.0 0.715384615385
-2567.75319537 56.2229503498 1.01161579031 5000.0 0.1
-3724.00333182 61.9026362972 0.884256544552 4800.0 0.35641025641
1584.43997479 -32.9989137078 0.780789539378 3800.0 0.35641025641
-6510.83673057 -61.5320020608 1.01456205242 5000.0 0.1
7077.22166408 -13.988885089 0.95932959109 5000.0 0.305128205128
6167.06557238 44.2691227391 0.967399366537 4200.0 0.151282051282
-2858.18368301 -55.3674471221 0.935453248653 1200.0 0.1
-4726.12747148 -7.25582911161 0.756213714903 1000.0 0.151282051282
2839.05038862 71.354478353 1.02663972043 4200.0 0.1
-4947.20580817 -2.51269793225 0.749435040901 1000.0 0.151282051282
4306.88692148 60.8214436524 0.957070166204 4400.0 0.305128205128
-2295.66999688 29.2804423861 0.519614500643 2000.0 0.407692307692
5056.49733382 -7.24792248658 0.858458408714 5000.0 0.561538461538
-6600.68837782 -40.5419196407 0.952624265031 4600.0 0.151282051282
1588.23399655 -27.3623842799 0.771985111737 3200.0 0.35641025641
-6968.62801535 17.0521960915 0.941569336839 3400.0 0.253846153846
-5692.40190787 37.8063855237 0.935528933776 1400.0 0.151282051282
1241.33229408 73.5224639988 1.00590563909 800.0 0.1
-594.477254759 55.747485757 1.03657569489 5000.0 0.1
5861.69629426 -28.5584379856 0.942612962512 1400.0 0.1
-7649.22750504 74.45208894 0.998122040672 800.0 0.1
7180.48744964 -16.2870426378 0.948183117764 1000.0 0.151282051282
1290.98833947 -27.8127404286 0.69467389925 5000.0 0.664102564103
1657.98589944 32.2631658668 0.639140897072 1800.0 0.35641025641
3524.11417859 -33.2039182177 0.795026695359 2200.0 0.407692307692
-4708.4155264 -55.946478237 0.949686847776 4200.0 0.151282051282
-1325.62612084 -41.1309297116 0.827627835052 4200.0 0.407692307692
2757.40348847 -63.9714308943 0.97187718459 2000.0 0.151282051282
7472.32149744 -65.6452519905 0.963532231953 2000.0 0.1
3397.094884 34.2155158678 0.728042213987 5000.0 0.612820512821
1499.5143874 -81.1101491544 1.02175725759 5000.0 0.1
3379.28654468 -49.8689790133 0.964200642351 4800.0 0.253846153846
-1642.67642893 13.5409077732 0.520197652258 2200.0 0.561538461538
-3777.78306582 7.11983533367 0.730193698436 2000.0 0.35641025641
-1848.22883943 -39.2055337581 0.883915355144 1600.0 0.151282051282
2999.99109787 48.8550971067 0.892512083076 5000.0 0.407692307692
4362.78488657 -51.0996501185 0.947366473388 5000.0 0.202564102564
2824.4483631 -22.3426314167 0.754770323653 3800.0 0.715384615385
798.519565899 27.6091555571 0.7030508006 2200.0 0.407692307692
-7125.61113145 -4.50847809733 0.922836105851 5000.0 0.253846153846
1267.99830368 20.046621461 0.559194584935 2200.0 0.458974358974
2583.16426053 41.080434489 0.858581489177 5000.0 0.458974358974
4316.44335072 57.5300784238 0.989375713021 1400.0 0.1
-481.188257998 -3.59728762778 0.240818083678 2000.0 0.458974358974
6267.19126084 69.5975367879 0.966224367767 2600.0 0.151282051282
-3698.85114762 3.86749863079 0.659731034757 1000.0 0.202564102564
-3590.92217982 -12.3908060736 0.667557449667 1600.0 0.253846153846
6530.26335254 39.2614161559 0.960251407658 3000.0 0.305128205128
-2517.78569911 54.5587525847 0.986383925802 5000.0 0.151282051282
4195.51805467 -49.7401302333 0.890494081118 1800.0 0.151282051282
6989.30038185 -1.98278676204 0.968549919422 2000.0 0.151282051282
3315.91185832 -5.97054938012 0.596434478535 2400.0 0.510256410256
-3911.28783344 -23.1438942121 0.722168061676 1200.0 0.202564102564
4576.21252125 -25.4821738009 0.856259886697 2200.0 0.253846153846
6605.24310199 -25.2121876368 0.904291564265 1800.0 0.253846153846
-5360.40525713 2.79477835742 0.770991118536 1400.0 0.202564102564
-5198.92145841 72.8799883281 1.04915308813 5000.0 0.1
4980.55486909 -15.5274053003 0.837751105249 2200.0 0.305128205128
6028.89475678 -30.7240385576 0.969125432846 4800.0 0.253846153846
4884.3850428 -50.0043578423 0.97668120554 5000.0 0.253846153846
-1946.30073211 -15.2348441108 0.633875363161 3000.0 0.510256410256
-4213.35465575 39.2308884501 0.975871680431 2000.0 0.1
1922.89187035 56.8914216422 0.848607697409 4800.0 0.458974358974
-1765.3816675 -55.5687745281 0.985640877578 4000.0 0.1
5443.59461362 -46.5031538529 0.943203488029 5000.0 0.202564102564
7600.45341586 26.1304806315 0.973357762228 4200.0 0.151282051282
-6021.3143322 -23.6524462956 0.984017480062 1200.0 0.1
3997.03412082 -59.7938648331 0.942019446816 3400.0 0.151282051282
-289.339407207 72.3466089093 0.93853103676 2000.0 0.151282051282
-5290.8679136 32.0794792922 0.897616435725 800.0 0.1
232.374632279 63.9611497784 1.01231089067 5000.0 0.1
-2832.86144173 59.2409685351 0.868498845242 1400.0 0.202564102564
1960.17990313 -63.335404083 0.989925352318 5000.0 0.1
4957.21899131 -46.4300868765 0.93012624238 5000.0 0.35641025641
5772.38518713 -8.49921758626 0.919403423346 4400.0 0.407692307692
-4763.29088191 -30.9693655125 0.834594213306 1000.0 0.151282051282
6905.69294631 42.2998460277 1.00631881506 5000.0 0.1
1894.33851548 32.8098164686 0.672911133109 2000.0 0.407692307692
1433.65646975 -4.54073211329 0.380142483215 2200.0 0.510256410256
3538.39255011 58.8081718411 0.990003117709 2000.0 0.1
-4599.22752117 -6.33876948241 0.71879841305 1600.0 0.253846153846
-6486.50441581 -77.3910416426 0.9707216381 1000.0 0.1
7449.85227713 -7.04846432747 0.980133700359 5000.0 0.202564102564
5158.0154824 1.61751469111 0.816223074687 5000.0 0.664102564103
-4114.97299221 29.9412475577 0.892072748241 1400.0 0.1
4072.37709762 -15.0642272205 0.796267549368 3400.0 0.664102564103
-3435.71035477 8.31547045894 0.636456104809 2200.0 0.458974358974
6005.30776904 -66.4710238478 0.952627455028 2200.0 0.253846153846
2237.23176212 -41.0990519633 0.848244006054 5000.0 0.407692307692
-5851.69886365 -26.5090628644 0.968012473544 600.0 0.1
-5019.41267152 -56.823263997 0.920346906244 1600.0 0.1
-3571.7931495 -25.2950854431 0.791927660952 1600.0 0.202564102564
-5604.56039248 75.3511768249 0.985808347465 1600.0 0.1
2600.47195747 34.3204824856 0.869699405108 2200.0 0.35641025641
-2483.91082924 11.0867307459 0.650959265306 1600.0 0.305128205128
2203.87778775 13.1768439711 0.57531009453 2200.0 0.510256410256
6719.41897597 37.5647252964 0.97412771003 1400.0 0.1
-1304.86539876 74.5244657129 0.867805159695 5000.0 0.510256410256
-7343.05533062 -1.439757398 0.954538559191 5000.0 0.253846153846
-1313.86747259 -69.8070049946 0.937304804848 4400.0 0.202564102564
-1725.97994359 -51.4022128185 0.958407456528 1600.0 0.1
7056.57136791 -57.0789939024 1.00334822012 5000.0 0.1
3517.63571887 -18.1257049858 0.655612014652 4800.0 0.817948717949
1976.45527552 -1.76348988595 0.394168367948 2400.0 0.612820512821
2512.51202422 40.0240888022 1.00272023851 3600.0 0.1
-5642.24834842 -84.8851499223 1.01310676371 5000.0 0.1
-6313.406246 -18.1100752765 0.956733068592 2600.0 0.1
-4742.53326831 -61.9317663381 0.953270561575 800.0 0.1
-3543.9031119 -18.4555900869 0.745341727171 4600.0 0.561538461538
-6833.22013585 -0.864916154432 0.952770686246 2200.0 0.1
7992.32920011 67.9793979358 0.968359916811 1800.0 0.202564102564
981.00476169 -45.5800131329 0.791840269451 4400.0 0.35641025641
-151.816326771 -64.0854586385 0.92105843634 2200.0 0.151282051282
4753.05882566 -47.5308165913 0.922918421186 5000.0 0.253846153846
7441.29313905 64.2621265567 0.985786270722 2000.0 0.1
2962.4893825 -37.7844584897 0.866946361953 4600.0 0.35641025641
4221.47421253 -45.7545403201 0.942816446436 4400.0 0.407692307692
-3167.62454638 54.438218412 0.861752751787 600.0 0.1
92.9951078107 -53.0805417673 0.899713513971 2000.0 0.253846153846
-4604.42567867 -12.8417516884 0.87220259409 4400.0 0.35641025641
3407.38863663 19.7071581195 0.761656369279 2000.0 0.35641025641
-5830.38549675 -2.25566290426 0.867653708683 4000.0 0.305128205128
-288.871571504 -17.1248689763 0.388010963651 1800.0 0.458974358974
-6295.42430775 10.7244728121 0.827630271325 600.0 0.151282051282
6715.68901831 43.0125884943 0.985833907196 2600.0 0.1
-8172.06026818 56.0310871812 1.08284554294 3200.0 0.1
-7753.29679691 54.6755117801 1.12645617295 5000.0 0.1
-9144.77416852 -7.49780385406 0.977346334467 2600.0 0.1
-6707.02448905 -39.7205353481 0.998671243805 5000.0 0.1
4045.42030481 -18.299908195 0.806130862957 2000.0 0.305128205128
-428.938203227 42.2941521369 0.771138387678 1800.0 0.253846153846
5441.62212655 -63.5245071279 0.985307697747 5000.0 0.1
1704.77197819 46.9937056712 0.746387148561 4800.0 0.612820512821
-3327.92072114 -9.93259106765 0.76324875998 2000.0 0.253846153846
762.227780795 14.5396845159 0.328178819923 2000.0 0.458974358974
-1521.87030668 -3.31367761626 0.40970605427 1800.0 0.407692307692
6012.41503633 12.7444225118 0.96313172261 5000.0 0.253846153846
-3469.15205164 -54.618354751 0.986539018733 3400.0 0.1
2897.43176952 -38.7890706298 0.833970021491 5000.0 0.458974358974
4927.96395301 -44.2349494954 0.984133519612 1400.0 0.1
3061.46982363 -18.9963899076 0.633491115652 3600.0 0.664102564103
3383.24545114 9.75938698127 0.74354487213 5000.0 0.664102564103
-6439.66093381 49.5814951294 1.04965566837 5000.0 0.1
-2982.67677603 -54.0355438523 0.909254323914 1400.0 0.1
-1682.97694782 -44.9626927256 0.933323421457 4600.0 0.253846153846
-4103.33518436 -40.568446477 0.866320408564 5000.0 0.612820512821
-3174.46217528 -17.6355946726 0.645603110838 1400.0 0.35641025641
1880.91030785 13.112703357 0.457765069501 2000.0 0.510256410256
5572.22777122 80.9575769952 0.993249718851 5000.0 0.1
-2614.91397145 -33.8710140668 0.761009795948 1800.0 0.253846153846
-3291.94520831 16.3640137626 0.615404362258 1400.0 0.305128205128
-2637.06377092 -2.64235513232 0.586668695231 1600.0 0.305128205128
7715.01613318 -72.9050650542 0.997274128611 3200.0 0.1
-328.617051065 72.1643388586 1.02297979591 4800.0 0.1
4906.51429919 36.7176288809 0.935497702115 2000.0 0.253846153846
-6750.13752201 7.72366737116 0.906470659686 3800.0 0.253846153846
-6547.69771793 -55.0587796048 0.985371456591 5000.0 0.202564102564
3244.13916697 52.6484285339 0.975625754628 1600.0 0.1
-5353.21284499 -64.7884291698 1.03361893203 5000.0 0.1
-6480.70392438 -2.83449257914 0.8619856297 600.0 0.1
-3041.56946552 -77.9228634342 1.02791261961 4600.0 0.1
-1987.09046212 54.5260567016 0.871274944995 1400.0 0.151282051282
1426.46728661 -47.3434855564 0.808345962701 2200.0 0.253846153846
-3353.57022204 -8.17400137059 0.515919657022 1400.0 0.305128205128
3726.87927809 50.5577479834 0.963316472984 1800.0 0.151282051282
-4396.68936437 28.2175699335 0.854899316039 2000.0 0.202564102564
-7856.12372625 -36.8920173426 0.975154511448 3000.0 0.1
-6595.63031996 30.3632688884 0.90747307057 1800.0 0.305128205128
6885.56235908 24.6291030117 0.981194028931 4800.0 0.253846153846
-1100.91218302 -13.1558741943 0.407767755204 2000.0 0.407692307692
-3112.16974224 1.84026976098 0.637324884972 1400.0 0.253846153846
3622.59681008 -55.4638285273 0.901663055022 1800.0 0.151282051282
-5974.46384112 35.8100179028 0.859193285649 1800.0 0.151282051282
-4643.44949738 -61.5533682399 0.991037184332 1000.0 0.1
-2893.88017942 7.74040014203 0.505197575395 1800.0 0.35641025641
-7599.54635211 46.709460335 1.08337046769 5000.0 0.1
6814.76936059 79.4436064594 0.946894059744 1800.0 0.151282051282
-618.592328221 30.0206681766 0.880413698428 2000.0 0.253846153846
1676.37532299 -20.9319491861 0.590951136845 2000.0 0.35641025641
-2479.91162926 -37.1820069519 0.87449334137 5000.0 0.305128205128
2936.62756319 -47.2695134174 0.836489289491 5000.0 0.35641025641
-2872.00916583 68.9130636793 1.04866076284 5000.0 0.1
1862.89199158 -36.841564389 0.793870764526 2400.0 0.35641025641
-2200.90757018 23.3980598393 0.577431431993 1600.0 0.305128205128
-3179.10736683 -54.1242709798 0.876491545756 4800.0 0.407692307692
619.411532978 26.3717777104 0.707533218241 2400.0 0.458974358974
182.695686412 -39.3766990931 0.865149749409 4600.0 0.407692307692
2031.25728659 -7.84275611537 0.395010853144 2200.0 0.510256410256
2429.33726735 23.3579682016 0.811529738805 2400.0 0.35641025641
6562.38916037 -56.0861135482 1.00032264557 5000.0 0.1
5208.90482016 55.7724714622 0.902997620826 1800.0 0.202564102564
-2763.07455293 17.3674330305 0.666982250989 2400.0 0.458974358974
-1406.31678664 48.7637453544 0.807931064073 1800.0 0.202564102564
1078.69784643 -19.3012087762 0.513439311573 2200.0 0.407692307692
3349.18903421 -74.6557036609 0.914284523853 5000.0 0.305128205128
3900.55631564 -31.1355919539 0.844023363988 5000.0 0.407692307692
-8781.97967971 -45.3346617158 0.959442371212 1800.0 0.1
853.638805847 56.1149563982 0.886931679858 1400.0 0.151282051282
1712.02301856 -3.66615542471 0.413363487954 2000.0 0.510256410256
-2234.47692775 44.0813027455 1.00769703519 3600.0 0.1
6201.13547731 -4.32110603189 0.924067552696 4800.0 0.458974358974
-6093.45524917 -24.8352301626 0.883958216008 2600.0 0.151282051282
-2798.74087582 24.2555188774 0.739711436616 1600.0 0.253846153846
-2405.01813075 72.8954416985 1.04106756137 5000.0 0.1
4906.26343368 66.6930899615 0.968634677776 2000.0 0.202564102564
-4125.7485886 -28.1343127691 0.745662543603 5000.0 0.715384615385
-2764.02511187 -19.160168713 0.751858337312 1600.0 0.202564102564
6209.99488565 60.8417259847 0.99628674857 4800.0 0.1
1076.45537369 -86.2599213829 0.894388880864 5000.0 0.35641025641
-5970.42852212 -73.9468195071 1.02980478553 5000.0 0.1
4887.02727711 60.5715822181 0.969229580042 1600.0 0.1
-5381.30612217 4.50002117095 0.734351052909 1200.0 0.202564102564
-7121.73344881 -5.43129253668 0.886499340009 3200.0 0.253846153846
5208.94069152 -69.9887155043 1.00118961089 5000.0 0.1
5879.63318275 -53.3644042024 0.999364413201 1600.0 0.1
4217.2060421 -35.466840589 0.890748102117 5000.0 0.305128205128
-5648.5663965 26.2695147285 0.915872644676 1000.0 0.1
-2793.5839788 22.2610877407 0.783098497617 1800.0 0.253846153846
2879.23568129 46.4304504866 0.98701371412 2200.0 0.1
-1251.02537912 74.5076160546 1.03699561537 5000.0 0.1
-6828.60326451 21.7169942825 0.929487319261 1800.0 0.202564102564
-2434.03258955 -60.4244103961 0.930005094381 2200.0 0.151282051282
3727.48743087 -66.2053133681 0.964548110707 5000.0 0.202564102564
-8488.02228692 -24.0721134014 1.01632572562 3200.0 0.1
3646.10940546 -48.8680358448 0.8559972893 1800.0 0.202564102564
-3279.24561166 -53.6702789593 0.939926154704 1400.0 0.1
5716.68861707 -14.1466565763 0.91191712948 5000.0 0.407692307692
-6138.53374472 75.5956891424 1.04073612065 5000.0 0.1
5984.67278045 50.9980506937 0.854323234201 1800.0 0.305128205128
6557.99627468 -59.6999095208 0.983939014368 1800.0 0.1
-1090.01450724 -62.6649121744 0.89453124493 4200.0 0.202564102564
-5158.21855756 -51.0574634519 0.910232202379 2200.0 0.253846153846
-2742.80829673 65.1209074906 1.00563293408 1400.0 0.1
1984.78059822 66.3683529394 0.999755035781 5000.0 0.1
2697.74055532 -19.1233696144 0.678805944828 2400.0 0.458974358974
5650.30463571 -74.4784047193 0.957600191804 4600.0 0.202564102564
318.355566028 -9.81184093642 0.280149325392 2000.0 0.458974358974
5519.86092691 -48.2184483645 0.985249938943 4800.0 0.1
-2650.3019994 -1.72748392875 0.379140995821 1800.0 0.407692307692
-4261.83244219 82.2281520748 1.03881218669 5000.0 0.1
-3460.37244326 46.6601824464 1.01939926404 5000.0 0.1
-2189.20009763 11.6070170601 0.486502682864 1800.0 0.407692307692
-6965.77489196 32.8312220325 1.07785765036 3200.0 0.1
-1161.59493507 43.2829536957 0.745382573241 2000.0 0.305128205128
-3145.66868935 59.4448910866 0.871567179002 1200.0 0.151282051282
926.157327759 47.3727597725 0.917361389265 5000.0 0.407692307692
4750.13008955 39.6661380535 0.8239560075 5000.0 0.612820512821
-1670.23670272 25.5772630094 0.797784258473 2600.0 0.458974358974
-1390.63988784 -60.4211804478 1.00680215163 5000.0 0.1
121.059115445 42.3570542698 0.678152924524 2000.0 0.407692307692
5689.13819366 56.1614573478 0.984710598038 3200.0 0.1
359.6530836 -69.4332688654 0.954798011645 4400.0 0.151282051282
-5875.73392658 -29.1978457169 0.981523429077 4000.0 0.1
5804.74191463 -30.789804102 0.898632215886 1800.0 0.253846153846
4687.29660997 88.6912174286 0.914033783174 1200.0 0.202564102564
4506.94544698 53.4137212661 0.939729905467 5000.0 0.407692307692
-4381.30714301 -18.0276942367 0.869564008 4200.0 0.35641025641
5706.20614126 -62.7952037189 1.01825213037 5000.0 0.1
-2145.03593679 -6.75946810739 0.401418757557 1800.0 0.35641025641
-4375.38477597 36.3785701767 0.795638810581 1600.0 0.202564102564
255.233378052 -15.5399409245 0.452103406077 2200.0 0.561538461538
6594.93509776 -47.463503283 0.941770195446 800.0 0.1
3332.53680467 -80.1789919214 0.939318342503 1400.0 0.151282051282
-1120.92863462 61.14089272 0.892444211675 4000.0 0.253846153846
-7422.84581747 -53.004232391 1.01664691082 3400.0 0.1
278.999289629 64.2204785905 0.910821721496 1800.0 0.202564102564
-4452.48808895 49.750903994 0.961365283982 1400.0 0.1
-3029.90139005 -41.1990623376 0.867445883804 5000.0 0.305128205128
7006.4120484 60.6030978493 0.994545094103 4000.0 0.1
-7386.41722586 24.0418153839 0.998883817512 5000.0 0.1
2484.30760836 -74.1659160912 1.02949996501 5000.0 0.1
5687.31198666 28.6649408821 0.934827283537 1800.0 0.202564102564
-17.8624953308 75.9996728384 1.03095340689 600.0 0.1
-7439.80719148 58.486895962 1.00380619171 2800.0 0.1
5967.53805501 74.1335680488 1.0172580858 5000.0 0.1
-2932.4956244 -75.3743293463 1.02813516905 4400.0 0.1
6177.43220688 -46.0590615996 0.998443706281 4400.0 0.1
915.810985394 36.756369848 0.706189020161 1800.0 0.35641025641
-1249.59365296 -71.3153084247 0.91257634933 4800.0 0.35641025641
-2279.46937352 -51.1085713039 0.852217474579 1600.0 0.151282051282
-6499.10968662 -50.7275771386 0.900362568568 600.0 0.1
-6430.82993642 -23.8581731107 0.97104489235 1600.0 0.1
-7686.48899065 -9.01736765051 0.968660922635 2400.0 0.1
9.76576489693 66.1671555372 1.01931324745 600.0 0.1
-442.942629505 50.1178632779 1.00954912909 4400.0 0.1
-2977.13931712 39.4999691841 0.759823646847 2000.0 0.35641025641
-4637.54693027 40.2476648684 0.939907593699 5000.0 0.407692307692
-6838.36377028 43.3454893197 0.852114046484 2600.0 0.202564102564
923.884058976 -55.747080639 0.999763456925 3600.0 0.1
-2779.29350846 2.81674631198 0.433217005939 1600.0 0.35641025641
-1734.54616834 -72.7317346909 0.96280347754 1400.0 0.1
959.326035783 -31.6104896857 0.768130143315 2400.0 0.407692307692
4648.5220875 -67.7619182839 0.977785704834 4800.0 0.151282051282
-106.593760669 75.4658555024 0.935777504331 5000.0 0.407692307692
-6007.82446149 70.8109675164 1.04302604624 3200.0 0.1
3890.64018832 -28.7234863807 0.733470053374 2000.0 0.407692307692
4591.89350172 4.40697645597 0.825210917381 5000.0 0.612820512821
-2397.80433661 -50.9034235031 0.963519987124 1400.0 0.1
3183.57420644 -82.364244702 0.916345422695 5000.0 0.305128205128
-5235.20106875 27.6711809156 0.920736439563 1000.0 0.1
-553.207209869 69.4117807881 0.952521494438 1200.0 0.1
5846.03934789 -41.3135736137 0.959603528529 3000.0 0.253846153846
-3717.71082152 -58.08203334 1.00185003808 4000.0 0.1
-1744.65582767 35.6818682182 0.806445712077 1600.0 0.202564102564
306.806585942 -38.8527349357 0.873161354884 5000.0 0.510256410256
5161.4311372 -7.58919387883 0.837831298925 5000.0 0.561538461538
2072.30157458 -22.4706465843 0.576493637027 2400.0 0.458974358974
2339.11551611 -73.0816931185 0.981123507157 5000.0 0.151282051282
1496.83828876 26.8754914955 0.674268811584 2200.0 0.407692307692
586.703912321 59.4993416301 0.98149955447 5000.0 0.202564102564
1349.94913693 -14.1399743094 0.455121209871 2200.0 0.561538461538
-2830.56327816 -45.9286330497 0.831636272491 1400.0 0.151282051282
2577.94823345 -50.736436536 0.8586969483 4800.0 0.305128205128
-4829.74856506 -27.1656396769 0.854638342239 2000.0 0.202564102564
-3039.99847832 -50.2410589825 0.940249504133 1200.0 0.1
-2825.57536976 26.8119767458 0.710431636925 1600.0 0.253846153846
730.107803029 4.80386764608 0.262979569311 2000.0 0.510256410256
-5717.55895843 4.0959801727 0.878928106587 600.0 0.1
-292.523114051 14.1401251172 0.319930825737 1800.0 0.458974358974
6072.41569713 88.7465367131 1.00257249514 4800.0 0.1
-2316.21585608 28.1554239572 0.800198582107 2200.0 0.305128205128
333.763929161 -66.1391760073 0.979969180225 4800.0 0.151282051282
6899.97998652 -64.6156301329 0.95760634486 3000.0 0.35641025641
6109.29635821 -48.4009906684 0.973164386259 5000.0 0.151282051282
-6002.12032251 88.3567077795 1.08456515554 3200.0 0.1
1127.1676443 60.6734309273 0.943330731693 2000.0 0.151282051282
-3776.97005935 49.059688643 0.86885356028 5000.0 0.407692307692
-2846.63212051 -67.142423134 1.00196745492 1000.0 0.1
3341.03546551 23.1400804962 0.789089831371 2200.0 0.407692307692
-2441.81779365 -75.2838300561 0.953899035355 3600.0 0.151282051282
194.404259835 -47.9512013441 0.923334231864 4800.0 0.458974358974
3063.68623001 -14.28958839 0.758839900339 5000.0 0.510256410256
6727.58650972 -13.5361368564 0.895592303729 4200.0 0.458974358974
4222.06561127 78.3515662706 0.924858921819 1800.0 0.151282051282
-7884.91116948 -76.5825394355 0.926230526524 2000.0 0.253846153846
-3773.1428385 -53.6652584351 0.974333664576 4800.0 0.202564102564
3389.00841737 -75.9328642645 0.912032198924 5000.0 0.253846153846
-998.982897289 -53.5355566982 0.972187583021 1600.0 0.1
-1712.86799037 -19.589207107 0.677670960232 1600.0 0.202564102564
-4060.36936842 35.3216350991 0.821116746235 2000.0 0.253846153846
6981.01864905 -16.3050026185 0.934472970453 4600.0 0.407692307692
-3285.61337001 41.6347416515 0.921321024659 600.0 0.1
7057.69340582 47.4839401439 1.00810826347 4600.0 0.1
-1830.33730335 -28.8107981625 0.637822224305 2000.0 0.35641025641
-459.45623274 25.1371689273 0.595349354404 2000.0 0.35641025641
-4510.67693265 -50.2537850706 0.998214058133 3200.0 0.1
2174.0891263 -67.7547970751 0.865306593755 4600.0 0.305128205128
5997.44493516 72.0862176348 1.01769486601 5000.0 0.1
-2094.69322344 -22.2941616663 0.572704262444 1400.0 0.305128205128
-4863.61315413 -13.7320852505 0.693991530241 1600.0 0.253846153846
-1915.51091019 2.99457422703 0.398818261496 1800.0 0.407692307692
-3369.34804612 -52.7708142894 0.96100563538 5000.0 0.253846153846
-3264.05187421 -1.57917871568 0.494472251884 1400.0 0.305128205128
-6865.29087168 6.45967681966 0.990962450756 600.0 0.1
-3432.74497221 86.7694164594 1.04295455592 5000.0 0.1
3296.44400696 -67.9079262223 0.958615269376 1200.0 0.1
-4627.19775831 43.365158463 1.00831079725 5000.0 0.1
-290.155566957 -15.4798875567 0.469975560408 1800.0 0.35641025641
1811.74808711 37.0823146797 0.848371160081 5000.0 0.561538461538
5752.43603554 25.102690311 0.987824535425 4000.0 0.151282051282
983.380969081 -59.6675899274 1.00670940038 4800.0 0.1
-626.280486153 -7.29959310642 0.27561448437 1800.0 0.458974358974
2989.11857361 79.295363908 0.956314314499 2000.0 0.202564102564
2334.35304224 -45.2422716504 0.933172737295 2600.0 0.35641025641
7272.46068516 11.1240906306 0.96167025532 5000.0 0.35641025641
2695.75524767 38.2796278395 0.912202376484 2000.0 0.202564102564
5217.09068838 86.0701905535 0.991028178106 5000.0 0.202564102564
4843.39095144 -67.4519078484 0.98108065577 5000.0 0.202564102564
-5783.6554658 20.7044581212 0.867380039641 1000.0 0.1
3552.87402427 -6.06249047477 0.660957174707 5000.0 0.715384615385
2338.746973 48.0576926197 0.816340620162 2400.0 0.407692307692
-5040.27854877 52.3001243414 0.937269346207 1000.0 0.1
6014.43063969 -13.9913357298 0.859320118147 5000.0 0.510256410256
4143.15194927 34.0055852152 0.891755579005 5000.0 0.407692307692
347.812951067 74.5670641552 0.987547401948 1600.0 0.1
2013.62702321 60.4729017725 0.957596953754 1800.0 0.1
1897.54280842 53.2433012203 1.00324972007 600.0 0.1
6397.09841998 -53.0035584571 0.96836407318 5000.0 0.202564102564
-100.433171149 -27.5573538228 0.558346200224 2000.0 0.35641025641
2718.18789051 13.0044967406 0.563179177975 2200.0 0.510256410256
-1299.45370447 -46.5620083377 0.826349885244 2000.0 0.202564102564
6393.20696551 7.78083972715 0.91854188275 2800.0 0.253846153846
-1478.99675084 -28.0661332091 0.689696675487 2000.0 0.35641025641
-5516.78745445 -65.8805091692 1.02317704104 600.0 0.1
5003.45143182 89.6255716313 0.939919594513 1600.0 0.151282051282
-2048.50936347 36.3377160148 0.818469905048 2400.0 0.407692307692
5539.97427581 -26.2195783316 0.926239571277 2200.0 0.253846153846
-6587.71390412 -52.0299928295 1.0134765147 5000.0 0.1
-2186.16314847 14.975049042 0.451539394595 2000.0 0.458974358974
-1528.49996018 -41.2767127405 0.809670370538 1800.0 0.202564102564
-1828.68491009 -42.9161336051 0.657346458189 2000.0 0.35641025641
-1930.36302937 -73.3429219684 1.03323205427 5000.0 0.1
4764.41906733 66.8771701288 0.897095474202 5000.0 0.664102564103
1091.75294176 28.0605916163 0.828532215564 2000.0 0.253846153846
3184.71501018 -31.0059381541 0.713489062033 5000.0 0.766666666667
-1580.43654069 51.6976232133 0.936312114362 2000.0 0.151282051282
1575.01504892 39.8003350801 0.76997504882 4000.0 0.510256410256
-5598.00266923 22.1970891247 0.825551654444 800.0 0.1
3335.85675182 -11.7133249531 0.702139207711 4000.0 0.561538461538
6989.75543056 -13.9352426723 0.970189062332 5000.0 0.253846153846
-7102.24936907 -64.2615484481 0.938404437195 1400.0 0.1
-5213.32263481 -49.97994838 0.946358258292 3400.0 0.151282051282
-328.160864002 -48.6665025399 0.964839780917 2800.0 0.202564102564
-1693.67318491 59.0243287156 0.951146254251 1200.0 0.151282051282
7472.90255902 -65.0614188348 1.00013541418 5000.0 0.1
-4916.61679106 7.75717199394 0.687498012908 600.0 0.202564102564
5709.86225507 -36.2418725405 0.943417323947 5000.0 0.35641025641
-32.6605378554 -2.88598990223 0.229316733238 2000.0 0.510256410256
2271.85578854 -48.720005324 0.87069369205 4800.0 0.612820512821
6863.54243373 -75.4345755207 0.981126501519 4400.0 0.1
3133.29561817 -4.06906758168 0.623536113902 5000.0 0.766666666667
-4322.55968871 30.2731272512 0.768803345719 1600.0 0.202564102564
-4557.23684479 50.5153460526 0.886827664871 2000.0 0.35641025641
1986.00181803 74.4181290017 1.05220466498 3400.0 0.1
-6991.10147653 -44.7869851927 0.987447963582 5000.0 0.1
6103.32540364 -22.0594511562 0.921285704784 4600.0 0.510256410256
-6952.98237048 89.991424806 1.15083621133 3200.0 0.1
2632.49811893 67.9001527049 1.03055110968 4800.0 0.1
230.772609501 -18.7072426325 0.438186223388 2000.0 0.458974358974
5755.46185874 -42.5286532639 0.951041635412 4400.0 0.202564102564
1246.5803038 -27.3623577532 0.73688277967 2000.0 0.253846153846
5157.95273322 22.1354720084 0.846720647952 2000.0 0.253846153846
2458.4431753 10.691391573 0.669863124132 2400.0 0.561538461538
6547.97629821 38.228854899 0.927493213324 2200.0 0.253846153846
-2634.79130979 19.8712308126 0.68385825817 1800.0 0.305128205128
685.911326952 25.5000808878 0.790496026044 2200.0 0.35641025641
-802.500484492 -7.9311268142 0.359512463538 1800.0 0.407692307692
3957.05098191 31.7240512038 0.695797747199 2200.0 0.458974358974
-290.63502642 69.6776379886 0.899224223267 4800.0 0.305128205128
4032.39509399 -49.2227622986 0.950705010416 5000.0 0.35641025641
1096.46535724 -20.364901096 0.481959623101 2000.0 0.407692307692
4345.35663357 -21.1955536379 0.771707396975 4800.0 0.612820512821
-6476.29509754 30.1177239929 0.897606691421 1800.0 0.253846153846
7682.69141836 -32.2992877609 0.9351084144 1400.0 0.1
8209.55055874 -32.5864981121 0.959370406188 5000.0 0.407692307692
-3491.01333322 -41.3396136924 0.89769444417 600.0 0.1
5264.23609753 32.1355932989 0.929607641486 2200.0 0.305128205128
-561.011787924 48.1192687185 1.02346413462 3400.0 0.1
964.072352296 34.5004586323 0.965698672497 1200.0 0.1
7259.15270216 52.097018761 0.987780059396 5000.0 0.202564102564
-6053.30810729 16.7359672878 0.852990058717 800.0 0.151282051282
6493.9974235 66.7958259255 0.986205055378 5000.0 0.151282051282
1716.98705561 75.6799433828 0.929879016351 2200.0 0.202564102564
-5606.27813351 38.7341056217 0.955732144689 1200.0 0.151282051282
976.852980789 6.40320020454 0.233866906836 2000.0 0.510256410256
4611.12937154 -50.1364249829 0.944851392927 4800.0 0.458974358974
-4513.25906581 31.1156528921 0.842167950869 800.0 0.151282051282
-5013.37820651 -41.6532733577 0.943574746316 1600.0 0.1
-2680.54335311 -8.4808896723 0.655631617294 1800.0 0.305128205128
2153.10417308 -72.8878981233 0.953129046345 2000.0 0.1
-3914.58285916 -37.9013292695 0.932028410902 4400.0 0.202564102564
4531.96806403 13.5710079156 0.777192527657 2400.0 0.510256410256
-2053.37663347 -71.0254874787 0.964669421346 4800.0 0.151282051282
2939.65668321 -22.480862164 0.616577809609 2200.0 0.458974358974
-4598.56529228 29.9527298809 0.859069220056 1400.0 0.151282051282
-2195.35679228 24.7882408585 0.515021144457 1600.0 0.305128205128
-6619.4412871 74.7588586017 1.09893840256 5000.0 0.1
-537.976323707 -54.9558202601 0.980638388453 5000.0 0.151282051282
3026.72272084 38.9285151643 0.876057936907 5000.0 0.407692307692
2092.54682055 -62.5108188159 1.00364011968 4800.0 0.1
-7602.2438643 -78.3634308366 1.01016713158 1800.0 0.1
1339.43771988 27.8649094855 0.699451107483 2000.0 0.305128205128
-214.155275459 37.9880960789 0.895579984603 1800.0 0.253846153846
7388.14650459 70.6523942471 0.968588818794 1800.0 0.151282051282
-1414.61395273 57.9235612503 0.900226907044 1400.0 0.151282051282
-1053.86751349 -73.4670322994 0.909310849829 3600.0 0.202564102564
2917.07366734 10.7585829225 0.705662829264 1800.0 0.35641025641
-5217.35673149 73.9039171514 0.929635866478 1800.0 0.151282051282
-3026.29904761 -71.6471089784 0.969861530616 1600.0 0.1
-6252.71697498 -49.3864433447 0.92906770949 1600.0 0.1
-4667.04107607 -58.8946609296 0.966157576379 2000.0 0.1
-5093.90221033 52.5146400253 0.981847839097 4200.0 0.1
6324.37400833 -46.6288918788 0.987750596574 1000.0 0.1
-2810.27121875 -17.5345308568 0.554279447681 1600.0 0.305128205128
1911.93756968 82.2349725639 1.02233437488 3400.0 0.1
243.355060933 5.96930298211 0.220389655176 2000.0 0.510256410256
8232.91131006 35.5464768121 0.991397384646 5000.0 0.151282051282
-6598.424349 -14.71139813 0.951291256373 800.0 0.151282051282
-6381.50851091 61.2097383819 1.00816429941 3800.0 0.1
-3108.34597426 34.3581943931 0.868136899582 1600.0 0.202564102564
-3280.66202157 43.5463684432 0.854919085836 1400.0 0.151282051282
-5690.72856323 -28.4417885651 0.890870162259 800.0 0.1
6808.94554422 -73.7823295751 0.946639394629 5000.0 0.305128205128
6973.98520463 -62.9886949634 1.00314482901 1600.0 0.1
-481.626253378 62.6108733601 1.03301436732 4800.0 0.1
8190.45232959 -35.2311893881 0.942153311848 1000.0 0.1
-7681.41671254 -6.54843561908 0.956480824176 1600.0 0.1
-1217.23679345 28.0725679351 0.925073892149 1600.0 0.151282051282
1195.86640654 -80.8598867882 0.982036942565 1200.0 0.1
-3968.19525832 64.5785856691 0.909102282425 1000.0 0.1
-4167.28256937 -56.4112737342 0.962431766552 3600.0 0.1
-3232.82838776 -54.6184365605 0.884717393834 1400.0 0.151282051282
-398.607589276 4.39072598829 0.151455408686 2000.0 0.510256410256
-4443.06650336 77.8533046393 1.03569335535 4200.0 0.1
26.3974738006 35.7923182417 0.988670351928 2800.0 0.1
-6869.56523528 24.6060136813 0.848542926412 2800.0 0.202564102564
497.592883093 -53.5731410029 0.97037224848 2000.0 0.1
2893.82651683 -37.8365390514 0.78398585544 2200.0 0.458974358974
5867.57688806 -37.9486832343 0.974941423848 5000.0 0.202564102564
1904.66456765 46.2414622373 0.979932160497 2200.0 0.151282051282
-378.327724998 60.9804343337 0.933490259703 1400.0 0.1
8988.28939693 -30.6613709053 0.989030836404 4800.0 0.151282051282
-5274.95307699 -76.2764727894 0.963578464643 1800.0 0.1
-1792.36610197 -52.6553545506 0.939490070409 1600.0 0.151282051282
6322.79986719 -21.201100372 0.962968061895 5000.0 0.253846153846
-465.850366508 -12.0618835749 0.320513363926 2000.0 0.458974358974
6549.30232165 57.9107236299 0.944127389511 2000.0 0.202564102564
1580.47943459 -6.86761549324 0.443957348182 2200.0 0.510256410256
5455.80276383 33.9577412581 0.902040644061 4600.0 0.407692307692
5981.91448184 15.5259859998 0.891933905216 2600.0 0.305128205128
-5338.49365633 -24.2523070924 0.778969593545 1000.0 0.151282051282
4116.13887908 -11.5882326395 0.716237347774 5000.0 0.664102564103
7427.56785951 5.33035525883 0.886850227446 2200.0 0.305128205128
-4181.14371637 62.5622554366 1.01942883812 5000.0 0.1
7684.6244711 -52.5283976049 1.00302979206 5000.0 0.1
7054.78912766 74.1934831971 0.965927320174 1600.0 0.202564102564
2528.18917825 69.3798733902 1.00341092479 600.0 0.1
-3574.15173539 2.04228135605 0.580762816373 1400.0 0.253846153846
993.830613861 10.5560354803 0.518472590539 2000.0 0.458974358974
6129.60474892 -61.626898119 0.994939264667 5000.0 0.1
-7106.45770692 82.8944944904 1.04309610933 4800.0 0.1
2506.47101625 -67.2100509079 0.945203033935 1800.0 0.1
443.216176932 -26.0114476191 0.45451142567 2200.0 0.510256410256
-2762.12933477 -49.1813996949 0.890797855574 800.0 0.1
-560.919978591 -14.2047510994 0.49173136752 2000.0 0.35641025641
-27.5270252616 -63.3459718986 0.89746515632 5000.0 0.202564102564
5128.08189649 -35.3488145119 0.892999005093 4800.0 0.35641025641
5854.06400343 -74.3788097901 0.97611279834 5000.0 0.202564102564
-1303.64499606 10.6096531534 0.410862292925 2200.0 0.510256410256
-4812.36977021 0.790936691047 0.697738537647 1400.0 0.253846153846
1187.37263788 -59.217192608 0.8630445687 2400.0 0.202564102564
-6530.33872107 57.4849204089 1.0498600987 5000.0 0.1
709.657703114 -45.3695822754 0.824871553322 2000.0 0.202564102564
1940.50819568 60.1598498833 0.950366248817 1600.0 0.1
-6135.62251163 -20.2256812712 0.879979205943 5000.0 0.458974358974
-2036.22452954 43.7444626584 0.803491451486 1400.0 0.253846153846
-3076.19380863 -1.38355718793 0.452174206558 1600.0 0.35641025641
4444.21418885 66.7012475369 0.932277556277 5000.0 0.407692307692
4646.12496303 -78.8820256916 1.0006797079 1600.0 0.1
-2024.01518727 -67.2601011328 0.975932830607 5000.0 0.151282051282
-4725.37228348 -19.671086245 0.748160704211 1000.0 0.151282051282
6998.75843802 10.7336797078 0.966535152558 4800.0 0.202564102564
-749.800710942 -8.4502820829 0.337285735172 1800.0 0.407692307692
-3451.22248746 15.6210437166 0.807266039438 2400.0 0.35641025641
-3660.95071557 -32.9979838821 0.818858851098 1000.0 0.151282051282
7058.57759073 73.5711335296 1.01033514371 5000.0 0.1
-2384.35966137 43.9759221804 0.806611537909 1800.0 0.253846153846
-5962.06713709 -21.9329375972 0.874950342433 600.0 0.1
-5106.21786955 66.5447139514 0.943513059629 1000.0 0.1
5040.74104425 64.7471809932 1.0093390358 1800.0 0.1
-4562.35967216 -13.558883023 0.863513617397 2400.0 0.202564102564
451.029603086 60.6961739018 1.0252758059 5000.0 0.1
-1168.16295071 -41.2296760904 0.867885557109 4000.0 0.305128205128
3347.73751773 -61.4596791152 0.940669043821 5000.0 0.305128205128
-4844.00271275 8.9316380815 0.774749268167 1200.0 0.151282051282
-69.2385869461 11.6178878995 0.350189795798 2200.0 0.510256410256
6527.77354433 -21.7807866232 0.938934326776 5000.0 0.35641025641
4477.81302494 39.8190670503 0.932237170226 5000.0 0.253846153846
5824.49224106 -61.298674266 0.963563733818 3200.0 0.305128205128
7017.76051014 68.199942202 1.00095098603 1600.0 0.1
-3206.39368688 53.1449049047 1.0215486947 5000.0 0.1
-2183.12340475 -29.8007622637 0.706216662565 1800.0 0.253846153846
6876.70862691 -54.7579026084 1.0032775439 4800.0 0.1
-1931.25280709 23.9964205158 0.55940859209 1800.0 0.35641025641
7071.59524817 -84.0740494608 1.00774478036 1800.0 0.1
-4482.87081972 -5.34474163619 0.713594040349 1000.0 0.151282051282
7045.20675774 -40.8679579083 0.982398687428 4800.0 0.1
-326.568348791 -20.7465292034 0.520213166216 2000.0 0.407692307692
-5911.82787295 19.6182623575 0.908394114576 2400.0 0.151282051282
-5700.56681423 -30.3952896233 0.909041199498 5000.0 0.305128205128
2339.37864874 -29.3934481943 0.710933550447 2200.0 0.35641025641
1836.14289104 45.1575437333 0.99226189603 1400.0 0.1
-2135.18256382 -22.0539289154 0.521322866527 1800.0 0.35641025641
1197.41361231 24.7064321254 0.690229923618 2000.0 0.35641025641
7936.58233485 -48.7536484366 1.00064880016 600.0 0.1
4580.15979626 40.3662752801 0.976100589698 4400.0 0.202564102564
-3374.03517092 -74.7844092068 0.980931581938 5000.0 0.1
-8963.83654278 13.7416242402 0.974126846794 2400.0 0.1
2787.87483283 -76.286036877 1.02286840074 3200.0 0.1
3998.29704499 61.0670932447 1.01447455704 4800.0 0.1
-5570.12304069 -34.5233659746 0.901544133604 600.0 0.1
-8831.03222619 62.4639185839 1.01757748405 5000.0 0.1
-4752.42446334 27.4426314752 0.952375245267 4600.0 0.305128205128
-1063.87522725 69.1507568523 1.03585520867 5000.0 0.1
-317.281103841 9.1992264352 0.337151789017 2000.0 0.458974358974
5640.99882386 67.6529197291 1.00868314242 5000.0 0.1
-6999.96434791 -36.5250357517 1.01981026032 5000.0 0.1
-5527.41589991 3.63324771205 0.843257595102 3600.0 0.458974358974
7342.43493028 -61.0245248699 0.954024870105 5000.0 0.202564102564
-2756.19094948 -36.4492612245 0.797277591501 1800.0 0.253846153846
-1594.53888108 31.607492275 0.652587041151 1800.0 0.35641025641
-6413.18906485 29.89713558 0.942027034718 800.0 0.1
5119.73076536 45.6181081624 1.00209532721 4600.0 0.1
6595.21478012 -2.11846449032 0.930670834179 3400.0 0.35641025641
-2888.65138344 -62.1236073355 0.934363016711 1400.0 0.151282051282
-7743.54020652 -48.8814642621 1.01642527173 3200.0 0.1
4457.15094845 -46.2522025467 0.959901295786 5000.0 0.202564102564
-6729.95639701 66.0185187051 1.05042019437 5000.0 0.1
2273.32143015 54.4299448718 0.89202948609 5000.0 0.407692307692
5328.33940085 -32.2790393769 0.904685805214 5000.0 0.35641025641
-4251.84140923 -68.8388105458 0.938347429542 4800.0 0.253846153846
-3965.51342339 -63.008534127 0.995010574939 1600.0 0.1
6528.85662116 8.24103925923 0.944016479863 4000.0 0.202564102564
1233.00826403 80.0282949147 1.04706527484 5000.0 0.1
5581.83315963 32.6919547328 0.982019641136 4600.0 0.202564102564
-3083.67674703 -58.2691475428 0.923776288673 5000.0 0.253846153846
-6223.15133651 21.5617269118 0.880283184496 600.0 0.1
361.860685407 -38.0507746633 0.710760721404 2000.0 0.253846153846
-6553.73629837 47.6778523022 0.924609983769 1200.0 0.1
-8578.33230024 -79.3269844885 0.977678930514 600.0 0.1
-2437.21391455 -81.1574639542 0.971790928511 4800.0 0.202564102564
-5033.88154284 -28.273044013 0.830780255242 600.0 0.1
3385.09954188 -17.5999700626 0.687986058127 2200.0 0.458974358974
3919.87894884 -14.7234270544 0.711311861901 5000.0 0.664102564103
-210.140620081 -58.0622929401 0.982369562585 1800.0 0.1
-1245.33600297 -20.4574619555 0.506545216778 2000.0 0.458974358974
-5071.61472155 53.0728100032 0.997867572189 4800.0 0.1
1495.73860246 68.7714756706 1.00683675052 600.0 0.1
-6215.79364881 29.6894273947 0.848484669762 2600.0 0.253846153846
-5344.68209763 25.4264045116 0.977412090622 4400.0 0.202564102564
7347.54551415 -37.3741717924 0.893438581852 5000.0 0.510256410256
2338.68054622 -12.9298580611 0.438573328668 2000.0 0.458974358974
7631.45173557 65.9501851651 0.931886354317 5000.0 0.35641025641
5547.04975646 -21.4936605377 0.834064759032 2800.0 0.561538461538
-8097.31574798 -4.89544903039 1.04465457387 3600.0 0.1
-1422.77605914 -5.39481384254 0.431454133083 1800.0 0.407692307692
6295.43811863 -44.8759678926 0.92125488912 1200.0 0.1
1173.6953655 40.8353674332 0.806005730128 2000.0 0.305128205128
1842.59541434 31.9588288479 0.947245724145 2000.0 0.151282051282
2102.85888277 34.7917886616 0.91892945861 4200.0 0.510256410256
-6404.48735412 -52.0559570623 0.980902327444 3000.0 0.1
-6935.78126483 -3.66996203183 0.940913508423 800.0 0.1
-2117.33775255 23.6127681387 0.683333760864 1600.0 0.253846153846
-3900.79828801 8.65644151918 0.671344064201 2000.0 0.305128205128
-1317.28914065 -73.2012867961 0.981666020831 1600.0 0.1
4077.6862083 24.4671413004 0.809935261718 2200.0 0.458974358974
-1624.01044147 -81.5532304656 0.981987329757 800.0 0.1
3176.3792955 -66.7308873946 0.956688246029 4200.0 0.151282051282
-7038.898967 -27.947207242 1.04073436042 3400.0 0.1
5369.13061388 -16.4237645765 0.897429597524 5000.0 0.407692307692
-437.396151978 -19.6337508541 0.654744405238 2000.0 0.305128205128
2982.00270076 -17.0226729072 0.585774817314 2400.0 0.612820512821
6220.95096459 13.3066900118 0.898732650589 5000.0 0.407692307692
-6838.28924539 30.6054708482 0.939036275286 1400.0 0.202564102564
5954.1229669 -48.6489090532 0.963009125678 5000.0 0.305128205128
6710.37686093 -29.2633086524 0.983900111089 5000.0 0.151282051282
-5624.29923426 -42.1321904106 0.873994793485 1600.0 0.202564102564
-6757.80251729 -56.5631327998 1.02330718973 5000.0 0.1
5673.03370296 33.4856789483 0.91641369613 1600.0 0.202564102564
3571.86228443 36.2083986213 0.895680332232 1800.0 0.202564102564
-2623.18417153 53.7370671677 0.964932740821 1200.0 0.1
2179.57723878 -42.9647546354 0.84794705994 4800.0 0.407692307692
-6521.48633416 71.1275612285 1.03827689309 5000.0 0.1
-5772.67192559 -10.7181374181 0.873883217441 4800.0 0.35641025641
-5433.89273889 -37.9731488924 0.875903203718 800.0 0.1
4842.23989305 24.8918717116 0.745785771114 2800.0 0.612820512821
6646.33137662 11.2271498716 0.964365985811 4200.0 0.151282051282
4968.4892964 48.3309210803 0.986546795348 1200.0 0.1
-1211.41818841 19.3487857484 0.749718298127 2000.0 0.305128205128
-2609.53248323 -25.6008854912 0.717879312703 2000.0 0.305128205128
-6490.31000254 21.598514014 0.875318359527 800.0 0.1
2355.97237624 21.5015734766 0.723548119459 2000.0 0.35641025641
1832.60309437 67.2261569237 1.01199483216 5000.0 0.1
-2544.13836637 -68.0835417277 0.986394524494 5000.0 0.1
-4696.07214759 74.9460919634 1.04012206357 3200.0 0.1
546.364553318 -16.7500875292 0.386229785966 2000.0 0.458974358974
5484.34401056 -52.3554486793 0.954762189613 5000.0 0.305128205128
54.6077369189 2.41730937858 0.188215386539 2000.0 0.510256410256
-7125.86264584 -46.7315523428 1.07562588596 1000.0 0.1
-2142.30493712 24.8380529303 0.671988661652 1800.0 0.35641025641
3845.67748677 60.8504860529 1.00780886588 4800.0 0.1
1835.36331668 58.8089073171 0.986480101167 1800.0 0.1
4840.59334482 81.2231792807 1.01125869041 5000.0 0.1
-4201.44124974 57.1967100394 0.998859214834 5000.0 0.1
-789.973241563 65.8132619705 0.812151880146 1800.0 0.253846153846
2793.50796714 46.2159232396 0.780635036923 2200.0 0.407692307692
-1808.86486072 -16.7546703116 0.524440345466 2000.0 0.407692307692
4512.88055371 -41.4827202562 0.893094319537 1800.0 0.151282051282
-739.628884802 -1.36966772613 0.247688838811 1800.0 0.458974358974
-3174.2089857 58.2180110152 0.876457620241 1000.0 0.151282051282
6855.66964312 -30.316815985 0.928407692543 5000.0 0.510256410256
-8931.2091594 28.9474817921 1.00169252839 3200.0 0.1
-2217.18895655 -28.0525942312 0.643979889381 1800.0 0.407692307692
5393.87359915 -19.1188591903 0.892873502733 5000.0 0.458974358974
6065.83921861 -37.6999825291 0.924196196844 4400.0 0.253846153846
-5877.22336729 -32.7876088977 0.926880826686 5000.0 0.253846153846
5383.50841075 17.1030983954 0.94124781379 5000.0 0.35641025641
-3188.11719889 -27.9247119415 0.853980538403 1600.0 0.151282051282
-6254.61716116 0.695076292881 0.841734425616 600.0 0.151282051282
-6604.25107213 -24.8079604348 0.939299923136 1000.0 0.1
6057.31808212 79.5181872692 0.993053378786 3200.0 0.1
2602.17862153 50.8767448443 1.01470793848 5000.0 0.1
1694.43041175 28.4843650813 0.900065494635 3400.0 0.35641025641
1903.88554624 -31.3169180038 0.810929133329 4400.0 0.407692307692
4879.13533938 57.7185813119 1.01651990251 5000.0 0.1
-6.55068110825 -4.5450531699 0.228632558128 2200.0 0.510256410256
7023.35719488 55.0783276746 1.011107305 4200.0 0.1
-1154.88059984 -44.4536863576 0.86355396483 2200.0 0.253846153846
3286.7476124 3.27656056773 0.646655626417 2200.0 0.458974358974
769.93090567 -11.0779947417 0.359302659005 2000.0 0.458974358974
-354.955591136 56.6523167171 0.880064526509 1600.0 0.151282051282
1349.89222162 55.2181047559 1.0398743345 4800.0 0.1
-353.633246598 45.6003425428 0.935129704257 1400.0 0.1
-1355.28485422 -80.7473388154 0.979672387986 4000.0 0.1
-2434.33157018 25.4279334648 0.628471595847 2200.0 0.510256410256
7057.4685007 -51.8339857047 0.937655810069 5000.0 0.253846153846
14.2476368683 -43.4777758642 0.766408798877 4600.0 0.407692307692
-5577.46860877 64.6329110013 1.01106212013 5000.0 0.1
-7123.98184759 14.9899057529 1.02532499766 3200.0 0.1
-2507.09302579 40.5857497455 0.996055572134 5000.0 0.1
-2947.90534678 12.4185241253 0.606529759926 1600.0 0.35641025641
-4670.35160385 17.2967606938 0.683540251416 1400.0 0.253846153846
-1521.8991678 -31.8275414064 0.799940300055 1400.0 0.202564102564
-4541.14865869 73.9997476531 1.04234029605 5000.0 0.1
1720.92756611 36.0068922056 0.932179003686 1800.0 0.202564102564
-7561.33233871 -82.3528884219 1.04530168221 4200.0 0.1
-6810.00182661 -13.7337843635 0.907955392703 4800.0 0.305128205128
1166.62759533 40.5093535175 0.914234518505 2200.0 0.253846153846
-4126.22361355 -9.43112967372 0.78260730853 1200.0 0.151282051282
-3148.4069204 7.82836252259 0.658077402286 1800.0 0.35641025641
4097.5474097 -39.0330440254 0.790489487738 4400.0 0.715384615385
-4770.98628741 52.2181460919 0.842582257183 1600.0 0.151282051282
4163.15977786 2.97144590632 0.781073862433 3000.0 0.510256410256
2724.88014924 -9.23075652133 0.591201303095 2400.0 0.561538461538
5147.42151454 44.1378965025 0.787213566558 2400.0 0.510256410256
3598.25280275 -45.8864384832 0.981193834259 1800.0 0.1
-2909.44911127 41.8139409821 0.889500187342 2000.0 0.151282051282
-957.396756936 29.7409693627 0.554932349295 2000.0 0.407692307692
5029.05176712 70.1026475534 1.00615754117 5000.0 0.1
-1749.07148701 -75.4227591645 0.982872388857 2000.0 0.1
2272.65341458 -43.7297822736 0.907511329056 5000.0 0.458974358974
-1465.38230285 71.6597723107 0.984235111906 3000.0 0.1
7307.38301058 -4.30186260695 0.922223757354 5000.0 0.458974358974
5739.55472543 -57.8309457792 0.95522204471 5000.0 0.407692307692
-3900.2550271 66.087055117 0.901803147547 3400.0 0.253846153846
7768.37736912 25.1854011141 0.970071684017 4400.0 0.151282051282
-4138.04848141 -44.1370084662 0.878419408876 800.0 0.1
3053.31730266 71.6108594306 0.951541577972 4600.0 0.253846153846
-5335.8889742 2.85331103148 0.724997764299 1000.0 0.202564102564
-2394.8346943 -42.5528153419 0.811222541332 1200.0 0.202564102564
-5970.76539296 -4.51712153369 0.898898884148 5000.0 0.407692307692
1302.13994397 58.3499692888 0.889097029522 2000.0 0.202564102564
-4008.49866486 -25.549584214 0.806414553489 800.0 0.151282051282
3261.82890449 -39.0886674408 0.7572885922 5000.0 0.510256410256
-1454.76826947 -16.0682591219 0.539456998252 1800.0 0.35641025641
-4778.30834263 -42.1327971298 0.906952639097 1800.0 0.151282051282
-3409.83826531 26.6458048656 0.663626006933 1600.0 0.305128205128
-3898.33707181 27.0548918242 0.928907737523 1600.0 0.1
-854.919147746 25.3501899379 0.787131786758 1800.0 0.305128205128
-3948.14234793 57.4872211215 1.03544174501 4800.0 0.1
1600.11574428 -51.0887231546 0.982410210126 4000.0 0.202564102564
-803.089741619 -85.5500928672 0.986264113958 1600.0 0.1
2921.18362444 44.4475357968 0.807071479717 5000.0 0.612820512821
-6013.94391278 -34.8642188357 0.934187530007 3600.0 0.151282051282
2929.55012016 -64.8867201596 0.918775711571 2000.0 0.253846153846
1839.15178926 -12.8241385312 0.428806122292 2000.0 0.458974358974
4089.62752887 -3.38058678076 0.716956831073 2400.0 0.458974358974
6242.0023812 64.5759558451 0.979541509598 5000.0 0.151282051282
-3005.10458303 -61.0844539676 1.00741345754 3400.0 0.1
-2115.2947131 -30.0098925674 0.85055911006 4600.0 0.458974358974
-6780.52655269 24.1466566585 1.03166178195 600.0 0.1
-6696.19128336 -76.6197391354 1.09403805743 3200.0 0.1
1883.10405927 34.5966153269 0.673118617795 5000.0 0.561538461538
-1962.55619635 -73.5991594367 1.03319658425 5000.0 0.1
-5710.51154806 -38.920167517 0.941889617122 2600.0 0.1
3587.81359427 63.1784557069 1.01394958275 2800.0 0.1
-5957.70993547 -4.1075335059 0.843017328812 600.0 0.151282051282
-2718.65506572 -10.4547498081 0.625783388079 1600.0 0.253846153846
1457.5679924 -2.85811559977 0.292202785057 2000.0 0.510256410256
-5211.62684783 -88.6617812617 1.05258752964 5000.0 0.1
-1527.39324784 -51.1645405096 0.967533290966 4800.0 0.253846153846
-7022.54569558 44.292412283 1.02216687387 5000.0 0.1
128.552452343 -30.1147387393 0.751526952505 4600.0 0.407692307692
5637.1656442 30.4932306729 0.832240167358 2200.0 0.35641025641
-3391.2756126 -45.5027695454 0.952794724755 4800.0 0.253846153846
-7436.98201787 -44.2135681822 1.05999099382 5000.0 0.1
77.3639667875 49.2006274058 0.926196089824 1800.0 0.1
1675.61506528 6.60529754036 0.465781482164 2000.0 0.458974358974
1585.34689944 -36.2030178852 0.700667566084 4800.0 0.458974358974
-3092.27443778 -77.4458782058 1.04097065121 5000.0 0.1
-3837.17617127 -59.7470282535 0.936286845509 5000.0 0.202564102564
6651.82234047 8.54839097433 0.906205048075 2200.0 0.305128205128
-3689.5304962 -11.1561330555 0.795388802257 2400.0 0.305128205128
2075.32719714 -62.670266241 0.832013002801 4800.0 0.407692307692
3601.70674107 67.6331652632 1.01030349333 2400.0 0.1
4668.37847822 75.2718477518 0.990253368245 3800.0 0.1
4180.94374354 60.2156710017 0.867722467552 2000.0 0.305128205128
-4359.78823145 6.26787405316 0.604813488027 1400.0 0.253846153846
-3155.05050154 3.98684099771 0.614406609815 2000.0 0.35641025641
6813.77367146 16.5519256027 0.817387601833 2000.0 0.35641025641
5871.32662395 -4.20638612903 0.916598905012 2000.0 0.202564102564
46.1346390333 30.5670533856 0.93407400779 4400.0 0.35641025641
-2554.75105753 20.8235921849 0.555294581739 1400.0 0.35641025641
-5039.01047879 50.6165921853 1.00788309375 5000.0 0.1
7567.65863705 -12.1209629846 0.950173295319 5000.0 0.35641025641
-6743.77837062 -57.4917014139 1.07787863245 1400.0 0.1
155.432627293 -78.2087770422 0.891184369647 5000.0 0.305128205128
-2981.8333416 -74.3370843297 0.96539058105 3600.0 0.1
-6621.19519815 57.1300417396 1.05524196607 5000.0 0.1
-1784.32936806 56.3294962232 0.834236166858 1600.0 0.253846153846
766.092108789 -50.7647076642 0.91330942076 5000.0 0.253846153846
-2666.78237806 -35.9577567124 0.884605047304 2000.0 0.151282051282
7161.97339365 7.58131639394 0.809352427286 1800.0 0.35641025641
6126.21171015 -63.859642618 1.0036540512 5000.0 0.1
74.5382276663 45.6325642583 0.852147281674 1800.0 0.253846153846
-3624.36398372 55.1156233765 0.847810072592 1000.0 0.151282051282
-6156.42740663 -1.79715398123 0.900417144281 2800.0 0.202564102564
3634.93793397 -73.5157929239 0.93380572194 1400.0 0.1
-3713.48839917 -38.534401658 0.893828679066 1200.0 0.1
-4170.71665243 -30.8836760927 0.827766433253 600.0 0.1
-6529.13084934 -38.4902433206 0.989942739761 5000.0 0.1
-4044.73368126 -37.5806888548 0.908874326549 3800.0 0.253846153846
864.312743188 -58.3612845056 0.936919564481 5000.0 0.253846153846
-1912.79807785 -50.3325600284 0.870879352785 1400.0 0.151282051282
-528.743196762 -58.8251652895 0.923059359135 2000.0 0.1
-1231.1574491 68.0783295947 1.0111337647 4800.0 0.1
4507.41875328 33.3111991577 0.900524238298 2000.0 0.305128205128
-4665.7397176 8.41887017001 0.650929194221 600.0 0.202564102564
3219.86839269 17.6773771586 0.788862984731 2000.0 0.305128205128
-2036.12121016 50.2887122842 0.947589120485 1800.0 0.151282051282
-2543.3035306 -57.6936345274 0.973738915974 2400.0 0.1
6074.24403845 0.923271748746 0.933396479021 5000.0 0.35641025641
5446.9020824 55.7404949532 0.969718626533 2400.0 0.151282051282
-4312.13595043 13.1690216455 0.695883037576 800.0 0.151282051282
8221.25112122 63.0495790153 0.996429317524 4000.0 0.1
3108.24586115 37.9490458709 0.914697642585 1800.0 0.202564102564
6836.71245987 66.3707072838 0.982940492816 5000.0 0.202564102564
1992.20730284 86.8904310731 1.02855246851 4600.0 0.1
1842.5362546 26.4670913298 0.630812680069 2200.0 0.510256410256
-5574.16997995 -44.1357787348 0.89819169622 3000.0 0.305128205128
-5386.18589339 22.1265057854 0.867786962621 2000.0 0.151282051282
6607.12566852 28.5326248647 0.901807954863 2200.0 0.305128205128
6744.67599449 -15.1814745396 0.956203880124 5000.0 0.35641025641
1931.92899652 -53.3440548026 0.869920929576 2200.0 0.151282051282
5635.31486164 -64.29696125 1.00579150523 4800.0 0.1
-7387.57546628 31.8718795196 1.03192999452 1600.0 0.1
-3831.69267387 10.7760136249 0.69297225686 1800.0 0.305128205128
4259.41277745 -63.2712462245 0.997377786354 5000.0 0.1
-857.353654713 42.3785287677 0.923951960183 2000.0 0.202564102564
1164.47768639 -18.8736609257 0.581655793595 2000.0 0.35641025641
-6061.57529484 5.31144282411 0.872280647722 600.0 0.1
-356.478342122 -66.1249657195 0.943163827539 1800.0 0.151282051282
586.098468569 55.81439667 0.920480104426 5000.0 0.305128205128
-5605.50142622 1.64678469862 0.883866898014 4400.0 0.35641025641
1732.31777494 -57.4750573271 0.986731646923 5000.0 0.151282051282
8899.72462499 42.4517258308 0.986090457713 5000.0 0.253846153846
-189.437243556 11.7518329325 0.351682862483 2000.0 0.458974358974
-4838.04065786 -53.7730444664 0.915467516834 1400.0 0.1
-3531.44913947 54.888038238 0.858444857608 600.0 0.1
6913.70324908 1.23792474868 0.882717345684 1600.0 0.253846153846
-4700.94167436 -47.2527462328 0.937510167688 1800.0 0.1
-5539.12201432 -19.7565335639 0.904697039901 1400.0 0.1
4510.41628731 -37.504616086 0.89133758958 5000.0 0.510256410256
1447.17513979 49.717736122 1.008023171 2600.0 0.1
-314.987503036 23.9095077405 0.759668300184 2000.0 0.35641025641
4490.12782007 -50.5229585075 0.798816111871 2400.0 0.458974358974
4190.63743411 29.3633037327 0.94004704398 1800.0 0.202564102564
6515.81904576 -49.9961853306 0.979760455274 5000.0 0.253846153846
9425.04331733 42.7293334777 0.999641758382 4800.0 0.1
-4232.51187668 66.44236129 0.996192338025 3200.0 0.1
-1891.45745316 57.4071956008 0.853102437031 4400.0 0.35641025641
-3672.16584835 46.4234440717 0.892394490021 1200.0 0.1
3194.25835998 -44.3276910697 0.939087189792 4600.0 0.202564102564
3351.65297204 -48.0458241283 0.950168217087 4200.0 0.305128205128
3845.93822669 -54.239954349 0.892298253469 4400.0 0.510256410256
-5451.34098486 -72.213632167 0.985032058521 1800.0 0.1
3202.39349456 -11.2886420794 0.719098338956 5000.0 0.612820512821
-6633.92019343 -2.08988734128 0.879265501541 3200.0 0.253846153846
3993.31265375 65.7596689076 0.975078813855 5000.0 0.202564102564
-3131.70388111 50.540430517 0.802796100994 4800.0 0.510256410256
6133.2856842 9.10118049008 0.832253609745 2400.0 0.458974358974
-6440.54106152 62.6401539815 0.989713232676 1000.0 0.1
-2081.08248549 -22.9578029516 0.66076756718 1400.0 0.253846153846
3713.00015142 -30.1477419452 0.856373265887 2200.0 0.253846153846
-3750.6839419 26.5029219265 0.855897940669 1400.0 0.151282051282
500.277032637 62.2513520272 1.03270481501 3000.0 0.1
-6191.76092553 17.3570900573 0.861173901443 2800.0 0.253846153846
-1716.59251006 -64.8871538072 1.01364691309 1600.0 0.1
-2895.12108959 -17.3102738291 0.671823476659 1600.0 0.202564102564
1872.37450987 37.0548104905 0.782076489775 2000.0 0.305128205128
-4562.29065983 -59.8213500807 0.990084765848 4800.0 0.151282051282
4718.56911096 11.9707222221 0.894331024504 2200.0 0.253846153846
-5664.88826268 44.150792108 0.990243927043 3000.0 0.1
5941.38975585 -36.4591894625 0.950788458311 1200.0 0.151282051282
3799.39749387 54.124278695 0.839420346318 5000.0 0.561538461538
6531.17377073 67.261815108 0.990506846181 5000.0 0.151282051282
4661.27203042 55.7987774056 0.921400913931 2000.0 0.305128205128
-2324.55884369 -42.1910206248 0.857690277125 1400.0 0.151282051282
-3550.65665011 56.8046426222 0.865830297823 2000.0 0.202564102564
5116.87272038 73.6334123314 0.996101955974 5000.0 0.1
-5576.99738949 76.3921357053 1.03384786131 5000.0 0.1
-6158.41188678 -29.0948017444 1.00679724392 600.0 0.1
-2946.74886982 -38.1483658486 0.785889487643 1600.0 0.202564102564
1452.59743679 73.1572702817 0.874463588724 5000.0 0.458974358974
4632.91980887 -28.1020604614 0.881709360106 5000.0 0.35641025641
-1977.28029634 -16.7948046828 0.627982172451 1600.0 0.253846153846
3278.56427331 69.7683104996 1.03932913069 5000.0 0.1
-1305.72454658 -51.490807695 0.889823105277 2000.0 0.151282051282
67.1130030381 -44.4618146543 0.912761159896 4600.0 0.305128205128
-5544.66374462 30.9627820425 0.992879017442 5000.0 0.1
-3523.08685133 22.2741592916 0.691706337475 1600.0 0.253846153846
-7227.11155843 11.9188280697 0.936752487526 2800.0 0.151282051282
-4770.36692012 -20.7242434515 0.888112931336 4400.0 0.305128205128
6151.43067569 41.3902519061 0.999525278276 4800.0 0.1
-1041.55861956 -21.3817864273 0.568496652631 2000.0 0.35641025641
8203.92417863 27.3701134476 0.962342007867 1600.0 0.1
1959.54086881 -45.8105115315 0.799284809156 2200.0 0.305128205128
4594.58378489 11.9847378509 0.849594996546 5000.0 0.561538461538
-2197.5894657 9.31816453678 0.433545473353 2000.0 0.458974358974
5395.45469795 -42.656479547 0.946041546512 5000.0 0.253846153846
-5295.31579173 76.4723069548 1.03129008356 5000.0 0.1
-152.911102229 -70.5205763551 0.962813023454 1600.0 0.1
-1710.36428278 42.7561183268 0.877987270122 1600.0 0.151282051282
-3313.56994967 47.0453452784 0.985703382051 1800.0 0.1
-5506.05620027 40.3267254434 0.956468750567 5000.0 0.151282051282
2879.98679254 -65.431424396 0.935819289878 5000.0 0.202564102564
944.937350258 -49.5286713701 0.828986389652 2400.0 0.253846153846
858.625617975 -54.7264258291 0.953598057965 4400.0 0.202564102564
-3719.15254242 -13.8052962624 0.742695756076 2000.0 0.253846153846
-5665.51595895 25.5782394814 0.933949146287 4600.0 0.35641025641
-8381.27000847 -73.2266535383 1.03566913134 5000.0 0.1
7123.52089185 -35.0677738702 0.908988741804 5000.0 0.35641025641
4262.70696923 4.06626763157 0.830151000639 4600.0 0.561538461538
-762.384476584 -10.0707598007 0.36874008643 1800.0 0.407692307692
-6139.81967634 -30.8047368083 0.918953394704 4000.0 0.202564102564
1967.63449881 11.8706920771 0.430897841428 2000.0 0.458974358974
-9469.38547552 -20.2276707295 0.957118235719 2200.0 0.1
-7702.03907058 81.5252244817 0.990465201067 4800.0 0.151282051282
6574.50417206 -4.70605653798 0.939285205346 3200.0 0.35641025641
-6768.54627438 -3.16552132227 0.911184754447 3200.0 0.202564102564
-8707.29307714 -2.2228205828 1.00571589564 3200.0 0.1
2448.14470011 -15.4440953017 0.551406294909 2400.0 0.612820512821
-6219.18365984 33.3825700928 0.896171113533 1000.0 0.1
2277.76710383 58.9363321598 0.877247237527 5000.0 0.510256410256
-2674.36844252 3.88748848099 0.41597391388 1800.0 0.35641025641
706.30405447 19.3179441652 0.743517370279 1800.0 0.305128205128
-6804.10487899 -40.6077467268 0.972998539166 4400.0 0.151282051282
-6056.90048195 24.3950169211 0.981924068696 4000.0 0.151282051282
-4929.92907085 -46.9212610036 0.875919416084 4600.0 0.561538461538
-4654.09754282 61.6712256327 1.00167588934 1600.0 0.1
4595.46297167 78.2120750643 0.940761701228 4800.0 0.407692307692
-5300.90923398 1.73484885489 0.736795331912 1000.0 0.151282051282
-5111.06605093 -26.2220667375 0.844635932778 600.0 0.1
3676.39083199 74.032655651 1.00874309207 4400.0 0.1
-1745.31553275 -75.1284776507 1.00919513626 4400.0 0.1
4402.29894555 -69.0016869223 0.931402311703 5000.0 0.253846153846
-6053.58714586 18.5065343668 0.852243188633 600.0 0.1
4776.687966 -89.3873070051 1.03454059953 5000.0 0.1
-6107.55512089 -8.24035481923 0.872711878378 600.0 0.1
4500.72251966 12.2997831939 0.699013885528 4600.0 0.817948717949
932.199662654 -43.6150568012 0.790547336356 2000.0 0.202564102564
6116.47201313 -17.5204569237 0.948261359108 4400.0 0.253846153846
-159.232935079 49.7804787932 1.01843497453 5000.0 0.1
-4278.8136504 -24.1530640457 0.767598049608 5000.0 0.664102564103
-3384.79758517 -70.5709525962 0.943466525256 1600.0 0.1
7801.73176149 27.1427959437 0.982074465844 4600.0 0.202564102564
-5827.17961522 52.5915957203 0.944072710306 2200.0 0.151282051282
-4906.1967504 -56.8764532682 0.966709364747 5000.0 0.151282051282
-6394.29135601 -66.000470296 0.970907404416 1000.0 0.1
6895.1748941 -57.7961470076 1.00544156929 5000.0 0.1
-6111.64824592 29.4142388703 0.993342369297 5000.0 0.1
-4919.44793057 -81.2743002147 0.955573687403 2000.0 0.1
-4837.69621544 29.0225477047 0.885621910602 1200.0 0.202564102564
2430.87704466 55.1691452824 0.993870850119 2800.0 0.1
-4743.92710226 14.8095571871 0.809906993864 1200.0 0.151282051282
-4753.96423618 -75.06968615 1.01652393427 5000.0 0.1
3963.07945955 -4.19020717735 0.7164501253 5000.0 0.715384615385
1385.70711591 -30.5367923768 0.702012268239 2600.0 0.35641025641
1222.08716611 -11.6825507192 0.350531289423 2200.0 0.561538461538
1937.3953688 -28.7952520331 0.799695180082 4800.0 0.35641025641
1070.93200253 -45.7511238467 0.818354635911 5000.0 0.407692307692
3313.26842987 -6.323976669 0.705740964133 2800.0 0.510256410256
10.0798084247 -37.3277953035 0.608979006038 1600.0 0.407692307692
6329.21016726 -11.2840329919 0.92570605242 2200.0 0.253846153846
289.993107272 21.2515157604 0.604790005237 2000.0 0.35641025641
4817.67962445 56.2109797806 1.01167513626 5000.0 0.1
-6521.39387575 -61.8686535355 1.0158637496 4800.0 0.1
2640.55138916 -15.8697039645 0.57228807425 2400.0 0.612820512821
3064.44101603 12.7827337958 0.688200801498 2400.0 0.510256410256
-2829.70366431 -52.9716766278 0.936690059899 800.0 0.1
-7524.41001947 -16.1812643359 0.956538910776 600.0 0.151282051282
4674.66610027 18.8914214169 0.809943131389 2200.0 0.407692307692
6612.20624046 29.32667394 0.973430379634 4600.0 0.253846153846
650.432131237 87.3055375801 1.00541104364 5000.0 0.1
-1768.78126873 24.5839584035 0.501045198486 2000.0 0.407692307692
127.673322908 15.8962334073 0.341994761731 1800.0 0.458974358974
-2930.04806033 -18.4222208192 0.722874166148 1400.0 0.202564102564
-2300.9171427 -35.0869461293 0.86353387306 1400.0 0.151282051282
7076.585711 70.3736592879 0.95691370349 2000.0 0.253846153846
2421.44137609 -44.5646370169 0.93453170455 5000.0 0.458974358974
-6528.51942726 9.03242375768 0.9122911035 2800.0 0.202564102564
3112.8652035 -32.329061092 0.77133374904 5000.0 0.612820512821
-3993.13923467 50.5866312063 0.857879434069 1000.0 0.151282051282
3851.40514851 -39.9665475927 0.816537019229 4800.0 0.715384615385
-139.565902299 3.82564093931 0.208899304752 2000.0 0.510256410256
224.403482543 34.1398948284 0.870190518147 2000.0 0.253846153846
-2381.27768903 17.09601958 0.439515264392 1600.0 0.35641025641
1848.68382366 32.5569216167 0.810707019179 2000.0 0.305128205128
2604.91414247 -2.99748550255 0.505447623948 2400.0 0.561538461538
6769.57942451 56.7937045372 1.00436105467 5000.0 0.1
374.791980365 3.68538529166 0.191393446906 2000.0 0.510256410256
-3321.5955488 16.6905275541 0.580800590125 1000.0 0.305128205128
943.740238125 -41.4158855335 0.830454076935 4600.0 0.305128205128
1011.95498388 -74.2376400439 1.01752161443 5000.0 0.1
-7240.2160519 15.6649435482 0.957195445101 1800.0 0.1
2312.1774562 -33.6897009306 0.81763965937 2200.0 0.253846153846
-6947.60457851 57.6392735296 1.04272070157 5000.0 0.1
-84.1110425211 -25.0052931296 0.701729616079 3000.0 0.407692307692
5557.03371446 41.6780233437 0.908762626839 5000.0 0.561538461538
-3400.06602646 -15.7986976609 0.705207542144 1600.0 0.202564102564
-7223.01606611 -10.7445275824 0.922367076563 800.0 0.151282051282
4333.41517068 44.9661688298 0.904512846579 5000.0 0.458974358974
-90.1847349688 43.0098510585 0.868271493126 1800.0 0.202564102564
7747.60242402 71.7795398467 1.00529062121 5000.0 0.1
-5743.36511635 -12.1113865547 0.897907893618 5000.0 0.407692307692
-2203.36308567 12.8722625966 0.659599604629 2000.0 0.35641025641
1492.82445496 27.3576191006 0.718872494228 4800.0 0.766666666667
2715.85825755 -63.517263421 1.00502095088 4000.0 0.1
-3069.98049839 -30.3876659954 0.570184734054 2000.0 0.407692307692
5020.30402145 81.5794371924 0.973934593206 5000.0 0.253846153846
3927.60313661 -44.0354448398 0.847984385301 5000.0 0.561538461538
-5989.28520129 -34.3902542777 1.01338296774 3000.0 0.1
-4254.54202141 22.4681319573 0.83766583205 800.0 0.151282051282
8393.6425219 31.234381938 0.990275821379 4800.0 0.151282051282
986.961441252 19.2533333336 0.5722156517 2000.0 0.458974358974
-1303.19821121 5.04296997476 0.243992732879 2000.0 0.458974358974
3918.08659749 66.8895158247 1.01869560934 3200.0 0.1
-5418.34948407 50.0128294894 0.990003395823 4200.0 0.1
4159.66043723 -23.0199982407 0.850389076867 4800.0 0.458974358974
-4762.04944248 -54.5958368382 0.966578328533 4600.0 0.202564102564
-133.08245598 -66.617713049 1.00164783834 5000.0 0.1
4012.69455269 44.9287773749 0.978488161701 5000.0 0.305128205128
-2380.98428798 -62.768011651 0.926201890285 1200.0 0.1
-1230.22005889 47.1163847153 1.01700934275 5000.0 0.1
-1498.96797114 -61.5733442524 1.02174676494 4200.0 0.1
855.034671569 -29.6482750018 0.547952196138 2200.0 0.510256410256
-2176.32172913 -34.0634245172 0.774755405323 1400.0 0.202564102564
-624.409798293 -23.6451254976 0.711704066521 2200.0 0.305128205128
258.475672581 31.6225850931 0.773571504832 4200.0 0.612820512821
-3393.54602728 -50.6414986359 0.95892591891 4200.0 0.151282051282
-8862.31563009 9.32058375847 0.953112530021 3200.0 0.1
6087.74234499 53.4868389049 0.95722564636 4400.0 0.305128205128
-4449.51310527 -52.8112136587 0.967228844705 1600.0 0.1
-5838.05506326 8.86646022984 0.890841145924 600.0 0.1
-6771.00278493 55.8973289623 1.00078101537 5000.0 0.1
-1094.87283078 18.9405269732 0.705434244827 2000.0 0.35641025641
3746.04302543 -0.851337892925 0.73140728033 2600.0 0.510256410256
-3870.65512618 -30.0451673295 0.855386849384 5000.0 0.458974358974
-4861.99733954 27.8013236584 0.909701355216 1200.0 0.1
-5315.12611253 54.0594003412 1.00383555443 2600.0 0.1
2977.81067895 71.6780044231 1.03343925326 3600.0 0.1
6648.51642338 25.9549348443 0.922637456902 1600.0 0.151282051282
2926.03330156 18.9141992875 0.721861106072 1800.0 0.305128205128
-1088.0126254 39.182241232 0.992652341996 4800.0 0.1
6912.19518772 -43.0576604647 1.00010278644 5000.0 0.1
-6565.16080739 71.2596360146 1.03825355075 5000.0 0.1
5829.33458431 -33.0549206056 0.957809601367 5000.0 0.253846153846
-1085.33304835 -55.3043716407 0.897921870313 4000.0 0.253846153846
-5052.27196328 23.408429001 0.812345583407 600.0 0.151282051282
-5417.02138567 68.0627615916 1.05378818093 4800.0 0.1
-1846.67180957 -16.2818940742 0.698330963735 2000.0 0.305128205128
-5618.24112688 -13.370772871 0.904758355653 3400.0 0.202564102564
-6095.6960235 -38.3221033475 0.973524269265 4600.0 0.151282051282
-6969.10786077 -62.67845628 1.03116016124 5000.0 0.1
-751.900171662 -16.5570997393 0.341047913602 2200.0 0.510256410256
4268.48024688 52.5050939075 0.978179280308 2200.0 0.1
-6656.72990726 -22.0308697354 0.978389530478 4800.0 0.151282051282
6495.43177343 -8.42229993269 0.915644141161 1400.0 0.202564102564
5442.84387934 -8.74477484795 0.882916550672 5000.0 0.510256410256
-9439.91738765 -38.7308776575 0.981460293477 3200.0 0.1
4362.06071448 88.3674162373 1.02225544962 5000.0 0.1
1827.30347122 -16.490303126 0.439747919387 2200.0 0.510256410256
2018.1896322 68.8420914878 0.974670418934 1600.0 0.1
3358.25338932 -16.1197278949 0.732331278816 4800.0 0.510256410256
-7255.15005712 -11.620554181 0.962318784923 2800.0 0.1
-2758.76090175 41.7412524337 0.77613100294 1800.0 0.253846153846
-5430.87325237 73.3483857419 0.954887622291 2200.0 0.1
6764.75091728 -60.1827632634 0.956087011078 1200.0 0.1
-5742.36151033 -48.155263213 0.908264164012 1000.0 0.1
4382.06155752 -3.59958052409 0.796068620254 2600.0 0.407692307692
-4080.32388283 38.6762992692 0.884947545196 600.0 0.1
1918.91661769 16.2800637074 0.606132125259 2000.0 0.458974358974
-2095.98123769 19.9255191704 0.640165518286 1800.0 0.35641025641
-4670.80666035 57.8173012109 1.03670524763 5000.0 0.1
4406.2967908 29.3476391081 0.979365175991 1400.0 0.1
-4299.09541331 -21.704407386 0.854090523434 3800.0 0.407692307692
2146.60072393 22.4055452457 0.780807728775 2200.0 0.407692307692
-2712.71271385 50.8868621853 0.90775517846 1400.0 0.1
-661.689227763 -37.9711465241 0.615608099934 2000.0 0.407692307692
-6375.13909166 -46.4210077873 0.977551103878 4800.0 0.1
6409.49898696 13.4847972275 0.95623785327 4000.0 0.305128205128
1381.71084649 -38.4558266626 0.80524133648 5000.0 0.510256410256
5917.60347202 34.1320224861 0.900799953759 2000.0 0.305128205128
6574.00422818 -52.2502721263 1.00486238078 4800.0 0.1
6769.02388778 -48.5245833038 0.965963383858 4800.0 0.202564102564
1399.95512117 -68.5376580879 0.923077768423 1800.0 0.151282051282
-682.828219017 -74.2725426029 0.962357779038 4400.0 0.151282051282
-3336.39124923 63.1166649091 0.907221257368 1400.0 0.151282051282
-8842.29425631 -36.5690460231 0.971142340711 600.0 0.1
-5264.57823635 -22.9391657695 0.855452106301 800.0 0.1
-6507.64661674 -51.7744218996 1.00172859115 5000.0 0.1
-6553.72320273 -13.502760662 0.912849070268 1800.0 0.202564102564
2235.50847862 79.5198641238 1.02770884367 5000.0 0.1
-1687.81496212 53.7080699693 1.00844754556 3400.0 0.1
8648.13922735 -33.2848542524 0.958422847849 4400.0 0.35641025641
-70.0975938113 34.0515487039 0.914799716983 1800.0 0.202564102564
-6195.09261235 -62.8071609013 0.937906040331 1200.0 0.1
-595.910357424 12.2783333801 0.471984747701 2000.0 0.407692307692
-5108.30292213 61.2225029853 1.00222955842 3600.0 0.1
-2190.43313378 -38.1450823077 0.717287191781 1600.0 0.253846153846
2711.32849967 36.2478235087 0.705315956771 2200.0 0.407692307692
1404.81501117 26.6392160792 0.908496600057 2200.0 0.253846153846
5946.22779063 64.8103317036 0.975782276122 2400.0 0.151282051282
6624.76257649 -39.1719406898 0.952814722889 5000.0 0.35641025641
-4004.41403668 55.9715953549 0.992164732185 1800.0 0.1
-6648.68786345 -7.6517861762 0.877590640281 3800.0 0.305128205128
4613.18267295 -31.9831396218 0.848470028632 2200.0 0.407692307692
462.161048209 14.6126967572 0.333084682322 2000.0 0.510256410256
-4111.06270422 62.3224389984 0.931781951777 1600.0 0.1
-1405.7198051 -87.7864422759 0.962544893691 5000.0 0.202564102564
-7275.27019804 24.943058196 0.970781799968 1200.0 0.1
5656.4278829 22.9004526483 0.932073546991 3200.0 0.407692307692
6094.45425734 63.7872019396 1.00289955469 5000.0 0.1
-5820.17664898 65.3534655651 0.936233362707 2600.0 0.202564102564
2679.46470485 -13.1254347398 0.511215989778 2200.0 0.510256410256
-7315.10491942 -27.9560459408 0.98322271975 5000.0 0.151282051282
-5848.04040293 -36.2700171328 0.908784374878 5000.0 0.407692307692
1492.82407205 7.43594311765 0.326611053507 2200.0 0.561538461538
-5720.91425607 -32.1254858025 0.918107100014 600.0 0.1
-2237.63470905 14.6124029376 0.513174877094 1800.0 0.35641025641
6094.9769083 -43.666047712 0.95078829789 2400.0 0.202564102564
-2995.93826013 65.5446502915 0.89637426964 1400.0 0.151282051282
2659.85900604 -33.7529991776 0.74554796469 2000.0 0.253846153846
4867.31622694 -19.5355779787 0.868440183468 2800.0 0.305128205128
813.037875991 -31.6279736348 0.828261138679 4800.0 0.35641025641
4081.74842966 60.0631895743 1.00069562836 5000.0 0.1
3013.67251055 -41.9123729978 0.852486042922 1800.0 0.202564102564
-1336.7743213 -85.9530714646 1.04208398438 5000.0 0.1
2578.2709344 78.9514594185 1.01259342451 5000.0 0.1
6454.76414629 -79.9867949056 0.993109965712 4800.0 0.1
6168.73890434 62.4209177409 0.953172740597 2400.0 0.202564102564
4666.10014561 39.9104353416 0.808481380965 2200.0 0.305128205128
2800.92665602 28.6432211868 0.663901532979 2200.0 0.510256410256
-1090.54121487 -18.3444308 0.439287333122 2000.0 0.458974358974
-4654.11868249 42.8311604133 0.825006046406 1800.0 0.253846153846
-5650.16893021 -27.3101769381 0.869745750021 2400.0 0.202564102564
-1224.47794215 69.7768599552 1.03005434902 800.0 0.1
-1708.12293072 17.7914281708 0.547643792333 2000.0 0.35641025641
1025.56282121 18.0777623886 0.756387137689 2000.0 0.305128205128
-7317.37981467 -69.5374295898 1.02052409709 5000.0 0.1
-1181.69491282 21.6059960943 0.388882940239 2000.0 0.458974358974
-1851.93274723 4.0927505785 0.419741361759 2000.0 0.458974358974
-309.130523807 -35.8882478564 0.802863901491 1800.0 0.202564102564
1192.53751656 -0.995504228933 0.285982997929 2000.0 0.510256410256
-3030.81840948 48.1792984523 0.854672277147 1000.0 0.1
1673.56667899 -38.7867711571 0.869081972199 2800.0 0.305128205128
4833.75716279 -15.9672514704 0.871667961456 5000.0 0.458974358974
-2226.78731964 20.4787358419 0.748097914974 1800.0 0.305128205128
-794.218898502 55.300288019 1.0320524271 5000.0 0.1
-4513.07511663 -23.0012943351 0.772885449395 5000.0 0.612820512821
2037.38455312 31.0529857917 0.748308221192 2000.0 0.35641025641
-3166.50398739 -50.3874085205 0.958947488628 5000.0 0.151282051282
-3694.98800969 40.9779904773 0.901918817621 1400.0 0.1
7859.32579428 52.3643932029 0.948259033619 5000.0 0.407692307692
-5123.08700297 -12.8152885335 0.762098459373 600.0 0.151282051282
1140.834577 -61.5202311953 0.962785889098 5000.0 0.202564102564
949.151228048 2.1227000055 0.206663733713 2200.0 0.561538461538
1123.08697835 -64.3218400747 0.962824049145 4800.0 0.253846153846
2754.8785618 64.280239916 1.02996967807 4000.0 0.1
1568.33020419 -52.7057400895 0.965484376228 2000.0 0.151282051282
1786.4799291 -30.1503364303 0.756703476733 2400.0 0.253846153846
-6780.37742994 44.4043253677 0.990411646938 600.0 0.1
-1098.98450657 -5.94439627412 0.30258866881 1800.0 0.407692307692
-6231.16118915 -70.8102980863 1.05156581532 3200.0 0.1
5145.42163784 -75.7748982415 1.02763141206 5000.0 0.1
5346.14334194 -73.5938780703 0.974079516903 1800.0 0.1
986.882465754 -66.7461573201 0.817139355957 4800.0 0.35641025641
837.429651696 28.4753591051 0.921236095766 1800.0 0.151282051282
2342.19406768 -54.3420501304 0.981012205275 5000.0 0.202564102564
-214.18595933 40.9182189255 0.997001536755 600.0 0.1
765.217805064 -62.5318419179 1.00240697965 3600.0 0.1
-5643.02716924 -20.9317746762 0.924130466203 5000.0 0.253846153846
6601.13669129 48.2980096523 0.975214728562 2000.0 0.151282051282
4378.83879698 -14.1844269332 0.801150399875 4800.0 0.561538461538
-3723.89852415 58.9378502009 0.948642449541 5000.0 0.253846153846
-6195.46582652 58.4255034989 1.02948710259 5000.0 0.1
-5157.82612552 -69.9078538182 0.965518323344 2600.0 0.1
4697.76886674 -57.2491727505 1.00369717443 5000.0 0.1
-6527.69969614 -70.6699446274 1.01942413543 5000.0 0.1
2673.15618497 -51.3161727646 0.906134999512 4600.0 0.510256410256
-5646.02206295 -7.3734443362 0.858469187375 1000.0 0.151282051282
-6176.33442366 -74.3961465566 0.981430708967 3000.0 0.1
-3673.65933369 -45.4030645823 0.856192448923 1600.0 0.151282051282
-1786.16315719 66.4222475514 0.895896394245 1800.0 0.151282051282
4396.27011511 -4.98149616362 0.718254717981 4400.0 0.664102564103
1711.88476776 32.37337661 0.943612501013 1400.0 0.1
-7875.38944544 17.9182087058 0.932998634422 1800.0 0.1
-2010.59475059 53.7672858841 0.987492560422 5000.0 0.151282051282
505.244425561 -56.7273034529 0.921531043538 1800.0 0.1
-3017.2353488 74.4408597275 1.02347734431 3200.0 0.1
-2653.24445403 -58.9234641822 0.89964566855 1600.0 0.1
-4278.20071295 -10.0164873782 0.845248090204 2400.0 0.253846153846
-688.6256841 -16.183883864 0.496301969849 2000.0 0.458974358974
-665.521668447 -30.1805926789 0.634258073455 1800.0 0.253846153846
1392.25704727 64.2833533181 0.958329270263 5000.0 0.305128205128
205.409515413 4.40642096797 0.225128238401 2000.0 0.510256410256
7827.82260547 -61.2846429647 0.934644054131 5000.0 0.510256410256
2783.42238346 4.97173173189 0.616097144657 2400.0 0.510256410256
5090.11163323 38.4789403383 0.960368813003 2000.0 0.202564102564
8936.47715623 10.4971117527 0.904763482011 2200.0 0.35641025641
1728.75701914 -66.169762924 1.01921554766 5000.0 0.1
1379.73690885 57.5001607219 0.945402207903 2600.0 0.151282051282
5118.88140925 -80.1676560338 0.974684386547 5000.0 0.151282051282
-1276.47040766 49.5402367279 0.870047292457 1800.0 0.253846153846
2946.49903754 4.73605444363 0.565223197548 2200.0 0.458974358974
6224.77196556 5.05917069842 0.939574073811 4600.0 0.407692307692
3844.43864925 56.3413018475 0.905536442327 3000.0 0.35641025641
533.33319391 -36.1712983065 0.793298098069 4600.0 0.612820512821
3576.19856027 68.7394927337 1.02564957228 5000.0 0.1
-7213.96132339 -48.6817986112 1.00828923615 3400.0 0.1
4905.86932178 8.41512913402 0.777853349911 2400.0 0.458974358974
-3934.13623833 -70.9167904433 0.96926968505 5000.0 0.151282051282
3528.65981337 30.9932845879 0.909848327461 2000.0 0.253846153846
-2248.642312 28.8268596622 0.953946542213 5000.0 0.305128205128
3121.52743111 17.7460472793 0.732908124671 2000.0 0.407692307692
-1200.93838874 -30.5239277982 0.668775708734 2000.0 0.305128205128
8113.40361744 -81.2075946905 0.993658163152 2600.0 0.1
-2693.97535652 15.4551712237 0.649309001234 1800.0 0.305128205128
-3786.70555257 -21.1654127812 0.821706244362 5000.0 0.458974358974
2979.62269194 -64.4161254296 0.872973978069 2200.0 0.35641025641
-5398.20247943 -50.3038977163 0.978886839224 1800.0 0.1
-5082.36078723 -11.6224813894 0.89504966857 3200.0 0.253846153846
365.049749401 -23.3459832874 0.677634597032 2000.0 0.253846153846
-4090.17813862 78.0795728808 0.991549409611 2000.0 0.1
-7532.10340098 64.0462802075 0.996911126973 3200.0 0.1
1801.94045408 -63.9413373985 0.976555118617 2000.0 0.151282051282
1157.01822333 -68.427440671 0.904387657048 4200.0 0.202564102564
-4239.48902111 33.6015261667 0.915904443294 2000.0 0.1
3430.56118541 62.8948976838 0.923129128952 5000.0 0.407692307692
-2626.9762167 67.2971615674 1.03102238689 3800.0 0.1
5362.97961045 -15.9795094362 0.876352002218 4800.0 0.407692307692
2541.80128041 26.0850142666 0.666843267025 2200.0 0.407692307692
-4034.82267847 -22.9976469146 0.890087874338 1800.0 0.202564102564
1381.29557649 55.336838215 0.856580702352 5000.0 0.458974358974
-4579.46298156 54.3481149333 0.998631299711 5000.0 0.1
353.173570787 -4.66941645378 0.223716336347 2000.0 0.458974358974
1540.04149848 -62.9531031763 0.978896889293 5000.0 0.151282051282
-2039.93472593 57.7088215671 0.826091352434 4200.0 0.458974358974
-7881.43544928 48.6209553179 0.977434987165 2200.0 0.151282051282
-8339.39018895 -10.989916781 0.976734728319 3400.0 0.1
-333.601686293 69.502673283 0.952329958154 1600.0 0.1
-1680.61841184 -69.0910273415 0.922627747293 4400.0 0.202564102564
4002.85598291 -67.9056815532 0.979478406587 4800.0 0.1
-3238.59974655 58.6233916659 0.993315802703 3200.0 0.1
4757.03266329 -32.3417787727 0.915140660892 4600.0 0.253846153846
-7483.52572754 -69.06329676 1.00893330386 1800.0 0.1
-5168.55842103 26.6936588275 0.940507455599 1600.0 0.1
-4800.37663948 18.6652344126 0.896949647743 2400.0 0.202564102564
-7055.48440775 -39.8920493398 0.977395366928 600.0 0.1
-6741.76141947 -47.0744589457 0.905000919638 3200.0 0.305128205128
-4463.97855545 -35.8160403395 0.837804628812 800.0 0.1
-2351.85018563 -15.7403048082 0.606128081248 1800.0 0.305128205128
-6006.35312494 -20.6360308425 0.849271463361 600.0 0.1
-1837.86797165 4.21020355627 0.28779024415 1800.0 0.407692307692
-6218.3366734 -54.0728507203 0.964731681766 4600.0 0.202564102564
823.078854397 -33.9390606782 0.736869359665 2000.0 0.253846153846
7372.82719022 46.0135903631 0.865462414098 2200.0 0.458974358974
2976.7589439 -50.0085850147 0.935504420436 5000.0 0.202564102564
-7043.2676724 -53.5130212919 0.818778587988 2000.0 0.151282051282
194.560391116 10.926706991 0.399933114413 2000.0 0.510256410256
-113.887384439 9.97719057098 0.296875549208 2000.0 0.458974358974
6777.9890561 10.6269918057 0.783982960068 2400.0 0.510256410256
-954.773520255 -39.9369586393 0.715921619795 2000.0 0.305128205128
-2161.51671612 -72.2347442746 0.99635460053 5000.0 0.1
6678.04884702 -8.49883424481 0.917211533204 5000.0 0.407692307692
3529.83568548 75.4825179672 1.00974492361 5000.0 0.1
907.872150455 43.080942568 0.915298116531 1800.0 0.202564102564
-1000.05796106 23.5823493963 0.657832333406 2000.0 0.407692307692
8975.71300122 28.538298628 0.998562727945 4400.0 0.1
-549.689100342 54.5373619309 1.00995985116 4600.0 0.1
8573.93395424 63.6508946994 1.03488112326 4800.0 0.1
6649.73288568 -76.3031069207 1.00946575506 4200.0 0.1
-5466.00860214 -13.9000499806 0.892446877116 4600.0 0.305128205128
1614.69601754 -20.9326215227 0.568683599168 2200.0 0.458974358974
-6606.34898808 -6.42166955681 0.967737450532 600.0 0.1
-1506.18082218 48.519385723 0.888275489864 1600.0 0.151282051282
5139.892816 -42.3431490359 0.914061645496 5000.0 0.305128205128
-7026.51580102 23.7994294042 1.00290586393 1200.0 0.1
-5956.61769455 -17.6888741859 0.911683188045 1600.0 0.1
-3380.83947248 -64.2368855128 0.982208722319 4200.0 0.1
-2783.0552362 29.3930501964 0.826101153401 4200.0 0.612820512821
3704.62061656 22.9622921003 0.804885812905 2000.0 0.35641025641
-6044.87529014 2.99660779529 0.912687660244 1600.0 0.1
-2138.00314456 46.6592358575 1.0120501073 5000.0 0.1
-6965.86097731 37.6004634759 0.861173560542 2400.0 0.35641025641
-7371.32660708 58.6223837105 0.893965084535 1600.0 0.202564102564
-1032.8474933 -33.713228053 0.813299469402 1400.0 0.151282051282
7419.01010008 -28.3494112783 0.902683501046 5000.0 0.510256410256
493.813948408 14.0862549528 0.35172319839 1800.0 0.458974358974
-8937.55091346 -47.3687623028 0.989587262793 1000.0 0.1
5755.39992046 2.20105930955 0.778091785446 1800.0 0.35641025641
922.515916742 -26.9358294726 0.750668931963 5000.0 0.407692307692
4630.72574094 -4.07080644843 0.709573006183 2000.0 0.305128205128
6209.70213227 -78.5619917432 0.997903644313 5000.0 0.1
-4312.12025628 -10.2825587585 0.652830945557 1200.0 0.202564102564
-240.292519255 -12.0976976878 0.476275648447 1800.0 0.35641025641
-4452.73667352 -43.7410015766 0.959132853199 4800.0 0.253846153846
-1959.3763661 -37.1803259883 0.829372054755 4400.0 0.35641025641
-2383.63886829 67.6017284552 0.990646385863 1400.0 0.1
-9023.0548644 -23.357237303 1.03705659755 5000.0 0.1
2242.21763662 -60.2773677991 0.984129121412 5000.0 0.151282051282
-2512.16923241 28.1876974045 0.634485570739 1800.0 0.305128205128
-2642.23891751 -54.0697172519 0.897528153702 1200.0 0.1
-7690.50104964 -61.2341651394 0.973612148708 600.0 0.1
5071.68028516 -57.7668717259 0.997872851751 4800.0 0.1
-7256.83832647 12.9694369148 0.956715726281 600.0 0.1
5418.94137566 -73.8986164958 0.936541325946 5000.0 0.305128205128
2222.96521041 -41.7239487647 0.840423652818 2200.0 0.407692307692
5067.39730178 55.3456035838 0.927831410126 1600.0 0.151282051282
5538.98215999 1.56821293647 0.90632653862 4600.0 0.458974358974
3440.02865278 -47.5054198909 0.904696316042 4400.0 0.253846153846
-6902.38016119 53.2715080249 1.08202464611 3200.0 0.1
-648.000746694 70.116520082 0.927416392975 1600.0 0.151282051282
4665.85617257 -77.3348209424 0.981852711682 1800.0 0.1
1729.7067846 -12.6320290517 0.511110482372 2200.0 0.458974358974
-680.877991029 41.7790331404 0.699739958384 1800.0 0.35641025641
1685.59629574 -36.0587722593 0.607500457639 2400.0 0.510256410256
5297.20687386 6.19717664563 0.925921134863 2600.0 0.253846153846
-3087.16021646 4.83465339077 0.513240402907 1600.0 0.35641025641
1916.80677555 -46.7539926903 0.907355465693 4800.0 0.253846153846
-1262.1312035 58.7509854798 0.961680312812 1600.0 0.1
3012.33877348 -28.8422244749 0.824829679592 3200.0 0.35641025641
6663.68070987 -27.1407052374 0.925502376741 800.0 0.151282051282
4796.91666284 67.641250722 1.01863186646 5000.0 0.1
-2657.70082203 8.67485868121 0.5300428957 1800.0 0.35641025641
-3261.29775293 -32.7068890759 0.918173285421 1600.0 0.151282051282
-6072.93662236 37.2913860534 0.796001037325 2000.0 0.202564102564
-1197.3665758 -21.3114384162 0.6090959473 2000.0 0.35641025641
-1729.54442876 -39.1172381555 0.892115414219 4200.0 0.35641025641
5556.62989533 9.2884126502 0.932367988021 5000.0 0.407692307692
7198.9222689 -43.9541221311 0.935409459949 5000.0 0.305128205128
6951.29117043 -18.0487668426 0.911933146315 2000.0 0.305128205128
-2423.42587957 53.9375384365 1.01731951872 5000.0 0.1
2800.47170689 -41.9776143644 0.952286926297 1600.0 0.1
-2687.27175087 21.9082904873 0.664085454772 1600.0 0.305128205128
4211.97184057 58.0423833711 0.985932323727 4200.0 0.1
1037.15220863 -37.2239887813 0.78198251276 2000.0 0.305128205128
2568.3318751 0.799777417022 0.461743027617 2400.0 0.561538461538
-3353.72995811 -59.8797993901 0.910237438271 1600.0 0.151282051282
85.0572014498 1.51409535522 0.201751681299 2200.0 0.561538461538
-1800.84863331 1.39719150121 0.45220149135 2400.0 0.510256410256
3312.22438218 -10.0165255043 0.625494533287 2200.0 0.510256410256
1603.19850539 13.4514436816 0.611148981553 2000.0 0.407692307692
-7277.1842551 -46.1053115066 1.07622276677 5000.0 0.1
2493.88637786 77.9991195867 1.02032586172 5000.0 0.1
-4770.26706828 -14.3007361081 0.800471686164 1000.0 0.1
-6349.18425692 32.9124931206 0.989722881585 4600.0 0.151282051282
-1110.79348021 15.9576860315 0.393211094074 2000.0 0.458974358974
-3346.93487469 18.4758303036 0.85255779083 2200.0 0.253846153846
1815.30473923 -49.164128412 0.837204822967 4600.0 0.305128205128
-2415.3536429 70.9662034874 1.0025742539 3800.0 0.1
3683.61449848 7.25138211809 0.657822404189 2600.0 0.612820512821
3181.28576683 -63.9553689241 0.941230264338 2000.0 0.1
-6391.41340686 -25.5802783831 0.91756842756 4200.0 0.202564102564
2307.31195672 -33.9238442589 0.798822106276 5000.0 0.458974358974
682.095957089 -46.9596216527 0.825679086756 2000.0 0.253846153846
-1420.44880017 18.3466349181 0.33118785585 2000.0 0.458974358974
-8312.87761861 -12.3242180949 0.965327029916 2800.0 0.1
-431.423236949 -37.607826359 0.75824947558 2600.0 0.305128205128
2863.53514969 52.3362793857 0.830519959518 2000.0 0.305128205128
-3397.22375369 -81.0730446016 0.98368110306 5000.0 0.1
-3262.87587363 -35.4379056516 0.788191135237 1400.0 0.202564102564
3681.69206193 56.4260465608 0.896893798722 1800.0 0.151282051282
-8796.49321026 -73.1304382712 1.08913316989 3200.0 0.1
-2954.01355425 27.905342516 0.873140863908 1800.0 0.202564102564
9027.6934852 66.0615722097 0.990833593225 5000.0 0.202564102564
3021.60035832 -46.0894458614 0.842785566594 4400.0 0.305128205128
6784.18861131 -62.9657007376 1.01635802629 4600.0 0.1
2049.24613651 -74.2259597322 0.981193917406 2000.0 0.1
-6289.2012784 -27.807516923 0.831085023603 600.0 0.1
3768.18873025 59.3040731028 0.990916675454 1400.0 0.1
5475.4420834 55.7196362144 0.983476590645 3600.0 0.151282051282
-3319.36027981 54.1274589743 1.01347257001 3600.0 0.1
-5765.98796907 0.767750673555 0.798784334743 600.0 0.151282051282
2531.80319099 75.3427160503 0.974215952112 1800.0 0.1
-3814.89044304 -27.6424154838 0.910365510997 1400.0 0.1
6718.52341527 22.1511621918 0.994014516259 4000.0 0.1
495.27217142 11.7433051524 0.253437610231 2000.0 0.458974358974
-7757.43631813 17.4928706867 0.997882549605 600.0 0.1
-4496.26807434 58.6445141557 1.00636465119 3600.0 0.1
-5046.70307818 74.2719420767 1.03945502892 3200.0 0.1
-4356.30707038 24.8182410971 0.827508995303 3800.0 0.407692307692
5088.34262368 -27.2341067956 0.911985657353 5000.0 0.305128205128
-6442.48121725 -45.5139359446 0.993479920796 5000.0 0.1
7234.45028144 -1.31361606128 0.939886910188 5000.0 0.35641025641
-1563.46783234 76.3646963503 0.967453978693 1600.0 0.1
3120.44030819 69.6591473086 0.998189242368 5000.0 0.1
4852.99713533 -63.6789692951 0.931936852035 2600.0 0.305128205128
727.328117058 -33.5510460628 0.726881893471 2200.0 0.35641025641
643.961308344 -6.71486199627 0.253755804418 2000.0 0.510256410256
-4454.44958482 23.2121571853 0.790348060663 2000.0 0.305128205128
-207.550539623 -69.3828991859 0.927376761969 5000.0 0.253846153846
-5311.76037273 -31.373533587 0.898028770906 600.0 0.1
4561.95494709 59.3679312904 1.02074896005 4800.0 0.1
-7188.17470085 -62.0042245765 0.988763377068 5000.0 0.1
6074.60696902 31.1283085042 0.988637739749 4200.0 0.1
-233.793315959 37.2845827644 0.835722233053 2000.0 0.305128205128
-29.3553250123 -20.4027568002 0.419680424148 2000.0 0.407692307692
-5035.42321422 -71.5434985555 0.951968663225 600.0 0.1
-4882.40532378 -13.5415456687 0.754582809706 600.0 0.151282051282
-2272.23410488 -6.22610458098 0.342091311725 1800.0 0.407692307692
-4579.22917559 56.5281408638 0.979866777044 600.0 0.1
3791.99866364 -21.5412892453 0.711935741141 2400.0 0.561538461538
6846.65564498 -74.9663849702 0.972735797954 2000.0 0.151282051282
6016.80166905 24.6684098511 0.888670407433 5000.0 0.458974358974
1579.05423809 -81.6220448258 0.980627299093 2200.0 0.1
-6281.99249005 -37.5797373142 0.95182066758 600.0 0.1
3386.5943595 77.3052752231 0.905200076372 5000.0 0.407692307692
3191.5222378 -28.595340685 0.709412835506 2600.0 0.612820512821
5885.78443879 -62.60994612 0.968109508741 5000.0 0.151282051282
4389.95784094 61.083255066 0.992296129355 2400.0 0.1
-4245.15749338 -76.4647724716 0.95520218212 2000.0 0.1
-4201.5015592 -14.5115877089 0.743326848617 1800.0 0.305128205128
3873.70839643 70.9395509667 0.919143859185 1400.0 0.151282051282
-7098.35780846 -39.1716920781 0.98572156397 600.0 0.1
3748.85767345 50.4924489542 0.9320037621 2000.0 0.151282051282
2535.98774319 33.2239397052 0.981293304302 2000.0 0.1
-2359.85481631 -17.2677793151 0.572046276512 1600.0 0.305128205128
1053.61591221 52.2289602904 0.872813280932 2000.0 0.253846153846
4601.28607068 -7.13339779298 0.771629621149 5000.0 0.612820512821
4896.84646723 -33.0713446421 0.735559511694 2600.0 0.561538461538
-6682.12931897 71.1420116842 1.15424736171 3200.0 0.1
-2649.94449971 -32.5040410525 0.824034008097 1400.0 0.202564102564
9335.47398964 78.7371986632 0.962743192313 1800.0 0.202564102564
-3417.49074201 27.721046649 0.819472198064 1600.0 0.202564102564
1762.31587682 54.3198646117 1.0079797588 800.0 0.1
4875.81252751 -37.9481896517 0.946992418507 5000.0 0.35641025641
-5549.59652125 -30.8345242051 0.938497600973 4800.0 0.202564102564
4152.63719313 30.9226554309 0.918088163346 2000.0 0.253846153846
2027.61928113 -59.0303158045 0.970084164727 4200.0 0.253846153846
5649.76718473 61.4662823128 0.983114419566 3000.0 0.151282051282
-3035.59433924 29.5696920455 0.918282538031 2000.0 0.202564102564
1669.04018451 -5.17643123368 0.394476280595 2200.0 0.510256410256
-379.952648539 66.5207505318 1.03219415247 600.0 0.1
1036.5828994 27.7880937521 0.812028953299 2000.0 0.253846153846
3128.68034578 43.8283059436 0.986047492177 1000.0 0.1
-4986.61717601 85.7872662725 1.01703802299 5000.0 0.1
-5121.47722923 72.2577785853 0.984892562173 1400.0 0.1
2699.57873993 -72.8148174542 0.939121707476 5000.0 0.202564102564
-2104.25490067 60.5794760797 1.03477865805 5000.0 0.1
-6305.83677103 81.4926323943 1.03265940529 4800.0 0.1
1637.97462401 -4.39399731938 0.424042405919 2000.0 0.458974358974
-1943.25020185 -1.42463665506 0.294774274821 1800.0 0.407692307692
-6628.161099 17.1323806303 0.852299690981 3000.0 0.253846153846
2851.16603335 -26.9584438258 0.702593033127 5000.0 0.715384615385
2862.84380365 48.8316880674 0.836250334208 5000.0 0.561538461538
-5791.55085482 22.0879360856 0.933897686577 5000.0 0.305128205128
2119.52120793 68.2386236133 0.966843223411 1600.0 0.1
4267.97108343 47.4995855056 0.999924540512 600.0 0.1
7091.94417387 -77.2771516778 0.992445260483 2800.0 0.1
-3994.04067979 26.3451714772 0.949807237627 5000.0 0.35641025641
4763.21798631 55.621685944 0.9986384421 4000.0 0.1
-4137.0114714 2.84660773155 0.63376264174 1400.0 0.253846153846
-5170.21860441 23.9788698012 0.944359447975 3600.0 0.305128205128
-3033.98596596 -58.8143586699 0.989136385755 1600.0 0.1
-7451.00230162 -56.7547576095 0.953392031625 3200.0 0.1
3492.42221081 -54.7564584328 0.984646467358 5000.0 0.202564102564
209.457344143 45.0364335085 0.967052305751 2000.0 0.151282051282
-4274.81414212 57.3231076041 0.923589470423 1000.0 0.1
-5665.07946031 74.0855431277 1.00750865201 3000.0 0.1
