1562.38784718 30.1692712996 0.887029604935 4400.0 1.89487179487
-4366.85389002 -57.3920479884 0.991691767538 5000.0 0.253846153846
7407.10192203 -28.5654945104 0.944814324972 4600.0 1.07435897436
-5166.05403492 -69.1918057531 0.999068395171 5000.0 0.151282051282
-6671.68794372 -13.7512621961 0.952454853746 4800.0 0.817948717949
-2663.96506106 -12.6205706687 0.659359457031 1800.0 1.17692307692
-2706.37337028 85.1562974835 0.99954778255 600.0 0.1
4279.66680492 30.6806482513 0.967921770776 1600.0 0.458974358974
-1060.77091328 -35.9440727634 0.829589181269 2000.0 0.869230769231
1340.74639435 -40.651170488 0.799830335961 4600.0 2.1
-186.66026416 -37.5692756652 0.711033613168 2000.0 1.27948717949
5367.93798732 -54.0430336642 0.943214032465 5000.0 1.12564102564
3059.16284673 -66.4807697247 0.948523544141 5000.0 0.715384615385
-8611.06963394 -37.7603927896 0.957074477089 3200.0 0.305128205128
5382.85022078 -20.214377406 0.851233185486 2600.0 1.68974358974
-6864.70725615 -26.3811287298 0.930029878238 600.0 0.202564102564
8458.26752832 -62.1507505162 1.00178421662 4400.0 0.1
-2044.54095151 -45.3780062314 0.887450850581 4400.0 1.38205128205
-481.997693445 16.8876450605 0.590698656892 2000.0 1.63846153846
2496.5971243 27.6872346348 0.887072014466 2200.0 0.920512820513
3198.36415551 -31.4255129354 0.729465239558 5000.0 1.99743589744
-6155.9475064 72.1707089013 0.993447700783 1800.0 0.1
2531.01967446 -46.6866478653 0.912429116381 4000.0 1.27948717949
7671.39571143 -13.8773572892 0.92186620559 1600.0 0.920512820513
4721.61907158 -10.4870884292 0.769771694206 1800.0 1.43333333333
6104.51392417 -50.9050928128 0.946728880978 1200.0 0.35641025641
2552.72445683 5.85216458753 0.518486083469 1800.0 1.58717948718
5773.62164834 -12.6417284725 0.892696013414 5000.0 1.58717948718
2815.8986239 59.6965956633 0.910683752825 5000.0 1.33076923077
4141.78445714 31.8796171299 0.959384538191 2400.0 0.561538461538
-778.80444802 -4.14678829015 0.271347710541 1800.0 1.63846153846
-4000.01524409 69.015546176 0.876188119618 800.0 0.510256410256
-1425.84282365 15.2553368752 0.347508840175 2000.0 1.74102564103
-2112.13531184 -51.5877479498 0.991025766871 5000.0 0.612820512821
-6967.94260824 18.0309131466 0.973470413409 1000.0 0.151282051282
5019.49083196 13.8619669388 0.750005193132 2800.0 2.1
-61.0733508249 -53.7385651375 0.855070095429 2000.0 0.664102564103
2718.04350261 30.0483074305 0.942818726211 2200.0 0.715384615385
-7077.97539925 -50.434708022 0.999735038041 3200.0 0.1
-6464.47799137 45.676059757 0.879593608274 2600.0 1.12564102564
7140.03413006 59.3615786683 0.997600787682 5000.0 0.407692307692
4346.85795674 20.5517193246 0.855866688886 2400.0 1.63846153846
3552.74115407 -60.928606202 0.915109254087 2000.0 0.510256410256
455.510654243 10.2897729274 0.407954005305 2000.0 1.84358974359
4106.50572895 -26.6029081125 0.67869110195 2200.0 1.68974358974
7869.81026527 51.6894214619 0.889761613619 2000.0 0.920512820513
700.711919465 51.8483720499 0.8058648106 2000.0 0.971794871795
-3735.19756898 34.8674376459 0.845737494776 1200.0 0.510256410256
1647.6557904 -69.3279740854 0.998345728339 600.0 0.1
-5283.68051866 -38.690879706 0.869973613893 1000.0 0.35641025641
2811.04048892 32.5831812919 0.936548556136 1800.0 0.766666666667
-7233.45113176 -60.3400631465 1.00457718976 3200.0 0.1
-3620.27614212 -76.3458328195 0.914985365355 1200.0 0.510256410256
6086.10326633 45.5355991609 0.992106484605 2000.0 0.305128205128
254.277355219 56.8951075347 0.921233462607 2000.0 0.612820512821
2722.61285001 17.2434090659 0.772389465167 2400.0 1.63846153846
-5525.30987549 -16.9474771528 0.87267693116 1000.0 0.458974358974
-2857.02489947 31.1942764936 0.883504805198 1600.0 0.612820512821
-4303.91388114 66.5752667127 1.00808677538 5000.0 0.1
7498.10861509 -52.1546192718 0.946023890427 600.0 0.253846153846
2311.88489866 8.79926634325 0.452497831879 2200.0 2.1
3530.37322291 -52.1294485733 0.916264578645 5000.0 0.971794871795
-4079.73464039 -38.6445487162 0.886289172814 1200.0 0.35641025641
1798.63411164 41.0991882248 0.991694639058 1000.0 0.151282051282
4495.4131986 5.11055226688 0.856385661642 2000.0 1.07435897436
5586.6748487 46.6252159459 0.882618406734 4800.0 2.1
4788.72936734 64.4989210063 0.989277669282 1600.0 0.35641025641
-7731.55313358 -44.6948883368 0.969209983069 2800.0 0.458974358974
227.419358166 -40.1035407713 0.773318990816 2000.0 1.43333333333
-2251.52130837 11.7342172163 0.348322100627 2000.0 1.79230769231
-1060.38166856 36.0201149005 0.704357279864 2000.0 1.63846153846
5881.83873895 51.7132061308 0.965074974337 4800.0 1.02307692308
-3256.34160555 -66.6661005611 0.907966556574 1400.0 0.458974358974
4869.4231551 68.5477491326 0.98045776502 2400.0 0.407692307692
8969.17018707 16.8483171478 0.986834681228 5000.0 0.253846153846
6559.3323757 -47.997975702 0.928240788335 5000.0 1.27948717949
686.191704689 -6.76242602889 0.198155871305 2000.0 1.89487179487
7062.23392767 74.3224267316 0.94349318212 1600.0 0.510256410256
3444.97696443 -29.5869267366 0.770481729306 4200.0 2.1
1224.76334799 8.41145517195 0.495832138185 2400.0 2.1
1382.56245791 -54.6438687071 0.859881556257 2200.0 0.817948717949
-8567.40639036 -32.4566543941 0.920248701561 2200.0 0.458974358974
4596.33380309 30.3313689182 0.946235272374 2200.0 0.561538461538
-2174.13073983 -62.8670467595 0.992397889653 5000.0 0.407692307692
3833.3615361 9.66994574626 0.823531498949 2000.0 1.27948717949
2469.76178895 -35.7405681277 0.7698037568 2200.0 1.22820512821
-846.050994087 -63.3282112675 0.93688491149 1400.0 0.458974358974
-2991.93626059 -69.2855131237 0.995654631246 5000.0 0.305128205128
-8046.20507739 -35.8250006983 0.922805203906 1600.0 0.664102564103
-5773.3016453 -7.57208454476 0.889667623147 4400.0 1.38205128205
1348.90269431 4.36314615311 0.26508313884 2200.0 2.1
-8774.07402697 -42.5272303751 0.879431773698 1800.0 0.35641025641
6026.35385431 11.2259801247 0.951667247893 5000.0 1.02307692308
6524.85987752 19.5495570077 0.956531755292 2000.0 0.407692307692
495.314373042 14.096983424 0.37922238058 2000.0 1.68974358974
2886.37545034 39.1895038728 0.899235121913 2200.0 1.02307692308
6555.86251723 42.8195330976 0.998392794094 4600.0 0.202564102564
-5239.54072977 47.1461331898 0.964976985384 600.0 0.202564102564
-103.873042863 17.2728323811 0.396529900944 1800.0 1.74102564103
3446.38839775 -29.7051636706 0.75696299935 2200.0 1.5358974359
5118.48447941 -66.2795912539 0.985381203307 1200.0 0.202564102564
-4565.36337279 -43.0247367927 0.965051064126 600.0 0.151282051282
-7580.34001639 -17.2757121408 0.944282204187 3200.0 0.612820512821
-6785.64969206 -30.9681390119 0.974188291952 600.0 0.1
6237.01081253 -10.3841861834 0.939009290206 2200.0 0.817948717949
-2578.16092814 49.5795989123 0.784565835581 1800.0 0.920512820513
-886.449595419 -57.1534646546 0.895340374128 4600.0 1.02307692308
2025.74752111 -65.0499595382 0.968647353413 5000.0 0.715384615385
1936.43166073 76.5651317821 0.98982386289 800.0 0.151282051282
83.4299955333 24.6933993767 0.501699747516 2000.0 1.63846153846
-1421.3003722 -62.6047398646 0.881604454319 4200.0 0.971794871795
-6060.02181237 59.7273198363 0.921515383205 2400.0 0.715384615385
2100.51248936 54.0206933109 0.977913834099 2200.0 0.305128205128
5294.0187296 3.35343856783 0.839111126609 5000.0 2.1
-3.73220526334 -33.4337829597 0.822541036398 2800.0 1.02307692308
723.079763902 3.06580217874 0.181138324296 2000.0 2.04871794872
2466.35555516 -9.65553385687 0.573048642237 2400.0 2.1
-283.923839383 -25.6103410178 0.64721120882 1800.0 1.07435897436
2419.75047813 6.911284069 0.4653915994 2200.0 1.99743589744
-554.792474182 9.75259904049 0.332606354507 2000.0 1.94615384615
3114.11264934 -6.80776399963 0.624840644678 2800.0 2.1
3715.86993074 77.8375473439 1.00275584656 600.0 0.1
2817.13469924 -73.4998714934 0.998779016384 600.0 0.1
5220.04654611 49.0590782641 0.950983642152 2200.0 0.715384615385
-382.403361093 -66.0209105675 1.00630347778 5000.0 0.1
-5037.04109356 -4.55788768412 0.84474169108 5000.0 1.79230769231
-6313.20737897 -0.768825567751 0.909081324328 2800.0 0.715384615385
3128.67605468 42.9564393402 0.992374567205 1400.0 0.202564102564
-1975.39616493 -80.3305111734 1.00050752146 4400.0 0.1
-1917.79439768 -11.2944562833 0.303999863287 2000.0 1.74102564103
-7236.4385029 -8.99119672992 0.884773942569 3200.0 0.766666666667
3025.45024276 56.0137781413 0.990006338385 2400.0 0.253846153846
-4074.95793549 -0.913927602922 0.736529880147 600.0 0.766666666667
3949.26533643 27.3118931444 0.939667117646 2000.0 0.664102564103
7162.48531895 -17.6133434683 0.9422789312 1000.0 0.458974358974
1711.6655753 68.3990490586 1.00009216468 600.0 0.1
4957.19184691 43.1951599845 0.895196031637 2200.0 1.17692307692
-6178.98335906 25.8001361869 0.981600884776 1400.0 0.305128205128
-5940.42841904 -32.8850892555 0.817953016355 1800.0 0.817948717949
-6148.50924884 75.2263500907 0.977314746197 800.0 0.1
-5800.43768172 55.8300565293 0.975553967119 800.0 0.1
3023.60158506 -2.92273515704 0.586887696173 2600.0 2.1
-2179.65164237 28.1912641509 0.467590593648 2000.0 1.63846153846
5414.57065111 -73.5057817392 0.959036774033 5000.0 0.920512820513
213.677671911 16.3335809453 0.367612633809 2000.0 1.94615384615
1886.08614556 -45.088340849 0.884210129082 3800.0 0.920512820513
7522.33410742 83.7603954777 0.998513314039 600.0 0.1
-1639.33911739 -39.8778980438 0.754178073812 1800.0 0.817948717949
-6734.01339389 -19.4712788471 0.916960007542 3400.0 1.07435897436
-4270.66540046 38.2553084726 0.939744264208 600.0 0.305128205128
2419.73419227 60.2774393001 0.991789306088 800.0 0.151282051282
-3612.87291729 41.9983495521 0.980392089428 1000.0 0.253846153846
5628.68356393 -58.8604093394 1.00065847318 5000.0 0.1
-4797.73305976 26.1727150795 0.887793663348 1200.0 0.458974358974
-6963.1989006 38.4608469571 0.983943857413 800.0 0.1
4498.11182829 -81.4220425343 0.955077443389 1400.0 0.407692307692
-3496.23164395 9.62951084947 0.709456477456 2200.0 1.48461538462
-1586.58069918 -84.7427425919 0.990944435225 2400.0 0.202564102564
-4294.86442846 -38.9252576704 0.833112631316 1600.0 0.612820512821
-684.472829163 -58.1951001217 0.982088621211 5000.0 0.510256410256
5497.92487802 88.2525821648 1.00123188292 4600.0 0.1
4136.66553098 28.9126964034 0.873192712737 2200.0 1.33076923077
-5158.98652575 10.395458076 0.883042249018 4400.0 1.63846153846
-848.260174141 41.7856353051 0.924597509627 1600.0 0.407692307692
7421.39487331 -4.26541118288 0.904914151123 1400.0 0.869230769231
-4770.50155357 51.0916088733 0.991182706841 600.0 0.1
-4692.74567035 -7.94647967011 0.81888876735 1800.0 0.817948717949
4001.73530453 -33.7650916839 0.825699039343 5000.0 2.1
-4641.85480313 23.1875027433 0.833777534418 1400.0 0.561538461538
-5222.76001686 -57.4137902867 0.957407934057 1400.0 0.253846153846
-5994.15776919 -46.0778509101 0.937428674187 3800.0 0.561538461538
6705.16888014 78.3351009267 0.950479136002 1400.0 0.305128205128
-6168.80063566 -16.8593178881 0.893044786161 2600.0 0.664102564103
-2677.44543199 42.0491892949 0.988032042961 3400.0 0.35641025641
3493.84230596 67.3961147121 0.989812236116 1000.0 0.151282051282
-6127.77892875 -65.9918229104 0.99177510787 1800.0 0.1
5502.72994659 23.4062223092 0.974695856016 4400.0 0.920512820513
-6908.61106734 -44.1097519867 0.885032833912 2600.0 1.02307692308
4633.07126358 76.9807923085 0.938003175911 5000.0 1.43333333333
-116.359145913 85.3711859941 1.00241297214 600.0 0.1
3721.10849134 -36.0751337155 0.864698880861 2600.0 0.920512820513
6978.76723827 41.7134586748 0.944795200396 4600.0 1.43333333333
450.819760292 3.21190504982 0.230614863212 2000.0 1.99743589744
6570.60918342 -49.2949704876 0.990291848333 1000.0 0.253846153846
-6114.4826331 -1.25435933132 0.867510451205 3600.0 1.17692307692
-4019.41618356 -30.0783685211 0.81562534579 1000.0 0.458974358974
-5926.08575232 -0.834600051464 0.851218855293 600.0 0.458974358974
-3497.87931246 -51.8224921079 0.901443194523 800.0 0.407692307692
4076.04149691 -56.2989406994 0.942723652641 2000.0 0.664102564103
4572.77722874 22.498069679 0.964776044974 5000.0 0.817948717949
146.834446805 -56.0337026172 0.803654548711 2000.0 1.07435897436
1385.30277903 42.0295857083 0.730836061136 5000.0 2.1
2928.73192367 34.9607445894 0.906567716422 1800.0 0.869230769231
1920.87192125 58.534492114 0.874284670044 1800.0 0.817948717949
8014.30405177 -59.4410919645 0.986966836671 1000.0 0.305128205128
3863.16385001 -36.9678494772 0.844396098416 5000.0 1.99743589744
9195.74599544 -57.0315511311 0.999870873251 5000.0 0.1
7340.49265924 -11.7191664673 0.931172067762 1400.0 0.715384615385
5965.84693346 -12.2935531637 0.860410282935 2000.0 1.33076923077
-4393.74265638 25.8199102773 0.765616199586 1400.0 0.817948717949
5431.27169997 -59.4210830131 0.978080028014 5000.0 0.510256410256
5759.80576133 -9.21658499235 0.817933602882 2200.0 1.48461538462
-5828.07207653 4.21625425685 0.788911672026 600.0 0.561538461538
6069.09736698 29.4782628002 0.906514801105 1600.0 0.664102564103
4762.29012602 -28.9576978363 0.86124266541 2200.0 1.12564102564
-1866.85577818 65.7391917114 0.848837741875 1600.0 0.664102564103
2738.96771081 -36.3490241903 0.748712053526 5000.0 1.89487179487
-5521.30528853 -55.3159987905 0.977278343653 5000.0 0.458974358974
1221.39258548 35.2717193374 0.888781282952 2600.0 1.68974358974
4455.88664259 30.2323587863 0.907542662891 2000.0 1.12564102564
1582.19181115 -25.7159474056 0.608161112625 2200.0 2.04871794872
4317.92153255 -20.7057798753 0.874962132764 4400.0 1.43333333333
-4885.65872366 21.1238878541 0.791516405912 1400.0 0.817948717949
-5230.94737971 -35.4336971123 0.928796816189 4600.0 1.17692307692
-3746.87663103 -71.3002529171 0.941764209803 600.0 0.305128205128
3532.52985594 -9.27372839419 0.742130291253 2200.0 1.58717948718
-7155.06124669 51.3397548881 0.985888463313 800.0 0.1
4288.1177258 -23.3244238727 0.74715824273 5000.0 2.1
3362.46139337 -12.2327873328 0.628043295035 2200.0 1.68974358974
-4504.61261983 9.34337070866 0.755793554282 1600.0 0.869230769231
-3336.57257008 -25.2235701822 0.74564151435 4600.0 2.1
2889.20188043 -47.5527150428 0.946105834963 5000.0 1.43333333333
-330.845916568 57.635904191 1.00743940162 5000.0 0.1
-2098.41090035 -36.1921081487 0.896366908958 2400.0 0.920512820513
-3997.40987293 -68.9290439324 0.999130281794 3200.0 0.1
4061.44271925 55.8193682522 0.994250342066 1000.0 0.1
-3869.44308888 -2.96473364254 0.678479712561 1600.0 1.17692307692
-3364.57913204 -21.0114005121 0.78222882477 4600.0 1.94615384615
3232.6716134 -64.5498756076 0.996105305863 3000.0 0.35641025641
6409.54390401 -53.6699303525 0.985689125728 5000.0 0.612820512821
-3655.8891761 -47.5393922267 0.932324651775 600.0 0.35641025641
3500.84640009 62.5492202467 0.889628444391 2000.0 1.07435897436
6160.79661409 64.4273037752 0.968450795898 2400.0 0.664102564103
2624.58272396 -54.9697457358 0.877320028637 2000.0 0.612820512821
4401.83180346 -10.6089633778 0.734318732067 5000.0 2.1
-3000.9825352 -55.9234637667 0.923697434017 1000.0 0.305128205128
-691.621911541 -59.0246712581 0.874676570372 1800.0 0.664102564103
-6481.31645891 19.1984984201 0.946261960142 4600.0 1.22820512821
-2276.61182957 -11.264232738 0.6428879046 1600.0 1.02307692308
2742.71611661 -55.7290899052 0.884422673797 2400.0 1.07435897436
6983.75879154 -16.8959185119 0.958954283813 1800.0 0.715384615385
-3526.13690478 64.9580570267 0.97582268861 1400.0 0.202564102564
-2663.39863214 38.8531189651 0.977350962263 1600.0 0.202564102564
512.47269201 -23.9768993656 0.671478024573 2000.0 1.22820512821
2678.73960928 46.1160335819 0.629884091604 2200.0 1.89487179487
-6505.35360275 -25.440768064 0.906701389747 1600.0 0.407692307692
2251.21014153 -58.2713636627 0.945819903125 5000.0 1.12564102564
-2655.58680362 61.0559020695 0.990276789501 5000.0 0.305128205128
-7182.64287944 -49.3162864722 0.994858951822 3600.0 0.151282051282
5956.18502806 25.7470499995 0.827140703551 2000.0 1.38205128205
-3598.93066131 -53.0149102922 0.979283570403 5000.0 0.407692307692
2839.65931804 27.5849806286 0.958931899284 2400.0 0.612820512821
4884.87530345 -18.0335990992 0.770741585913 1800.0 1.12564102564
-4385.14874012 -7.6519549072 0.787579986636 2400.0 1.17692307692
-4167.52368501 -61.6872162605 0.912893175272 1200.0 0.305128205128
-1093.69457664 55.8589105754 0.987404676855 1400.0 0.151282051282
4311.75486225 5.63703202287 0.722141839123 2600.0 2.1
-3830.72917454 -52.0866531247 0.905827610414 600.0 0.35641025641
-7077.46273177 19.2069283365 0.957747572659 1800.0 0.253846153846
-831.229038817 25.7437017569 0.897725171691 2000.0 0.766666666667
6629.50907824 -69.378042137 0.956549677371 1400.0 0.407692307692
-3123.74458191 -26.5977088265 0.871110475757 4600.0 1.63846153846
5601.71922599 -65.7868052938 0.971152459561 1600.0 0.458974358974
4282.7453732 17.5942718358 0.765231844882 2400.0 1.94615384615
5819.22738337 45.5044204318 0.973597740819 5000.0 0.920512820513
5845.48910984 58.8418454578 0.935653384887 5000.0 1.43333333333
-5148.64693273 61.8861389207 0.946824992349 1800.0 0.561538461538
2968.06863312 -18.5956998144 0.524759032835 2000.0 1.84358974359
1723.86673411 16.2960116686 0.593280008068 2400.0 2.1
-6821.6595115 -43.1793089045 0.828415414992 1800.0 0.715384615385
5925.1580402 -32.179410336 0.921920128822 5000.0 1.43333333333
-3516.97166432 46.8106839632 0.793711567994 1200.0 0.715384615385
-644.015504205 -26.0524005994 0.752325555182 2000.0 0.920512820513
3950.66143081 -27.0961684546 0.777249327122 5000.0 2.1
3515.82827002 37.3453781237 0.860331791713 2200.0 1.07435897436
717.979606727 -69.4097810152 1.00114869268 5000.0 0.1
4369.90150864 -63.0311458629 0.872519004788 1600.0 0.869230769231
-5204.61097802 44.9812696459 0.972487032745 1200.0 0.305128205128
-6230.48539067 -2.47199421776 0.867977968183 600.0 0.458974358974
1218.92303623 17.7328676507 0.731836615696 2000.0 1.43333333333
-1498.91172822 -62.0807928022 0.783835501291 1600.0 1.07435897436
-5664.73359835 -54.2911038098 0.998575487545 1600.0 0.1
5976.82964044 -2.88661543188 0.864571186157 2200.0 1.38205128205
-4285.56960817 -74.3950132745 0.940988179701 1400.0 0.458974358974
-4274.38642273 -63.9393451333 0.999985693831 5000.0 0.1
5162.78296046 64.5367440517 0.975996563071 1200.0 0.407692307692
7343.76723709 -51.2756438921 0.984453131521 5000.0 1.17692307692
1495.35483321 35.127004664 0.985304948563 3200.0 0.561538461538
-557.861294458 37.323508908 0.753848107202 2000.0 1.12564102564
4553.42349933 -7.93237705689 0.823842280835 3600.0 2.1
-5661.9197828 82.6652541854 0.995284085757 4800.0 0.1
-885.626887003 -75.7957962616 0.917283209608 1400.0 0.407692307692
-6014.08095476 -43.6227039853 0.923494754456 1000.0 0.305128205128
-6984.05327982 -71.0323242387 0.944379880178 2600.0 0.817948717949
4815.0323857 -39.0921702579 0.845642122626 1600.0 0.971794871795
-2057.59874408 -47.2771871383 0.907029916878 1600.0 0.458974358974
-1466.04464096 62.6193444615 1.00207094451 5000.0 0.1
-2676.36923786 76.3337317132 1.00210620145 5000.0 0.1
-6474.4850869 -26.6685088959 0.904833623722 600.0 0.305128205128
-3543.2272591 -30.0878639622 0.849309494289 1200.0 0.458974358974
7129.05225361 -77.3363669135 0.955557565295 2400.0 0.869230769231
-8388.82278961 -16.0314771987 0.954826278589 2400.0 0.305128205128
1395.63346985 18.9334537166 0.527671107428 2400.0 2.1
2650.20022805 -66.4880866391 0.964223537979 1600.0 0.458974358974
-4025.90936811 -11.4528698112 0.706990936664 1600.0 0.869230769231
-1726.14391929 -50.5825657181 0.882064072624 1600.0 0.561538461538
-8385.77148305 -32.4288042248 0.992041188461 1800.0 0.305128205128
-3723.36880157 -48.4329358464 0.980338236772 4600.0 0.510256410256
-3281.43192434 -59.5580850208 0.932616171998 800.0 0.253846153846
-7444.49296472 -79.9401004085 1.00169354227 5000.0 0.1
-1306.99036229 -34.4577339785 0.829142640849 1800.0 0.664102564103
3305.54899788 58.2657059731 0.995102050729 600.0 0.1
-6587.10165693 -56.8641239775 0.892279786516 2600.0 1.48461538462
1199.77891125 -36.3527942961 0.72569483219 2000.0 1.07435897436
-24.2741089183 70.3873298709 0.973988638081 5000.0 0.715384615385
-3511.96016002 41.2048024242 0.677441493167 600.0 1.27948717949
3621.04854362 49.0044337653 0.95661959063 3800.0 0.664102564103
3781.80212672 -46.7799879425 0.913661465993 2000.0 0.715384615385
6789.6589765 -4.65523743346 0.960437256389 2200.0 0.715384615385
4646.47718605 17.397181253 0.723949679728 2600.0 1.94615384615
2676.67183786 42.5083451787 0.803551748045 2000.0 1.38205128205
1633.49772903 44.4147531715 0.851761593904 2200.0 0.971794871795
2447.0281645 -89.1872855768 1.00035938599 2400.0 0.1
-2076.26267059 -28.6125226596 0.635929957872 1800.0 1.07435897436
-782.062212582 -64.3518550372 0.941927327886 1400.0 0.407692307692
-2137.21838902 -57.6850016971 0.926764181181 1800.0 0.407692307692
6978.69927771 30.2301201542 0.836279386939 2400.0 1.84358974359
-5315.274504 38.0282005877 0.999659046235 2400.0 0.1
-452.338253978 55.8914960111 0.851355715599 2000.0 0.766666666667
-2676.46927134 43.335159545 0.876041076359 1400.0 0.664102564103
6131.18692512 59.9003018048 0.950384379851 5000.0 1.74102564103
-4384.65949921 13.9087019493 0.729945684459 600.0 0.817948717949
-5594.33560931 -12.5089870883 0.85797936552 600.0 0.407692307692
-5641.03211013 -10.9737592012 0.874281552024 600.0 0.35641025641
-4417.17155056 24.7516043068 0.767840054988 1400.0 0.817948717949
769.160081187 -23.7650035792 0.537132956454 2000.0 1.58717948718
-7044.10412454 -53.3471785701 1.00218030391 4800.0 0.1
4963.23961361 -55.1822942924 0.97083624225 2000.0 0.612820512821
3186.49050373 28.8827756143 0.950610328874 2200.0 0.612820512821
4179.92292554 -61.2751675074 0.924463189077 5000.0 1.74102564103
5543.83910757 52.2648270795 0.895296173696 2200.0 1.02307692308
-2663.11382932 -70.7680626732 0.926048163873 1400.0 0.305128205128
7688.62300101 27.1344714011 0.928878920838 1600.0 0.458974358974
7603.2305704 -40.7975147316 0.873494984765 1400.0 0.817948717949
-5241.13407198 -59.4225330268 0.99592107515 5000.0 0.1
-7614.01899947 -18.5417434862 0.981462081372 4200.0 0.35641025641
-6249.59992767 -68.184837575 0.994119493261 5000.0 0.253846153846
2792.91192519 -69.682543314 0.959928424715 4800.0 0.612820512821
-1382.20614346 34.7678959142 0.711937334811 1800.0 1.07435897436
-5226.42017024 -46.9098299718 0.976450138228 1200.0 0.151282051282
-6488.9432114 -21.0214757261 0.899986429043 600.0 0.305128205128
-1932.60386673 -4.39201304094 0.442876159424 1800.0 1.43333333333
-5030.17678478 50.895150044 0.973825293769 1600.0 0.151282051282
-6649.53541196 35.8491954873 0.997406499326 4800.0 0.202564102564
-143.233765245 3.20675781013 0.151876720391 2000.0 2.04871794872
5207.71301081 47.8302870156 0.991565496732 5000.0 0.35641025641
3377.64233393 -74.1185748699 0.989944935696 2200.0 0.407692307692
116.355833493 -31.8436005292 0.689388061715 2000.0 1.38205128205
-4780.69806012 -1.53604524163 0.679868238995 600.0 0.766666666667
-559.338126332 -21.1430596512 0.665516887644 1800.0 1.07435897436
-6671.56298854 -24.1575021184 0.939928534737 800.0 0.253846153846
-4420.31329726 -9.98780628125 0.805792922644 2000.0 0.971794871795
3534.5767334 45.0292874156 0.946744848048 5000.0 1.17692307692
5264.28182917 -59.2101122314 0.942263754285 1200.0 0.305128205128
-2968.72315597 -11.0207486411 0.501192903217 1600.0 1.27948717949
1971.87266548 -51.5055742236 0.830309429782 5000.0 2.1
-5787.44324203 -29.0329937785 0.860091110331 600.0 0.407692307692
-2151.64137766 -16.904023 0.514930350049 1600.0 1.22820512821
-6668.84539786 -21.7205157443 0.925484161759 4800.0 1.33076923077
-489.586332463 44.9292073572 0.919802012382 1600.0 0.407692307692
-6283.32482403 49.6213439285 1.00228315637 3800.0 0.1
-1644.0317261 49.089454201 0.696415737817 1600.0 1.12564102564
3935.18883301 44.8694894505 0.971378759058 2800.0 0.664102564103
-2387.21743424 -42.4469536029 0.850625407123 1200.0 0.510256410256
2030.29311548 -4.26436392664 0.397507831753 2000.0 1.94615384615
4108.29505388 62.8022415885 0.9741406118 5000.0 1.02307692308
-4782.9057509 31.3055711119 0.972184457998 1800.0 0.35641025641
991.792036305 -79.5427541083 1.00821479426 5000.0 0.1
3598.07712701 47.1185306841 1.00169779652 5000.0 0.1
3352.40235028 41.1324497785 0.983343956448 2400.0 0.35641025641
2419.57179593 25.4301905259 0.710407323258 2600.0 1.94615384615
3995.913235 41.7515006871 0.977170302207 1400.0 0.35641025641
5312.69416653 69.865081579 1.00166136609 800.0 0.1
-749.96791658 -24.9367911011 0.625796283213 1800.0 1.22820512821
-571.007314512 -51.5838377244 0.807536152633 2000.0 0.920512820513
-6987.95389389 17.1375758912 0.940415192696 4000.0 1.17692307692
-1554.95098879 47.5292154213 0.98976695228 2000.0 0.151282051282
-1491.07350527 -11.8882554728 0.353578471632 1800.0 1.58717948718
-6778.8351844 19.0149163649 0.921740846026 4400.0 1.43333333333
-99.1830011101 -57.9283898614 0.98319600851 1800.0 0.407692307692
1645.06397114 -29.0973977141 0.736159788442 5000.0 2.1
1324.793785 -63.2471405679 0.916189335923 2200.0 1.07435897436
693.952222113 -43.849366879 0.789734525409 2000.0 0.920512820513
-325.238957912 47.6882722786 0.987968824745 600.0 0.202564102564
4748.49394027 -28.7222097574 0.914177101369 5000.0 2.1
3194.19484813 73.7831347221 0.79983056633 2000.0 1.74102564103
-2540.84470206 0.814299537658 0.506810006127 2400.0 1.99743589744
5399.25278748 -45.8191058519 0.941429697551 2400.0 0.664102564103
5943.41079763 63.3393044877 0.989311287895 600.0 0.151282051282
2427.82908767 37.8856542901 0.890954706756 2200.0 0.920512820513
7145.58257137 53.9056724859 0.994488893423 1000.0 0.1
5376.61237403 75.8136817107 0.998626416186 4200.0 0.1
-3040.96305977 22.0210309235 0.705759379929 2000.0 1.07435897436
6297.90405307 17.0810048147 0.794114864 1400.0 1.33076923077
-3338.04134623 -56.0684672154 0.947284996492 800.0 0.253846153846
-4239.92061016 -65.7034690687 0.97846949923 4600.0 0.561538461538
5542.64632837 76.8310427621 0.985013265339 4200.0 0.561538461538
-919.7118955 56.2498597872 1.00538903865 5000.0 0.1
5522.80577925 -38.9308048422 0.967217450526 1000.0 0.407692307692
6784.00973782 -75.1773715098 0.947395944794 1000.0 0.253846153846
2674.51961407 -58.2420362176 0.798628884022 2200.0 1.68974358974
-3307.62842121 5.77747768447 0.493652991251 1400.0 1.12564102564
-7479.74540127 18.8125784599 0.962645460238 1800.0 0.253846153846
2614.76746787 -62.2316862725 0.974993302207 2800.0 0.407692307692
3154.21605328 -61.5003286716 0.943480987728 5000.0 1.02307692308
-6432.40779764 33.1246306785 0.95951940946 1200.0 0.202564102564
3421.34516899 -59.5484097234 0.945998982443 5000.0 1.07435897436
-3035.08302445 -59.5288471382 0.965583753662 600.0 0.202564102564
358.202946245 -4.06013472351 0.157930960065 2000.0 1.99743589744
320.577960116 40.8783362681 0.99033279802 600.0 0.151282051282
-7205.30542024 -17.2126331955 0.961841264538 600.0 0.151282051282
1110.61600282 -24.8051412672 0.6471733873 2200.0 1.33076923077
-2568.04744122 -79.5230505001 0.994417472995 1400.0 0.202564102564
5266.89900034 -17.137265682 0.861889978254 5000.0 1.99743589744
1861.47564646 51.0023676286 0.898442432145 2200.0 0.817948717949
3992.89912952 -38.4721731646 0.782150149354 1800.0 1.07435897436
2450.28484202 -35.2798545114 0.825117756062 4800.0 2.1
5288.36184489 -53.1986559272 0.962325106441 1600.0 0.305128205128
-6282.46269392 -72.5409103994 0.999114377691 5000.0 0.1
7041.92189438 -1.7130109016 0.911197782538 1800.0 0.920512820513
5690.18744239 -84.0879198459 0.989763864328 5000.0 0.664102564103
4945.24334983 57.8380366131 0.995694042193 5000.0 0.35641025641
560.630149118 -24.7560047583 0.704293696242 2000.0 1.07435897436
6354.02962755 40.4832799329 0.965779611505 4600.0 1.02307692308
-190.738617991 -25.0127113572 0.515981454531 2000.0 1.43333333333
6993.40528891 74.2950140672 1.00078054612 3600.0 0.1
2830.15519946 -50.9018922416 0.963304022227 2600.0 0.971794871795
-4398.74045337 -31.5923508144 0.799306197848 800.0 0.458974358974
-5846.97457239 61.6257537397 1.00776315555 5000.0 0.1
-1620.41370317 58.2796991513 0.959938340222 5000.0 0.715384615385
-6239.40044281 -60.9890059327 0.960403005138 800.0 0.202564102564
6276.49327085 -37.5198344806 0.85648532503 2400.0 1.74102564103
6219.58873277 -53.1478836396 0.917839368209 3400.0 1.84358974359
3345.97632349 -88.3594851872 0.927424803619 4800.0 0.971794871795
-2464.4720681 12.2867511299 0.586211714654 1800.0 1.43333333333
3821.2901034 55.0344425283 0.982667613041 1400.0 0.35641025641
-6283.04938748 -57.7580301567 0.994381600864 5000.0 0.305128205128
-4781.09426503 -35.3464417604 0.840833606111 600.0 0.407692307692
1532.24478399 -28.9261643942 0.686095607393 2400.0 1.58717948718
1558.95398963 -3.74886236341 0.324825422985 2000.0 1.89487179487
-6748.84531628 -72.3617583267 0.937593887729 1800.0 0.766666666667
-3034.05681258 57.3830941807 0.875259875104 600.0 0.510256410256
3828.34509063 67.4325430501 1.00154503447 5000.0 0.1
2182.09965637 -39.9902008394 0.76349437314 2400.0 1.27948717949
-839.77274062 -53.2897317349 0.833900947041 1800.0 0.817948717949
-374.138705631 47.2820928021 0.84946018288 1800.0 0.715384615385
3113.54486995 20.0872489421 0.614661029191 2400.0 2.1
-6877.26336872 -45.7119954781 0.989572735151 600.0 0.1
-7482.96701408 50.962839493 1.00180485889 5000.0 0.1
6496.50436601 3.6258329577 0.831616262111 1400.0 1.02307692308
2779.76769151 -70.5574882293 0.992111920847 600.0 0.151282051282
6606.00468423 50.7485684918 0.920270057886 1400.0 0.458974358974
-7267.22833331 21.5521248636 0.97737122004 4600.0 0.561538461538
3674.46581307 -57.3222232037 0.978195539542 5000.0 0.664102564103
-5052.87912596 11.1303726707 0.715158016894 1000.0 0.715384615385
3970.86972931 87.1519828488 1.00324390059 3400.0 0.1
7727.30696632 -34.178553051 0.944932207076 5000.0 1.48461538462
-114.334686344 -49.1310835305 0.950750292932 4800.0 1.07435897436
-1080.41557583 -26.5218919423 0.524763195682 2000.0 1.74102564103
-1561.70383249 44.3947364851 0.846830391989 3800.0 1.43333333333
-5332.43682499 48.9776996352 0.984466498036 1600.0 0.151282051282
-4371.02402784 -53.1186059661 0.91857354684 800.0 0.253846153846
3287.68076717 -41.969629661 0.784677402122 2400.0 1.84358974359
6430.18091908 56.024184415 0.894057995633 5000.0 1.99743589744
-6047.5098323 -19.2683757292 0.855785138871 600.0 0.35641025641
-8495.05780514 -67.8898486378 0.99325476938 3000.0 0.1
-5218.66996188 83.0145305648 0.991806896724 2000.0 0.253846153846
-1208.25901773 -31.1612901272 0.757185569975 2000.0 0.920512820513
6151.37290129 45.687747345 0.967723146423 1600.0 0.458974358974
-2793.7003046 -30.517308354 0.740683983748 1200.0 0.715384615385
-364.638377462 -41.4030401542 0.785269870573 2200.0 1.07435897436
4197.46907027 -50.2341064789 0.885214988242 5000.0 1.07435897436
-2486.23309735 43.7803725313 0.95268408321 2200.0 0.305128205128
793.965359735 4.67978952795 0.255196814489 2200.0 2.1
-5730.70798704 -36.360871257 0.89434121088 600.0 0.305128205128
-4558.09494181 -0.946395605422 0.837501155486 2200.0 1.02307692308
1806.21336824 -39.6701661916 0.826882910429 5000.0 1.94615384615
1090.32866689 17.0098675191 0.436904437268 2200.0 2.1
-292.326241583 -26.2012514112 0.590212243288 2000.0 1.43333333333
-830.789037578 -20.9370469653 0.425679066676 1800.0 1.48461538462
2611.81812525 60.3279976585 0.929142292126 2400.0 0.715384615385
-3613.23724531 -60.4790645803 0.946284129065 5000.0 0.715384615385
4562.12019611 54.7635698219 0.866591402937 2000.0 1.02307692308
-933.69692568 57.2634546386 1.00647513263 800.0 0.1
3200.64512115 -36.873334058 0.860076285533 4800.0 1.43333333333
-3002.82865536 39.5886673521 0.818353162771 1400.0 0.766666666667
8410.19215832 -70.4131245322 0.980627307301 5000.0 0.253846153846
-4471.13239399 41.2772082803 0.966197106492 600.0 0.305128205128
-1972.27134773 63.2027406798 0.994322131819 1000.0 0.151282051282
-3031.81033247 -41.8880007895 0.726865476634 1800.0 1.17692307692
-3609.69331508 7.2564222157 0.564477099889 1600.0 1.12564102564
1529.97552831 33.6935533361 0.967834296814 1600.0 0.35641025641
-8167.21600082 -1.61714602552 0.980485670967 1800.0 0.151282051282
6921.68844392 -45.6816255036 0.99474132528 5000.0 0.305128205128
2070.41478205 53.0718727715 0.990321280758 600.0 0.151282051282
1402.31510615 -26.7158814081 0.684906627252 2200.0 1.5358974359
-4409.15058801 57.559578825 0.998962838342 5000.0 0.1
4796.92210585 56.0001276002 0.978718749486 4400.0 0.561538461538
5717.43489044 -9.99615259269 0.866294111205 5000.0 2.1
3443.30963672 -71.6580420345 0.992351004079 4800.0 0.407692307692
-1042.96839385 -67.3619779568 0.858053171084 5000.0 1.63846153846
-7665.12028957 31.8015142268 1.00143289352 600.0 0.1
809.304287283 7.19195197352 0.303361713316 2000.0 1.94615384615
6913.84224697 63.5756717832 0.994755960154 1000.0 0.151282051282
-5450.25464785 30.7976586129 0.936053610571 2400.0 0.664102564103
4271.10306115 -44.0213343537 0.903179441044 5000.0 1.02307692308
-3609.5620759 -42.9706905938 0.916804079918 3000.0 0.664102564103
-7115.66067637 -72.3350319214 0.981325300521 2200.0 0.458974358974
-1128.14939583 16.0532419155 0.600994332454 2000.0 1.48461538462
859.058831481 -25.5042825017 0.662309084399 2000.0 1.33076923077
-5857.10938029 -29.2810486946 0.920622812696 600.0 0.253846153846
-3625.57742437 27.4435339606 0.804792563544 1400.0 0.612820512821
1537.5316303 -68.6133630465 0.952589934048 5000.0 0.971794871795
-4384.59082814 20.9847879435 0.842976905806 1800.0 0.766666666667
5118.61460825 -19.3878223958 0.852294131512 5000.0 2.04871794872
-5113.87335186 -4.30032656892 0.786031226203 1200.0 0.664102564103
-1648.86241384 -52.0622730187 0.968721011753 1000.0 0.202564102564
-788.404143234 58.3476347125 1.00530391316 4400.0 0.1
4229.50153211 47.4842077456 0.951948842867 5000.0 1.12564102564
-5053.68344713 -75.1794486918 1.00496549888 5000.0 0.1
-5545.99001181 61.1173862731 0.993253672599 2200.0 0.1
-2801.05704623 -34.5955259656 0.590730330922 1800.0 1.27948717949
-8715.00624602 55.0387460087 0.996695389478 3400.0 0.1
-6928.44235299 11.4797459111 0.956294242161 800.0 0.202564102564
6128.84229676 29.8934266491 0.978811977821 3800.0 0.817948717949
-6012.28500688 -73.5680165286 0.955777928835 1400.0 0.458974358974
-5032.96698957 -26.7812026895 0.86043904954 800.0 0.35641025641
-2382.42903428 62.1013202641 0.994430321695 5000.0 0.151282051282
3806.5921774 33.8488576007 0.93884334668 2000.0 0.766666666667
3842.94522372 -17.8568327361 0.678720926122 2600.0 1.89487179487
1749.75631711 41.5419362396 0.948939940157 1800.0 0.510256410256
5947.22548797 -59.960954952 1.00018366787 4800.0 0.1
-4479.23901298 -64.446215617 0.999756463416 4200.0 0.1
-3505.4873779 -55.4861460871 0.905744719641 1200.0 0.35641025641
4979.06840747 -33.0639961663 0.918241725654 2000.0 1.12564102564
5669.22880907 -64.8525039762 1.00034764951 5000.0 0.1
3290.8130192 -68.3772074297 0.922631838938 2200.0 0.817948717949
7562.1472884 74.1978878773 0.954053794005 1000.0 0.305128205128
7501.02684746 -13.4381692296 0.961490564255 1200.0 0.407692307692
4320.71012065 -57.4375534926 0.953695283977 4600.0 0.971794871795
1136.50569367 -53.4390750134 0.970460970111 5000.0 1.02307692308
-5903.53943267 80.4307167717 1.00463416379 5000.0 0.1
2139.27359208 34.5038119677 0.887662689501 2200.0 0.971794871795
6445.46041598 56.3421469283 0.952012118886 2200.0 0.869230769231
-6065.56980277 -57.8504752253 0.99437617631 1800.0 0.1
-290.030607618 -35.3652833482 0.766507831879 2000.0 1.22820512821
2172.53043837 46.09236606 0.978048172981 800.0 0.253846153846
5710.05226199 -38.0919878428 0.88316538 2600.0 1.68974358974
6490.89302744 46.6803573232 0.89042716851 2400.0 1.43333333333
3492.94439978 -17.5064936143 0.786296734405 2200.0 1.27948717949
5058.4602489 -12.7460628382 0.850884996579 4000.0 1.79230769231
3569.85733392 59.8778049269 0.957982955521 2200.0 0.612820512821
6485.06220328 61.9409534007 0.969265835007 5000.0 1.02307692308
-7720.61114747 36.2130332198 1.00612740167 5000.0 0.1
-566.365855926 -43.0690642169 0.786733313699 5000.0 2.1
-7753.54374594 -62.812528589 1.00081446679 5000.0 0.1
-3718.92590785 -40.3238427819 0.835073706731 5000.0 1.43333333333
-5683.64811241 -41.6463341169 0.976808331447 1400.0 0.202564102564
5923.58374621 -27.4154735991 0.899204761561 5000.0 1.94615384615
4553.99262851 7.50766756132 0.740324835167 4600.0 2.1
8347.38424567 5.8154045865 0.870443169244 2400.0 1.38205128205
-5944.6010598 -32.6867838258 0.970532468771 3800.0 0.305128205128
-2745.00995529 29.0907984479 0.786935758102 1800.0 0.971794871795
-3727.52851901 -25.5103348101 0.805296165809 2000.0 0.869230769231
-5408.04358328 38.7585660387 0.809064737817 600.0 0.458974358974
-2166.7170353 -45.47428759 0.94243288997 1400.0 0.35641025641
4880.72167526 -37.8008885324 0.830604327526 2400.0 1.5358974359
6124.3627449 -43.4887391821 0.982637970215 2000.0 0.561538461538
6537.00050088 49.8880892267 0.948204068509 5000.0 1.5358974359
-2830.33093826 22.9536608554 0.698678276181 1600.0 1.02307692308
-3690.74195919 -15.0819880314 0.73836517607 4400.0 2.1
-6425.96315516 -36.1397875043 0.883994953919 1600.0 0.510256410256
-7075.23183918 -61.4000620614 0.980332862583 5000.0 0.715384615385
4648.90702568 -53.1226219059 0.967414750656 5000.0 0.817948717949
8817.7503828 -47.3933175833 0.989804394461 5000.0 0.664102564103
4216.43496206 -34.6122991167 0.850174803612 4000.0 1.48461538462
-6395.72137798 74.9842761 0.967725523898 1000.0 0.151282051282
5978.94440281 9.40354532864 0.866148406038 5000.0 2.1
6061.15459989 18.0938476493 0.798476926199 2000.0 1.74102564103
6526.82437132 -79.2785442511 0.982634694116 1400.0 0.151282051282
-6457.57808776 -69.0565451074 1.001290384 5000.0 0.1
-2070.25359028 -74.2922947599 0.993672584672 1200.0 0.1
1489.87727067 -17.0693269757 0.475425481078 2200.0 1.94615384615
-6407.11650891 56.0186688567 0.981637341236 3000.0 0.458974358974
-736.670813288 -56.499682206 0.928754840967 1600.0 0.510256410256
-270.603580182 -46.6554051767 0.692360477498 2000.0 1.38205128205
73.0498373798 -30.6297085165 0.702174615608 2000.0 1.02307692308
5799.12420664 -47.6525261206 0.987324992156 2000.0 0.510256410256
-6662.34134385 81.1028395268 0.982750304 800.0 0.151282051282
4027.34073514 -55.457383092 0.930447419835 5000.0 1.12564102564
2699.47347524 -36.3089516732 0.820836090031 5000.0 2.1
2521.72188603 -71.8147414492 0.936036962567 1600.0 0.612820512821
2380.79782319 55.8381661894 0.955901921064 1400.0 0.561538461538
-911.789842023 36.9134752624 0.747806516905 2400.0 1.38205128205
3289.65716295 9.46189083673 0.773252772967 2200.0 1.63846153846
-7078.49452513 -56.5126237764 0.984601179331 5000.0 0.407692307692
1348.59134021 56.2426447698 0.997215072155 600.0 0.1
1204.66472568 49.1186475887 0.814080841084 2200.0 1.38205128205
4247.02813898 19.5114844751 0.754617999477 4400.0 2.1
6967.13129507 -39.0586447883 0.990758682893 5000.0 0.458974358974
3688.39821455 -73.3431337472 0.937406202164 1800.0 0.407692307692
-7620.77255458 51.6956587737 1.0097446731 3200.0 0.1
-7082.14219558 -22.3594321819 0.948242633154 3200.0 0.612820512821
7107.28959615 19.0619645308 0.890482635529 2200.0 1.58717948718
6036.90999127 70.010535233 0.983907977762 800.0 0.151282051282
6258.21661865 59.4763210569 0.990166767271 600.0 0.202564102564
-8824.07700088 -27.8587274223 0.98247129712 4800.0 0.35641025641
341.692586003 39.1302465372 0.871495794935 2000.0 1.07435897436
-2690.71474063 -39.5438202841 0.861335340478 1200.0 0.407692307692
697.240577904 -56.3339102875 0.931771960831 4200.0 0.715384615385
-4367.31522785 49.1273294611 0.89486119663 1200.0 0.458974358974
3536.56059722 33.4969093668 0.720521051205 5000.0 2.1
-1880.61462049 -35.5452479318 0.802348697692 1400.0 0.766666666667
-2134.10107189 -78.8658351518 0.966617797048 4600.0 0.458974358974
-4817.31644658 -87.32175308 0.993319796223 1800.0 0.1
2418.91580326 49.3659266088 0.851832670516 2000.0 1.12564102564
-3987.98559677 -75.2607550458 0.995014392088 5000.0 0.305128205128
7785.63699041 -11.9109694009 0.929333300608 1800.0 0.869230769231
1866.12620914 0.667318672362 0.411055917862 2000.0 1.84358974359
-5508.70458009 25.9030484548 0.915489020369 3000.0 1.02307692308
-4235.56523806 -57.5773278012 0.938571543469 600.0 0.458974358974
-7577.96825248 -10.8996033722 0.950685226307 2000.0 0.305128205128
1113.82469846 -70.3158802843 0.913900678697 2000.0 0.510256410256
-4055.95666509 3.72711372863 0.729669484983 1800.0 1.17692307692
2656.21647512 -11.7891366543 0.599172357862 2400.0 1.79230769231
557.173079545 57.4670183766 0.882434014669 1800.0 0.612820512821
4571.32660908 22.4138483627 0.909634798548 4600.0 1.5358974359
-3594.55731331 64.2212532671 1.00142212538 5000.0 0.1
1207.12558216 -8.62216178353 0.237000314581 2000.0 1.94615384615
-2867.19232644 -22.777038498 0.665047702708 2400.0 1.63846153846
5812.43319775 -37.8573986653 0.927143928474 4400.0 1.12564102564
3565.1066453 -59.9003074373 0.951832563185 2400.0 0.817948717949
-1717.59745411 -72.6528659088 0.94801338663 1600.0 0.35641025641
-2261.1214252 46.7120299434 0.99624240931 4200.0 0.151282051282
425.212025952 53.0917770381 0.88799764093 5000.0 1.68974358974
-4687.74144644 72.1854622977 1.00411140469 5000.0 0.1
-4983.67078808 33.7842484032 0.976723828205 4800.0 0.817948717949
-2167.13084817 19.1047721194 0.509376704502 2000.0 1.74102564103
-813.188194988 -67.1723480603 0.939857267435 2600.0 0.510256410256
-1347.87897632 12.2783534053 0.444200264454 2000.0 1.89487179487
-6429.47883943 43.9480276401 0.877399224623 2200.0 0.766666666667
202.23071703 47.329640449 0.997319301883 600.0 0.1
5111.04098699 -7.91976665353 0.811486369925 5000.0 2.1
-1112.33690349 59.3604750503 0.988699161995 1400.0 0.202564102564
6302.03390447 18.6469888876 0.812321485084 2000.0 1.63846153846
-8648.29197462 -56.2537575107 0.999350943243 600.0 0.1
-4514.95748654 31.7684913379 0.851083271376 1800.0 0.664102564103
214.386306575 -2.8356982656 0.191611445851 2000.0 1.94615384615
1739.9713802 -38.9315737813 0.697599476498 2200.0 1.48461538462
6756.29951905 -43.3826690953 0.88743389849 1600.0 0.869230769231
-8791.53222483 -37.2484582366 0.981298439211 3200.0 0.202564102564
-7456.89535352 18.704475483 0.967922076358 2200.0 0.253846153846
2946.17309643 10.0546808498 0.661508524584 2200.0 1.5358974359
378.865837256 -31.8430218405 0.629636370157 2000.0 1.33076923077
3138.69127725 -14.847309141 0.629079188076 2200.0 1.99743589744
-990.918286874 57.4655722106 0.999287323131 4800.0 0.1
6746.53881882 -62.3775076735 0.998672570351 5000.0 0.35641025641
2020.45664127 6.38781493677 0.368792842833 2200.0 2.04871794872
5336.78390529 25.7744778754 0.792599673464 2000.0 1.5358974359
-4408.89643814 -54.8447881207 0.972126088648 5000.0 0.561538461538
3289.55838561 45.2651213757 0.919129409213 1800.0 0.561538461538
-2329.0318563 -45.0645027681 0.839780419521 1600.0 0.869230769231
7370.29458745 41.1351218295 0.988884792994 5000.0 0.715384615385
4463.51204502 -70.9611634954 0.991131137467 5000.0 0.305128205128
1974.9740538 65.2323658572 0.961969887285 1600.0 0.35641025641
-30.1374301621 36.6697487043 0.718669003251 1800.0 1.12564102564
1388.66315629 -32.9071947657 0.749933691264 2200.0 1.07435897436
4331.92391873 47.7414280692 0.860657388287 2000.0 1.12564102564
-6100.66867926 79.7892252839 1.0028458016 5000.0 0.1
-733.794723032 27.6623552152 0.925457304479 2000.0 0.664102564103
7067.60189716 -17.0320639637 0.902103044101 5000.0 2.1
-6767.95986685 59.4822414799 0.859948304306 2800.0 0.971794871795
2189.05464331 18.6547446905 0.648271195602 2200.0 1.58717948718
-893.563738139 -17.7031171029 0.404588750461 2200.0 1.79230769231
4110.37584674 70.1577564717 0.994638922134 600.0 0.253846153846
1683.46868667 74.637640155 0.870676374084 2000.0 1.07435897436
1228.102097 55.6317539899 0.85344595367 2200.0 1.43333333333
201.782484368 74.7476678696 0.99441025295 600.0 0.151282051282
-2323.12480126 63.7769041866 0.925170679477 1200.0 0.458974358974
5267.86538155 75.5287507122 0.966059463946 4800.0 1.17692307692
-2268.02194316 23.9961498483 0.564491246752 1600.0 1.43333333333
5635.36624962 -85.010449083 1.00167496467 5000.0 0.1
1585.34251545 -51.8952895329 0.901045635975 5000.0 1.27948717949
872.11132486 -8.07855967426 0.204142124131 2000.0 2.04871794872
2395.68390218 53.1097154374 0.985691016938 2400.0 0.305128205128
-352.373181505 68.1976782524 0.87974475062 2000.0 0.920512820513
2336.76125126 19.2052841364 0.566144421352 2000.0 1.74102564103
-3180.2712508 -56.7720908281 0.987569910392 5000.0 0.561538461538
-2287.85081586 44.0586809069 0.881661320449 1400.0 0.510256410256
-473.148348086 -64.4074069085 0.829673553524 5000.0 1.74102564103
-5364.0909235 -11.4644467015 0.878023098241 3200.0 1.07435897436
6355.60049692 -68.1484761357 1.00050396048 600.0 0.1
-3517.96643238 -77.6277937607 0.99794828778 1000.0 0.1
-3459.90103596 -52.268336464 0.864578397076 600.0 0.407692307692
3766.38923748 -45.8414412998 0.941868780869 2000.0 1.02307692308
6498.92716352 46.8580256646 0.998980478832 5000.0 0.151282051282
4744.73377065 10.4487142476 0.848912354346 2200.0 1.17692307692
-96.5806073727 57.9709867562 0.897987045281 1800.0 0.612820512821
39.5732514558 68.8150119105 0.956494186593 1800.0 0.561538461538
2596.88309742 66.2120589492 0.868214061726 5000.0 1.58717948718
6561.05693385 25.8131255331 0.972644879011 5000.0 1.02307692308
2854.91536493 58.9799439597 0.774768043137 2000.0 1.5358974359
2814.54529054 12.7628282349 0.617294471022 2200.0 2.04871794872
-2964.36668143 -53.9015099983 0.946583407614 4200.0 0.664102564103
489.429934808 -26.8361384754 0.634106223175 2000.0 1.22820512821
5583.58233718 35.0646384544 0.978448653274 4400.0 0.766666666667
-6018.12370285 37.9092458323 0.999040813254 5000.0 0.1
2121.13860234 -56.2872263093 0.916651378114 4800.0 1.07435897436
2568.94926895 84.4988978636 1.00979412105 5000.0 0.1
3994.42498874 -62.7974922621 0.929443658079 5000.0 0.715384615385
-4701.24173249 -53.2373623731 0.939781947597 1400.0 0.35641025641
5553.78740142 -81.490608998 1.00031287531 5000.0 0.1
109.306716037 58.6583780073 0.934734823586 2000.0 0.612820512821
7136.8371532 -30.3897974254 0.945438910068 4800.0 1.38205128205
-6133.24338181 -4.69630030208 0.874533727763 600.0 0.407692307692
4778.25667685 -69.6669701413 0.890267035848 2000.0 1.33076923077
-3700.01619228 -35.9661087807 0.892863380135 800.0 0.305128205128
-1948.38729573 2.87752767813 0.409894558161 1800.0 1.63846153846
-5293.35669892 -72.7176976172 0.961317442328 800.0 0.202564102564
-2331.61662297 -48.3050599936 0.924755369807 1000.0 0.35641025641
3497.77068569 -51.7866146764 0.946505244756 4800.0 0.869230769231
-6025.89710373 46.1416781524 0.776256105899 1600.0 0.612820512821
3949.1877129 -34.2940866737 0.839028811855 2400.0 1.58717948718
9366.41918741 64.5296117176 0.983787332033 5000.0 1.27948717949
6494.44165063 -30.7547778389 0.957133172635 1400.0 0.407692307692
-5972.19164095 50.5965554352 0.96053783063 1400.0 0.253846153846
5381.97079654 32.6644128108 0.757627402051 2200.0 1.48461538462
-321.346947746 -43.5974321811 0.652821019041 2000.0 1.33076923077
-420.367041134 28.9592803046 0.821825653844 2000.0 1.17692307692
-2778.50711925 21.033784154 0.66763467934 1800.0 1.17692307692
-1227.59291121 41.0327894828 0.990390182237 800.0 0.151282051282
-9.68470480638 61.103287425 1.00553397789 4600.0 0.1
4926.10923729 57.7846282918 0.999909058374 5000.0 0.1
-1951.769318 48.4255900867 0.811774898663 1600.0 0.817948717949
5662.28713964 20.023731888 0.963184161382 4200.0 1.17692307692
-2396.23334262 39.0050122561 0.88004034877 1800.0 0.920512820513
4168.99589907 -52.6142870659 0.883179380255 5000.0 1.5358974359
4460.36141912 -31.3205868233 0.865574939504 5000.0 1.89487179487
3819.63362588 11.1808130986 0.713967496189 2800.0 2.1
1331.52604352 -59.8007947498 0.991806423603 4400.0 0.561538461538
-4995.79244308 -74.7997193758 0.989534075441 600.0 0.1
-13.460167775 2.98132366827 0.179498496145 2000.0 1.94615384615
-4224.65835411 22.5798345756 0.809704702335 2000.0 1.07435897436
-4071.77773298 52.5279248127 0.894840258784 1000.0 0.458974358974
-764.852364027 -29.1502753218 0.572922053783 1800.0 1.27948717949
7084.25643132 -61.5833611572 0.982730485385 3400.0 1.02307692308
3401.57322275 70.579145336 0.978334552246 1000.0 0.253846153846
3063.92390159 -68.0628299753 0.841853046902 4800.0 1.84358974359
-3888.47405647 -34.9405189438 0.837031924132 600.0 0.458974358974
-3633.50151844 -82.6919883247 0.964478215937 4800.0 0.510256410256
3625.65311558 -14.8643383503 0.755773640158 4000.0 2.1
4891.97375088 -75.3600183019 1.00011825977 600.0 0.1
-5178.94509036 -18.4531002032 0.889927418656 4200.0 1.02307692308
-5325.09626019 77.5713756968 0.997012876575 3200.0 0.1
3127.76769182 2.31804238566 0.579635799053 2400.0 2.1
-7338.70279817 -62.8220429868 1.00441654592 5000.0 0.1
-5097.62950802 -63.3713316432 0.941383790551 800.0 0.253846153846
6742.26199802 -64.8088396459 0.961206600419 1000.0 0.253846153846
1715.42922753 45.6276774249 0.917355894274 2200.0 0.715384615385
2032.66059415 2.97211457245 0.391751266529 2200.0 2.1
5645.52551576 12.1450073324 0.895541110151 5000.0 2.1
-5247.42155368 7.70303177217 0.843232685837 1000.0 0.561538461538
-2577.02032902 -12.3888707752 0.468150318001 1400.0 1.27948717949
7435.35644152 -0.981213153814 0.944319017556 5000.0 1.5358974359
1470.23083778 -13.9738256904 0.510968491807 2000.0 1.48461538462
-4163.8008262 8.27287138988 0.775019340092 4200.0 2.1
4390.38885627 51.6157181391 0.977984977379 2000.0 0.510256410256
4310.97189073 50.5253742694 0.953041914011 1800.0 0.766666666667
988.269505538 43.3023242084 0.878687508563 2000.0 0.869230769231
-5972.53849372 59.5429857334 0.956042781046 1200.0 0.35641025641
-4131.51169236 -5.60512391618 0.741132148183 5000.0 2.1
3619.41238983 30.3630802307 0.752220040867 2000.0 1.33076923077
4410.72915336 65.178411369 0.989320411371 1000.0 0.151282051282
1172.53170227 -17.7531812574 0.450515235817 2000.0 1.58717948718
-3430.60452793 25.2188688082 0.698072900906 1400.0 0.817948717949
-887.724665256 -39.4528147934 0.830691980566 4800.0 1.89487179487
6929.38342353 2.14909650321 0.968804212661 2800.0 0.766666666667
-6493.36744797 50.8354839152 0.970019245932 600.0 0.1
7289.91437123 -26.3133344299 0.953918190105 800.0 0.510256410256
-4691.80634294 -45.8069310504 0.979598832983 4800.0 0.35641025641
-5674.78812035 56.6241611656 0.984453107337 800.0 0.1
2248.34141701 -71.5125827781 1.00171790323 5000.0 0.1
-4618.19939739 -62.7047275293 0.858715136719 1600.0 0.766666666667
321.49725088 38.3874381837 0.767467671519 1800.0 1.12564102564
3708.56080613 -46.5393406067 0.941414076386 4600.0 0.869230769231
2586.53451483 3.86625510263 0.502363165448 2200.0 1.94615384615
2116.4299148 -60.2802840326 1.00042620087 3800.0 0.1
9105.4360946 57.2568461825 0.960116169647 1200.0 0.202564102564
1509.41899754 75.8917127973 0.986502623749 800.0 0.35641025641
-2592.26214443 17.9095560511 0.573130418727 2000.0 1.63846153846
1324.97440369 40.1136389595 0.931068899909 2000.0 0.561538461538
3957.52849414 46.3471327829 0.799018564792 5000.0 2.1
-1627.09905562 -75.2041691655 1.00546300355 4800.0 0.1
126.633619263 23.2539360538 0.603391560523 2000.0 1.5358974359
-1687.69810693 12.9606408212 0.548792697106 2000.0 1.68974358974
-2904.87531182 55.0381059159 0.864822351068 1600.0 0.971794871795
1033.87543599 -11.6992838172 0.333634583999 2200.0 1.94615384615
-1722.26889743 26.7904477412 0.856159012803 4600.0 2.1
-535.346339163 56.7756935524 0.957490348282 1600.0 0.407692307692
5331.88453767 -13.7680859405 0.875340998366 5000.0 1.63846153846
2172.55334317 46.4723639428 0.85500552125 1800.0 0.766666666667
2200.13241922 -38.5848728445 0.730409691941 2200.0 1.84358974359
-6262.60606979 -4.78803975219 0.908903931236 1000.0 0.35641025641
-4411.55736965 34.2157722914 0.791343526089 1000.0 0.715384615385
-3019.0656132 52.0381528962 0.974409971405 2000.0 0.202564102564
-6454.32643673 -73.9116525944 0.879347426364 1600.0 0.458974358974
6363.80282473 17.596854196 0.966056256573 5000.0 1.07435897436
2455.92183857 -25.6031808622 0.747858666147 2400.0 1.38205128205
3315.10143637 -13.8152818794 0.660912597856 5000.0 2.1
3438.55816663 -52.0750513865 0.932894368538 4800.0 0.920512820513
5523.40045726 -79.9975416741 0.985084500065 1000.0 0.305128205128
-6390.41180059 54.9534793819 1.00013689742 5000.0 0.1
-3863.14576886 32.8235360205 0.84416268486 4600.0 1.38205128205
-6123.84478449 60.6702970763 0.962488455011 1000.0 0.202564102564
-6604.73751214 47.1031130515 0.893436951923 1400.0 0.869230769231
1653.45586295 48.4202258945 0.986038680402 800.0 0.202564102564
6046.89915179 29.8024482762 0.841502058795 4800.0 2.04871794872
5507.49498816 -18.0954489877 0.92103562437 4800.0 1.27948717949
-2744.67541915 26.9500299915 0.835526091197 2000.0 0.869230769231
-7146.54728355 -4.61518380085 0.916962603235 600.0 0.253846153846
-8481.63965446 21.4124754386 1.00175798298 3200.0 0.1
-3519.79724673 -22.9525022339 0.761441314757 2200.0 1.17692307692
-2364.75702425 -12.244347554 0.569050062648 1400.0 1.02307692308
-3687.72087672 55.2443857689 1.00116141177 5000.0 0.1
1339.53907248 -47.2179946176 0.946508843879 4400.0 1.33076923077
3948.1765042 38.1994547119 0.967988250627 2200.0 0.510256410256
5113.46653071 -49.8871445262 0.922338573124 5000.0 1.79230769231
-6693.31479279 -54.2052687165 0.917462837412 2400.0 1.02307692308
-5346.41465091 -71.3680031342 0.988160141255 800.0 0.151282051282
-3493.75151738 35.7348563433 0.752457471859 1600.0 0.971794871795
-7586.81806899 -44.410829223 0.966046226053 800.0 0.305128205128
-5542.18320529 4.98406140209 0.884453556986 600.0 0.510256410256
3293.29073339 72.1162375764 0.996873806412 600.0 0.1
-739.77667558 -63.5928376718 0.93964202121 2400.0 0.510256410256
6299.02615595 59.3125117535 0.876519214236 2200.0 1.68974358974
4606.01381383 -30.1701012221 0.88997327833 5000.0 1.27948717949
-2440.49766335 -47.1171058379 0.868757872005 1200.0 0.561538461538
5377.933183 87.4715151294 0.999782382707 4800.0 0.1
-6807.31419314 -54.714333983 0.923281545561 600.0 0.253846153846
-943.125673714 -88.24739716 0.977927548726 2000.0 0.305128205128
3042.4428692 49.6394195325 0.997110766842 1200.0 0.1
-5890.43043795 38.3540945004 0.874856844236 1600.0 0.766666666667
6128.51251129 35.1419979965 0.779159424608 2400.0 1.99743589744
-522.274480291 -66.5729059175 1.00607665337 5000.0 0.1
-2300.176619 -1.41236950862 0.450420335948 2000.0 1.74102564103
6952.43270306 -41.8278770643 0.977459522572 1600.0 0.407692307692
-6964.02051058 18.5091814366 0.919148964293 1800.0 0.35641025641
244.542436089 72.8604463595 0.938069612406 4400.0 1.07435897436
-7125.10986508 -9.43086479178 0.943444422113 4800.0 1.07435897436
-6377.18420869 -4.83891711994 0.926250156394 4800.0 1.12564102564
-5587.87432259 -13.2830878528 0.849022771851 2600.0 0.920512820513
-4341.50829413 42.4188241194 0.894281991748 1200.0 0.407692307692
-1211.20830842 -64.5324494581 0.970406134499 4800.0 0.612820512821
-6288.66189183 -8.69254415202 0.899561423996 600.0 0.407692307692
-554.918340761 48.1228968262 0.757996679886 2000.0 1.48461538462
-7796.41279863 -34.493568833 0.930416952492 1600.0 0.305128205128
3852.05601599 26.9671846892 0.837661191409 2200.0 1.27948717949
-6415.98850849 -15.3223486496 0.932038420842 1800.0 0.35641025641
3434.06581225 -24.7684279132 0.780506173637 4200.0 1.63846153846
-3129.97000464 -71.2287067979 0.970074239713 1000.0 0.151282051282
-1742.19901173 -52.0697723805 0.88484473639 1400.0 0.510256410256
7632.16785755 -56.2635838698 0.971258324403 3800.0 1.38205128205
6330.28866483 78.9975419305 0.99693799632 2600.0 0.151282051282
-4789.48367678 -67.0021363607 0.979533741846 5000.0 0.510256410256
2767.59865888 -46.0632415135 0.914229785083 5000.0 1.02307692308
-6542.44380943 -6.75114777743 0.937137986695 600.0 0.253846153846
-5258.53588524 37.6396474568 0.912094747021 4800.0 1.07435897436
-7326.94259 -24.5665251576 0.962273788228 1400.0 0.202564102564
7770.47881342 -77.4579479111 0.943222285217 1400.0 0.253846153846
7299.67052934 -78.3231660941 0.953976011745 3000.0 1.12564102564
4239.48764184 51.8879992102 0.925690787865 1800.0 0.817948717949
-4086.34957934 60.8817747572 0.902279131437 1000.0 0.35641025641
-3242.1639728 3.88177587366 0.480542332489 1800.0 1.48461538462
-3559.20635589 -2.99092849098 0.633369603416 1600.0 1.27948717949
-9206.48818841 -47.1314691082 0.928394275707 2000.0 0.407692307692
-1947.44972703 -52.6844671041 0.888417682141 1800.0 0.561538461538
-3778.96419356 -31.7962217128 0.82654223626 1000.0 0.510256410256
-2324.37718555 -66.018737738 0.912860391086 1000.0 0.458974358974
-4268.81554342 14.3084129788 0.627122300779 1400.0 0.971794871795
-5645.33139976 59.5074902672 0.813023748586 1400.0 0.715384615385
-6795.31065321 -57.2081185176 0.988223528874 5000.0 0.407692307692
7557.93699656 11.1684404551 0.951293597958 4400.0 0.612820512821
1635.85875222 -66.3775026217 0.979510209036 1600.0 0.407692307692
-3228.30677421 28.7737620861 0.86483565614 2600.0 1.5358974359
6846.60430779 -70.1038541385 1.0017246171 5000.0 0.1
-7858.7053 -2.14935782568 0.975375433646 600.0 0.151282051282
-2983.22789268 53.5941501679 0.950840278433 1000.0 0.253846153846
-1531.22293824 20.2239363888 0.407392246586 1800.0 1.5358974359
-5103.06217698 -9.79579712562 0.871630969857 5000.0 1.48461538462
1864.71749901 30.2814418046 0.738040002811 2000.0 1.33076923077
-3577.62936083 21.3256360959 0.841377562532 1600.0 0.612820512821
-1222.48887241 -32.1008245667 0.781459282105 2000.0 0.817948717949
-4268.15651014 4.62796714371 0.829304373393 1600.0 0.817948717949
4275.73085065 -49.493857644 0.908304254396 4600.0 2.1
1662.97524663 -32.7624310927 0.771120989865 2600.0 1.43333333333
-789.170305992 -52.8460376573 0.880803985174 1800.0 0.458974358974
-6763.32245948 -44.9063698351 0.994765196031 3600.0 0.1
1080.2047722 -37.9257515428 0.74399145964 4800.0 1.74102564103
6278.00206725 45.8516300236 0.999091689829 5000.0 0.151282051282
-2100.8367781 31.2059071104 0.90155525106 1600.0 0.612820512821
6277.52236919 -9.36256671218 0.872847856375 1200.0 0.715384615385
-6989.12784272 9.91266728113 0.935617968021 4000.0 1.02307692308
-1229.97095067 54.4516617224 1.00427084866 4000.0 0.1
-2457.09862992 6.640991171 0.372574598571 1800.0 1.5358974359
1322.43738481 71.6279429626 0.94686358653 5000.0 1.48461538462
-5558.97251585 28.6985155075 0.890848629808 1200.0 0.407692307692
6672.16264835 -62.7346729176 1.00106579491 5000.0 0.1
3838.74473988 -28.4065300298 0.79526559667 5000.0 2.1
-5995.49553184 11.0583641871 0.819020308449 600.0 0.561538461538
690.735971679 -25.6893293934 0.709416986752 2200.0 1.68974358974
5374.24742168 -63.7019398472 0.908424435455 5000.0 1.63846153846
285.920711287 -43.5562779909 0.86649891599 5000.0 1.02307692308
629.380890302 20.4476986663 0.607711550186 2000.0 1.58717948718
7744.17493163 -17.5283109109 0.945553637613 4800.0 1.43333333333
-6780.26932202 -21.1122639823 0.914584089404 3000.0 0.715384615385
-1630.28207151 -10.9089483392 0.502977350258 1600.0 1.22820512821
-91.097196484 -58.3067673901 0.99891732897 4800.0 0.202564102564
-4967.33591634 -30.8585928587 0.872307557053 1200.0 0.35641025641
-826.016405909 -45.1846358971 0.891594747693 5000.0 1.02307692308
-4018.26801533 54.5812194041 0.939147675337 1400.0 0.407692307692
1224.51700955 -46.5769378943 0.767079329672 5000.0 1.43333333333
-7182.22774025 -34.7768528384 0.967104328668 4200.0 0.510256410256
-1702.47119417 59.9240249722 1.00591397087 5000.0 0.1
-1381.24389985 15.883845931 0.364955477392 2000.0 1.68974358974
-2906.73692052 -55.4421927623 0.952282374645 1400.0 0.305128205128
-8893.66739853 46.9587130435 0.999866747947 2800.0 0.1
6068.29162022 -30.8016666438 0.962377067433 4200.0 0.920512820513
-5600.52581649 31.3948126057 0.906158857415 1200.0 0.407692307692
1370.5967628 -53.3713433947 0.936580625742 1800.0 0.458974358974
5338.29928764 -82.2388685786 0.997551021747 600.0 0.1
-2936.1552963 35.7432106234 0.779753411364 1800.0 1.07435897436
5134.94149928 71.317080217 0.968234842086 1400.0 0.407692307692
3707.49773998 7.772940995 0.751372573344 2600.0 1.94615384615
5138.07192737 50.4609697794 0.981674000467 4800.0 0.407692307692
906.734325332 -26.8147142524 0.724712162602 4200.0 1.79230769231
1705.19832937 -73.7715916232 0.952380216944 5000.0 1.17692307692
-5609.08961184 57.1961252996 0.978261305549 1400.0 0.151282051282
-229.496929152 -69.7383285771 0.989778267203 4800.0 0.458974358974
-1099.05612988 5.95594422777 0.218205438798 1800.0 1.74102564103
6334.8724611 7.36871481326 0.921668118984 5000.0 1.89487179487
1039.48863533 -59.3908036803 0.949167883713 4800.0 0.715384615385
5081.42498906 -32.3785986002 0.912202920113 4800.0 1.74102564103
4249.40066004 33.8130338878 0.823068179691 2200.0 1.74102564103
305.911667568 19.9939391176 0.772114409873 2000.0 1.27948717949
-1703.59721707 -49.6938842777 0.879008445568 1600.0 0.510256410256
-428.426827376 -43.892923642 0.823431199904 2400.0 0.971794871795
3551.18286191 -39.1701011962 0.826108646034 5000.0 1.43333333333
-8950.75332118 47.5894852457 0.914804553093 1600.0 0.766666666667
-4019.92253253 13.7245385636 0.713408379051 2200.0 1.68974358974
5427.40995416 -27.6577363601 0.862281691114 5000.0 2.04871794872
442.417108131 63.55869559 0.966605405648 1800.0 0.35641025641
3696.65979389 46.1472516781 0.957096585507 5000.0 0.920512820513
1319.20378595 17.2177209332 0.722266508703 2200.0 1.5358974359
3698.37220591 -30.7229550703 0.758410922382 4600.0 2.1
-4646.9017746 -16.8945943919 0.842100920019 2200.0 0.766666666667
1271.54964958 -48.2479960693 0.864757152963 5000.0 1.79230769231
-1687.8630434 67.0429460242 0.880896698089 4400.0 1.48461538462
-1600.6105408 22.5712223146 0.458881353376 1400.0 1.58717948718
131.279461712 -54.6279480114 0.837249900521 4800.0 1.12564102564
1086.53933485 47.9187459887 0.871292167337 5000.0 1.5358974359
-4116.98103482 -39.0138998812 0.916203793652 5000.0 1.27948717949
4192.54845927 10.2635030171 0.838505144036 3800.0 2.1
-3443.01720916 -61.8168188965 0.934019402681 3600.0 0.612820512821
1725.00442812 -23.7893988568 0.700990187533 4000.0 1.68974358974
-3083.66800083 47.2735888083 0.987546566441 2000.0 0.202564102564
-6937.7133628 30.3701493156 0.930271740434 800.0 0.253846153846
430.114857004 0.751187426403 0.159238478135 2000.0 2.04871794872
-6998.6682094 49.072215675 0.941135468512 1800.0 0.407692307692
5659.39164511 1.266803496 0.896305912757 4800.0 1.89487179487
-1198.48509351 57.19749553 0.850838395314 4200.0 1.84358974359
-6634.22951439 61.8136530159 0.974867187744 1000.0 0.151282051282
-4617.46809021 27.1591638858 0.940928237001 1400.0 0.458974358974
-8278.79048391 -31.8812758695 0.981268808992 1400.0 0.253846153846
7355.39357217 58.2477565989 0.896265993935 2400.0 1.48461538462
-1586.9496573 -40.3948428553 0.821118319587 1800.0 0.715384615385
192.978696804 -26.959519243 0.500763421547 2000.0 1.99743589744
-1103.12204878 -27.1987632016 0.531455392875 1800.0 1.5358974359
-4361.81508969 33.9076039671 0.962910265628 1200.0 0.253846153846
-2105.90155662 29.404999486 0.904139442422 1600.0 0.612820512821
6256.07481273 7.4308883727 0.960109290876 4400.0 1.12564102564
2299.0924039 55.879704238 0.945140631442 1800.0 0.510256410256
7136.43331849 -45.5107409413 0.98302575158 4600.0 0.664102564103
3729.99949124 68.7493324818 0.940014717713 5000.0 1.38205128205
5551.11887058 -19.6272113806 0.880825687212 1600.0 0.869230769231
4995.33540032 -23.9999424874 0.88195966628 5000.0 1.5358974359
-3326.92296006 -43.7940372591 0.903589141318 4800.0 1.12564102564
-4796.95125297 -10.7602264636 0.728908651728 1000.0 0.817948717949
2719.82450101 -39.5096479798 0.802122633313 5000.0 2.1
946.164879725 -81.3055410518 0.913807383017 5000.0 0.920512820513
-2812.42820726 13.6166095417 0.551504939063 1800.0 1.33076923077
1693.38228261 62.5447969477 0.938331170812 1400.0 0.35641025641
-3935.58724668 -16.5395559266 0.743646941918 600.0 0.561538461538
7052.4138759 5.5482808066 0.821198686503 1800.0 1.5358974359
-2529.93677998 41.2346525323 0.941393740386 1200.0 0.407692307692
-6709.31492466 -58.3784918946 0.995283768114 800.0 0.1
7088.84199157 -10.0323588919 0.899590953254 5000.0 1.89487179487
-3117.20832696 21.6150725783 0.69467718307 1600.0 1.07435897436
5028.66508629 39.9619435245 0.977880184018 1400.0 0.407692307692
1920.547382 -40.5776824597 0.860499789456 5000.0 1.48461538462
3472.02628527 39.9267888799 0.987930737002 2200.0 0.253846153846
-1026.08339566 27.186361361 0.724379884725 2000.0 1.5358974359
-2125.00883426 -54.6551824232 0.886549083761 1600.0 0.458974358974
-6256.38092845 8.5783186992 0.868825897879 800.0 0.407692307692
1625.53631662 88.9959755991 0.933981575964 2400.0 0.715384615385
104.268579488 -31.9136552271 0.663955438365 2000.0 1.27948717949
-6859.08858318 -10.4510490331 0.914659547577 600.0 0.253846153846
-162.120484722 20.6072095716 0.779302593212 1800.0 1.07435897436
-5500.26676605 -2.74943480422 0.841753146187 600.0 0.510256410256
2956.27411739 27.5790453816 0.797957504699 2200.0 1.38205128205
3031.41714711 -40.9792447555 0.833238568118 5000.0 1.43333333333
-8504.21354004 23.7241792134 1.00325208981 3200.0 0.1
5305.14233509 -28.7350220614 0.897897331966 5000.0 1.63846153846
-1569.429781 61.4753686268 0.925044987618 1200.0 0.35641025641
-6609.53290432 34.601304972 0.858023789788 600.0 0.35641025641
3692.8626122 -78.8535959003 0.982014834298 1600.0 0.253846153846
398.785166274 -45.4005156544 0.710235382946 2000.0 1.17692307692
2461.41435865 -7.01277762431 0.5009266228 1800.0 1.68974358974
1403.1505898 78.6977712833 0.931346085573 2000.0 0.766666666667
-4493.70563356 11.6669958431 0.73372252802 1000.0 0.664102564103
-433.403365758 27.0920618453 0.682714692941 2000.0 1.38205128205
4042.01448454 26.5817447029 0.952799768586 5000.0 1.02307692308
-1307.49890516 -59.5262389591 0.89112432605 1600.0 0.510256410256
4570.18738013 -71.5509293003 0.981250985844 1200.0 0.253846153846
-5695.69806473 -48.0885614658 0.901745697531 5000.0 1.5358974359
1601.32503865 6.77355909046 0.466709354831 2400.0 2.1
5820.69027144 23.2473106443 0.964219469953 2000.0 0.407692307692
458.231075565 18.8424962284 0.427225090476 2000.0 1.74102564103
416.87336569 56.7418359919 0.899122446831 1600.0 0.612820512821
2215.9748693 -29.2278644685 0.760461405176 5000.0 1.68974358974
4403.5001047 -86.0314254491 1.00459583261 5000.0 0.1
-3677.03725172 -56.2274248505 0.884681466188 1200.0 0.458974358974
-4662.04617421 7.98229097947 0.78711195519 4200.0 2.1
-5712.21605258 -41.9031925949 0.934789903151 1000.0 0.253846153846
7459.56510508 -26.864251991 0.948782167948 4600.0 1.07435897436
-4520.28491849 45.7475204981 0.817106485109 600.0 0.510256410256
-332.657682038 -20.1221554202 0.47535410801 1800.0 1.58717948718
1972.36161723 45.5545198658 0.971383536901 5000.0 0.869230769231
6876.58589196 61.0975293234 0.958362629148 2600.0 0.920512820513
323.836019342 -54.4074767003 0.921978112631 5000.0 0.817948717949
3805.48846534 41.4550814308 0.934106633584 5000.0 1.27948717949
1515.34615112 8.62033999346 0.457072305168 2200.0 2.1
-42.8987013129 -30.7044629041 0.623618074177 1600.0 1.22820512821
-1917.81719519 19.0378532825 0.619886690652 2000.0 1.58717948718
-4661.34220335 -49.9442434101 0.921940191399 1200.0 0.305128205128
2389.94261666 49.7440215956 0.875729356747 2000.0 0.817948717949
-4530.9799073 -13.0107924433 0.780138587865 600.0 0.612820512821
-7984.67086559 28.4096981723 0.998518449836 2800.0 0.1
1259.96089072 46.6726062826 0.940390959518 1200.0 0.561538461538
-5950.63342908 76.3712702869 0.95641528838 1000.0 0.253846153846
-2385.06352956 50.3838007511 0.98614152349 4600.0 0.458974358974
-260.650373801 28.5013783182 0.803674013463 2000.0 1.17692307692
7022.56843895 -60.1252797742 0.991065144234 2400.0 0.305128205128
2064.14921138 -30.5241802196 0.686851010659 2000.0 1.43333333333
741.070875364 -42.5674705653 0.895435110191 4000.0 1.27948717949
-2476.20560814 33.1870190374 0.769484402007 1800.0 1.02307692308
-3847.9402671 -75.9335849703 0.970451643917 4600.0 0.510256410256
4999.78869091 -15.9624557542 0.815579628793 4400.0 1.94615384615
362.118990101 -27.5852111743 0.593733304886 2000.0 1.5358974359
6117.51897119 -59.4707235176 1.00240854425 5000.0 0.1
-1683.81361435 9.22459222556 0.42806947015 2000.0 1.74102564103
3570.75369127 5.68679203919 0.603198828462 2000.0 1.74102564103
4015.2148909 70.5943832179 1.00346473601 4000.0 0.1
-7634.10642118 -25.1458629364 0.992929376238 1000.0 0.1
3628.06683665 10.2077268775 0.797646311926 2600.0 1.79230769231
858.128949615 -31.5499546651 0.646538895015 2000.0 1.33076923077
6480.22065386 46.024231835 0.9706681994 1000.0 0.202564102564
2095.27636312 -29.1152178089 0.733022755701 2400.0 1.99743589744
-374.492201848 34.7953137937 0.699432281707 2000.0 1.27948717949
-3646.76212131 12.258039255 0.68341122708 2200.0 1.43333333333
5341.12570519 2.41438991487 0.8006095977 2000.0 1.38205128205
3938.25285902 39.9959156553 0.923358522135 5000.0 1.33076923077
-7470.15652034 6.56071338534 0.952268769158 600.0 0.202564102564
-130.39042586 -53.4916634902 0.915364819669 5000.0 1.5358974359
-2665.98400061 -82.879806074 0.948148740219 1000.0 0.253846153846
-5805.0225827 65.3672113622 0.997929006808 2000.0 0.1
-3780.93961184 -32.9033543894 0.739070010314 1600.0 1.02307692308
-1203.79589301 -48.0611002767 0.857234488936 1600.0 0.510256410256
-6683.16547054 51.7436140535 0.989123027334 1400.0 0.1
3484.73039124 11.4527894218 0.718268202767 2400.0 1.5358974359
6478.20334237 -8.57468627694 0.917192483297 1600.0 0.766666666667
-5134.10232082 18.9026001231 0.800258511628 600.0 0.664102564103
-1205.13896388 -60.5360843922 0.997650672217 1200.0 0.1
3655.29228316 -3.70948903992 0.674638680012 4200.0 2.1
3784.29745404 -57.0069282175 0.908719198166 1200.0 0.458974358974
7747.07496456 -54.5737930413 0.942669908607 5000.0 2.1
2941.39302571 -51.0275049445 0.925376064604 4800.0 1.99743589744
7446.47183621 60.365924724 0.926110190668 5000.0 1.89487179487
-2045.06266487 -46.7483801111 0.834086475594 1400.0 0.664102564103
-5304.52303124 -1.47977538135 0.680742419046 600.0 0.766666666667
-2449.30220045 3.92318893347 0.426634720977 2000.0 1.74102564103
-2052.01549305 53.5212162527 0.99973937145 4600.0 0.1
5082.88699159 1.60345095039 0.778299178578 4800.0 2.1
5509.18721903 10.7430883573 0.761158373195 2200.0 1.79230769231
-1108.20852969 53.9187000627 0.822807493177 5000.0 1.63846153846
-3370.41581933 59.0804133746 1.00045289664 5000.0 0.1
-1731.47650215 32.7620010166 0.768340069471 2000.0 1.12564102564
-5821.23024302 -2.42380163345 0.856318406819 800.0 0.458974358974
4687.0832767 12.6401274373 0.723522556695 2200.0 1.94615384615
-5691.89872043 20.8392676403 0.915296121987 5000.0 1.43333333333
1541.26075583 73.6130075338 0.980205304469 1200.0 0.305128205128
7588.99458713 -70.1480616497 0.998735198415 600.0 0.1
4755.17036808 -58.5174386045 0.990646030578 5000.0 0.407692307692
-1135.96842681 57.2168972464 0.93290156163 4000.0 1.07435897436
6797.28059823 -9.26007144451 0.968737358239 1400.0 0.407692307692
7248.11392423 27.5758694525 0.979338360149 2800.0 0.766666666667
-3692.42432646 44.2740267257 0.975241266163 600.0 0.151282051282
3292.21456887 -33.0095302876 0.814356788806 2200.0 1.5358974359
2324.34375135 -13.1659679425 0.532381164467 2400.0 2.1
3088.70736072 -65.302040296 0.912356594464 4200.0 0.920512820513
-9794.66942243 17.6317348052 0.978614187926 3200.0 0.35641025641
-1632.52740537 -57.8077409771 0.890019669679 4200.0 1.12564102564
4083.95106214 -61.4194303352 0.927804914572 5000.0 0.920512820513
4701.78872541 46.4468221619 0.931384823059 2400.0 0.971794871795
-7194.68602966 78.8724961144 1.00000007193 4200.0 0.1
-1220.30179993 35.6992964321 0.958271700648 1400.0 0.407692307692
-1175.39049435 -10.1751011251 0.403908336737 2000.0 1.5358974359
-2967.88193097 64.4389519842 1.0040456671 5000.0 0.1
385.638750996 9.65864647096 0.257605026684 2000.0 1.94615384615
5081.60260297 33.7328472671 0.915550876663 4800.0 1.5358974359
-7026.38708613 -30.3206890541 0.97403365045 800.0 0.151282051282
-3603.24242466 -47.063483191 0.935818759139 4200.0 0.766666666667
-6528.51593766 3.6434965991 0.894574683876 4600.0 1.27948717949
1854.20268155 57.4194359176 1.00547312367 3400.0 0.1
-1265.39146457 24.3668216343 0.616462455624 1800.0 1.63846153846
1737.96796999 48.171389589 0.927627907673 2000.0 0.561538461538
-6805.57406499 11.1086518056 0.901566975674 3600.0 1.07435897436
-6770.47870226 -67.9712792198 0.996055521638 1000.0 0.1
2976.53857301 40.1387426718 0.918545133623 5000.0 2.1
2575.36196257 -39.6859252748 0.847806647428 5000.0 1.33076923077
3551.9905064 -73.1501435643 0.939058180434 4200.0 0.817948717949
5141.65352703 45.2312028922 0.997811622537 1000.0 0.1
-5776.26868948 -59.2324516913 0.940928062644 1200.0 0.35641025641
2145.22275995 -1.13904360525 0.491569313212 2200.0 1.94615384615
-7006.48019175 -55.473456391 0.986814900692 1600.0 0.1
958.519348499 -59.4406359823 0.912166732026 1800.0 0.612820512821
-1829.7467323 15.7715056437 0.544408464431 2000.0 1.84358974359
-3811.62902554 27.6277639579 0.893136840755 1400.0 0.561538461538
-4277.48333535 -69.3619287447 0.967783917421 5000.0 0.458974358974
-1084.0473091 -38.0949624544 0.853840730039 2000.0 1.17692307692
-4177.22735069 57.6870240111 0.844404248267 1000.0 0.561538461538
-5887.269624 -8.41544248506 0.841631893841 600.0 0.458974358974
-128.70109112 -53.3586324827 0.880187759719 4800.0 0.920512820513
4475.66569427 53.7374251639 0.978712050423 5000.0 0.869230769231
-1236.52680396 -45.5760839024 0.91427153188 3400.0 0.920512820513
1222.61859986 67.0540778917 0.970675332961 1400.0 0.305128205128
-29.2466031731 -57.7084499935 0.956685573677 4600.0 1.07435897436
1087.29462411 6.85925752552 0.227987982755 2000.0 1.94615384615
-6710.94334856 15.0626442886 0.933146154959 1000.0 0.253846153846
-854.958040678 78.1136126551 0.994997574615 600.0 0.1
-2716.27268837 -11.4340643771 0.60259676808 1400.0 0.920512820513
1666.15523402 29.7184452214 0.782581132529 1800.0 1.12564102564
3587.8527407 -62.9517594737 0.92699168173 4600.0 1.07435897436
-8429.38515795 -44.1260091205 0.976493830247 600.0 0.305128205128
6790.1908879 67.2739144986 0.959130791002 1200.0 0.715384615385
-7708.49942493 -3.1134246819 0.961062231578 1400.0 0.202564102564
-3021.05100023 8.022594085 0.438008685842 1800.0 1.43333333333
-804.565919255 -38.9686848335 0.8391383885 3600.0 1.48461538462
-6152.95520153 24.2467060753 0.902674236094 1600.0 0.664102564103
3923.91708818 -85.4423479502 0.997766697448 800.0 0.1
-6156.31303497 -6.47754823907 0.859985355632 3200.0 1.07435897436
1604.41662757 -53.1407725628 0.849299636779 2600.0 0.869230769231
-5343.03962829 -1.77412301541 0.751283353513 1200.0 0.715384615385
3893.85645895 -43.4109204521 0.894839125984 4600.0 1.02307692308
-553.791825739 35.5785230882 0.678784601866 2000.0 1.33076923077
-5412.33816284 -76.3352668199 0.956028847584 1000.0 0.202564102564
-2116.97577099 -42.7282924675 0.839839113396 1800.0 0.612820512821
-1521.7942875 -9.12368430325 0.443522088823 1800.0 1.5358974359
4782.99976992 -45.9887865803 0.878706770954 5000.0 2.1
1531.17841056 62.98849123 0.987534930761 1400.0 0.151282051282
-879.84022718 14.1340947105 0.379531951815 1800.0 1.63846153846
7005.20854711 5.82277073379 0.977456713583 2200.0 0.458974358974
2736.68193813 61.7016607705 0.987929240372 800.0 0.202564102564
5698.62212353 32.5445937988 0.99265425336 600.0 0.151282051282
-4327.88696584 2.72203629721 0.784257956187 2000.0 1.07435897436
-6957.33884992 20.5934778861 0.969950697171 3200.0 0.458974358974
2438.81637259 53.6150471193 0.875479453527 5000.0 1.63846153846
-5142.45123658 25.9562449064 0.781723907256 1000.0 0.561538461538
6175.42365555 -65.997641884 0.987170283937 3200.0 0.612820512821
6908.26518059 74.7700062894 0.997441704022 1400.0 0.151282051282
-7184.38136944 -25.2560243554 0.928083595108 600.0 0.202564102564
-6862.21476691 47.0973906911 0.878770136939 1800.0 0.817948717949
-3272.34081953 33.5076276631 0.772358871744 1200.0 0.664102564103
1962.92820159 -21.8732123078 0.559284312502 2400.0 2.04871794872
1940.04032984 1.95414693889 0.39070903926 2000.0 1.94615384615
-1115.3036883 53.7049600672 0.974385002284 1800.0 0.407692307692
-1429.13958844 15.2872309281 0.456507578064 1800.0 1.58717948718
-4574.27500796 58.4837454635 0.993448364891 1000.0 0.151282051282
8242.88434009 -3.06346899421 0.952570130582 2800.0 0.458974358974
3501.50372088 30.0325620237 0.837418232446 2200.0 1.48461538462
-2428.05237988 -49.2039189666 0.754238616863 1800.0 1.02307692308
-3317.49361994 -4.73286869987 0.672312905805 2600.0 1.74102564103
753.821425168 9.69173192388 0.244702678629 2000.0 1.89487179487
-9283.7268002 -4.57210528382 0.947542198209 1400.0 0.612820512821
7091.69366048 -70.7532658589 0.99019689335 1200.0 0.202564102564
1699.52867157 54.7524454532 0.860540845869 5000.0 1.68974358974
6790.12140086 50.0553398269 0.998661778766 4400.0 0.1
-307.326116706 -25.9385342687 0.703944567911 1800.0 0.971794871795
1692.61027702 75.0934792093 0.981589233245 800.0 0.253846153846
6975.2948242 -9.92680696931 0.927436701801 4200.0 1.38205128205
-1628.90619382 -47.0087854291 0.799398158939 1600.0 0.664102564103
2169.70302459 18.6842991919 0.61961173641 5000.0 2.1
6406.99661247 -72.6927991583 0.955900188936 5000.0 1.22820512821
1485.29800303 -44.7396678326 0.831738280187 2400.0 0.920512820513
8305.26780491 -32.2317608931 0.922692829879 1400.0 0.510256410256
-324.201675024 -44.5508208374 0.791101066913 2200.0 0.971794871795
5348.52097855 -47.9939533026 0.974667640724 5000.0 1.12564102564
4979.57538372 24.1289333345 0.827630944779 5000.0 2.1
6167.81865735 58.8146154582 0.976107150441 1600.0 0.612820512821
-5288.73190429 5.86897853025 0.766970548061 600.0 0.715384615385
4435.89221639 -34.4455392227 0.833463763683 5000.0 2.1
-5464.73983682 -84.1309917555 1.00309047832 5000.0 0.1
-24.8049870805 -8.98761237843 0.297172335206 1800.0 1.63846153846
-4984.3095079 -16.2145816195 0.795548246287 1000.0 0.715384615385
5635.27582011 -29.0698153665 0.900483369139 5000.0 1.48461538462
-112.447050592 -28.043224683 0.564916771622 2000.0 1.38205128205
-555.975586605 -8.24887192522 0.293235653294 2000.0 1.74102564103
-5774.11250275 70.9465136159 1.0059416935 5000.0 0.1
4622.78664821 18.0528920804 0.909956102121 2400.0 1.02307692308
2273.6668204 -36.9583708791 0.839365994093 4800.0 1.68974358974
2045.34352809 -26.3176679285 0.74643964941 4800.0 1.74102564103
2022.92865608 69.7299775882 0.945719292683 2000.0 0.561538461538
2088.29172851 40.8499894915 0.935831234154 1800.0 0.510256410256
-2433.06206979 6.32013869805 0.377336012251 1800.0 1.63846153846
-7084.4726113 29.7745096561 0.944931562266 800.0 0.202564102564
-4377.09546311 -62.9790930477 0.950897415961 5000.0 0.664102564103
1939.58735168 26.8934188946 0.925249011166 2600.0 1.12564102564
-7114.5776629 41.7499152745 0.941334861083 600.0 0.35641025641
-8498.18920723 -20.5279402507 0.967943672089 600.0 0.35641025641
6768.23723392 11.9010868749 0.940933993829 5000.0 1.63846153846
-1155.79468213 -26.5852219886 0.623285900608 2000.0 1.38205128205
-4844.07779263 72.0636526897 0.959183656887 600.0 0.151282051282
-6856.90717624 -61.4381032449 0.966424598503 2000.0 0.305128205128
-7552.38436486 29.4745999213 0.939201173926 600.0 0.202564102564
3396.5174407 -67.5919923476 0.930438308394 1800.0 0.458974358974
7486.39222965 -53.5384311003 0.984246390604 5000.0 1.12564102564
2516.64035356 58.3137804961 0.957795655678 2000.0 0.664102564103
2060.27435176 -2.26741377315 0.42007642084 2000.0 1.89487179487
-5658.9258413 2.71707724394 0.862397940579 3200.0 1.12564102564
-4104.66088624 29.3402701373 0.832377253845 1000.0 0.561538461538
-5596.73308946 -45.2371417174 0.942370234357 600.0 0.202564102564
6848.60054045 68.9621183848 0.991862920726 4200.0 0.510256410256
6257.71391426 -36.3300227713 0.9726600991 5000.0 0.715384615385
-2478.19990885 48.0959504781 0.89233380324 1200.0 0.458974358974
36.0555645045 4.28682206101 0.189226419043 2000.0 1.99743589744
-7867.47075913 -37.8314782092 0.951051647274 2400.0 0.253846153846
-1466.88339392 -58.6888843749 0.917198341457 4800.0 1.02307692308
3164.41650447 31.8351983632 0.775645905971 2000.0 1.5358974359
-4976.3512833 65.8523567723 0.981714979094 600.0 0.151282051282
6983.69747631 -17.7235682395 0.958201857412 4400.0 1.22820512821
3832.80954277 35.0805360546 0.875306500785 5000.0 1.74102564103
642.430128618 -31.7028709697 0.796824163665 2200.0 1.58717948718
-2068.43535301 54.1992052455 1.00105410178 5000.0 0.1
-1895.54632718 -15.6341457165 0.546717811056 1800.0 1.27948717949
6798.46844654 52.9037559759 1.00120734151 4600.0 0.1
-2371.93025624 77.1808188363 0.961213402976 1600.0 0.35641025641
4527.35214108 -28.4380047364 0.883722248154 5000.0 1.58717948718
2681.56717314 -63.4661486129 0.964531484288 4400.0 0.766666666667
1170.45507632 -74.6558693986 0.907502856144 2400.0 0.766666666667
-5259.88266647 -33.6490834741 0.798512590441 1600.0 0.920512820513
2488.7223459 8.09064889608 0.45133370281 2000.0 1.89487179487
823.487729276 86.3829802648 0.886223820597 1600.0 0.920512820513
-5293.74378963 51.284161829 0.817493697401 1000.0 0.510256410256
1197.941421 3.35736801171 0.382937760044 2400.0 2.1
2150.53293952 -13.1740344433 0.538021137922 2000.0 1.58717948718
5858.34277108 10.0423835068 0.877991078364 4200.0 1.89487179487
-6286.71067274 -8.03520700599 0.913993118414 4400.0 1.07435897436
-4333.6844681 -3.7415357524 0.672984120139 600.0 0.766666666667
7031.63270008 21.3715813301 0.974570391909 4600.0 1.07435897436
-5633.2195059 55.2783529833 0.985703729757 4800.0 0.253846153846
-4697.29259808 30.8705374872 0.892507867368 1000.0 0.407692307692
-186.30568277 -14.8196310319 0.490111192403 2000.0 1.43333333333
2950.16328075 38.2241118499 0.856961643957 4600.0 1.74102564103
5506.34528662 -41.7230330557 0.92675759769 4600.0 1.68974358974
7556.93004313 -45.7923795368 0.86889813215 1600.0 0.920512820513
7181.33617395 -42.2532252719 0.984760426323 4200.0 0.458974358974
3819.05844545 -33.7677763735 0.841760714685 5000.0 1.79230769231
-2526.43716472 87.8089393326 1.00431059892 5000.0 0.1
-65.0307622903 -42.7585093838 0.877624197964 5000.0 1.89487179487
-6907.09944429 8.58318915382 0.941036271456 600.0 0.253846153846
-429.793131561 39.0023380146 0.874118504841 1400.0 0.817948717949
-4381.65556595 34.8769626343 0.768880648291 800.0 0.561538461538
7327.23876643 -14.2105099908 0.934047947346 4600.0 1.22820512821
4072.63744702 31.79450844 0.93837014996 2000.0 0.561538461538
2410.00817945 52.0223290425 0.859536117783 4600.0 1.74102564103
-6415.62651343 -17.4651683076 0.923905246073 4600.0 1.02307692308
-1448.90326377 -62.0302734268 0.899840928988 1400.0 0.561538461538
-8659.28830976 27.963941725 0.967402661407 1400.0 0.202564102564
6478.18516857 72.8446429179 0.998043959774 2600.0 0.1
3580.20656543 66.3340000357 1.00045713692 1400.0 0.1
6918.90803309 30.3409458588 0.855357275999 2400.0 1.43333333333
4520.24585044 30.9765259257 0.939555263836 2400.0 1.07435897436
-826.892339858 -72.3052180691 0.965235154612 1400.0 0.305128205128
7162.26602633 -69.184153501 0.995153386967 800.0 0.202564102564
-4392.04592089 50.9113425103 0.817790487978 1200.0 0.664102564103
-4662.52542009 33.8942819501 0.990916505699 4600.0 0.407692307692
-2838.97048487 -59.3103089175 0.883531999109 2000.0 1.17692307692
9768.60453057 -0.8174041058 0.986012684566 5000.0 0.920512820513
-2232.6916471 -82.9645809233 0.971982434393 1600.0 0.202564102564
8090.12827342 -26.3274396205 0.995615891096 5000.0 0.35641025641
53.9336166907 -23.477574281 0.685367261089 1800.0 1.02307692308
-5110.88167976 -60.6715600076 0.964859953585 800.0 0.151282051282
-5031.28664202 -57.7973180375 0.899552622629 1000.0 0.305128205128
-944.388308665 69.7328831561 0.994488455774 800.0 0.1
7194.76396128 29.2467015243 0.997117397385 4600.0 0.202564102564
-7892.85893172 53.2709856562 0.997176078054 1200.0 0.1
-5301.36154704 -7.24245729301 0.865337498369 4000.0 1.27948717949
3060.59857955 -8.31916615209 0.621134635741 3800.0 2.1
4051.97682748 -68.1479099299 0.942919474181 4400.0 0.664102564103
-4802.28008004 -30.4166191774 0.892795639881 2000.0 0.561538461538
6424.77997281 -48.2394702455 0.945368442651 3200.0 1.63846153846
-883.406091662 60.6201632658 0.958742141257 5000.0 0.920512820513
5560.51658798 88.0426696021 0.991566130194 600.0 0.151282051282
7273.11893826 9.78962531441 0.980351805575 5000.0 0.971794871795
-5726.33082342 -60.7497428261 0.877184375224 4600.0 0.971794871795
5197.34559768 38.4582708201 0.983420033025 4600.0 0.715384615385
1741.4743279 -22.7309102403 0.441267426005 2400.0 2.1
-2337.43240922 -55.7868894294 0.998840084611 5000.0 0.151282051282
6980.54349176 34.5857590464 0.946219261346 5000.0 1.48461538462
284.845577164 58.788349187 0.92281074433 1600.0 0.510256410256
-2508.93179747 -3.39905855923 0.597662384069 1800.0 1.33076923077
-7306.9581046 -17.3366238863 0.974703521654 5000.0 0.612820512821
-6999.73721575 -43.4613086748 0.997361908653 3200.0 0.1
-2465.18649788 45.9455578768 0.985595498157 2200.0 0.253846153846
-4019.45768314 -4.73582358264 0.718432216969 4400.0 2.1
-1047.49824775 14.0941461792 0.370599249683 1800.0 1.63846153846
1607.38956322 -47.0634914365 0.95381449414 4200.0 0.971794871795
6307.38637819 17.2081238826 0.991500183724 5000.0 0.510256410256
6533.23888329 25.8979960791 0.99035252922 3800.0 0.458974358974
5980.77537402 16.7203673232 0.911064832479 5000.0 1.84358974359
1384.56361457 34.9822957628 0.853863725939 2000.0 1.07435897436
-7790.29255619 11.1177111301 0.937983111242 2000.0 0.35641025641
2409.62697139 -9.39440177129 0.523965770484 2400.0 2.04871794872
-4776.43804983 -5.25912332681 0.803667693158 4800.0 2.1
6230.13681651 48.14656774 0.849650752337 2200.0 1.63846153846
7053.27647682 78.3678447643 0.990781345689 1000.0 0.151282051282
4056.29349606 32.4085173786 0.790667826629 4800.0 2.1
-6062.0896352 12.148023272 0.869825934166 3200.0 1.12564102564
3578.17849821 74.3329851254 0.994230178133 1600.0 0.151282051282
5225.65983563 25.9616435585 0.974855273383 5000.0 0.561538461538
5881.50143119 -12.748885693 0.901903154629 3800.0 1.68974358974
-7850.01699924 -61.1591023051 0.992062504441 4000.0 0.1
1395.65369333 -45.6514712744 0.869187150518 5000.0 1.94615384615
-2037.40714091 56.3760018171 0.859210893428 2200.0 0.766666666667
-2303.02255808 29.6329810883 0.711186174164 1600.0 1.07435897436
-5875.30470562 52.1436851307 0.963907180408 1400.0 0.151282051282
3550.15989985 24.3110979085 0.816546187172 2200.0 1.33076923077
6848.41776006 11.6415097954 0.987247920457 2200.0 0.35641025641
4608.84587677 36.5301941744 0.949184654723 5000.0 0.920512820513
1556.36075592 11.9322606166 0.496094065402 2400.0 2.1
-3862.32724611 -2.20989529327 0.774166939202 4600.0 2.1
-2501.07541388 44.4229985556 0.951958671313 5000.0 0.920512820513
-4372.21579971 -49.7051996322 0.945731839351 4400.0 0.561538461538
1616.84739972 -12.3108513052 0.450256479106 2200.0 2.1
-377.742405338 50.1379782627 0.999367552136 2000.0 0.1
-1594.82222264 59.9524636305 0.986306584585 4200.0 0.561538461538
1074.08211557 -59.99847734 0.996504073631 800.0 0.1
6221.90526827 -57.1718451622 1.00278392827 4200.0 0.1
-1208.56973272 -47.1195371262 0.838613422765 1600.0 0.715384615385
5128.97896801 -39.3957507496 0.976283801862 4800.0 0.458974358974
5582.14970469 74.4987359341 0.914231985936 1800.0 0.766666666667
924.538588665 -46.5935580757 0.843106612236 4800.0 1.89487179487
5817.86166976 28.0862252063 0.958656823271 3400.0 1.27948717949
-1547.53443655 -57.8169075759 0.886329473401 4400.0 1.38205128205
-1383.47006265 79.4651579858 1.00797450325 5000.0 0.1
384.671167281 -87.8876209204 0.940785300211 1000.0 0.561538461538
-407.441242773 14.6431105867 0.294038959029 2000.0 1.99743589744
6539.9881916 80.9340553316 0.997676155503 5000.0 0.35641025641
6492.54984523 -24.6191150401 0.924319425481 1800.0 0.920512820513
-993.628407315 60.1333520714 0.922108818167 1400.0 0.458974358974
-4766.02570161 -25.3745187821 0.858703416602 1200.0 0.458974358974
6721.57983843 -60.5093314103 0.997265344387 800.0 0.1
2865.32363078 53.9113929691 0.847370657115 1800.0 1.17692307692
1810.78295176 -28.7441286309 0.779512923113 3800.0 1.5358974359
2110.0037175 -68.9089696529 0.827336478949 5000.0 1.27948717949
2289.06826861 -34.6158191419 0.701324589065 2600.0 2.1
1905.65252096 23.0899732235 0.711263010605 2400.0 1.58717948718
-3861.31879765 -40.2383339316 0.839732741463 1200.0 0.510256410256
3352.72692943 -15.7593586966 0.717034134735 2400.0 1.84358974359
6000.25666741 65.5192194311 0.969233515527 2400.0 0.869230769231
4425.29657347 25.3500982826 0.918903870819 4800.0 1.17692307692
3099.76924609 61.6073678652 0.989297652218 1800.0 0.253846153846
1496.77692114 -23.1172854507 0.618299776671 2400.0 1.68974358974
-1789.60474177 55.1444793412 1.00042868463 4800.0 0.1
-1229.89583537 44.8673770503 0.998142787568 5000.0 0.151282051282
-4068.28473045 33.1061577524 0.978280269847 4800.0 0.664102564103
-210.810469226 20.6722941848 0.476649624028 1800.0 1.74102564103
-6024.26533159 -48.1466746797 0.928646382108 2200.0 0.612820512821
-3588.35768526 60.7114129527 0.942905770692 2000.0 0.561538461538
-3211.36488657 10.4319313866 0.613760418858 1400.0 1.02307692308
-5859.21572962 -20.7213226808 0.93122861576 1600.0 0.305128205128
-4092.92657258 -11.334695254 0.78150684534 1200.0 0.715384615385
-4760.59802862 4.00178278574 0.801400428297 2000.0 1.07435897436
1680.07089635 -43.7795321131 0.86262510734 2200.0 1.17692307692
5122.6588912 49.0118540836 0.980004074001 4400.0 0.766666666667
-5505.28743355 -1.45362097186 0.884881578612 1400.0 0.510256410256
-1018.53337508 9.39827475906 0.263880053017 2000.0 1.89487179487
-448.953215466 29.1995899637 0.865213974685 1600.0 0.766666666667
5512.91098704 -36.1586994295 0.947970459614 2200.0 1.02307692308
3006.85919649 54.3859068883 0.964949163806 1800.0 0.561538461538
381.573299024 -28.5413016542 0.748218799264 2600.0 1.22820512821
-565.377087034 -48.4548100398 0.956628349501 4800.0 1.12564102564
-256.260936027 48.2078880587 0.935611553335 5000.0 1.43333333333
1573.11670009 10.2663841836 0.493945903528 2200.0 1.99743589744
-3759.79355179 40.688951775 0.870102592701 2000.0 0.817948717949
-907.641281618 -27.217300837 0.740521024796 2000.0 0.971794871795
4887.3359861 -10.1872090671 0.813940845061 2200.0 1.22820512821
2530.94917391 27.254469134 0.625438315234 2000.0 1.63846153846
-2464.34271497 43.3395261638 0.889761489583 1800.0 0.817948717949
-2712.04595798 47.1725102059 0.987104744813 2000.0 0.202564102564
1959.07492539 -25.0492182645 0.554364986121 2400.0 2.1
-7276.54935759 58.5285321555 0.913836143799 1400.0 0.612820512821
-4551.90707641 1.88018079153 0.754204184201 1600.0 1.02307692308
-6281.48436975 23.3720100421 0.927914843608 1000.0 0.305128205128
-7888.04952724 -35.5966159752 0.870902780684 1800.0 0.458974358974
6848.60435514 -62.3840717474 0.95499904132 2200.0 0.817948717949
6750.36432075 -12.1440665465 0.934527161684 5000.0 1.43333333333
-2599.58953827 17.7823170374 0.689806483883 2000.0 1.22820512821
-5713.84049005 -17.8072129702 0.913045832666 4000.0 1.17692307692
-1908.74018602 -51.308442081 0.870467401216 1600.0 0.561538461538
-3868.1656674 52.5188125497 0.992939437081 3600.0 0.202564102564
4665.6164155 4.34009904114 0.81386648159 2000.0 1.02307692308
-2951.24471317 65.7288280052 0.854721122131 1600.0 0.766666666667
-7361.32877203 -41.2220081341 0.916735772828 1200.0 0.305128205128
4931.88658376 -50.2165353688 0.959132107043 5000.0 1.07435897436
2143.18315515 -71.2801572754 0.869574647684 5000.0 1.22820512821
2307.18143093 47.8107176879 0.909168681435 5000.0 1.48461538462
-3143.23667081 30.0865063652 0.920503076004 4600.0 1.74102564103
-267.318884745 -15.6441006759 0.511426178817 2000.0 1.48461538462
-4658.16142486 19.0636030829 0.826284245289 800.0 0.664102564103
-7261.35822534 62.4172992997 0.950874729404 3200.0 0.612820512821
-4120.37226413 19.3678992518 0.702173868445 1800.0 1.22820512821
5511.80063014 -36.394668569 0.943107394267 5000.0 1.63846153846
-457.323949212 30.9629426163 0.953787841249 1800.0 0.458974358974
-6135.13105469 -8.728408216 0.856126901742 600.0 0.407692307692
-5247.51235387 -53.4357633402 0.990447296174 800.0 0.1
-4855.30776263 -12.0040304413 0.863601970944 2400.0 0.869230769231
-718.080947908 52.5371500901 0.959939291512 2000.0 0.35641025641
2179.48259392 15.1024161504 0.464934721415 2200.0 1.99743589744
-4545.5788196 -8.12022081576 0.8180921258 2000.0 0.971794871795
4045.69543601 58.6341130608 0.977396565312 1000.0 0.305128205128
2310.54371309 -17.9876231675 0.65904707825 2200.0 1.48461538462
-7415.20703218 26.2442886251 0.954009184773 600.0 0.202564102564
-6278.67846342 75.7863470224 0.955488851163 800.0 0.715384615385
1579.06456927 6.7240042571 0.342759614297 2000.0 1.89487179487
-3427.13373442 -75.545396013 0.93900113833 1400.0 0.35641025641
-522.593778501 -72.3434237947 0.952710659252 1400.0 0.458974358974
5212.39093632 -69.4530646783 0.998413181683 600.0 0.1
-3156.99066863 -20.1874435453 0.53926481459 1600.0 1.27948717949
6312.85731881 -4.61871044266 0.920647346734 3800.0 1.07435897436
-7543.94303014 9.60104346076 0.948021141409 3200.0 0.561538461538
6806.04252626 -9.01412585377 0.944590192119 2400.0 0.920512820513
-54.6008464103 69.2685122492 0.928818970573 1800.0 0.510256410256
-3380.82856483 -22.2265468439 0.705247327018 800.0 0.664102564103
-665.251527186 -29.9263227634 0.758193161293 2000.0 0.971794871795
3216.75273277 7.25835738222 0.640191982905 2800.0 2.1
-719.887643551 4.90246709356 0.167793233613 2000.0 1.94615384615
-4583.37821314 54.4061846681 0.909904002967 800.0 0.305128205128
3734.51172513 -13.4401585647 0.75622011419 2200.0 1.38205128205
5862.12431603 72.2541321767 0.996999553093 3200.0 0.253846153846
1980.98774258 -28.733180485 0.656452477756 2400.0 2.1
-2899.76311215 69.1160836463 0.964357699738 3800.0 0.664102564103
1386.61742278 22.4769326049 0.359115027506 2000.0 1.89487179487
5713.65730221 -48.7159392123 0.925878983825 2200.0 0.766666666667
-5641.78106206 -15.3676594527 0.838996411387 600.0 0.407692307692
-6995.28364832 48.0415234569 0.822188031795 2600.0 0.817948717949
-3783.85024319 22.9736077594 0.732770283286 1400.0 0.869230769231
-2416.30740175 -2.78942987981 0.56442314449 1600.0 1.22820512821
-746.597064202 18.1736041583 0.345523968204 1800.0 1.58717948718
-4227.79578936 61.8253406239 0.99289960222 5000.0 0.253846153846
-6365.66635013 -71.344807732 0.975872760983 800.0 0.151282051282
5119.28658819 -29.4882145226 0.883326688068 5000.0 1.38205128205
-6097.35514826 -51.276612497 0.921600794124 600.0 0.253846153846
4289.27009614 -27.9849917312 0.839966152246 4800.0 1.79230769231
-5657.89565332 57.4626949286 0.9868029097 800.0 0.1
5281.34289627 18.5200011871 0.950863537517 4400.0 1.22820512821
1234.1597785 -7.57598880548 0.435175283834 2200.0 1.99743589744
-539.446443068 -31.131553505 0.659883721414 1800.0 1.33076923077
2096.2612438 33.4656446964 0.898277481918 1800.0 0.971794871795
-6510.22814789 -39.4342796177 0.988289411524 1000.0 0.1
-2581.76413355 9.50356728581 0.393523167717 1800.0 1.5358974359
5054.40268792 10.9680299225 0.875644009414 5000.0 1.94615384615
-3325.34768245 4.60698382257 0.466171046787 1600.0 1.38205128205
-5146.39335881 -68.9473293001 0.979370669308 1600.0 0.151282051282
2552.94633906 -79.8124817947 0.96037055292 5000.0 0.664102564103
2438.46187599 18.5893749906 0.707200173835 2400.0 1.74102564103
4901.36359043 -74.520238439 0.931631489916 5000.0 1.22820512821
1807.12140562 -39.2664666744 0.800792898785 1800.0 0.715384615385
4255.93043902 -36.6507565714 0.915391031456 4400.0 1.22820512821
-2817.21814102 24.3622694414 0.868084301976 1800.0 0.817948717949
