-3223.85822464 -41.0790367531 0.915738014988 1600.0 0.253846153846
-6821.15187776 -27.8686461044 0.966766927147 600.0 0.151282051282
2583.00318353 -27.7448749311 0.538132090161 2200.0 0.920512820513
-4816.45117108 -86.9691196361 0.967977795773 600.0 0.1
-3328.21026752 -51.0149440234 0.890112693859 800.0 0.202564102564
2271.1590899 31.8694534507 0.827682210854 5000.0 0.971794871795
3728.1051825 -54.7112018059 0.857078180132 2000.0 0.510256410256
5136.40878105 10.4163987516 0.935310008416 5000.0 0.715384615385
1.15517989121 -34.7092170299 0.645862597504 2000.0 0.766666666667
-1154.10469715 -25.913874252 0.730036786941 2000.0 0.510256410256
-398.909053207 11.8672475582 0.366263325464 2000.0 0.920512820513
-6371.69657945 -60.1560793672 0.931557547431 1400.0 0.202564102564
6868.43140865 -54.8830654978 0.984029171514 3400.0 0.407692307692
-1877.04412114 -30.6270719716 0.793813096611 1600.0 0.407692307692
-4365.82661435 -43.5144371141 0.904924100327 2000.0 0.458974358974
-8356.26143388 -28.263581115 0.983216938949 800.0 0.1
4862.68831537 -12.807694824 0.81064393006 4000.0 1.22820512821
-172.654192751 2.96047613072 0.199683809294 2000.0 0.971794871795
-1089.39457758 23.670700901 0.756642092035 2000.0 0.561538461538
8766.81201388 19.9468309327 0.986357891039 5000.0 0.407692307692
6175.11223071 45.5664759284 0.99775942935 4200.0 0.1
-5856.20458482 81.6725263497 1.00874692325 4800.0 0.1
7840.50317259 67.7494434054 0.937927885036 1200.0 0.151282051282
3901.54039536 9.82534200105 0.76393418822 4400.0 1.27948717949
-743.429061369 -72.5293226136 0.959043696579 4000.0 0.253846153846
4622.37911436 42.1265301021 0.904343892166 4400.0 0.561538461538
1220.31685774 -76.8826532121 1.01545598002 800.0 0.1
4671.35393617 71.4101117023 1.00286964088 5000.0 0.1
-5387.3364601 -56.8706882857 0.921521258389 800.0 0.1
-5256.31744385 33.3293482079 0.877346180616 3800.0 0.561538461538
6231.49091837 45.8927603149 0.963607964778 2800.0 0.458974358974
-4954.44181549 -60.8543270525 0.983610868171 4600.0 0.253846153846
-399.664076037 -57.7961065052 0.996020978896 1800.0 0.1
-4140.67669294 -31.9206285965 0.813752490367 1200.0 0.305128205128
1482.82329506 -21.4277646367 0.430920920948 2200.0 1.02307692308
1124.50846851 35.0367111766 0.818974928267 2000.0 0.510256410256
5733.38666578 -64.3555533859 1.00629905396 5000.0 0.1
-2522.04094556 -2.45478538074 0.43669386488 1800.0 0.766666666667
-1924.98440591 39.6724698353 0.792969686743 4600.0 1.17692307692
1631.79281203 13.0188969652 0.508022935388 2400.0 1.12564102564
4822.93265908 42.596227123 0.894701602686 5000.0 1.17692307692
-6033.76958567 -49.2635241489 0.989799735378 600.0 0.1
-4774.56603419 62.7726446547 0.925135383031 1000.0 0.253846153846
5504.05280692 69.347289573 0.980272066442 1800.0 0.151282051282
131.592868275 -45.1823365868 0.794369906468 2000.0 0.458974358974
-849.630935758 -3.5310392349 0.223365225751 2000.0 0.971794871795
3857.86437948 81.2165664155 0.921146448451 2000.0 0.458974358974
8077.72464707 8.73173772385 0.896011016222 1400.0 0.510256410256
4440.68035454 11.2824714098 0.801594138713 4800.0 1.22820512821
2076.19149886 -66.7109663782 0.995739378052 800.0 0.1
5016.03075821 -18.6430166596 0.914404539848 2800.0 0.407692307692
6865.20008113 47.7250788004 0.918624656045 2000.0 0.510256410256
2394.52542581 16.6974337175 0.789715637585 2200.0 0.664102564103
-5828.83100729 18.3091046414 0.883034973716 2000.0 0.305128205128
-3914.64470163 -74.9376878866 0.973371664895 600.0 0.1
-1433.14332829 10.5403483217 0.448067677069 2200.0 0.971794871795
5807.14017517 37.8967153125 0.952734047852 3200.0 0.253846153846
4262.94665841 55.2698080886 1.00517449675 600.0 0.1
544.736711327 33.7801449181 0.627372024806 2200.0 0.869230769231
-7138.9914377 -64.5207941737 1.0062267505 5000.0 0.1
2112.73228773 19.3885462619 0.697255399847 2200.0 0.766666666667
2915.85925847 15.0703768029 0.602960026801 2600.0 1.02307692308
-476.808676791 11.6051698117 0.282234509381 2000.0 0.971794871795
2480.18728566 -33.0693462554 0.657395334965 2200.0 0.817948717949
3000.35559981 40.7949729301 0.865347626396 2200.0 0.612820512821
-3409.54991916 -37.4103786709 0.869345177879 4600.0 0.561538461538
5539.64279048 -46.0615644347 0.950694585231 3400.0 0.510256410256
4612.64681008 14.7664573742 0.884459867844 2000.0 0.458974358974
-1579.06742159 -19.5852341513 0.663384228477 1800.0 0.510256410256
1326.6042832 -60.2740481626 0.998696453023 5000.0 0.1
-5795.15587132 14.4595895073 0.84237521423 2800.0 0.510256410256
5969.88725591 7.04922341315 0.813416863451 2200.0 0.817948717949
1340.83710557 -44.771995509 0.7620059942 5000.0 1.02307692308
-2680.62647016 20.1789116724 0.671517983619 2000.0 0.612820512821
1224.1231388 -54.4803598079 0.8682892879 4800.0 0.664102564103
2597.84710131 49.7143089757 0.988130079326 4800.0 0.253846153846
-5437.81624782 -69.4163209317 0.960230074137 1000.0 0.1
-4434.24483283 45.5554878759 0.998574371744 4800.0 0.1
-1410.87780203 -65.3371752061 0.949202448535 4000.0 0.305128205128
974.421122981 -55.2844317083 0.77797367012 4800.0 1.02307692308
-121.204849375 45.9475087979 0.928270792132 1800.0 0.253846153846
-4488.4303233 -72.4043297261 0.975724534045 600.0 0.1
-7390.33336712 71.6071713767 1.01816402501 3000.0 0.1
5260.67585298 20.0683513088 0.891549347176 2200.0 0.715384615385
-1648.79540908 -42.2783450901 0.789665640686 1600.0 0.35641025641
6530.84204725 -19.688549346 0.944459729714 4800.0 0.35641025641
4271.62351561 4.69666836373 0.682628611872 2200.0 0.971794871795
634.796927385 -40.4938097633 0.73180223646 2000.0 0.817948717949
-3150.38664606 33.7383671862 0.773276550427 1800.0 0.561538461538
6214.5383326 64.4249229808 0.942534424983 2000.0 0.305128205128
6184.48566126 3.2224826389 0.838205153679 2200.0 0.817948717949
-6831.0652912 13.1967691652 0.866913825857 1800.0 0.510256410256
6422.33146505 -61.3047839327 1.00429010556 3400.0 0.1
1120.81477727 65.2931258987 0.927302165461 1800.0 0.253846153846
4963.26531819 34.8919895598 0.924562626729 5000.0 1.02307692308
-3781.19949435 1.53425767064 0.700401566517 1800.0 0.561538461538
1820.21863736 -50.4388092163 0.825652921771 3800.0 0.664102564103
2519.35804334 42.6892532802 0.978215201271 1000.0 0.1
-5538.88701221 -54.354813966 0.928988555724 5000.0 0.817948717949
7368.17463976 46.0156500475 0.946758187976 5000.0 0.766666666667
-4449.61378214 -46.9797089286 0.945319473219 5000.0 0.561538461538
6866.87494273 -54.9875400281 0.998726647744 1600.0 0.1
5533.46831503 43.4700627497 0.944236405476 1600.0 0.202564102564
4262.59120324 -78.4132753402 0.973961109303 2000.0 0.305128205128
116.45313754 -46.4290474011 0.836538848575 1800.0 0.35641025641
-4538.02873958 -3.20879846741 0.831464088438 2200.0 0.458974358974
3880.88775879 48.3017505793 0.837306711664 5000.0 0.869230769231
-8278.32476353 -18.8584728546 0.993933945712 3200.0 0.1
3182.6989143 -41.0583730342 0.868929219226 5000.0 1.12564102564
3952.64567001 -73.3452232354 0.97418582941 1800.0 0.253846153846
6659.51634566 43.6281618883 0.998032804487 5000.0 0.1
4052.02299965 79.5514693909 0.987541400491 4400.0 0.253846153846
4501.21634034 -56.7200814951 0.914775020944 5000.0 0.869230769231
236.496011289 -3.55655236292 0.135008237545 2000.0 1.02307692308
5064.30974436 59.0949198333 0.918600643783 3600.0 0.817948717949
-406.189156242 63.7433904631 0.966535294632 1800.0 0.202564102564
-1739.97545904 19.5324771585 0.513098910155 2000.0 0.971794871795
-6380.06232254 -60.3075654952 0.933294458624 2600.0 0.510256410256
-2938.53693236 -27.5246626817 0.705408064589 1800.0 0.510256410256
7686.85443701 -8.01904252421 0.939711199987 5000.0 0.766666666667
-5636.93891484 23.2229058073 0.918799250819 4800.0 0.664102564103
5927.48340075 43.2783687869 0.981890595404 1000.0 0.151282051282
-4387.17045914 55.300330854 0.869063935574 800.0 0.407692307692
2734.65371845 48.833826564 0.979932061625 1000.0 0.151282051282
1617.53000065 -19.971646439 0.681629349104 2000.0 0.612820512821
5523.38123797 50.346284045 0.996501133461 1200.0 0.1
3097.29961527 37.3230996913 0.935580569785 1200.0 0.253846153846
-670.475050759 -47.5313977245 0.78900496414 2000.0 0.510256410256
6579.5801622 -53.9836528366 0.961006228956 600.0 0.151282051282
4645.3902258 64.6390629509 1.00334721645 600.0 0.1
4745.5819547 -7.00684487144 0.823183182779 4800.0 1.12564102564
-6346.47739736 39.1616117896 0.939201253807 2600.0 0.35641025641
42.3591951315 60.6517841412 0.950853818313 4800.0 0.612820512821
2791.00861521 -43.0086008127 0.78787499172 4400.0 0.715384615385
-445.442116674 52.6237756864 0.888526996537 4800.0 0.664102564103
-6159.76965768 16.5350069639 0.919772405532 1000.0 0.202564102564
-5862.32713292 -6.47231109588 0.872100236102 3400.0 0.612820512821
7328.61259135 12.932360624 0.952910383853 5000.0 0.766666666667
3596.39161574 9.23307528016 0.788976749375 4200.0 1.33076923077
-5947.36131379 49.2813995564 1.00614733387 3200.0 0.1
-1596.29861271 -22.2814842822 0.610189162525 2200.0 0.715384615385
6884.85695805 -36.6291836212 0.983307396811 2600.0 0.202564102564
6732.62096728 34.2101089567 0.997059072193 2000.0 0.1
3235.19565788 -30.8754675325 0.784451660478 5000.0 0.817948717949
-337.34666734 27.9706695429 0.58407777851 2000.0 0.766666666667
-6130.53281227 40.6285460719 0.986907183121 2200.0 0.1
635.675023507 52.4475726324 1.01440122432 3200.0 0.1
-6323.66245375 -36.5602963766 0.995156799273 3200.0 0.1
2271.95446417 -61.5423711854 0.9230390919 2200.0 0.305128205128
-6524.37833116 3.79032545786 0.865632212797 600.0 0.202564102564
1524.63408624 -53.6605424814 0.898560127344 5000.0 0.869230769231
-5904.60607454 39.1714797355 0.893583232605 600.0 0.202564102564
5181.12248199 55.3822797119 0.998368369059 5000.0 0.1
3819.66847867 66.8142902932 0.990040194398 1200.0 0.1
3144.58464777 -2.06765127807 0.602480835673 2800.0 1.22820512821
-3510.37690336 -32.0983305083 0.889236073193 2200.0 0.407692307692
5428.72778656 17.294638855 0.948777881618 4200.0 0.407692307692
5203.61817973 -1.62173781324 0.824932596561 2400.0 0.817948717949
9110.42789951 4.90522850522 0.982711712888 5000.0 0.510256410256
-1918.70644629 -28.5471859854 0.766069259836 3000.0 0.715384615385
-5047.8659648 -42.5698206798 0.850538533241 1000.0 0.253846153846
-3045.67089651 -22.1656559284 0.695132684001 1200.0 0.510256410256
-9709.94798481 60.7461739236 0.929444842774 1600.0 0.561538461538
1507.59380154 -81.5298158774 1.01804266555 5000.0 0.1
-1547.23783482 -1.63895029423 0.376811197668 1800.0 0.817948717949
-6193.4225932 41.8958709987 0.951657435477 1000.0 0.151282051282
-2881.82930879 63.9252571843 0.86502696767 5000.0 0.715384615385
-3434.7544809 -67.5755601398 0.97256234806 4400.0 0.202564102564
-6002.60919936 71.3490260777 0.998204137786 1200.0 0.1
-2849.6396037 -53.7944116213 0.912472286806 1200.0 0.202564102564
7091.24485448 -29.7467012295 0.926692788536 4600.0 0.766666666667
-6094.767084 30.6140302152 0.917049809571 1200.0 0.151282051282
-428.45039295 66.3485403077 0.922619183923 1600.0 0.253846153846
1047.43930697 -42.9121874035 0.80408179544 2200.0 0.510256410256
-2760.91324392 -8.98737075319 0.598781364973 1400.0 0.510256410256
-6792.22500334 10.981736421 0.873000185059 600.0 0.202564102564
-5263.79793898 27.0736187709 0.962100956945 3200.0 0.407692307692
2165.89971031 -46.4617838629 0.802887658791 2200.0 0.510256410256
140.721038268 -13.4279305302 0.331233707958 2000.0 0.920512820513
1656.21093159 -22.6714403473 0.713850406806 2200.0 0.817948717949
-5697.3681105 -40.1106700217 0.870130567298 2600.0 0.715384615385
7607.58496942 -39.1213260684 0.988139603432 1200.0 0.1
-2131.95044686 28.455979816 0.860513594298 1800.0 0.458974358974
-1489.05440608 20.7139472726 0.697758036139 2000.0 0.715384615385
5780.16689 28.2881551796 0.984413500269 4800.0 0.305128205128
5213.53689705 50.0464398893 0.762230439869 1800.0 0.664102564103
-4263.48008399 -32.8801917647 0.883194113737 1200.0 0.253846153846
-582.625177658 -63.0766565011 0.90459121847 2000.0 0.35641025641
-6337.73983644 75.8515146613 1.02087557915 3200.0 0.1
-4488.53556217 -47.4247954426 0.937234324684 1600.0 0.202564102564
-803.513965612 -55.3649498722 0.926113783628 4000.0 0.407692307692
7772.2078585 -12.7060428759 0.932188099389 2000.0 0.458974358974
6357.0561451 -87.6405180241 1.00869133701 5000.0 0.1
-2608.84471508 -62.6365460038 0.974834697609 1400.0 0.151282051282
4277.56067885 -61.0442702609 0.971728006512 2200.0 0.305128205128
-5831.28880409 6.18220327202 0.853857096329 800.0 0.253846153846
-3522.83381976 2.65446786789 0.51587891703 1600.0 0.664102564103
-999.894602336 -47.8345063231 0.944583822455 5000.0 0.561538461538
-1638.00444487 21.7810991581 0.466558452971 1800.0 0.869230769231
5069.34750841 51.0015854071 0.998439817105 2400.0 0.1
4732.83647626 -75.0949246013 0.957371122251 5000.0 0.35641025641
3140.43759813 -8.13175442165 0.619625282207 2400.0 0.971794871795
6501.46522173 -51.5288746887 0.998388071679 4200.0 0.151282051282
-126.56124048 -57.1650028277 0.956188575331 5000.0 0.407692307692
1230.6667671 -30.2572202676 0.70705824218 2200.0 0.561538461538
3661.65134105 -12.1038248688 0.727839372979 4600.0 1.38205128205
3492.2519214 50.8743648647 0.998840517045 2800.0 0.1
-3139.14507367 -9.07208076497 0.712189885774 1400.0 0.510256410256
-8699.35090243 22.6661746242 0.973686915272 2000.0 0.1
-2803.17955397 -46.5532541044 0.892954213768 5000.0 0.664102564103
-3918.5644272 20.8390625741 0.733337769306 2200.0 0.715384615385
-3600.90052238 -58.025708481 0.954385413302 4600.0 0.305128205128
7041.23311247 58.9136244614 0.968578597196 5000.0 0.612820512821
-6566.62645617 -14.6903528369 0.946338764096 2200.0 0.202564102564
-7189.53349346 46.8714166788 0.899296173561 2600.0 0.510256410256
188.40460748 -14.3067858598 0.307846988102 2000.0 0.920512820513
7391.59615928 -59.9002961995 0.983759633173 4600.0 0.407692307692
4201.14354258 37.7143623591 0.816512930399 4800.0 1.07435897436
2524.32992162 -38.8594992336 0.826872248476 5000.0 0.920512820513
-4859.83313364 4.10732331993 0.808487453108 1200.0 0.35641025641
-2637.92931642 47.7517288426 1.00113002281 4600.0 0.1
-582.593716602 -30.6572558658 0.741311466139 2200.0 0.715384615385
-6959.82323168 -41.3973947887 0.988221725025 3600.0 0.1
-2177.22621416 67.7018898112 0.927059399217 1200.0 0.202564102564
7842.33445089 77.6957421724 0.925094108811 1800.0 0.458974358974
-3130.19401418 -83.0122822005 0.976494589191 5000.0 0.35641025641
2633.20568114 -70.2046316404 0.874433254291 4800.0 0.612820512821
2310.34741615 -11.9712072126 0.508312131404 2200.0 0.971794871795
163.242075913 -70.4836993096 0.915852837314 2000.0 0.305128205128
-3827.0898397 -3.86700096895 0.583191060489 1400.0 0.510256410256
-1561.49848994 -47.6645384723 0.92981529554 1800.0 0.253846153846
-4234.99945099 -7.22713785269 0.807333052587 1800.0 0.407692307692
7075.43749879 -16.948045488 0.96352475224 5000.0 0.664102564103
345.54566397 -83.8217033006 0.979854711097 4200.0 0.253846153846
5872.30790377 69.6370983297 0.994243497732 5000.0 0.151282051282
142.279085871 20.6871367867 0.408675825954 2000.0 0.920512820513
-6804.47661858 -19.137066554 0.861175037573 3200.0 0.510256410256
17.8183749463 30.7399273769 0.788529430403 1800.0 0.458974358974
-2307.65933395 -46.7156896924 0.877477915117 1600.0 0.35641025641
-4143.37785192 -51.6215377531 0.949842467556 4000.0 0.305128205128
-3255.33638182 62.9113713765 0.993477481535 5000.0 0.151282051282
6893.83148442 66.0671360979 0.95641954193 4800.0 0.664102564103
-385.215395094 22.9554665641 0.70278572274 2000.0 0.817948717949
5078.7650972 60.7547092731 0.956166665725 4400.0 0.561538461538
5044.5293466 81.2539699897 0.99855994074 2000.0 0.1
5401.20680652 -44.1127127924 0.973911357743 4200.0 0.561538461538
1327.70141981 -11.7639111089 0.327918030713 2000.0 0.971794871795
-2010.97491423 -58.8917702775 0.928411724844 2000.0 0.253846153846
793.781361286 -49.0508494605 0.857986139391 4800.0 0.715384615385
-607.460508103 -55.8737646983 0.958931489599 5000.0 0.561538461538
4080.310502 57.0316543612 0.924043194712 4800.0 0.715384615385
-6147.59270421 49.6815794641 0.985258539656 1800.0 0.151282051282
5363.10238845 44.3714066624 0.979876848289 5000.0 0.35641025641
4119.0569395 -72.1104559241 1.00319447035 5000.0 0.1
4948.17263076 -75.9192332076 0.977132396034 4800.0 0.305128205128
6556.75654202 -36.1964722816 0.97091911432 1800.0 0.253846153846
4560.7906474 55.3997487113 0.988376057969 1200.0 0.151282051282
-4074.21667228 23.0454513139 0.845247831519 2000.0 0.510256410256
5911.52773934 -2.99403146612 0.847496155429 5000.0 1.02307692308
-5174.60981542 20.6078521717 0.922983202372 3600.0 0.664102564103
2182.54558777 24.4678439492 0.749300675574 2200.0 0.817948717949
-6100.96018655 -48.9245195202 0.987744621745 3200.0 0.1
-2254.14854219 49.4889947346 0.867638317001 1400.0 0.35641025641
-3505.68591174 -75.3450836409 0.976847734957 800.0 0.1
4226.12901721 -6.48771768853 0.705781660297 1800.0 0.612820512821
5795.16537477 67.8916588241 0.995441708172 3400.0 0.1
7230.04598801 -29.6251795698 0.9301967822 4800.0 0.561538461538
-8073.71497414 -66.6815042625 0.970299394257 1800.0 0.1
6842.78859109 14.9573011558 0.983643621989 4200.0 0.35641025641
1051.85091586 -8.78094231954 0.297375539589 2200.0 1.12564102564
5406.64084429 66.2115984203 0.969041025444 1800.0 0.305128205128
4791.25511508 17.1903920318 0.898730492225 4200.0 0.920512820513
-2768.06023121 -32.8792675337 0.819946254821 600.0 0.253846153846
3673.49384254 49.9172896627 0.924142582726 1800.0 0.35641025641
-7599.07834022 10.5608393547 0.971639429323 2800.0 0.151282051282
2502.38118486 21.5528820408 0.839011052316 2000.0 0.561538461538
6021.57724919 -9.30469951606 0.899409289601 4800.0 0.817948717949
6324.75738851 18.1735517614 0.971459804747 3800.0 0.458974358974
4404.27498604 23.4365418093 0.881946493452 4200.0 0.766666666667
3048.27896286 -35.4138224167 0.799669228092 1800.0 0.510256410256
-7462.52487343 -59.7943224372 0.982104876479 3000.0 0.151282051282
9138.42356358 -60.7121327465 0.993132727259 3400.0 0.35641025641
2219.25755041 31.559121826 0.763714231804 2000.0 0.715384615385
3125.40345711 28.2598693119 0.840617795653 2000.0 0.458974358974
3881.88193146 0.881564571138 0.72002589373 4800.0 1.43333333333
5719.71179599 -68.5609073341 1.00247316134 3600.0 0.1
6803.55180598 11.5904662079 0.868085396146 2200.0 0.715384615385
-6901.70430563 73.6858362141 1.02286598318 3200.0 0.1
-981.985653157 4.96474887003 0.166151231976 2000.0 1.02307692308
4461.0392694 -29.160320532 0.926789367319 4800.0 0.561538461538
3208.33044804 -56.3668308247 0.943301241527 5000.0 0.407692307692
4263.8081807 49.9175583691 0.980938934214 5000.0 0.407692307692
3971.28495001 21.2989374919 0.92412610912 2000.0 0.35641025641
4397.43942904 -31.7023934934 0.890175697284 2400.0 0.817948717949
-6497.73848948 -3.38983938346 0.924011337311 600.0 0.151282051282
6942.34263909 -16.3403155571 0.922709214266 3600.0 0.510256410256
7524.74534675 -21.8150364444 0.968182709936 1800.0 0.305128205128
7285.28608286 45.2185089966 0.958434207512 3000.0 0.35641025641
-2400.43656583 39.4711658339 0.80766376786 4600.0 0.869230769231
4879.67311224 60.0878040855 0.989197866638 800.0 0.1
-3290.90153119 -1.15280744564 0.491959186713 1600.0 0.612820512821
5185.00734472 54.145495214 1.00088352028 600.0 0.1
-2838.77197192 -22.9430327876 0.790908194914 2000.0 0.510256410256
1607.15044709 26.3637846278 0.560511814165 2000.0 0.869230769231
-5402.28786189 -68.6369787111 0.976144724487 800.0 0.1
-3942.91571793 -65.5399197466 0.990918506081 1400.0 0.1
8010.46700791 33.3674800387 0.994011388679 5000.0 0.202564102564
-136.516998947 49.5772841323 0.853677556036 1600.0 0.458974358974
8199.09698442 16.4575644083 0.889349986022 3200.0 0.920512820513
6725.27163714 61.6752187737 0.996262852563 1800.0 0.1
6127.44494403 -45.0364199932 0.935848847541 4200.0 0.458974358974
-1388.44888204 10.811750889 0.536650756592 2200.0 0.971794871795
-143.137657492 -55.32644312 0.919253641398 2000.0 0.253846153846
5360.53240833 39.4294542845 0.884979179418 5000.0 0.869230769231
5867.13029846 63.2287110312 0.983052038432 5000.0 0.458974358974
-2829.45158589 71.9947137991 0.992460873056 1000.0 0.1
1190.37672497 23.3799257835 0.392613511203 2000.0 0.920512820513
-3845.87235636 21.2542200256 0.719365867653 2000.0 0.612820512821
553.137252452 -26.8018870421 0.704376626105 2200.0 0.664102564103
-4320.0747441 -59.2838438591 0.958636474452 1000.0 0.151282051282
7392.74399049 -27.5082303782 0.870414577011 2000.0 0.561538461538
7046.2353349 4.67731200569 0.861539479173 2400.0 0.869230769231
3120.86187931 -43.2647089005 0.724342267058 5000.0 0.971794871795
-1140.9739072 -10.8017309888 0.304113037434 2000.0 0.920512820513
1999.61022704 63.6410820485 0.870799522917 5000.0 0.817948717949
-4826.17450886 -6.84027794564 0.722300560466 600.0 0.35641025641
-2848.01787339 11.898520954 0.625521069185 2000.0 0.766666666667
-2097.79999651 -9.63457350652 0.345378232155 1800.0 0.817948717949
5467.94805751 -2.3876561937 0.82075805296 2200.0 0.766666666667
5083.7056809 -47.7129323327 0.968409473573 4800.0 0.510256410256
-1350.63141307 28.2552263746 0.923273671466 2200.0 0.407692307692
952.902690853 -44.2469771286 0.774461220373 2400.0 0.612820512821
3338.33754777 -33.2578367205 0.743888090132 5000.0 1.48461538462
99.4681390367 54.6727551922 1.00616301916 3400.0 0.1
8525.30063272 -53.9747821463 0.937807994363 3000.0 0.664102564103
-2738.68063261 -41.2299600252 0.854742018585 1200.0 0.305128205128
-934.128379877 44.8939686903 1.00336213308 5000.0 0.1
-3233.20024542 -15.2976936404 0.535518111578 1600.0 0.715384615385
-2272.35054988 -71.2481206332 1.01075915858 1000.0 0.1
-2896.44037979 -1.74006823636 0.551089928381 1600.0 0.612820512821
4063.76716979 -25.1456873517 0.865568185427 5000.0 0.715384615385
897.455546796 52.1169464704 0.894758818857 1600.0 0.305128205128
7158.16860742 40.6155550492 0.904524520339 2400.0 0.664102564103
1547.82461922 83.1766874154 1.0102534659 5000.0 0.1
-4297.68472986 -13.5481793707 0.62456643502 2000.0 0.715384615385
-4773.66591443 -55.6242064642 0.947618861401 2000.0 0.151282051282
-7220.09420939 10.4654048228 0.939438275557 1800.0 0.151282051282
6737.08862031 6.10797580392 0.954874710969 4200.0 0.664102564103
632.179766513 -67.0382694739 0.986627685748 5000.0 0.305128205128
-3983.75654169 50.6181038268 0.968191801518 1600.0 0.151282051282
-8803.40171461 27.345652763 1.01673643486 5000.0 0.1
-5751.3319576 26.3313120713 0.904451221259 2600.0 0.407692307692
-5826.38811486 7.3308233087 0.879289247653 4400.0 0.664102564103
4723.5508033 -5.80864379975 0.786107061681 2200.0 0.715384615385
-7112.6498048 -43.3149203579 0.883073562325 2600.0 0.305128205128
-7114.69533357 -9.56844720199 0.940717002926 5000.0 0.612820512821
-3799.84909297 4.89006707239 0.738374925674 2200.0 0.664102564103
-1620.01996218 -59.4775456368 0.854398589633 1600.0 0.305128205128
481.291877016 -6.25302011661 0.303701456694 2200.0 0.971794871795
-1252.37585165 4.09194914657 0.227707646853 2000.0 0.971794871795
2284.89052316 29.738762394 0.921246424922 1800.0 0.253846153846
-1971.03965227 -47.5099697736 0.833809802347 1600.0 0.35641025641
-4550.04316756 88.0857409733 1.00776997493 1000.0 0.1
5766.7919262 -10.7716096884 0.931131244887 4400.0 0.612820512821
4149.37881959 -25.0327021858 0.837737319283 4800.0 0.920512820513
7277.72284918 -68.5902911453 1.00070444244 4600.0 0.1
1252.98528477 9.18835864467 0.423804566666 2400.0 1.12564102564
7137.56134539 56.9118735627 0.972219187346 1800.0 0.253846153846
6148.4903683 56.8654881445 0.938112798153 4200.0 0.817948717949
-825.847524328 -27.2372243233 0.773231321771 2000.0 0.458974358974
833.110393543 -70.9542724093 0.950686513874 1600.0 0.202564102564
342.316790248 76.9495756548 0.989704072124 1000.0 0.1
-111.771831171 36.8450446961 0.882205892041 5000.0 1.07435897436
-28.3243164127 58.7812152013 0.972471832514 1800.0 0.151282051282
4464.67637454 69.7405629413 0.958401720735 4800.0 0.458974358974
3805.02660177 66.2296476796 0.915747502533 2000.0 0.561538461538
-6831.8178013 28.0197665625 0.922098897088 4000.0 0.510256410256
-3387.56903007 30.2773745028 0.699193282756 1800.0 0.561538461538
3239.80586362 -60.133677835 0.913048218645 4800.0 0.458974358974
8026.05773499 24.0963679074 0.994823756682 4400.0 0.202564102564
-5582.0707707 -7.4158656193 0.904112002925 4400.0 0.664102564103
-5753.39374814 -33.5263285454 0.78666681586 600.0 0.253846153846
276.330480186 -43.4111715747 0.819666149833 4600.0 0.561538461538
6849.50173819 -29.4902504268 0.958694598734 1600.0 0.202564102564
2052.52813724 -14.5851369996 0.548014953451 2000.0 0.766666666667
2577.05694964 41.1999827438 0.915598982693 1600.0 0.253846153846
-7630.33001804 60.8028856924 1.01707241067 5000.0 0.1
5270.8875519 54.9692508623 0.886688021762 3800.0 0.971794871795
-1055.94462053 -45.9246092471 0.867165712786 1800.0 0.253846153846
-2330.91882278 50.9103031194 0.889290040885 1400.0 0.253846153846
4115.06037607 32.5120231728 0.959990904957 5000.0 0.664102564103
-4349.24989699 43.3148210458 0.943244738134 1200.0 0.253846153846
1227.76406585 33.3948768052 0.972085718761 1400.0 0.151282051282
-1988.37717726 -65.3738972597 0.921794150412 4600.0 0.458974358974
8026.24120784 62.3745498981 0.999403209877 1000.0 0.1
2821.87239487 14.5318525389 0.654673985062 2200.0 0.869230769231
-4835.52217158 8.37530938768 0.683716682157 600.0 0.407692307692
-1478.88595122 -41.6776686842 0.876112735493 1400.0 0.305128205128
3728.11133099 12.1787622544 0.717015364659 2400.0 1.02307692308
-2183.77028931 20.7877036168 0.7471951424 1800.0 0.612820512821
-1196.11889496 74.7353192489 0.961128915886 1800.0 0.151282051282
-3978.2053911 -66.1322468794 0.963160642666 5000.0 0.253846153846
-2914.38574593 61.7204681161 0.970421219744 600.0 0.1
-5779.27693017 19.7859787428 0.886622628683 3000.0 0.561538461538
1834.58482514 80.1938201309 1.00660240877 600.0 0.1
-419.5128766 40.2985671236 0.957882024014 2200.0 0.305128205128
6932.87766342 -1.49833182558 0.92421121147 1800.0 0.510256410256
-4083.01357228 -4.55385789419 0.749915152664 5000.0 1.22820512821
-3764.27836368 -50.945689633 0.960620368266 4200.0 0.305128205128
-1028.32287809 15.5249182857 0.441275712664 2000.0 0.869230769231
-80.1474285203 71.460859035 0.95041221401 1600.0 0.253846153846
-108.222771844 -23.2563544014 0.482863206882 2200.0 0.817948717949
5169.41485531 -36.2877679308 0.928355623423 2800.0 0.715384615385
8943.421435 55.3398264101 0.96396995774 4600.0 0.715384615385
481.521245332 -37.2399307688 0.765006436269 2200.0 0.612820512821
-4037.0306941 35.4134369446 0.936248453006 2000.0 0.202564102564
-3313.03002356 -29.4738398431 0.777812490776 4200.0 1.07435897436
6097.45007091 -7.62748390154 0.851237971236 2000.0 0.715384615385
4459.90974625 -66.2734298715 0.938286536343 5000.0 0.817948717949
-2740.5550229 -42.3826745807 0.934170246518 1000.0 0.151282051282
-3433.8362954 3.15045122521 0.47531259551 1600.0 0.664102564103
-4433.04168632 -34.2569862257 0.902715695852 1600.0 0.253846153846
2421.65579875 70.0511121958 0.990489940458 1400.0 0.1
-5014.60938374 60.6892810747 1.02099095444 4400.0 0.1
27.6893497681 -62.5026742647 1.00587566679 5000.0 0.1
-3120.84714311 50.9599464299 0.927101402279 1200.0 0.202564102564
-6893.01983047 -75.8201360546 0.993727023421 1000.0 0.1
-269.750770999 -29.827561993 0.699225344907 1800.0 0.458974358974
-61.0630728156 -64.1692579493 0.997237968129 4800.0 0.151282051282
4144.48047331 38.8197516633 0.892506743452 2000.0 0.561538461538
-3146.62339352 27.4721235037 0.738795800101 1400.0 0.407692307692
-8600.6021502 64.3780963709 0.991148777482 600.0 0.202564102564
-4162.37455309 64.1973923592 0.874158012956 1000.0 0.253846153846
-4636.31295826 44.3179202052 0.918951451097 1600.0 0.202564102564
3441.83132839 -54.5720152377 0.957277879007 4600.0 0.766666666667
7026.98308076 52.2115454755 0.985677560432 5000.0 0.35641025641
-3574.04345477 -38.8271938555 0.815478039911 800.0 0.305128205128
3331.11513267 -47.9467070413 0.853155919004 4800.0 0.869230769231
4970.61279664 -69.1183853457 0.997421936783 4800.0 0.151282051282
6457.54277074 -11.2322595504 0.899468664867 5000.0 0.817948717949
-1699.91641471 -48.4931648066 0.86721476599 2000.0 0.35641025641
-2932.50745213 -78.5194252999 0.97113260922 4800.0 0.305128205128
-4235.82740179 45.8618732713 0.840189686955 5000.0 0.971794871795
4036.80255242 -5.3186085141 0.688550816054 2000.0 0.817948717949
1282.64333454 -57.6235774781 0.914226394793 4400.0 0.612820512821
-4832.56560532 -27.3498660783 0.758594765489 1200.0 0.305128205128
-431.275007747 71.7732230195 0.984964360015 5000.0 0.253846153846
-3158.17539429 32.6708375027 0.960582599579 1600.0 0.202564102564
575.082540169 -4.92639736191 0.186153202882 2000.0 0.971794871795
4259.25959549 28.8517894041 0.857880046546 5000.0 1.07435897436
-4496.44442967 -18.0065860823 0.824131086731 800.0 0.253846153846
3125.92244902 -33.1102776981 0.752840177907 5000.0 1.43333333333
-4681.87141967 55.3045949062 0.871658756428 1200.0 0.305128205128
6544.5880698 42.3928676533 0.981698682237 5000.0 0.458974358974
-1812.49996552 -1.52016468888 0.253534036366 2000.0 0.920512820513
4059.37968784 -49.3467401546 0.964593429756 5000.0 0.35641025641
-6798.80357275 0.860118338354 0.932635797865 600.0 0.151282051282
-1025.30085899 52.4205917869 0.908664251297 1600.0 0.305128205128
2446.87296841 31.2928878332 0.815752168782 2400.0 0.715384615385
-6199.71556169 -57.9384702684 1.01182810124 5000.0 0.1
-3779.07714116 -16.4927798011 0.805561047512 3000.0 0.664102564103
-6116.26004916 39.1190534791 0.968968121707 3200.0 0.253846153846
3818.29261531 -10.780946233 0.781527514238 2000.0 0.612820512821
-5253.571787 -32.251952782 0.942657167318 4400.0 0.561538461538
-7786.74639378 43.1391906559 0.992940613555 3200.0 0.1
-3031.71147748 77.8495047033 1.01795846341 5000.0 0.1
-2861.54858357 39.3299039736 0.923059412977 5000.0 0.458974358974
1509.45858893 -37.7180782123 0.668497471196 2200.0 0.817948717949
5917.25949207 -20.6863428734 0.863813164474 5000.0 1.12564102564
7196.41996311 -58.1924754612 0.987174419661 5000.0 0.305128205128
2082.76665694 49.3113265651 0.911263784644 2200.0 0.458974358974
1314.82820023 -53.3069087642 0.962263016589 4600.0 0.612820512821
5663.645959 18.9905131836 0.929399855661 4800.0 0.766666666667
990.983365632 -71.5410537011 0.855404669353 5000.0 0.920512820513
4534.19403231 72.1566015129 0.971442401632 1800.0 0.202564102564
-2515.30473477 64.3887849253 0.991186652749 600.0 0.1
-4585.47557155 44.1916922485 0.992789102702 4800.0 0.202564102564
-774.637548648 -60.0130230112 0.971618372192 5000.0 0.407692307692
-5626.29797705 -14.812114937 0.868266580031 600.0 0.202564102564
6096.44528795 -35.3903438021 0.865958256161 1800.0 0.510256410256
-5410.32185662 10.124628666 0.773579089948 600.0 0.305128205128
-4170.15195534 -30.2208344459 0.803516553372 1200.0 0.35641025641
-4498.31574914 -52.5555612503 0.978277922921 600.0 0.1
-500.644132836 -57.4142917853 0.993666249061 5000.0 0.202564102564
978.179155932 -55.7616067271 0.901752346597 5000.0 0.458974358974
-2826.25119403 -52.4946173662 0.944433870147 4400.0 0.35641025641
-5667.58445725 -29.9903326627 0.953914028344 600.0 0.1
4070.18277569 -70.8778455023 0.985893499403 2600.0 0.253846153846
-2425.59234809 61.6504201192 0.965328472582 1000.0 0.151282051282
-1989.04656299 22.2703169769 0.539468939912 1600.0 0.766666666667
5745.14624869 -67.8636269473 0.928142441081 5000.0 0.817948717949
-4546.28342403 23.1907598225 0.79294250123 2000.0 0.561538461538
1769.16643146 43.6880230199 0.999197626904 3200.0 0.1
243.612234758 -4.70867880444 0.114245884029 2000.0 1.02307692308
-1030.27973418 -31.9957347664 0.751839221194 1600.0 0.407692307692
-1961.18281093 -61.8038273124 0.98977973749 1400.0 0.1
5409.81060116 -69.6556808054 0.947482956676 5000.0 0.458974358974
-4600.6810677 17.2326933476 0.687379333453 800.0 0.35641025641
-6751.38091673 -17.509349664 0.840294661033 3000.0 0.510256410256
-7587.19127947 9.29371012402 0.94057839306 5000.0 0.35641025641
-639.737811174 3.30197999589 0.175907337932 2000.0 0.971794871795
2731.26490647 -16.775970636 0.633319315115 2200.0 0.920512820513
-3448.39231225 21.0075751004 0.856695762087 1400.0 0.35641025641
4996.60771957 -70.5788363414 0.956316391357 1800.0 0.305128205128
6740.93548647 68.5830363275 1.00053091147 2800.0 0.1
4144.88046626 62.7264026673 0.886292777221 3000.0 1.02307692308
-1414.30225073 -68.8377647533 0.925391324715 2400.0 0.253846153846
3477.95683087 -32.5861441194 0.81867571027 5000.0 0.766666666667
577.590322284 -7.52214601248 0.259254747784 2200.0 1.02307692308
7129.80677487 -49.6962120156 0.942758104769 2800.0 0.407692307692
672.227047195 52.6323651627 0.863603022943 2000.0 0.510256410256
-5022.90543729 -8.38424079147 0.861816127689 1600.0 0.305128205128
-7540.30072188 -41.8339085197 0.960046064234 4000.0 0.253846153846
-3856.05352444 45.8516087974 0.922530493095 2000.0 0.253846153846
-1103.42450624 -20.4607038756 0.533598925446 2000.0 0.766666666667
6114.89910302 38.0226883362 0.95606753838 2000.0 0.407692307692
5534.76600917 -62.4830563881 0.950886503404 4400.0 0.458974358974
-2168.64920659 75.1604058058 0.895988284335 1400.0 0.305128205128
5646.30865796 -51.355425093 0.953134380974 5000.0 0.510256410256
6561.49937421 79.8167286673 1.00754290349 5000.0 0.1
3276.06545778 28.4936147186 0.944731412075 2200.0 0.305128205128
-2856.08463183 -59.674843523 0.940676611822 4000.0 0.305128205128
-1518.69135737 71.7925124444 1.01780739251 5000.0 0.1
-4047.07883698 63.3609261975 1.00206191401 5000.0 0.1
-3245.46546567 3.91458978219 0.540959414224 2000.0 0.817948717949
-5069.03458617 57.799763874 0.88524619895 1400.0 0.305128205128
2480.0320361 -77.862062041 1.01134885339 5000.0 0.1
-2762.15403994 -43.693875156 0.903727934628 2200.0 0.305128205128
-7577.20621767 -54.5842894483 1.01773239583 5000.0 0.1
-1466.6341186 32.5276278073 0.676660064666 2000.0 0.664102564103
-1933.72641799 -59.5430829764 0.95211617832 5000.0 0.510256410256
3628.38909154 -42.7064808548 0.786111184551 2400.0 1.02307692308
-891.455128218 -13.0372243034 0.367107708761 2000.0 0.869230769231
5261.44147433 -17.6014085193 0.897632218208 4800.0 0.766666666667
-5418.98066186 38.496574764 0.990486391159 2800.0 0.151282051282
6229.60186071 -60.2542767746 0.993156911611 1200.0 0.1
-3662.67971713 -36.6007413481 0.943880853216 1000.0 0.151282051282
-7360.03840384 -30.9969702127 0.982962949103 5000.0 0.253846153846
-1101.71109002 64.3803266027 0.999152199288 4200.0 0.1
8767.7876106 -23.4300178435 0.986032810245 4200.0 0.151282051282
-6133.72883343 29.9581022189 0.948732875726 3400.0 0.458974358974
1889.98515058 9.68698518135 0.538944396576 2400.0 1.17692307692
-1464.50842503 53.5219255855 0.872229244688 1800.0 0.35641025641
1745.62108607 62.5302845199 0.987517792609 5000.0 0.305128205128
-2489.67266102 66.5966150918 0.970940344315 1200.0 0.1
8742.59270304 0.920307831547 0.926413873467 1600.0 0.407692307692
7556.03448474 -51.6056659948 0.993907899778 600.0 0.1
4414.49119997 12.7191544883 0.728051197739 2000.0 0.817948717949
-4449.10658586 51.6651525638 0.945320661133 1800.0 0.151282051282
4596.66925034 -1.08211748487 0.811958984335 2200.0 0.715384615385
-198.291663635 -58.8603261476 0.993471987675 5000.0 0.202564102564
-5909.53893251 67.9351629105 1.01971206729 5000.0 0.1
-1206.64176867 -1.62538385141 0.236251247545 2000.0 0.971794871795
-2947.06636545 -24.619309318 0.693716093744 2600.0 0.869230769231
4157.02342403 26.997141368 0.891887387657 3400.0 0.612820512821
-2658.78887074 -33.6781172245 0.843303486286 1600.0 0.35641025641
-3808.07916943 -17.0820644428 0.666584105432 1200.0 0.35641025641
-5035.05963334 11.7547651944 0.878118435557 5000.0 0.920512820513
1167.91116751 13.6708308966 0.542317203541 2200.0 1.02307692308
641.529739283 -50.928509709 0.995857216788 4600.0 0.202564102564
2829.36937649 20.698320043 0.707401193022 2200.0 0.817948717949
-1282.07371419 43.4779410336 0.993665652719 5000.0 0.202564102564
5872.94512414 11.4411291164 0.886121308203 5000.0 1.12564102564
1999.20696481 42.5230738928 0.775418751151 2000.0 0.561538461538
-6753.05126392 -23.5858038532 0.861317046705 800.0 0.202564102564
96.899913224 25.044511367 0.531546364886 2000.0 0.817948717949
3522.4548061 28.8237205087 0.912509189853 4800.0 0.510256410256
4504.65612282 -57.4579036959 0.986774010875 2800.0 0.305128205128
1893.28101805 13.5356092543 0.421885624576 2000.0 0.971794871795
-4729.00798145 -6.70196094326 0.706679461797 600.0 0.407692307692
-1796.15124006 -24.9561882022 0.597536061938 1800.0 0.664102564103
6595.55349589 7.7330489838 0.907586444538 2600.0 0.35641025641
1777.98197372 59.7057752549 0.975956939608 5000.0 0.305128205128
4476.75911924 34.5741501354 0.770367434728 2600.0 0.971794871795
2585.68191793 -1.48571241731 0.464996356438 2200.0 1.07435897436
-8561.01891683 27.9576185987 0.914411134317 1600.0 0.35641025641
8535.80927413 2.76551573322 0.967355045007 4600.0 0.664102564103
-9057.45355902 -29.5183478347 0.981077849217 4000.0 0.151282051282
304.030487964 -53.8678463027 0.91329741417 2000.0 0.407692307692
-4954.05944564 60.4269225813 0.881952270717 1800.0 0.458974358974
1206.82917049 63.1647211433 0.993139074712 800.0 0.1
-975.571132637 82.888646489 0.976980081349 1400.0 0.1
-62.4294756291 -64.5827358414 0.9825799296 5000.0 0.35641025641
7138.54660602 -12.0111924382 0.879856966319 2000.0 0.664102564103
-5814.53441668 27.3357330916 0.95004675364 1400.0 0.151282051282
37.3594574052 -63.9592359444 1.00689185018 5000.0 0.1
82.0504244501 71.4392984644 0.951035349196 1600.0 0.151282051282
1472.77601872 2.27516223069 0.407192702873 2400.0 1.17692307692
5887.22179923 6.57500944721 0.869342043144 5000.0 1.12564102564
-3980.24105133 27.1664071842 0.875666424545 1400.0 0.253846153846
-994.656975158 50.6147197716 0.799650989843 2000.0 0.510256410256
-3113.33136885 31.0288146603 0.740199718801 1800.0 0.766666666667
3373.73996185 -28.4121070365 0.780669821501 5000.0 1.12564102564
1355.03161247 47.8618507551 0.990480769608 1200.0 0.1
1710.70762685 -44.3994280957 0.830008557948 2200.0 0.407692307692
5497.81061255 -67.3845134049 1.00085518375 600.0 0.1
-2708.76126133 -59.8412213438 0.991975832439 4000.0 0.1
2829.41929104 29.8670554519 0.953463028397 1800.0 0.253846153846
3839.73849108 -27.566844694 0.713788783096 5000.0 1.43333333333
3031.06364639 -6.33082046233 0.573912242201 2000.0 0.869230769231
-414.879268167 30.295487566 0.946186028784 1600.0 0.253846153846
-1442.31757313 -14.378013131 0.42688926889 2000.0 0.971794871795
-6486.53114409 -29.3176207194 0.944411798148 4600.0 0.35641025641
5337.88801997 -21.2712755995 0.849874327491 2000.0 0.766666666667
-5984.35005975 -50.4616915861 0.954195315667 600.0 0.1
-2225.05090889 -34.8247501534 0.890203992531 3200.0 0.510256410256
1808.58458128 7.38497849696 0.393910010724 2000.0 0.971794871795
-5245.72702494 -38.4249117989 0.978526506656 1200.0 0.1
-7384.95463674 -34.2506247604 0.962359579162 600.0 0.253846153846
-3265.2071453 -34.0918188426 0.855231127408 1800.0 0.305128205128
-7884.6383236 -45.8143884227 0.866360710246 2000.0 0.253846153846
7018.85630463 -53.1337706053 0.980371100277 600.0 0.1
1975.0323368 -35.90484392 0.741349657161 2200.0 0.664102564103
-5601.63869935 25.2982023529 0.906041983793 1400.0 0.202564102564
2819.10348758 1.82503119121 0.595691482162 2600.0 1.12564102564
3281.22650963 -72.2246250144 0.962064293359 1400.0 0.1
6901.5861293 -69.9573957642 0.982274612395 5000.0 0.35641025641
4679.80091699 67.3184017164 0.947454672767 2600.0 0.458974358974
-5140.57994673 -36.3007369985 0.861630949087 2000.0 0.458974358974
-1093.21417292 70.3199810261 0.96850632373 4000.0 0.35641025641
-6718.49151775 -7.69825885973 0.933239042523 5000.0 0.612820512821
-6931.10369703 1.37697511622 0.878297387022 3200.0 0.510256410256
7593.12171694 -74.8108938447 0.997775913385 3600.0 0.151282051282
8671.48135167 -57.2821508588 1.00003927198 5000.0 0.1
733.056845027 32.9072624861 0.708580678089 1800.0 0.612820512821
-2957.69061586 -26.6688470338 0.691765434413 1600.0 0.561538461538
8312.35680071 -39.3937694006 0.985713431326 1400.0 0.202564102564
1451.07862883 59.1577889368 0.910907356629 5000.0 0.715384615385
1437.80467631 -38.2360187141 0.672092830494 5000.0 1.33076923077
6540.05779783 5.45027705208 0.862532664867 2400.0 0.817948717949
-887.962121952 -68.6301364242 1.00775267235 5000.0 0.1
-887.206313545 16.3622499627 0.395956965539 1800.0 0.817948717949
-2616.24484724 -14.8925515846 0.534207419595 1800.0 0.664102564103
6042.91287105 -60.5628433805 0.970254971897 4000.0 0.612820512821
7425.36636091 -63.1021143414 1.00310783426 3400.0 0.1
3397.1419232 52.2004701478 0.994008353869 2000.0 0.1
-7290.45825389 19.1695691645 0.982455410989 1400.0 0.1
6689.58409061 -29.0241656559 0.960187493833 2600.0 0.458974358974
-45.0107009318 25.011878477 0.800144208576 1800.0 0.561538461538
-4357.39505342 -10.1879381679 0.615356073899 1200.0 0.458974358974
-6654.92614712 -43.9313774006 0.962739546814 800.0 0.1
-5874.78404094 -28.5875448895 0.950873453256 1000.0 0.1
9242.10709939 28.4892603692 0.993140054796 5000.0 0.305128205128
-6874.8128831 34.5583463549 0.919171933381 3800.0 0.510256410256
1699.32899696 51.4807699015 0.899755897594 5000.0 0.715384615385
6581.66963138 51.7802689696 0.971377474534 1800.0 0.305128205128
-237.086736278 -67.4974993529 1.00793515477 5000.0 0.1
3131.28198339 -8.89273783708 0.593175395804 2200.0 0.971794871795
3452.92223631 16.1788675247 0.680578219329 4000.0 1.27948717949
-1265.08929755 -35.917312 0.756706989995 2000.0 0.561538461538
-2086.94402973 41.1786395244 0.725933322764 2200.0 0.766666666667
-5633.31938342 56.6695835027 0.943592457393 1400.0 0.151282051282
957.90626926 -3.59838700283 0.213105034379 2200.0 1.07435897436
4789.93683833 14.5989101012 0.815382317081 5000.0 1.22820512821
-2818.58528041 -38.2561980769 0.697238765457 1000.0 0.561538461538
-470.264105536 16.8893103197 0.6215485677 2000.0 0.715384615385
-5021.90084827 -7.37822339303 0.850399710998 1400.0 0.305128205128
980.344829128 -30.998995253 0.699121448892 2200.0 0.766666666667
1682.09346397 -20.8410262616 0.66976481051 2200.0 0.664102564103
5130.04059709 14.5791466983 0.824716095651 4400.0 1.17692307692
-4677.42834228 11.0043531212 0.869267693195 4400.0 0.869230769231
-3565.81916821 66.242904716 0.983065613109 1600.0 0.1
-7388.38411286 -20.4641294544 0.977079054944 800.0 0.1
-3369.0212568 -55.4223850648 0.889267513408 1200.0 0.202564102564
5299.36316189 16.2989648438 0.918451339548 2000.0 0.305128205128
-823.033685479 -7.37140699143 0.320779459155 1800.0 0.817948717949
-3825.115147 -3.63032294766 0.549375640389 1400.0 0.510256410256
4171.93122282 16.3298130865 0.827985496632 2400.0 0.612820512821
5583.96833168 18.4725974599 0.808034644464 2200.0 0.920512820513
900.490293023 -67.4525872951 0.939954258449 4800.0 0.458974358974
1744.32694547 16.5974074218 0.584371969886 2000.0 0.869230769231
-4603.83785181 -59.5372209828 0.996814910649 3200.0 0.1
4792.12647841 -75.5523293223 0.951461100697 1600.0 0.253846153846
-3002.05158876 -19.7387580066 0.776263447191 1800.0 0.561538461538
-2223.98625886 -16.6580226617 0.611141043176 2400.0 0.817948717949
4616.69095771 -48.7767667696 0.974738380497 5000.0 0.510256410256
-2079.51471133 38.5507642925 0.978107619504 4200.0 0.35641025641
8817.96838126 -73.1848367388 0.994541910037 5000.0 0.202564102564
-8044.27811385 34.1116107884 0.886710932273 1800.0 0.458974358974
-4570.75242918 7.23717062118 0.690744998825 600.0 0.407692307692
-1205.42078618 -22.8997850674 0.48024218787 2000.0 0.817948717949
-4433.82273979 7.3943062903 0.67240306935 800.0 0.35641025641
-2911.52833048 23.5651351567 0.735612709613 1600.0 0.510256410256
-3237.82779391 -31.7604256626 0.809052605539 600.0 0.253846153846
-4059.06986992 62.7210003242 0.982533809345 1000.0 0.1
-7078.72800194 3.54439221859 0.916900716195 4400.0 0.561538461538
-5530.07601379 23.3482775739 0.845775873369 2000.0 0.407692307692
-3679.29832107 -53.5922302467 0.909333853961 1000.0 0.151282051282
3366.03604435 -11.4047785452 0.529734244679 2000.0 0.869230769231
1490.64316344 34.6480490005 0.816729257319 2200.0 0.715384615385
2189.92714523 34.0787617335 0.950574756157 2400.0 0.35641025641
47.037689808 57.0158856602 0.99297830294 600.0 0.1
4748.05503328 15.2333360768 0.760068124938 2800.0 1.02307692308
4659.68916383 -3.36126593543 0.786722346544 2400.0 0.817948717949
-2445.89129731 -43.4367852009 0.831462092054 4600.0 0.766666666667
-936.831783483 45.6553831742 0.996472538157 800.0 0.1
2239.45959988 -19.9086809375 0.532349752128 2000.0 0.869230769231
2017.5680219 -24.2802469957 0.597108521414 2000.0 0.869230769231
-6861.74679191 -7.16712547891 0.953634336428 4800.0 0.458974358974
7496.44779111 -36.5408803582 0.960804969744 5000.0 0.817948717949
-4687.90139246 14.4826727746 0.736381359118 1000.0 0.35641025641
-6118.94397748 -60.005488375 0.959931404883 3400.0 0.253846153846
192.708584317 68.941839761 0.940497523658 1400.0 0.202564102564
-6719.49131303 -73.5109662432 0.993871157187 4400.0 0.1
3401.38359858 27.7149302849 0.938324203491 1800.0 0.253846153846
2376.30238035 -44.5691516224 0.887380162237 4800.0 1.02307692308
-5493.3427007 46.9150989408 0.971194419841 2200.0 0.1
-401.567640779 46.4283456658 0.852888337282 2000.0 0.458974358974
-946.992921093 -78.7616807293 1.01644518744 5000.0 0.1
55.3200030259 -52.2309231434 0.901088690659 2000.0 0.510256410256
842.015033417 -24.6038208244 0.59020176979 2200.0 0.766666666667
-2435.0863685 -17.3233384305 0.657671548964 1800.0 0.510256410256
3812.78122467 -29.4098669049 0.817665443902 4400.0 1.17692307692
-5277.07600943 -33.8637098776 0.808855610966 800.0 0.202564102564
3178.94905022 -62.0049467546 0.913286535841 3200.0 0.766666666667
2633.74591341 -1.15194215367 0.565118329296 2200.0 0.971794871795
7021.32034246 72.7885584958 1.00417698695 4800.0 0.1
-6925.78441681 52.6354535913 1.00089277508 3200.0 0.1
-6027.61414385 -27.8216647708 0.907659305693 5000.0 0.458974358974
2089.87468898 -33.9977179104 0.82168654628 2200.0 0.510256410256
-837.245931892 67.6878912764 0.960860261192 1400.0 0.202564102564
575.886496933 67.2141302625 0.878352439587 5000.0 0.766666666667
-7136.21519586 -23.2846346303 0.978670799367 1200.0 0.1
-1072.0964804 -20.7333456534 0.553118587675 1800.0 0.664102564103
4382.77452041 -10.9531765607 0.805231830824 4400.0 1.27948717949
6564.28720871 79.5619345263 0.988529821208 1600.0 0.151282051282
-346.805557875 -46.3824451223 0.938099406134 5000.0 0.510256410256
940.133441786 -17.9130886533 0.387659567717 2200.0 0.971794871795
-1642.26445789 -62.0310084452 1.00217230395 4800.0 0.1
-444.214013913 30.8660846734 0.530998738941 2000.0 0.817948717949
-3936.43249108 -10.0158937954 0.733958440126 800.0 0.407692307692
-668.213020867 -12.332866082 0.378564683394 2000.0 0.817948717949
6708.86846055 -74.0723417454 1.00601723712 4400.0 0.1
-6954.16602609 -51.7722649626 0.963169826557 4200.0 0.253846153846
-3591.60006747 7.58881973596 0.65018673623 1600.0 0.510256410256
-318.378299761 13.8771736561 0.397302936928 2000.0 1.02307692308
-526.642084621 16.9323537028 0.283559492626 2000.0 0.920512820513
-4173.86420147 -35.7792835428 0.859891858251 2400.0 0.510256410256
-576.575073971 54.7708779614 1.01068519606 4400.0 0.1
-5378.28343889 -28.763817117 0.851079313557 1000.0 0.202564102564
-4580.89069147 -72.4469908395 0.974182205054 4800.0 0.253846153846
-6014.94764441 -13.4641502177 0.846041440081 800.0 0.253846153846
-105.816263506 55.42036218 0.898637595788 1800.0 0.305128205128
6685.1468941 -54.5744262174 1.000206051 4600.0 0.1
5913.60676627 -58.7440915276 0.949180402963 3400.0 0.715384615385
-877.772085938 -4.95124250669 0.270045817973 1800.0 0.817948717949
3732.1068866 47.1069065625 0.927077612538 5000.0 0.715384615385
2059.87447957 71.284469433 0.98412355801 800.0 0.1
6313.931556 -53.7311446007 0.974636301056 600.0 0.151282051282
-6411.67358702 11.1716717935 0.905329459907 4200.0 0.664102564103
-3437.71314876 18.3705981233 0.612021302766 1400.0 0.612820512821
-3784.33762593 -7.85416045287 0.745546215875 5000.0 1.07435897436
4553.18550468 10.7138764066 0.884705119137 4200.0 1.07435897436
3275.26489789 63.7095986494 0.972399995137 1000.0 0.151282051282
3988.88270946 31.7122899957 0.759815215275 2400.0 0.869230769231
-7418.67224943 59.0770968038 0.970983095037 1600.0 0.1
3661.33443536 -35.4820748698 0.890810999472 4400.0 0.510256410256
988.032312794 74.7766548576 1.00202928293 1200.0 0.1
-4462.16131473 -57.3957422417 0.943799372277 5000.0 0.407692307692
5150.99752558 -76.520952105 0.985219358461 4800.0 0.305128205128
-3302.94178262 -4.3563781328 0.658891200571 2000.0 0.664102564103
-5281.95597717 27.1175949835 0.823323706626 1000.0 0.253846153846
6649.87020721 45.6539584037 0.88347803163 2000.0 0.715384615385
-1328.72551614 -36.6532847512 0.791715258254 1800.0 0.458974358974
3002.62612634 -56.2063013517 0.968197834304 4600.0 0.561538461538
-7981.60857103 -59.7615795936 0.971213886014 2000.0 0.1
-7242.09207534 -17.3480127935 0.931133804919 2000.0 0.202564102564
7033.49405809 16.703778982 0.970096674994 5000.0 0.35641025641
-4324.63372482 -82.5220369114 0.9819269007 1000.0 0.1
-1903.22336565 57.4244517161 1.00443003033 5000.0 0.1
6536.22711796 -27.6352270633 0.866748241472 3600.0 1.02307692308
5895.33917502 -17.9997271977 0.902527954577 5000.0 0.817948717949
3974.00624533 11.6565109008 0.748772967998 4800.0 1.22820512821
-942.10753241 56.0802402024 0.946495638825 1800.0 0.305128205128
-4348.34759722 15.9363635389 0.861718578039 4200.0 0.869230769231
-1628.83176495 38.4667902941 0.827108275186 4800.0 1.12564102564
-5053.22061482 28.9211032236 0.967597737396 1000.0 0.151282051282
7206.44512045 -36.0297018297 0.951845967578 1600.0 0.35641025641
-4676.92752216 -28.3856945662 0.819952461807 1600.0 0.35641025641
-3904.96099804 7.17009676593 0.619132424265 1600.0 0.561538461538
-4394.44948039 83.1923304179 1.00556108223 1400.0 0.1
-1141.66346779 57.2477942793 0.972967929491 1000.0 0.151282051282
-7623.1983438 21.5127827342 0.958853019425 1400.0 0.1
3162.37210132 -25.0895787017 0.749494027101 5000.0 1.17692307692
-1182.95474214 -21.4113826649 0.627102821424 1800.0 0.561538461538
1388.02371023 37.6794373091 0.774739054443 2200.0 0.715384615385
-6719.76625952 38.0230756864 0.862077369545 2000.0 0.510256410256
7160.17836158 -32.6927430532 0.994713085728 4600.0 0.202564102564
284.886589289 -4.7201800128 0.197279420335 2000.0 0.971794871795
5287.90914806 -36.6073381907 0.932888476077 4200.0 0.612820512821
6612.15849615 26.3166394912 0.909832184415 2800.0 0.766666666667
6488.95665467 -3.9307190647 0.957250355539 1200.0 0.202564102564
1504.52464712 -49.4646099349 0.802826773883 5000.0 0.971794871795
-7023.24758679 46.7966456545 0.98009300492 1000.0 0.1
-3023.07713883 -48.6649659384 0.962093630255 1000.0 0.1
-2904.40831705 -58.612853987 0.998397318234 4200.0 0.1
-4045.44816374 -7.75223047924 0.671056687538 600.0 0.407692307692
248.819985472 -27.0309791384 0.792602368417 4400.0 1.38205128205
-3906.2745298 -73.5388410919 1.0104640224 5000.0 0.1
6120.91523338 -70.4304130584 0.997532256648 800.0 0.1
-1502.56971584 -16.853927914 0.474823500741 1800.0 0.715384615385
-5018.84177642 61.8482239715 1.00930126322 5000.0 0.1
-3308.53745912 67.0028140561 0.927170134229 1200.0 0.202564102564
1028.80556284 -28.5897257439 0.659677492218 2000.0 0.715384615385
5197.7750503 -29.5765493921 0.861260265235 5000.0 1.12564102564
909.287038929 44.949226278 0.800246164468 1800.0 0.510256410256
2598.64543204 -6.83893651809 0.532675433461 2200.0 0.971794871795
5334.28015288 8.33375246439 0.798664321547 5000.0 1.22820512821
6892.19713711 -16.7897051607 0.942076469174 1000.0 0.202564102564
4969.97249571 23.2668207404 0.843431997575 2000.0 0.612820512821
-4523.67505655 59.8849648054 0.973902423217 1200.0 0.151282051282
-4656.18937237 -40.6992840924 0.956200764842 800.0 0.1
-1487.73891431 -30.9682517994 0.658101263239 1800.0 0.561538461538
-4542.80439801 56.0501748117 0.876570469864 2400.0 0.458974358974
73.09614571 -33.8034229887 0.745899467644 4600.0 0.817948717949
1550.44201543 -75.3154125687 0.918652822586 1600.0 0.253846153846
-605.766767617 -45.3376274146 0.788031236912 2000.0 0.458974358974
3703.81994078 -33.8107202466 0.754555310682 2000.0 0.817948717949
3595.26027469 20.8035454945 0.682128484413 2000.0 0.817948717949
2171.79173073 -52.6193171217 0.970290705685 5000.0 0.510256410256
-981.14604432 60.1113108808 1.00535399534 4600.0 0.1
6743.12650767 -50.8943788609 0.958286407623 4000.0 0.817948717949
5656.19554064 66.5688854674 1.0050328323 5000.0 0.1
-290.132376148 -57.728813648 0.9418264994 5000.0 0.510256410256
5684.49199873 -27.3472900276 0.936254547432 1200.0 0.253846153846
-6686.07800916 -12.2936578553 0.950656657567 1000.0 0.1
-4402.4724218 45.5426200037 0.990527742795 2400.0 0.1
-3052.15193105 -45.6003479746 0.914811737698 2400.0 0.35641025641
1192.08651089 -21.8140404824 0.630739885557 2200.0 0.715384615385
-1888.28139222 -30.1372942029 0.767802880895 2000.0 0.458974358974
1042.75880697 -73.9048496528 1.00886123724 3800.0 0.1
-1280.91976766 43.405527572 0.990349124456 1400.0 0.1
-1314.49579662 -19.3500018035 0.335540679115 2000.0 0.920512820513
819.122502944 40.3559072106 0.744922757031 2200.0 0.766666666667
4376.66011185 -21.7483840192 0.732898963476 2200.0 0.869230769231
-3187.25327002 56.7438570856 0.88585697402 1600.0 0.305128205128
5338.84541097 -53.7599406487 0.956292102907 4800.0 0.407692307692
-2470.54781329 -2.84463880595 0.481134259069 2000.0 0.817948717949
-3748.72728661 -62.0266453819 0.994269601416 4000.0 0.151282051282
-2801.98879416 -37.8050862325 0.762175642658 1400.0 0.458974358974
-2359.63445405 -40.1543104831 0.831473813321 1600.0 0.305128205128
1311.77602222 74.5017495562 0.961371292765 5000.0 0.458974358974
9419.60945073 56.1718599853 1.00130328129 5000.0 0.1
-2234.89604669 -52.9464826186 0.884072864702 1800.0 0.458974358974
7101.52844433 35.2849944147 0.999788845781 4800.0 0.1
-3324.64008217 2.42402252504 0.477560082385 1800.0 0.766666666667
5172.45275152 -66.3418111976 0.947983650697 3000.0 0.561538461538
-1881.58980075 69.5368794792 0.88604854328 2000.0 0.407692307692
-2079.77269355 75.8297878839 0.939118384364 2200.0 0.253846153846
1729.18639693 70.1299176766 0.946134883657 4600.0 0.458974358974
3301.22724883 -35.3562404852 0.767600617516 2800.0 0.869230769231
6096.57048904 60.6960348508 0.994040258876 600.0 0.1
4414.66879397 42.9671591278 0.866305810258 2000.0 0.510256410256
886.775924767 -56.8022614556 0.868310295389 4800.0 0.510256410256
3133.23521389 -48.2269974897 0.83953970519 2200.0 0.664102564103
6318.39946217 -72.919481563 0.993650397689 4600.0 0.253846153846
3295.66907526 -11.3610884919 0.628830020264 4000.0 1.27948717949
1225.99377703 16.4785714926 0.414289060387 2200.0 0.971794871795
1872.79441467 -25.6978516756 0.558602256964 2000.0 0.766666666667
6773.32410457 70.6581875815 0.995197357504 2800.0 0.151282051282
1644.43295016 -14.8756265019 0.465552821344 2200.0 1.02307692308
4875.45366081 18.2479782191 0.925507743685 5000.0 0.817948717949
6273.4257857 -31.515662874 0.936110402412 2200.0 0.715384615385
-57.4560642627 -39.6690755939 0.784628509905 2000.0 0.561538461538
1577.1108989 10.3197593955 0.522421592432 2200.0 0.971794871795
-4860.82913423 46.956416491 0.984840016386 2600.0 0.151282051282
-7353.27806247 -25.984621277 0.97806589704 600.0 0.151282051282
4338.32940055 67.4382977156 0.993669046128 4800.0 0.305128205128
8300.29906749 -60.5679963826 0.992054067308 3200.0 0.35641025641
-4210.72843001 -29.528329827 0.937367543682 1600.0 0.202564102564
5012.01140346 21.9435158652 0.933525329028 5000.0 0.715384615385
-429.933571426 79.1290516595 0.943686439804 1800.0 0.305128205128
1719.49954611 57.6448834242 0.969639683725 1800.0 0.151282051282
27.3573114662 18.1971694634 0.390733586647 2000.0 0.920512820513
6307.39264552 -72.0474913973 1.00266380924 5000.0 0.1
-1687.05397301 -61.1649040709 0.991637385294 5000.0 0.202564102564
2862.30874853 29.0696149921 0.834221256602 1800.0 0.510256410256
-1076.64586184 -11.078290771 0.415716437468 1800.0 0.715384615385
-1679.9165339 -36.6009205738 0.803830390684 1600.0 0.407692307692
-8066.56273014 21.536536843 0.938952117637 3000.0 0.253846153846
-166.771489371 -4.55692511561 0.188108889157 2000.0 1.02307692308
1698.64362054 39.2831561792 0.992944405991 2600.0 0.1
-3794.63637947 29.662989593 0.804054481952 2000.0 0.715384615385
7108.7085229 -31.0785137001 0.970986747413 5000.0 0.612820512821
-7414.41353206 19.3054278989 0.96264147101 5000.0 0.561538461538
-2799.43178331 57.3829068755 0.99926436774 5000.0 0.1
1379.48891876 11.8799862489 0.393674926811 2000.0 1.02307692308
-822.499711553 -18.2815485283 0.601189132852 1800.0 0.612820512821
2530.45991337 -77.0947904301 1.00784582864 1000.0 0.1
6011.05963726 5.1245879831 0.949942704944 1200.0 0.202564102564
4216.52532373 71.0551259005 0.985804375743 5000.0 0.35641025641
-2452.26926112 56.3342652122 0.841368570456 1600.0 0.35641025641
-2887.56795235 44.66683944 0.901978263795 1800.0 0.305128205128
5828.71998625 22.8200798287 0.89093561848 5000.0 0.971794871795
6736.08401669 11.2651873416 0.944898956388 5000.0 0.817948717949
5761.81571086 59.1599418825 1.00096785972 4800.0 0.1
3793.13043313 -39.3734940257 0.806265153388 5000.0 1.12564102564
4186.20613543 62.6124556849 0.932892497886 1600.0 0.305128205128
1787.62823102 -44.9573550677 0.865827959136 4200.0 0.510256410256
-3951.49942873 17.2951109254 0.735999028189 2000.0 0.664102564103
-5713.51630998 -41.8761170542 0.94336947864 4800.0 0.305128205128
-6986.06165293 -10.6631150428 0.875310084725 3200.0 0.458974358974
-3373.11964233 74.3252992261 1.00852392776 5000.0 0.1
-2766.2903596 -4.16006057352 0.433112357538 1800.0 0.766666666667
3008.7492153 -70.3852637338 0.987520700857 1400.0 0.1
-5528.2306175 -30.7537986718 0.869632406397 2400.0 0.458974358974
5161.22244857 39.4641488398 0.996638428975 3000.0 0.1
6041.6545878 -65.4467460907 1.0015804818 5000.0 0.1
-726.399531637 18.966289232 0.552210065299 2000.0 0.869230769231
-439.628307603 9.99872184591 0.27601516196 2000.0 1.02307692308
2836.20754088 21.4198263149 0.632941253527 5000.0 1.22820512821
-3481.01218485 -75.489309224 1.00534081366 5000.0 0.1
-1041.431039 42.4304824854 0.862028924296 1800.0 0.305128205128
-661.512423389 -24.0246503266 0.464350483652 1600.0 0.766666666667
5233.2341367 50.5052986897 0.832218305386 4200.0 1.27948717949
4629.95279466 50.0970165869 0.862386664591 4800.0 1.12564102564
6623.41061103 -11.9855224073 0.923449195372 1000.0 0.253846153846
7981.08688342 -60.4596165875 1.00064547608 5000.0 0.1
5895.16419207 -41.5007592938 0.897644073476 4200.0 1.02307692308
-3213.438233 -72.7567289389 0.992269787447 5000.0 0.202564102564
-3835.59993684 -30.5079402808 0.891109460319 4400.0 0.612820512821
1845.24128033 -66.9333064903 0.918415898251 4600.0 0.35641025641
788.903711084 -20.9179353388 0.658724242884 2200.0 0.664102564103
2673.37465832 -58.101673038 0.995301607669 5000.0 0.202564102564
4256.17991786 14.6688040208 0.887557935066 2000.0 0.458974358974
2108.16586282 -23.1010980266 0.657648375722 2600.0 0.920512820513
3298.040857 -2.07749439688 0.653222172871 4400.0 1.38205128205
-1240.17518126 53.8518606283 1.00242888069 5000.0 0.1
-1446.77245745 -49.7922361102 0.908622964118 1800.0 0.253846153846
-5901.52957693 -45.5570572487 0.989883656292 1600.0 0.1
4255.1657214 4.77305608042 0.716534412666 5000.0 1.38205128205
-5558.56064065 16.2601238733 0.871192136859 4600.0 0.971794871795
-1572.75382353 -15.4986141268 0.534742261901 1800.0 0.664102564103
261.95403837 62.5334099459 1.00941346688 5000.0 0.1
2381.8043888 -4.77028481418 0.461984194037 2000.0 0.920512820513
-7768.25994538 -66.702921341 0.97978085107 800.0 0.253846153846
-6246.48987703 -31.0813276365 0.903291469376 4000.0 0.35641025641
-3691.58279904 7.78835835374 0.662210050713 1000.0 0.407692307692
7806.68161479 16.214026298 0.866638270031 2400.0 0.817948717949
1727.30635361 -21.1224326279 0.547318904109 2200.0 0.971794871795
-464.521857466 15.7614838096 0.570648730384 2000.0 0.817948717949
-7407.87353016 74.0341303767 0.967675786614 1400.0 0.1
-6605.99412426 2.41091811296 0.918940027958 4600.0 0.612820512821
-6545.59908224 -55.3515492817 0.917635110088 1200.0 0.151282051282
-6232.37567587 -56.6867479397 0.961513673584 5000.0 0.305128205128
1916.60160256 34.1946233647 0.672533066787 2200.0 0.869230769231
-5415.66630669 25.126165841 0.851736038875 1600.0 0.35641025641
1815.12636897 43.5936186384 0.809808003025 1800.0 0.458974358974
703.795919253 -42.0352801623 0.826802736995 2000.0 0.510256410256
7986.18737936 -58.9902428155 0.996470082735 4200.0 0.151282051282
-4374.55807678 -70.303936858 0.985299711871 1200.0 0.1
-2152.59158171 30.110877409 0.71414824248 1800.0 0.715384615385
6749.62487997 -34.7040489078 0.972257387658 5000.0 0.458974358974
855.415207153 -2.84571733815 0.146687377257 2000.0 1.02307692308
-3438.65904943 3.29240126212 0.54451788996 1600.0 0.612820512821
-1008.09489293 -58.2472357391 0.909971835743 1600.0 0.305128205128
6028.17001391 46.3056210668 1.00031198647 1400.0 0.1
-4146.52005612 -20.8700228103 0.658774770815 1200.0 0.407692307692
-6525.23130644 65.4663377298 1.00429954165 3000.0 0.1
6602.85896628 -18.1834357066 0.927968114107 1400.0 0.305128205128
2631.58608584 63.299817941 1.01285557459 3800.0 0.1
854.90204751 16.1065255984 0.500443884115 2000.0 0.869230769231
-4718.92458512 -31.3269253818 0.908614668504 3600.0 0.407692307692
4316.07547406 -38.3393502692 0.899017093338 4600.0 0.766666666667
4995.86643086 27.6647558434 0.903684828771 4800.0 0.920512820513
5316.47294199 29.2112827754 0.809999779117 2200.0 0.766666666667
1755.82573168 -22.9644934764 0.681196859563 2200.0 0.920512820513
-493.624961746 -55.1846056364 0.858985135983 2000.0 0.561538461538
7272.32553359 -45.2622017772 0.999821538257 600.0 0.1
-4607.74274508 -21.8551784633 0.815214269603 1400.0 0.305128205128
6105.99338884 53.6099194708 1.00044771339 4000.0 0.1
-2842.67478541 -48.5317783322 0.914020158465 600.0 0.151282051282
4883.53435088 5.55670090331 0.760910714138 2000.0 0.817948717949
7104.61619394 -56.9689760004 0.999413826473 4600.0 0.1
6949.5271824 -55.9968525832 0.982590696377 2000.0 0.253846153846
186.422819777 24.4459155039 0.762071131607 2000.0 0.715384615385
3637.91623182 -10.2974725164 0.649253219267 2200.0 0.869230769231
313.323071389 -10.9024116181 0.254310885656 2000.0 0.920512820513
-5041.66198146 10.2081721826 0.801153737947 1400.0 0.35641025641
3977.53397784 -7.25538374722 0.690129639342 4600.0 1.38205128205
690.388843288 -67.857570379 0.96139831432 1200.0 0.151282051282
1161.11189664 64.3520149393 0.848809859488 5000.0 0.971794871795
4146.08425383 -22.8227477866 0.838395578869 5000.0 0.817948717949
3769.80169077 -28.0820633836 0.843430772042 4000.0 0.869230769231
3559.27587714 -59.636543702 1.00020389992 5000.0 0.1
4540.1373416 -54.3593655426 0.991858687922 4400.0 0.1
-1614.3177182 -54.3574283389 0.894058901188 1600.0 0.305128205128
-7154.08603443 28.6276840261 0.863702999831 2000.0 0.561538461538
-1850.97400747 21.7437306677 0.489998203628 2000.0 0.817948717949
5355.85890145 -51.8921024771 0.920232824537 2000.0 0.664102564103
6855.79068045 0.924415122974 0.957057446634 4200.0 0.407692307692
8510.61532111 46.1506773732 0.97913598272 4800.0 0.305128205128
244.182068005 -63.0169899423 0.897300337224 3800.0 0.664102564103
3937.35498563 4.97437029593 0.703584363875 2400.0 0.869230769231
-1280.39028203 57.2729837974 0.849117619847 4200.0 0.766666666667
-7028.91938862 77.5470731007 0.950864446422 2600.0 0.305128205128
-1563.15350862 43.6997082147 0.926047540012 1800.0 0.202564102564
-6083.14270572 -32.8911369236 0.977271322283 3800.0 0.202564102564
242.547131571 -36.059690285 0.836827883559 4600.0 0.664102564103
4072.66010306 69.2269575037 0.977611521021 2200.0 0.253846153846
7029.68411637 -1.51981826046 0.947516627957 1800.0 0.458974358974
-5472.13325052 -22.5981585429 0.822435447613 600.0 0.202564102564
-2075.94260941 -75.1357060844 0.958565739497 1400.0 0.1
-3647.91446971 67.5010004493 0.923552296277 1400.0 0.202564102564
4171.61216875 -72.2202539933 0.973181285913 5000.0 0.305128205128
-1924.60119877 26.1760681516 0.633554511011 1800.0 0.817948717949
-5093.0722269 -56.5084150609 0.92970525752 600.0 0.151282051282
3641.64328968 -63.7241250037 0.91203272155 5000.0 0.817948717949
7042.78268114 -46.5066443389 0.998082982103 5000.0 0.202564102564
3738.52678756 -63.7153507222 0.98896445718 5000.0 0.253846153846
2554.83932021 1.62405668665 0.4184892072 2200.0 1.07435897436
5995.93256747 -4.52153946529 0.792962352901 2000.0 0.766666666667
-1210.67831043 -33.8216794444 0.828496421653 1800.0 0.35641025641
4512.93278516 39.7524953027 0.902486478585 4600.0 0.817948717949
-3074.47278558 23.1889179119 0.561831289168 1600.0 0.561538461538
5616.82202719 70.2841248407 0.998253701269 600.0 0.1
772.283832152 65.2093224659 0.952659816592 1600.0 0.202564102564
3746.44996489 39.8205980428 0.991130080166 2000.0 0.1
-2488.77248953 35.6509696989 0.888496493294 1800.0 0.35641025641
1870.48626291 34.5813870098 0.976179058185 3200.0 0.35641025641
6601.91401572 -40.4916705483 0.957604436897 5000.0 0.510256410256
-4774.56023865 -1.69293326041 0.83986656492 2000.0 0.407692307692
-6881.94415956 -7.43669573135 0.951014401467 1200.0 0.1
4789.78897923 -1.28744812007 0.852259805464 3200.0 0.971794871795
6325.30936049 -29.8488712093 0.904124784177 5000.0 0.664102564103
-866.317571368 -45.8470655912 0.932485668256 1800.0 0.253846153846
-3157.59117502 72.8950243136 0.994740242907 1600.0 0.1
5723.44854308 -55.0549758659 0.924835487387 2600.0 0.458974358974
4045.40069549 30.7323982203 0.867411241661 5000.0 0.971794871795
-709.797789609 57.8611045192 0.931520573045 1600.0 0.202564102564
1980.96888664 -50.6264189244 0.832842767577 4800.0 0.715384615385
287.651892083 39.5195458399 0.632174499885 2000.0 0.715384615385
2787.27497003 -68.3577615688 0.9311571924 3600.0 0.35641025641
-6249.59648062 57.5066493638 0.994021322975 2600.0 0.1
-9539.44009502 -65.7399889313 1.01288672299 3200.0 0.1
6662.04831191 -50.8748778529 0.984541079878 5000.0 0.35641025641
-5069.10592534 32.2687523927 0.773087764756 1600.0 0.407692307692
1427.8213518 16.0215529547 0.586902460322 2400.0 1.02307692308
6996.36086147 17.5171612066 0.982062527936 5000.0 0.305128205128
-4833.14376466 3.40723572053 0.673673045785 600.0 0.407692307692
-1940.2687886 -72.655136188 0.890200273545 1200.0 0.253846153846
-1301.26405291 29.0510495893 0.767917486789 1800.0 0.612820512821
3149.04390709 -40.202377526 0.928167744958 4000.0 0.458974358974
939.808594856 17.828501416 0.523250332287 2000.0 0.817948717949
3512.83267924 53.7823276555 0.997401286798 2800.0 0.1
5058.90853874 9.40814428897 0.887544343881 4000.0 0.920512820513
-1391.70958963 -61.7793566975 0.962350657945 4800.0 0.35641025641
-659.535523989 23.81063792 0.447258622807 2000.0 0.869230769231
-4892.66588836 38.2860562292 0.934290272181 1600.0 0.35641025641
2799.57548236 -1.75618345055 0.578603825608 2600.0 1.07435897436
-1107.65990192 -70.0507994309 0.933976704922 2000.0 0.253846153846
-2051.18336012 -18.9325398227 0.563816132843 1800.0 0.664102564103
-1260.03667041 18.5587414763 0.625205803983 2000.0 0.869230769231
7066.83173312 3.1421254709 0.972371034142 5000.0 0.458974358974
4001.9996103 50.056159917 0.950109850296 1600.0 0.253846153846
5335.71665992 -71.5189794213 0.943556824636 1800.0 0.253846153846
-2049.61362197 41.3733566096 0.726077744565 2000.0 0.612820512821
-2969.55978093 67.4296393779 0.874783109152 1200.0 0.305128205128
3976.34104386 -83.466790828 0.988938381132 3800.0 0.253846153846
-2397.92396797 -17.6573141527 0.463790326922 2000.0 0.766666666667
1765.65934399 -24.7403441061 0.571825586489 2200.0 0.920512820513
-1049.85914293 54.8900986589 1.01084790397 5000.0 0.1
-8749.08596628 -67.2938224894 0.985208456931 1000.0 0.202564102564
-8.53073833521 -24.7213532043 0.522967713302 2000.0 0.920512820513
-5168.78239057 -13.560795228 0.833901832831 1200.0 0.253846153846
-1000.29536775 -45.5947788524 0.931455462781 3400.0 0.35641025641
-5744.55341994 -47.3893976918 0.961552851777 3200.0 0.305128205128
-5413.14697759 61.2362043491 1.00982702859 800.0 0.1
-4760.2411082 -30.9759554056 0.83055503218 1400.0 0.253846153846
6698.43274407 46.7591138168 0.889730656873 5000.0 1.38205128205
3748.84848389 28.3416983121 0.837689848157 4800.0 1.12564102564
3532.59293049 41.7373434976 0.98359382235 1000.0 0.151282051282
-7495.92867126 -16.1406494971 0.888035912706 3200.0 0.35641025641
5194.2194919 -25.3857038181 0.912711055491 1600.0 0.407692307692
-4882.92944802 13.3661485476 0.713533967956 1200.0 0.35641025641
-2358.7264614 24.5323670254 0.738147421977 2000.0 0.715384615385
-5096.49464198 34.9498869149 0.930277263873 1600.0 0.407692307692
-2135.08011706 48.0553053191 0.952946577516 1400.0 0.151282051282
3201.65783942 40.0786864838 0.684838105375 5000.0 1.22820512821
586.404463788 -80.4650162212 0.954566377411 1800.0 0.151282051282
-2010.46095517 -36.2298346639 0.668137215994 1800.0 0.612820512821
2120.34584823 -15.1845728857 0.526336845065 2200.0 0.920512820513
6829.55600319 64.6479946963 0.998891518106 4400.0 0.1
4340.03991277 75.6337191303 0.979128643637 5000.0 0.305128205128
1417.41597941 77.5024062151 0.987518214865 1600.0 0.1
-1554.82150921 -47.8647510575 0.937998043866 5000.0 0.664102564103
5361.51502033 -5.75773180339 0.832159495538 5000.0 1.12564102564
-6290.83110698 34.0454831913 0.962139391332 1200.0 0.1
652.516200542 25.65321602 0.431168650305 2000.0 0.869230769231
-3682.87086224 27.2027417563 0.735888285248 1400.0 0.458974358974
-6765.94670689 -56.5722915489 0.990625581843 5000.0 0.202564102564
3565.59613347 47.518517627 0.888929185452 2400.0 0.510256410256
-6909.84532886 39.8097634706 1.02827938682 5000.0 0.1
1743.04217935 -51.3123496719 0.946235551396 5000.0 0.766666666667
4782.9240341 77.6827572291 1.00158526285 5000.0 0.1
-5934.48365918 22.942505969 0.9567084597 4200.0 0.612820512821
-4001.93778757 33.9383737851 0.780421599191 1800.0 0.458974358974
3786.64420439 38.0571841334 0.919529788282 4600.0 0.664102564103
-1688.78940102 -33.9474069811 0.792540601655 2000.0 0.561538461538
-5118.83288415 65.8781718684 1.00838165884 4800.0 0.1
-463.318078181 -17.4863474486 0.50591298034 1800.0 0.664102564103
204.711486857 -35.7536676764 0.63485471369 2000.0 0.715384615385
-5701.80143087 44.5238071715 0.863406860608 1200.0 0.305128205128
-4821.76140635 6.05180280692 0.82116556322 2000.0 0.458974358974
2298.84220503 60.434220815 1.01557343983 600.0 0.1
-832.084435334 -64.1237033268 1.00247500205 5000.0 0.1
6349.73844439 -22.7918704785 0.967210412372 1600.0 0.35641025641
-7267.03326631 -54.3448180062 0.990068109674 800.0 0.1
1350.89858529 -71.9816408011 0.843951412589 5000.0 0.664102564103
4607.48620351 26.2619679891 0.866730155277 5000.0 0.920512820513
4101.5935041 -29.0739996906 0.806778428079 1800.0 0.510256410256
-6363.38621789 -55.1782822941 0.972935112103 600.0 0.1
-7120.06084606 34.177499287 0.994479261475 2000.0 0.1
-3770.81517976 -82.8231893248 0.977472287275 600.0 0.1
5355.07545916 -24.7651186339 0.897869178107 5000.0 0.715384615385
-458.628326698 35.341814975 0.776812064019 1800.0 0.664102564103
1290.3939807 -4.18683225516 0.305333398399 2200.0 1.02307692308
3302.2024835 -25.9494991235 0.647329279137 2400.0 1.07435897436
5749.00585379 -37.9830317708 0.978970602442 5000.0 0.561538461538
67.2176885365 19.6672605108 0.444515344893 2000.0 0.971794871795
-4397.97602623 53.3502215885 0.982665727221 2200.0 0.1
-1979.91263505 39.6638875089 0.726612761757 2000.0 0.561538461538
5359.51518218 -45.0147880519 0.974006545728 5000.0 0.561538461538
7038.67710384 64.1534625029 0.967360403936 5000.0 0.766666666667
-378.021746322 15.5702739193 0.430268938291 2000.0 1.02307692308
-7036.32999593 42.764243015 0.993829732976 2400.0 0.1
1572.1270853 -38.4584503051 0.796449911549 5000.0 0.715384615385
978.044974468 41.3835751109 0.963346137357 4800.0 0.561538461538
6498.1533622 1.13188268947 0.921220506935 5000.0 0.920512820513
-4939.74576904 53.0395683207 0.992559221145 3200.0 0.1
6442.1884785 19.2988792978 0.98055661423 4600.0 0.35641025641
-1839.88807534 -47.3593938486 0.769729338203 1800.0 0.664102564103
1050.29156928 -4.60828423666 0.214116413985 2000.0 1.02307692308
-505.377301539 -32.591509117 0.807778200133 2800.0 0.664102564103
2754.08620845 -56.7624539716 0.902978182508 2200.0 0.305128205128
1889.0418729 63.383276384 0.902707371033 1800.0 0.305128205128
-4300.05845194 2.00530145665 0.779809650609 2400.0 0.664102564103
3216.82014435 -31.1955537041 0.737407369761 5000.0 0.920512820513
1793.14472072 -34.929745353 0.780400412558 2000.0 0.458974358974
-2450.61156455 57.7712461565 0.91563578539 1200.0 0.253846153846
95.8648657882 -71.1879865353 1.01372644608 3200.0 0.1
-939.459275008 -38.0488042964 0.878863327006 2000.0 0.305128205128
180.422908912 34.4676813426 0.93473395706 1600.0 0.253846153846
-2693.46287109 8.67191441411 0.564217686579 1400.0 0.561538461538
-1631.74982544 -38.1125075197 0.711648014765 1800.0 0.612820512821
-3475.71677751 -52.3504771595 0.868909833744 1000.0 0.202564102564
5739.15691301 -40.5032343353 0.882342777435 3400.0 1.12564102564
4430.5360765 26.9902570501 0.864436019038 4800.0 0.971794871795
-6569.08791416 -12.2731183559 0.931018909999 3000.0 0.305128205128
-6070.59772862 -68.2236725588 1.01088386722 5000.0 0.1
-6360.45247028 5.3744599873 0.886888302981 4200.0 0.664102564103
3842.66760833 -57.1554183562 0.915557672006 4800.0 0.458974358974
-3074.38248072 -52.7217616369 0.867951886936 2000.0 0.407692307692
3378.3549501 -6.28646399986 0.702592445585 5000.0 1.38205128205
-5830.37973613 68.8665317135 0.934388392733 1000.0 0.151282051282
6971.12042713 76.4069361705 0.993854492521 4200.0 0.202564102564
-6991.01977908 9.46461530341 0.892873699044 4200.0 0.612820512821
7546.09916113 9.98829825335 0.844367182916 2200.0 0.766666666667
3143.35219987 -34.3274329475 0.818116947204 4400.0 0.817948717949
4324.64913041 31.4945854048 0.808863088294 4600.0 0.971794871795
5848.3617401 -31.7231629635 0.92768771059 5000.0 0.817948717949
7376.50164553 -19.7996653421 0.959882555504 1800.0 0.458974358974
-1540.94503252 -6.84476212503 0.402292918594 2000.0 0.869230769231
-4207.49393921 -32.6347283903 0.768746053506 1400.0 0.407692307692
4967.30493176 -12.8669901002 0.824774857852 4400.0 1.02307692308
6046.04088584 -42.9433350878 0.910099676731 3200.0 0.869230769231
-7755.2120226 -34.2048403244 0.931954483168 3800.0 0.612820512821
-3402.34518635 37.8510807321 0.891230337236 1600.0 0.253846153846
3739.23476168 -13.2358874111 0.706143033669 4800.0 1.22820512821
-7528.49483584 25.8166850618 0.98116055157 1400.0 0.1
-4031.94492227 -9.13073283154 0.703818045267 4400.0 1.33076923077
532.497987671 -32.4187967026 0.6176180261 2200.0 0.715384615385
8069.33847857 -15.6268445462 0.950033642761 4800.0 0.407692307692
-6813.46073244 -45.1660580631 0.812795533214 1600.0 0.253846153846
7378.07994902 -29.0855038689 0.976971487212 5000.0 0.510256410256
7020.75937943 -43.4157859447 0.975110915133 1800.0 0.253846153846
-8424.98475336 1.45290541027 0.968782458373 600.0 0.1
2766.31330122 -51.2254760287 0.929334770074 4800.0 0.510256410256
1105.70125487 15.8993799994 0.695095587731 2200.0 0.869230769231
-5155.50518613 25.7375188502 0.945386315209 2200.0 0.35641025641
4234.69968739 -7.11918069568 0.691865830906 2200.0 0.920512820513
-4193.09046417 -12.2836717144 0.810324565906 2200.0 0.510256410256
2492.10619644 -18.4117914342 0.6043205334 2200.0 1.07435897436
1578.10473495 8.85104134663 0.516283434264 2000.0 0.920512820513
6948.35701704 -28.4359708696 0.990416356495 4400.0 0.253846153846
-4059.33787411 55.361014429 0.899518532066 1200.0 0.305128205128
-104.791113841 -16.9683849998 0.43393516019 2000.0 0.817948717949
-286.865654339 -77.2819762812 0.86894430207 4800.0 0.766666666667
-953.275085524 -18.2349553856 0.581264203584 1800.0 0.612820512821
4153.3567057 -6.73565766078 0.729653957423 4400.0 1.43333333333
-4464.61917699 -84.7205656843 1.00949658345 5000.0 0.1
5.61216504325 53.3893261375 0.96641234384 5000.0 0.458974358974
720.320994258 -48.0044305545 0.840607890254 2000.0 0.407692307692
-1504.5083878 -66.2852779736 0.894923874042 1800.0 0.253846153846
-4601.62900945 -27.9862279601 0.856962979065 1800.0 0.305128205128
-2972.39803275 -11.7393292087 0.521666046358 1600.0 0.715384615385
-6755.59762826 13.4590838549 0.952051094077 4600.0 0.561538461538
4581.00564622 51.2345752059 0.816126228792 2200.0 0.869230769231
-1888.92999447 -50.1163762266 0.918133615281 4200.0 0.407692307692
7060.76012523 56.3023260436 0.926234291389 5000.0 0.817948717949
-2962.56243963 -59.9365841098 0.946071411448 4800.0 0.510256410256
-781.133864279 4.99565920145 0.27681656433 2200.0 1.07435897436
5522.01423675 -48.5104683226 0.985785788539 800.0 0.1
6712.45067216 -51.4454762767 0.98671916585 5000.0 0.253846153846
586.920380757 41.467757614 0.96340343958 1200.0 0.202564102564
-4202.87091269 67.0562921237 0.933473487593 4200.0 0.458974358974
-2393.4866559 -66.7153436864 0.961600819744 1200.0 0.151282051282
-5454.01426753 -21.3271649166 0.881841538063 1000.0 0.202564102564
849.93981857 -74.1882047779 1.00931085408 5000.0 0.1
21.4225404894 -12.2207052559 0.334773111555 2000.0 0.920512820513
5503.21561436 5.79932453511 0.932943273279 4400.0 0.612820512821
-3923.47319531 29.3540293836 0.694732522449 1000.0 0.35641025641
4578.29455969 -27.6528415075 0.820837225244 3000.0 1.22820512821
-1568.93521937 -34.7725061199 0.740025592522 1800.0 0.510256410256
-6880.16807437 68.5273238312 0.914874487404 1800.0 0.458974358974
2496.39719964 -34.5658438118 0.845079718027 4400.0 0.766666666667
-1895.26663362 -21.200350161 0.588982349203 1600.0 0.561538461538
-5422.95641488 57.4247806986 0.861729013336 1800.0 0.510256410256
-3157.10778021 57.8793637609 0.948193951872 4800.0 0.305128205128
3753.10594035 4.40734645357 0.639365023016 2200.0 0.920512820513
-5157.76402422 14.0004518534 0.881695569822 3200.0 0.766666666667
-3264.83393538 -57.2931975325 0.926186266007 4600.0 0.407692307692
6896.58163755 -50.7081715233 0.993845662915 800.0 0.1
2062.48383362 18.8490813063 0.609549750141 5000.0 1.33076923077
416.838041478 -84.8977931735 0.911637687392 5000.0 0.561538461538
1261.9139891 53.0986931175 0.999452764821 600.0 0.1
447.738337385 -20.5064326819 0.468723032156 2000.0 0.817948717949
-5266.74859821 70.8082225614 1.01297885484 5000.0 0.1
-2459.58832013 -41.9443783784 0.921791576842 2400.0 0.407692307692
-2067.39310796 44.086035208 0.974392234591 1000.0 0.151282051282
3840.28745074 57.3702309147 0.954575435909 5000.0 0.612820512821
3520.90037515 -12.4181028937 0.704901223888 2000.0 0.766666666667
3873.44070517 -49.4708212638 0.915920160057 4000.0 0.869230769231
-9921.73177736 1.56320630666 0.939748099582 2000.0 0.458974358974
205.960368623 66.50767071 0.901181057076 1600.0 0.407692307692
-479.147581973 48.890689211 0.87986706351 1400.0 0.253846153846
-2386.61799812 -31.3008614564 0.723292337293 1800.0 0.407692307692
7084.40168141 45.5782806239 0.998527305469 4600.0 0.1
-5065.28961571 52.1258119681 0.962104814873 1000.0 0.1
7857.50935209 56.0815142902 0.983452216051 4600.0 0.458974358974
-7653.58497368 21.5433393629 0.936365492309 600.0 0.305128205128
2080.56396495 -68.2617470133 0.990250678592 1800.0 0.151282051282
-4452.90846276 -78.7865560596 0.973790424989 600.0 0.1
6532.00306823 -44.7216168008 0.966219950918 3400.0 0.35641025641
-3784.96538663 -41.1001954921 0.913042454866 4000.0 0.458974358974
-522.593144083 -51.0485467811 0.993986468785 5000.0 0.253846153846
2016.73665047 1.84548506854 0.417997950344 2400.0 1.17692307692
-5452.78756029 -22.6953711344 0.82306556184 600.0 0.202564102564
3475.03417303 -51.6180235896 0.870373615817 5000.0 0.612820512821
4381.68183741 -5.69363175204 0.826224206423 2600.0 0.766666666667
-3241.45320661 -61.6075475933 0.978103459731 5000.0 0.407692307692
4861.6052306 25.6522848711 0.962801617687 4800.0 0.407692307692
6072.2044916 -15.0020184629 0.896007160882 2600.0 0.664102564103
5883.16629895 -36.1495879263 0.950254587221 1400.0 0.305128205128
4892.82875344 -75.8117735547 0.97209391433 5000.0 0.305128205128
2259.66080119 53.3110161746 0.931999469159 1400.0 0.35641025641
1577.89485837 -71.3096001654 1.00404644181 600.0 0.1
-5298.55476878 10.2441747843 0.70620865149 600.0 0.35641025641
-5808.31475677 28.0980555708 0.841473696364 600.0 0.253846153846
-4.90658675561 -8.11880397003 0.227298447677 2000.0 0.971794871795
-5014.17262473 -64.5169238133 0.916620348767 5000.0 0.715384615385
1163.23967054 -6.97519941412 0.297005798846 2000.0 0.920512820513
1748.3389073 60.3628410651 0.967625059826 1200.0 0.151282051282
-3450.15404099 -40.7493545927 0.923072112071 4800.0 0.664102564103
-4825.14813631 71.4169180599 1.01282464725 4800.0 0.1
-5599.8626848 37.8654699289 0.823093335396 1000.0 0.253846153846
599.520258762 -35.3264219951 0.75138982255 2000.0 0.612820512821
-3668.09187398 -38.82425264 0.895986357162 600.0 0.151282051282
7141.586431 -38.5858184392 0.881864619302 5000.0 1.07435897436
-3910.26215212 73.7001863861 1.01570388484 5000.0 0.1
-6173.86515807 76.3131318611 1.00564167508 1200.0 0.1
-686.368040852 16.006672049 0.517119578417 1800.0 0.869230769231
-5989.78831752 51.3412641265 1.01300328511 5000.0 0.1
6291.56311744 -21.9740164378 0.918314406922 5000.0 0.766666666667
-1850.10296607 -30.0708401181 0.833166301215 1600.0 0.35641025641
4490.82823588 -30.2273514972 0.75448476066 1800.0 0.664102564103
65.2040415249 23.0320448986 0.515557441301 2000.0 0.869230769231
980.504401341 58.7761090446 0.924131387203 2000.0 0.458974358974
1667.46485018 -40.6312688681 0.844807919514 2400.0 0.458974358974
532.627456644 -4.87648462205 0.241719110028 2200.0 1.02307692308
431.954097021 -50.2294933873 0.894488171549 2000.0 0.305128205128
-6553.96315666 -64.1650881504 0.952697662397 1200.0 0.1
6837.53144726 -75.2722114823 0.977051166227 4800.0 0.253846153846
651.312063046 33.2713067113 0.616973453467 2000.0 0.715384615385
-1236.92208666 -73.8974062546 1.01295882915 2200.0 0.1
-3830.57774921 -5.57392126928 0.579341904466 1200.0 0.458974358974
-3644.17867467 -48.3530668106 0.927816464364 4800.0 0.561538461538
915.370483137 19.2724623021 0.578468149337 2200.0 1.07435897436
-2615.44417733 72.0123970091 1.01439044153 5000.0 0.1
8228.56455046 -26.1863124177 0.95827402035 5000.0 0.612820512821
-2649.34496215 -17.6036711063 0.6987103156 1800.0 0.510256410256
-628.124321781 -30.3220738408 0.656807627284 2200.0 0.612820512821
-2228.79848319 -48.7729016367 0.894290721546 1400.0 0.253846153846
-3438.51432639 -22.0422972688 0.685837598027 1600.0 0.664102564103
-4932.02134797 -71.6539031411 0.952725721474 800.0 0.1
1788.78401213 -9.54830032366 0.520396985026 2400.0 0.920512820513
-9002.6883859 -71.4398529585 1.02999264176 5000.0 0.1
6725.66141574 -30.7186383964 0.956570200175 2000.0 0.305128205128
-4353.96626964 65.6425916982 0.980293094401 1000.0 0.1
-604.124071311 49.5625072946 0.994413545274 600.0 0.1
-513.210835415 33.8381074519 0.826366418151 2000.0 0.664102564103
-9099.4725639 -39.217066825 1.01594484931 5000.0 0.1
-3414.69650435 32.1875286173 0.952853662728 2200.0 0.305128205128
-4316.48746941 -51.1811984268 0.994240222578 4800.0 0.1
911.9073431 -63.023929863 1.00515129351 5000.0 0.1
5111.35974528 -69.3697484379 0.965430991926 5000.0 0.458974358974
4361.61572418 -46.8301015896 0.928512320292 4600.0 0.407692307692
57.7223235247 -38.8291098825 0.855452738458 2600.0 0.407692307692
6363.03747176 12.0381305807 0.959691842863 5000.0 0.612820512821
3458.932233 1.54209933362 0.722266722453 3400.0 1.27948717949
6391.42488552 -29.9656452226 0.914979182187 2000.0 0.561538461538
5612.5091485 14.0676009597 0.827002856295 5000.0 1.07435897436
5866.46866659 -17.5236528898 0.908096190399 1800.0 0.458974358974
-2165.95765853 54.172196883 1.00233956241 4400.0 0.1
-4617.34004809 -45.6362371349 0.891949363392 1200.0 0.202564102564
592.923048878 45.7832188593 0.940239168634 2000.0 0.35641025641
-5536.14752691 -22.4394655955 0.941489476495 1000.0 0.151282051282
4536.68551992 -63.9666617096 0.949492899123 4800.0 0.458974358974
-4615.26710875 59.3738754208 0.989508003615 1200.0 0.1
7170.34266413 -6.08482026763 0.918421896777 1800.0 0.407692307692
5378.57158429 -39.0671417945 0.890326601972 1400.0 0.253846153846
5422.9927101 48.4896959961 0.979160215688 1000.0 0.151282051282
4517.6049039 62.738318004 0.940279686773 4600.0 0.664102564103
-6723.35956527 -39.1983681589 0.904467908388 4000.0 0.407692307692
-3079.4539013 -17.9714859404 0.663951396123 1800.0 0.510256410256
823.827938283 70.3828968548 0.969063864084 1000.0 0.1
6706.10872203 68.4493591282 0.990943619872 1000.0 0.151282051282
-5630.0385629 -34.6865126351 0.824875227619 600.0 0.202564102564
386.303542245 -8.9099718206 0.358776400796 2000.0 0.869230769231
-3264.20941036 -25.7525902058 0.820944098961 1000.0 0.253846153846
2570.69355784 14.4141138638 0.61974423618 2200.0 0.869230769231
-4955.47004479 -24.2456825248 0.790691196924 1200.0 0.305128205128
6804.10617749 -56.5816501857 0.977693529862 5000.0 0.612820512821
-6543.5902389 -14.9046500309 0.934557478479 600.0 0.1
-3282.74821354 9.77221621768 0.675180790297 600.0 0.458974358974
-6304.48306267 78.1864194232 1.00993381922 3200.0 0.1
3613.04211728 34.8109434486 0.953058289653 2000.0 0.35641025641
945.017005757 63.8400205506 0.952171261934 5000.0 0.510256410256
309.164831744 3.72883028886 0.219502815349 2000.0 1.02307692308
-2035.96768153 24.8594083365 0.729597291605 1600.0 0.510256410256
1744.07266815 -43.318720342 0.757942867496 2200.0 0.715384615385
-1310.03026284 -39.1419578758 0.669299827681 2000.0 0.766666666667
6022.16259306 47.7902345878 0.996775640977 4600.0 0.1
-5128.05625836 43.4040105038 0.975624674083 3800.0 0.151282051282
2401.90022778 3.0123970253 0.556653243117 2400.0 1.12564102564
326.357084646 -78.2462197516 1.00972412 5000.0 0.1
720.984292511 4.30057200998 0.207420533194 2000.0 1.02307692308
4939.76352034 -40.6341572137 0.862657322564 4200.0 1.02307692308
5701.23539992 -31.164963026 0.92963460706 1200.0 0.305128205128
2839.52165173 18.8023312579 0.736532090964 2200.0 0.766666666667
-6575.00810776 -52.9893521552 1.00768914421 5000.0 0.1
4389.82254542 -60.6500447942 0.933253323216 5000.0 0.510256410256
-1873.27206022 -39.3266736567 0.715173340223 1800.0 0.510256410256
1310.49376904 38.5204759276 0.927810538905 1800.0 0.305128205128
-6177.55223427 22.0242125567 0.919568945971 1000.0 0.151282051282
-145.995305703 -78.6405982908 0.869068197094 5000.0 0.561538461538
3805.54959587 -24.5356478107 0.814341634209 2400.0 0.664102564103
-2318.50324899 30.0789182493 0.824406426674 1200.0 0.35641025641
-2351.49943651 -31.1052051457 0.722460280175 1800.0 0.510256410256
1689.01801825 -34.8255759291 0.641138613389 4800.0 1.12564102564
-6482.7145206 -68.1343495681 1.01088682081 5000.0 0.1
-6474.72425354 40.6908202707 0.882732216736 3000.0 0.561538461538
2156.44869504 -89.0410186745 1.01032093603 4800.0 0.1
-7440.23664225 -57.4400306904 1.00092875857 600.0 0.1
-5926.52961772 20.1926245862 0.926887550962 3200.0 0.561538461538
-6098.10269287 39.8535633436 0.936189045097 1000.0 0.151282051282
3293.91081619 28.0558081977 0.656824911546 2000.0 0.766666666667
-1171.88810944 34.1694224394 0.428357545394 2000.0 0.869230769231
-2173.75902855 27.2739124689 0.809652176123 2000.0 0.561538461538
-2899.25092259 45.0705878085 0.998029914269 4800.0 0.1
-4696.46088745 -70.6261905771 0.992931044438 600.0 0.1
3493.5327947 49.7622690084 0.968587165899 1400.0 0.253846153846
4911.79386062 -66.5092951582 0.962315426516 5000.0 0.35641025641
575.289194626 -28.9579572783 0.623952660728 2000.0 0.920512820513
3794.39602869 5.88486559841 0.732212115436 2600.0 1.07435897436
-7489.57375149 -21.2742736347 0.960697052905 2000.0 0.151282051282
-4172.53646676 -69.5713281044 0.944939275877 2000.0 0.202564102564
4846.88304058 62.3523248955 0.997494027687 2400.0 0.1
6188.62060958 -10.686124342 0.955761066532 5000.0 0.458974358974
-108.605023187 -51.8862544536 0.888834577667 2200.0 0.305128205128
6599.08550085 -31.3940838769 0.943103366152 4800.0 0.561538461538
8385.29865812 49.7521130194 0.971895574229 4000.0 0.612820512821
-920.615706424 57.325139129 0.916922113791 1400.0 0.202564102564
7444.7051388 24.7297066937 0.981582387875 5000.0 0.458974358974
-6330.32428842 -70.9394575957 1.00171297936 5000.0 0.1
-950.472976623 2.63344514475 0.151867383543 2000.0 0.971794871795
2583.26083554 24.8718542766 0.626837234536 2200.0 0.920512820513
-4469.80566792 -16.0178331194 0.766302252421 1800.0 0.458974358974
6224.47311001 79.6245004955 1.00667223566 5000.0 0.1
1412.882857 59.08383558 0.949596340257 5000.0 0.612820512821
-4364.98529006 53.7556812954 0.967861815829 600.0 0.1
-5807.21905997 -33.5819707114 0.97787616359 1000.0 0.1
447.108146901 -1.26793512198 0.217557972778 2200.0 1.07435897436
-7609.58230936 -80.7733151008 0.952948257598 5000.0 0.664102564103
-6598.44492187 10.2567068981 0.910833408209 3200.0 0.510256410256
4623.95846986 -32.4114944814 0.815267573942 4800.0 0.971794871795
-1354.24587425 -12.5948256833 0.460069033577 2000.0 0.817948717949
317.568193733 25.7079879307 0.43371415283 2000.0 0.869230769231
-5875.52871183 42.3281526948 1.00328434562 4800.0 0.1
-3101.92654545 62.603870487 0.999231472545 4800.0 0.1
5383.99609348 -13.4403759207 0.882332363893 1600.0 0.458974358974
-6429.1215784 88.160587754 1.0177731084 4800.0 0.1
1085.32348195 16.6183469448 0.605164824556 2200.0 1.02307692308
1247.85307868 -15.5602122566 0.492161458259 2000.0 0.766666666667
1361.09444967 -61.2060091079 0.876227890041 5000.0 0.561538461538
1682.70083211 -37.5115982935 0.789268582961 2200.0 0.458974358974
-1535.8220136 13.8141632971 0.563194507488 1800.0 0.766666666667
-383.275018484 5.22687041604 0.168150299659 2000.0 0.971794871795
-7885.95735217 -64.9939397245 0.946640654281 1600.0 0.1
6131.07950363 -3.13975054804 0.861316872457 5000.0 0.971794871795
6744.82767128 -28.9655712687 0.970325947163 1200.0 0.151282051282
-7232.63226135 -27.2776407 0.874120946044 2200.0 0.253846153846
-1127.40835042 -69.0253956917 0.970958241486 4400.0 0.35641025641
-4835.88427111 32.3639804251 0.862220732804 1600.0 0.253846153846
-6079.45519802 -18.5878302771 0.849568325302 1600.0 0.305128205128
783.488502703 -22.7562919659 0.6381742631 2200.0 0.664102564103
-7295.15170982 -35.3425058215 0.929948741543 1000.0 0.151282051282
2781.09735775 34.1836148466 0.749706587849 2000.0 0.766666666667
767.80386161 -24.0622681964 0.582198469942 2000.0 0.715384615385
-2573.66254437 68.1073058447 0.998713231563 1400.0 0.1
-1178.5532757 -18.8570892433 0.61739190117 2000.0 0.612820512821
-5717.07507841 29.4785103084 0.970651364908 1400.0 0.202564102564
3090.06370345 28.414086771 0.751181961087 2000.0 0.715384615385
242.08721042 72.5745673034 1.00347883581 5000.0 0.1
1187.67943349 46.5422888917 0.997300367273 5000.0 0.1
-3121.4002054 23.7906698649 0.659714240105 1600.0 0.766666666667
-2699.10206131 5.87100129861 0.466240526241 1800.0 0.766666666667
-1530.67447794 -64.517805535 1.00066404199 5000.0 0.1
2491.74597164 30.7319863456 0.797070925087 2000.0 0.664102564103
-742.038794175 4.4741015016 0.255962119601 1800.0 0.920512820513
6173.25181011 -9.00843425436 0.890762790367 5000.0 0.971794871795
-5471.07486572 -74.3340132531 0.976894599117 2800.0 0.253846153846
7027.43748382 -57.943207175 0.963543893887 5000.0 0.510256410256
1741.14065649 63.8120679046 0.93262543183 1600.0 0.253846153846
-989.8596065 13.7575938589 0.267992702347 2000.0 0.971794871795
3145.53403968 51.3991959132 0.952333234953 1800.0 0.305128205128
281.878303411 -14.7416609363 0.363765311067 2000.0 0.920512820513
1867.4594084 -68.2823502687 0.995142056361 1200.0 0.1
6877.87513117 20.0176607601 0.930376625307 5000.0 0.920512820513
-4204.59525497 -41.7881061185 0.914944480393 600.0 0.202564102564
2001.42552136 39.3586633317 0.750172047684 4800.0 1.12564102564
1599.50292707 4.11230763688 0.403580265692 2200.0 1.02307692308
-4649.05775489 62.6384620485 0.971949417905 5000.0 0.407692307692
3686.22453145 41.6213636212 0.962185105686 5000.0 0.407692307692
1541.2737015 53.2508715274 0.903958514527 5000.0 0.664102564103
-1123.60682189 36.8866144432 0.604571191356 2000.0 0.715384615385
806.294362644 48.1576646536 0.910117703174 2200.0 0.561538461538
-141.936700157 -33.7058762701 0.798628438112 4400.0 0.715384615385
-3728.23321819 -52.7778240003 0.88598698041 1600.0 0.305128205128
1321.06147262 75.7539151742 0.97973399183 1000.0 0.1
-2995.99361094 18.1704927843 0.782348225082 1800.0 0.510256410256
-4269.25541379 -23.2431329595 0.835876178284 2000.0 0.407692307692
1074.22987786 17.5010865918 0.354834572195 2200.0 1.02307692308
1270.19183461 -23.7955197467 0.5973578927 2200.0 0.766666666667
1156.37126703 11.5095489092 0.444370745091 2400.0 1.07435897436
1487.35538143 57.9547248571 0.932560418264 4800.0 0.715384615385
1970.74128652 14.8275117133 0.76776313158 2200.0 0.664102564103
-1347.43733486 -29.8492709767 0.468956768221 2000.0 0.817948717949
-7512.62645612 -38.3045686487 0.990968724537 1400.0 0.151282051282
-2788.13167873 -7.02682205395 0.520358730992 1400.0 0.510256410256
5187.81296134 69.6122748365 0.990366816173 2200.0 0.1
5730.7148635 -26.1557003608 0.922152610105 5000.0 0.664102564103
-3740.96441736 -69.1478400513 0.958287897463 4000.0 0.253846153846
6049.08826406 46.4903746326 0.880760595793 2000.0 0.561538461538
-6383.40058847 22.773597391 0.90584615223 3800.0 0.561538461538
5222.96225966 -2.93889854488 0.910394579962 1200.0 0.305128205128
1032.90667239 75.7781395426 0.826990169688 2000.0 0.664102564103
5778.01484897 -63.9185934424 0.997312588041 4200.0 0.151282051282
6568.30728671 84.4246707863 1.00272023951 3200.0 0.1
-7154.13068171 70.7370299864 0.954963566864 1400.0 0.202564102564
-5077.31834493 34.8528189984 0.856861249121 800.0 0.253846153846
6490.86701115 -43.4315744311 0.96999003512 1600.0 0.305128205128
2683.16211482 -16.5939758883 0.573384653439 2400.0 1.02307692308
1368.09967794 2.90177226529 0.250289846766 2200.0 1.07435897436
-2569.38301826 4.80240834862 0.564448249346 1600.0 0.664102564103
-3350.74683104 -79.2990882154 1.00243939947 5000.0 0.1
-7454.37829995 41.2359280168 0.960160483189 4400.0 0.305128205128
3596.88830462 -74.8671417879 0.998030745314 3200.0 0.1
-2844.7395812 64.7276558353 1.01087525746 4800.0 0.1
-424.099066272 -69.5865867018 0.950473074392 1800.0 0.151282051282
40.8545423628 19.7130101399 0.485432952421 1800.0 0.766666666667
-1215.08164954 4.78791689781 0.222879536541 2000.0 0.920512820513
999.15850355 68.9689242189 0.922138355197 2000.0 0.35641025641
-2461.52057422 22.5339861883 0.818690566358 1600.0 0.407692307692
807.462595433 -58.5277374636 0.928639529239 4800.0 0.458974358974
3238.32156236 -35.5518513864 0.823487518513 2200.0 0.458974358974
1135.27781975 37.9676058808 0.994243255551 2600.0 0.1
-3276.44695669 24.6445398734 0.777482077455 1600.0 0.510256410256
-6327.80846742 19.955114737 0.962118460081 3400.0 0.305128205128
643.116530432 44.657164944 0.741917021586 1800.0 0.715384615385
3149.88950218 -68.1046798979 0.978517187641 2000.0 0.253846153846
2249.41222046 52.9654641937 0.99276666495 1000.0 0.1
-5159.56853841 -51.9741669989 0.959445091302 1200.0 0.1
7586.95377691 -3.49875427847 0.910239826901 2000.0 0.510256410256
-5961.58801812 20.6515809897 0.918081998995 1000.0 0.151282051282
829.789620303 -40.3173316744 0.753262670476 2000.0 0.458974358974
-1807.69104422 66.4214423372 1.00212385871 5000.0 0.1
4578.70815119 -36.4237764524 0.85928611336 4800.0 1.02307692308
2373.88119225 -35.0766553194 0.813074587008 4000.0 1.02307692308
