4558.14221115 14.0551238708 0.881430309612 1
5068.91097904 -23.8272885368 0.90548575836 1
-3229.58116022 25.4775567079 0.981194578359 1
4855.37513531 -13.938820206 0.888213461484 1
2897.31596719 -34.4893950788 0.540367119481 1
2515.22530983 34.8732417338 0.733223628983 1
-4374.56309853 6.68203050573 1.05347634896 0
7279.37795013 -24.7829036275 0.944124659947 0
6100.36489984 -33.6783772664 0.95847327197 1
1283.33393971 -43.8373265668 0.648584103758 1
-1483.62967201 -24.9455810394 0.686009316937 0
3260.54003337 -10.6926223946 0.764625327766 1
-1125.14732459 -23.6336916218 0.861683401315 0
6735.61685417 -17.3624869922 0.931569109923 0
-4900.30823916 -6.83911949476 0.987002063818 1
-5446.16865173 -31.4799788414 1.00158067872 0
-1674.22859194 -28.5631744363 0.980351797742 0
-3704.32797246 -27.9775020976 0.947556002581 1
-503.806201791 -28.1660822162 0.570593249722 1
-2128.31829321 11.2337120425 0.646191829557 1
5151.20346383 41.179285184 0.90352135197 0
-1237.80342426 -30.2677384173 0.945340289979 1
2708.55112584 -23.1474329024 0.564545838238 1
-2490.95981576 -1.0900997711 0.52095579574 1
-2192.86658757 13.9947349732 0.517855680216 1
-3436.56542904 13.3922172819 0.746699339771 1
-5687.7081753 15.3575431148 0.943890327211 1
-6541.95811662 -15.5280768636 0.966957733595 1
-1355.25570681 21.7183646861 0.633102130691 1
2210.28047205 -29.3659443357 0.991732509303 0
3372.74337275 25.056930663 0.782971263923 0
-3539.96978412 20.218647031 0.818640821076 1
-3525.91587858 -37.5779989925 0.95694397292 1
4284.92299981 15.4684961988 0.890008516875 1
3935.77576466 29.3956771402 0.807063817735 0
3773.79657449 35.937243119 0.893977575748 1
-2023.13741981 18.9878519423 0.601943169738 1
-3244.9362046 24.1869515491 0.930024256406 0
-1742.12430211 -25.2743298822 0.648419718423 1
-3333.36304691 49.8765939709 0.911192981124 1
-3465.5934623 35.8037348231 0.976191901759 1
1187.80983036 -43.6411525846 0.744078814734 1
-2443.39149942 24.0802619667 0.792039606436 1
4227.17264634 -16.2459948839 0.932315967543 0
2769.69914318 -38.3206007427 0.623934174925 1
3009.25565191 -20.2150532848 0.602969356054 1
-5779.60260969 46.0210725242 1.06358337561 1
3170.94780533 -34.6545925084 0.626694169699 1
-5566.66368559 5.61272733367 1.0539466008 0
5100.27705122 -15.9445378336 0.933149962501 0
-2078.95969309 -8.83574766039 0.506424483926 1
-4029.35428463 -61.7341869525 0.950886422741 1
-4349.7692753 30.733741436 1.03702263326 0
-4324.47917685 -27.8602833426 1.04738436602 0
8248.75252216 -9.97210674742 0.941196513087 0
-1889.92028434 19.7396573372 0.578684422892 1
-5599.51103103 -25.3469657195 0.989740165748 1
3318.23312834 -21.0845227992 0.622451042111 1
-4899.40553028 23.7843517394 1.01503045162 0
2920.43661328 30.2530731768 0.735142908866 1
5983.10081047 -14.6188484836 0.977963496042 1
-2627.44478682 -21.6867274669 0.637581771613 1
6055.99391658 -12.4264474054 0.980574962391 1
2614.77579128 34.7626952048 0.769147889822 1
-4521.09423949 3.94990255873 0.947248260154 1
6433.05207247 -31.6398372598 0.920429272252 1
-1919.11882338 -6.35249418921 0.468580869381 1
1128.47106997 21.9406419486 0.629561295764 1
6285.38222895 21.386723848 0.910996147358 0
-3445.65288914 -18.4616570245 0.886321757301 1
2045.55447254 -10.5871443447 0.467969661053 1
2611.41069265 -59.8137448586 0.966594429214 0
3703.97130932 -33.80732281 0.931738197946 0
1704.06779811 -6.58344978955 0.334274087873 1
5780.03915575 -48.5797266259 0.97396555434 0
2840.31311445 21.4761963306 0.582582933591 1
-4162.27966275 12.4432197724 1.05243421515 0
6229.67884938 16.8639062247 0.997110468242 1
-6191.30047043 14.9283622841 1.11651323378 0
976.767656388 -34.368607123 0.474644089911 1
2235.4399539 26.354516599 0.941202917346 1
3250.20792247 20.6413309694 0.737297078957 1
-4158.40777794 35.5574594304 1.01589653401 0
7719.67141908 23.1183153748 0.940917659575 0
1786.60112044 -27.1797903768 0.864548696046 0
1273.97376826 -19.1222957172 0.526099692186 1
2497.58398795 -43.5427181694 0.678982639772 1
3295.49990512 -9.86075077944 0.855717795914 1
-5352.54133642 -15.3990991007 0.937896807416 0
-3397.54489223 23.3629909092 0.7543129988 1
706.213802671 22.7062769491 0.548230126924 1
-1401.19261006 39.849752776 0.900923900553 1
2718.86238792 -22.2721350303 0.754939800959 1
7269.65222402 17.4044916649 0.99582624784 0
2358.94258133 -30.2284379758 0.762645505903 1
2784.49245778 -5.07801547145 0.580441613333 1
-5339.8192671 65.7932578728 1.02099110938 0
1874.74667638 32.5384577958 0.678990798195 1
1375.99235492 -29.8785448377 0.994106010869 0
5865.1748644 24.4843675325 1.02391183622 0
4250.61166069 -43.5336723869 0.93712267002 0
2836.02000657 32.0807451701 0.751938421974 1
3222.50299561 18.0069137531 0.847860736953 0
2990.0514023 32.9735384869 0.851577832101 1
3909.25307668 -27.7028322616 0.984436840554 0
5279.39850973 30.9384633522 0.975486361906 0
-3854.37262829 -29.1805983603 0.665174477439 1
2699.9136074 -15.2027348133 0.955551485 1
-5115.08876128 -8.57859461922 1.11416544074 0
-4922.54851314 31.9951115055 1.01984891898 1
-874.037185727 -44.2478854734 0.553626989886 1
8852.9400367 32.0116392392 0.910368320134 0
3096.24306175 25.3003736887 0.874283800332 0
-1548.99968958 -17.2247479686 0.681323418211 1
-5375.67489372 -16.8298372607 1.05798724396 0
-5241.9974577 -21.240524349 1.03369185688 1
3922.52711479 -36.8179218023 0.953694820127 0
-5671.14199252 -17.0054802325 1.03833947827 0
-5739.76940388 25.1630792834 1.00305280322 0
5032.7761272 -35.5326119668 0.95122719861 0
-5247.19856641 -28.2576606378 1.05381529265 0
4291.52143853 -14.9235033499 0.918361303964 0
-4344.35780298 15.8534644093 1.00198593841 0
1346.3948801 -16.4957535801 0.6564962574 0
-4075.4643734 17.4701068163 0.974753685931 0
2225.39400479 21.2101690079 0.484271745436 1
-1833.45197875 39.7805878173 0.715073567173 0
1173.81149628 -24.7810461139 0.43966111231 1
-3223.11975701 -13.4637246168 0.940171862266 0
1387.74433378 17.1591694589 0.566742812096 1
-3318.84539768 -60.4921186206 1.02527071307 0
-3079.44682365 20.2826662029 0.641927644497 1
-5856.46670111 36.7250510216 1.06908833807 0
-509.387758868 14.3514200365 0.32968774689 1
-2505.75394962 -35.3950985563 1.01280905649 0
5107.92363651 17.2395354735 0.860024778149 0
-4764.6842066 -25.8101180433 1.09035981622 0
-2971.4496765 -34.5091864329 0.874609746024 1
-4819.13022082 -30.5154172786 1.00105774032 0
-2263.40174938 25.7861023197 0.682727004778 0
-5694.34247755 -13.8906803341 0.988472507155 1
-3736.59834521 -28.2334582956 0.956436420148 1
-490.573857125 -31.0051983156 1.0076306265 0
2019.32122821 35.9937219705 0.833589217606 1
4463.28148402 36.0697137609 1.00712557003 0
-4803.29759658 35.3120742253 1.0436454584 0
-3380.93716675 21.1545072945 0.973672376907 1
1869.77908586 19.7092466517 0.521929077371 1
1486.01499916 -27.0907327319 0.651483281171 1
10016.5607182 -43.2973849754 0.977880703337 0
2841.91502992 -35.9908377864 0.497477397661 1
5009.36776297 11.624444679 0.937602135834 1
-3414.63300954 -23.1458326957 0.922246874419 0
1617.44485485 -30.7420500591 0.713006565383 1
-3821.02915301 16.2356647626 0.993614129691 0
909.030898603 -15.2591439489 0.618035204233 1
3000.3475955 27.7850153201 0.641299053799 1
1858.26335864 24.8065086536 0.852173712522 1
-3753.05585296 -5.7741831991 0.822951038452 1
5797.44034823 -16.6109829213 0.969872877739 0
-4905.99749521 -30.0805900187 0.973000614752 1
-2628.88887703 10.0569907282 0.552906144335 1
-755.753334595 -13.8568532136 0.555262678308 1
2124.28013997 23.026363402 0.615570999526 1
3142.79352228 12.5338192496 0.772383457592 1
6048.78246597 -34.1890282718 0.990565135257 1
4571.22959561 -15.6623074658 0.764098488317 0
3673.07059551 18.833591624 0.868635202356 1
-1523.49077789 43.3171176363 0.823397208835 1
1513.43530012 -18.7383334976 0.386351489934 1
-1045.01987081 19.1385427353 0.38421869195 1
-5100.80989443 26.0030111619 1.06762949878 0
-4389.89066796 33.6416829115 0.923248103952 0
2371.88128689 32.8978379946 0.670723720125 1
-2103.6264128 -29.8511332414 1.01141255693 0
-6100.26689449 -37.156087327 0.998674008397 0
591.05506998 9.8928251083 0.460096783632 1
-3921.66022668 17.9883496164 0.925547506653 1
-1574.50551013 -12.8749481774 0.650213548648 1
4756.1725444 -11.3557250056 0.670465429031 0
-1241.63071467 -23.9376072715 0.690600719404 1
3610.26058221 21.3703452529 0.94633821428 1
-2985.73599227 -30.8876708582 0.563454009302 1
-4370.74538184 5.77531697297 1.03910442455 0
1925.38270938 18.7817738291 0.6241784853 1
4808.21015791 -30.5665551136 0.977605758272 0
-2294.1423186 41.5390319855 0.757256211237 1
-3735.79859367 14.0967734199 0.721339182489 1
3279.78980178 -24.8625672123 0.546888746843 1
-2975.90387799 -12.9711709683 0.587436926357 1
-2354.49493052 28.4404533524 1.00347115394 0
-1912.14985019 38.8854027697 0.770514482061 1
-4321.70162289 27.2970299451 0.993225118967 0
-2519.53650963 -15.9180404053 0.511249794996 1
-2553.56887128 41.1744212497 0.990409313065 0
4663.74963655 4.13560688509 0.947342901177 1
1397.88512803 7.99410811043 0.29049120171 1
-4078.97682937 16.1111555387 1.06240935721 0
4180.10511798 25.8466070548 0.851594308403 1
-2359.93652898 -30.9909578651 0.616486532282 1
-7539.10305263 -27.9266372705 1.0161643603 0
-4069.78365624 26.0066208483 0.779819238573 0
-4207.92413844 15.3608869378 1.01723419597 1
1922.02729828 38.4515005782 0.976019537846 0
1654.07376027 6.22304013244 0.375340737238 1
-511.703384146 -31.7097841311 0.461503694 1
3549.70787404 16.4639148251 0.829227283993 0
-4883.066535 -43.3508658007 1.00098973142 0
-2953.83981723 -38.4503221676 0.599911898921 1
2295.50091771 -19.2693728607 0.795969788345 0
-1204.42612631 31.3278011634 0.656616683166 1
-3343.12914272 31.0159020861 0.725048486462 1
-2998.20844992 -21.6280857131 0.616313441882 1
-4004.29889128 10.9302579114 0.946268751201 1
-2969.07401452 14.2056337851 0.659892226892 1
-5710.70114274 28.5846873244 1.04893151909 0
4151.46796215 -14.7527248598 0.837969969942 1
4024.61988498 -19.4895394661 0.931786992502 1
-5765.01900732 18.3206352433 0.958800996628 1
5891.04946455 42.2727408315 0.943930164727 0
4319.36583441 10.4903455703 0.808218888598 0
5484.117319 -15.2047777635 0.745696920002 0
2536.56617021 9.96863120043 0.46784476392 1
-3722.46523683 21.1037484927 1.0172622557 0
5458.17824153 40.9878539741 0.954835456833 0
4179.69219244 -17.3672796947 0.845762148974 0
-3431.46035135 15.5300448132 0.63457538141 1
-2178.23001415 -26.7353374183 0.725357322306 1
-4989.18770236 19.3838946399 1.07490376903 0
-5757.937797 -45.2066209779 1.00974271843 0
7393.70239296 -28.9145762542 1.03236402204 0
9155.00016401 -11.9766070165 0.921788670302 0
-9576.15878219 -24.036778806 1.00979858987 0
4225.33890212 -31.5236781664 0.953359243413 0
-4496.41124602 -19.9853481448 1.03478776773 0
3824.84860016 -12.814244322 0.776661257324 1
6183.76081657 -15.1638808027 0.909539122764 0
2097.60434739 15.5594646607 0.59845651249 1
-7190.61614487 28.0712284975 0.970818373288 0
582.847400853 -29.0819245496 0.488299467519 1
-3090.25008528 58.8588457236 1.04496519831 0
6328.21405486 -13.7792988079 0.984993301757 1
-7733.78113556 -17.1973287928 0.983528476417 0
-2144.49680253 -35.0350659792 0.839000787463 1
2967.10840466 -17.5055967367 0.603205086306 1
-2745.09637819 -27.5486206797 1.05611326595 0
2788.41477536 24.0329423536 0.956426501013 0
1625.89655132 -21.6008125135 0.820224262463 1
3977.62977933 18.1091895211 0.959729283468 0
-4763.80567571 -32.1758597301 0.992902882294 1
5383.24773544 -20.4900264157 0.847250567223 0
2745.92100492 -20.8106974465 0.654237414209 1
-6974.34341698 15.7785648796 1.03970792115 1
-1064.62220035 -6.78383536046 0.549192044024 1
-450.664103754 14.3783638329 0.366638686661 1
-2830.20495503 27.3008441215 0.675607243254 1
-4814.00195687 27.2397886512 0.99854926885 1
-6779.57858904 -20.227317355 1.08703166741 0
-2401.8493622 -37.5368066602 0.711216162265 1
-4351.95215232 -20.3233619609 1.05905102928 0
3841.9880818 7.74953377141 0.727363770475 0
5271.77530071 -29.3444368306 0.969266316502 1
326.165995432 -30.2081402297 0.904496042728 0
-2440.02543342 -20.3894411714 0.616526183186 1
-5541.24950665 -21.9111457699 1.0723312767 0
-4131.77359735 9.79155013582 0.912356283748 0
-2516.31416306 -26.1653104592 1.017308092 0
-5250.34002079 -29.3882550868 1.03697364137 0
2538.7135542 -22.6332707296 0.678927590826 1
3704.09958128 22.9905776469 0.926060605246 0
-332.452753027 -32.7026258659 0.553861089869 1
-2139.30689638 -9.66285066386 0.49105145125 1
5500.90679004 -16.2534812712 0.921504431196 0
6008.21135473 -25.5924475588 0.965079348422 0
-1827.13350193 32.6812032512 0.880319093532 1
-178.609034536 42.2835818453 0.675634379324 1
5592.08475341 13.977609872 0.774770479044 0
-6439.50086497 -28.3349556493 0.945995351611 0
3514.18325131 40.1095063384 0.983214786292 0
7313.41864322 48.6780221592 0.974549387286 0
1957.49390548 24.7107216118 0.650959043077 0
6274.10174379 -12.3152427342 0.977726309262 0
-4403.93003647 -20.4042743867 1.07469076808 0
-3654.5469759 26.0120604318 0.70724475824 1
4805.01800084 13.6158997042 0.92244582205 1
-2234.48609037 -15.3929014846 0.599581352696 1
3751.91454799 14.3673452817 0.832817648476 0
5995.70876188 14.0515857781 0.953539954245 1
1236.77719734 -38.3753100684 0.52211603786 1
5055.59576878 -16.1952535664 0.991516596129 0
-7750.89354933 -12.6387159393 1.05401121619 0
-2183.2950687 14.6653508119 0.599216662457 1
-432.452581595 -15.3758101134 0.474149874157 1
3399.00828608 44.6253492826 0.817450821558 0
-2344.95220072 -21.3370599445 0.82492477546 1
3618.43519553 26.2854672317 0.974351118565 0
6311.5041708 -31.2173792072 0.97083196074 0
3767.46093099 -35.066237176 0.815806520228 1
-1061.49945646 9.68778783088 0.337024538186 1
6306.61582691 -27.4830810992 0.931661088735 0
-5849.77249177 11.1845172577 1.07390390484 0
7779.89745562 -20.456775399 0.966662360372 0
3733.64044735 16.6581448265 0.779665534481 1
2924.32749986 26.9296161409 0.789034984548 0
4541.58511515 -18.81356896 0.849899832219 0
5452.73910288 15.3107446307 0.93101880144 1
-3737.86175528 -18.4000764812 1.02472727535 0
-1868.1585359 -25.2452128107 0.742207321439 1
-2377.83290887 -20.5766562304 0.742406473428 1
-3202.12662295 -41.2530210973 0.779608147813 1
5772.284617 -20.7465310914 0.960381223612 0
-4574.3628051 50.4755629745 0.977751992104 0
-9102.43655776 -22.6387926451 1.07160417237 0
4471.0982113 37.41304989 0.910992465183 0
-3177.16614294 28.2758591252 0.60607007113 1
1468.48436367 -9.14777567172 0.349837218327 1
-3722.19854442 -27.755708511 0.996204402867 0
-8757.10543478 -26.0781288921 1.05194380141 0
4087.90703214 -23.788229443 0.870763576112 0
-3152.98876307 25.6387158297 0.979879733876 0
3406.53996799 -7.59766959817 0.657224606837 1
-2234.85770297 12.7698073258 0.88739851269 0
-1201.40998655 -30.3672294256 0.864953980011 1
-4449.89667536 -39.8768213047 0.964677467186 0
5046.18381639 -25.5226427667 0.938155175287 1
-3010.96061517 -27.2525419197 1.01208618764 1
-3288.42307837 -22.8173826622 1.01476825877 0
-3039.18169994 36.2828042918 0.764751934531 1
4565.00102206 25.8519944325 0.870778038459 0
-3258.93963686 12.8241096905 0.711588086919 1
-2502.04304359 -27.9456673422 0.591348346903 1
4459.07729997 18.0841178405 0.783292959259 0
2265.31190172 34.7230180434 0.682770501342 0
-3642.87764389 -24.3781668004 0.995011498352 1
-2836.80653132 27.6644524066 0.661777789821 1
-7839.60871527 23.1367797893 1.04031526245 0
4496.500201 -34.6825356325 0.893690950706 0
2510.65849255 -17.3515425271 0.779787455001 1
-3950.26657325 35.551805078 1.02360371851 1
-2798.11364691 37.3755706859 0.772370297584 0
3211.28680669 -42.4533767258 0.904980427317 1
1768.19763586 6.37042127389 0.396572008041 1
3614.16386725 -14.9531176913 0.902847156506 1
-3482.44367883 22.6793478938 0.952003917095 0
4190.36679507 -23.9200822762 0.963036870049 0
5879.40693835 7.4942366746 0.913457201169 0
8230.88046992 -27.024199588 0.946463933078 0
4011.76683667 -34.1465013106 0.88552131573 1
-5760.90758974 -24.0580606266 1.02076507462 0
2547.1495494 -27.001085361 0.603654389022 1
5341.71820197 -23.962687745 0.958302197216 1
1035.44547808 12.6540913306 0.278735799716 1
-2823.00482365 -42.6451104123 1.04136212728 0
-1315.29364938 -13.275153772 0.722313834373 1
5355.28213881 -20.3636888861 0.914533951697 0
4665.37992709 11.8419659468 0.972424046431 1
-5992.3411861 -32.6573807564 0.902306482244 0
1230.13320789 31.6496956305 0.707797414252 1
-9257.48948935 23.9430351854 1.14141696306 0
-4124.52019373 -14.1808138647 1.05395700747 0
-3138.45417835 -8.99498357262 0.579303021577 1
2962.89100258 12.1132589841 0.538653783869 1
-3727.39133321 13.6223027393 0.796236680919 0
1212.55440286 27.3021434636 0.639672538619 1
-2523.95260474 32.1610302356 0.887434518699 1
-3024.46044622 17.8594173807 0.652694227435 1
1937.19438245 -14.4925424782 0.654892894576 1
6227.49712597 10.2912850464 0.826597905671 0
2896.55520848 -32.4979775976 0.845905955108 0
-3311.3606446 45.7921029997 1.07418961265 0
1515.87454528 7.0705022089 0.25736457126 1
-161.204025698 17.0824083738 0.336290283209 1
-861.61684131 34.8949681566 0.753400891883 1
867.602518471 -17.2373528278 0.325679337998 1
-2233.63372987 -25.695398702 0.947705289961 0
-617.610362682 -16.5405588612 0.797583947724 1
922.678854502 17.8280731023 0.418295523155 1
6733.2235686 24.591610802 0.9877740365 0
3643.77689356 11.6239915747 0.850982603093 1
2750.80920145 -44.5359972293 0.671208242582 1
4494.1958438 53.6377454628 0.991773006307 0
-5886.66424928 21.6298859312 0.956876240658 1
-6114.1802171 -11.6594448271 1.04119101737 0
-2113.02786577 33.9395811214 0.770464969346 0
-6871.54343624 -12.6615515474 1.06477710726 0
1520.91191987 6.28217241305 0.436074437499 1
2054.52442017 15.5493367501 0.412285726257 1
-2094.7898168 -33.9328658125 0.750874132042 1
2558.54230957 13.0644242593 0.677606184703 1
-1095.978693 -31.0876113586 0.56945703764 1
-4895.54890701 15.3111190703 1.06914449827 0
4412.01793713 -9.71067536095 0.816030000854 1
4031.79228613 -12.1025806624 0.744886525282 0
2446.22911964 22.8733697357 0.703628843756 1
3380.96386934 -27.0518576345 0.776612276636 0
-3787.06678003 24.2890864938 0.974488632594 1
-1264.82322637 -47.3362636465 0.967133113662 0
-2713.25871887 16.3694800036 0.637746937052 0
3859.266501 57.6567045194 0.964174525472 0
-2661.71061818 12.1793102234 0.688131564297 1
-3477.45048454 -22.3838050836 0.693886396308 1
-12346.946024 -28.0601860232 1.12963636863 0
-744.62947215 -15.0433781165 0.62983762072 1
1069.29424402 15.6585857385 0.331440162561 1
4910.37020583 15.8779467674 0.894341288172 0
-3964.2875719 -32.340094211 1.06275607799 0
-2085.68515439 -41.632552418 0.610977328697 1
-3936.03753883 -20.0130362467 1.00176476412 1
-6346.16421495 -6.55366478759 1.06015729042 0
-6958.78050383 -7.12258220463 1.06988820065 0
5685.85087644 -11.87115582 0.913897341555 0
3978.16496855 23.2968340031 0.992626643374 1
2865.12301375 52.1762383768 0.842418336056 0
-4892.98667129 5.44478157808 1.04568095601 0
-2429.91452075 -10.1560371822 0.688158946625 1
2019.91080527 24.7326507567 0.665485548952 1
3579.57360479 21.6251482601 0.855705668194 1
4447.00276866 54.8560705172 0.982967301724 0
2284.85517281 -22.3582190487 0.838848218513 1
2016.73978862 -20.3842856572 0.73109323741 0
-3093.93661791 10.8034118927 0.600266270102 1
5304.91586472 20.8608278361 0.925228127327 0
-3678.11980199 28.2549054702 0.89120454574 1
5810.61240281 -11.2059156314 0.963170467087 1
-1736.67965873 -12.0209966431 0.519398279503 1
6675.07884113 -25.5965695439 0.923280986885 0
1799.95226424 42.3169057179 0.690993952647 0
5817.14286159 -2.55500059188 0.749458105617 0
2557.74723407 14.6262098662 0.586751655181 1
1250.33277304 8.49627571738 0.448416139958 1
-5886.71865762 -22.1020068908 1.04465999079 0
1300.46843085 36.5018748793 0.722577817398 0
5130.96402774 -16.9074790572 0.951268183969 1
-3051.11352641 5.2013112155 0.544678118361 1
2882.12251975 27.9004197203 0.674178233259 1
3105.43689088 -16.2520659157 0.810319368733 0
-4668.16772848 -12.0120791541 1.02460483577 0
-3181.68785983 -7.80430083689 0.604439819686 1
833.298018914 -12.2467295822 0.537405055486 1
-1618.67037435 17.444242055 0.432857527751 1
-2500.66925522 -11.6031308432 0.580083162304 1
2048.38187788 -37.4608507365 0.916200073593 0
-1549.09263333 16.4694098882 0.582012108976 1
-2731.51562934 42.1368727071 1.03117344063 0
-905.21911027 49.2072619243 0.807418264901 1
3730.59684678 13.8721298621 0.781690000967 1
-4105.09870451 -14.3442658891 0.989469689523 1
3906.1483665 -10.2805589692 0.880958026641 0
-3592.7759493 -28.5936216415 0.934056425031 1
-6043.57223397 34.7380529127 0.979490138612 1
3760.04634067 -23.026470766 0.780195296047 0
1949.9853568 11.6696610065 0.503051326369 1
-4006.14902207 -11.5708731958 0.955000626838 1
-5115.49089237 -15.8783370354 1.06195780921 0
1542.08749825 37.3520417398 0.653602987069 0
-627.473525861 -16.8823001728 0.706433207225 1
-1613.24044012 5.02503797177 0.746557117653 1
-1733.29732686 11.1073015474 0.615182921949 1
3089.05543391 21.5993209999 0.793419981135 0
3329.97011546 -26.9644187441 0.94250205046 1
2463.34823305 -10.7334476546 0.516359385146 1
2454.71912338 19.0412820059 0.747696832993 0
5292.1730782 29.4536620388 0.912758420078 0
4746.46634764 -40.7955799833 0.838078572884 0
478.972454965 21.1074795816 0.6715900726 1
-5524.92423596 -32.6146022281 1.01143207532 1
-2366.83407246 -10.6781536278 0.471765694316 1
2007.40271443 42.3605116402 0.846908476798 0
-3382.0021856 -36.1925284167 0.572932744598 1
-3989.43258901 19.0543601198 0.904687142561 1
-6320.3852736 8.04277512569 0.951183275803 1
-5816.78351054 32.5199066575 1.01586153487 0
4214.21461223 51.9144293956 0.990058752565 0
-935.078795921 -40.9919996991 0.76129552575 1
2018.24173591 23.4320339362 0.647295837068 0
5566.4878919 33.6916409954 0.881428529592 0
4351.25280208 -7.44576356728 0.934392419666 1
-1688.40521033 -25.9943818267 0.396667856915 1
3896.69316307 6.20087044526 0.780318865532 1
-7591.25461006 18.0598733862 1.02389403587 0
1106.34860301 32.643421098 0.688483041563 1
-6124.90652229 23.6329716605 1.02624210035 1
-3499.68898941 -27.5024273462 0.673188054894 1
3236.42629554 -29.8335995206 0.761941121873 0
2514.81289665 32.2166886254 0.901019167631 1
-3706.02681724 -50.1303532059 0.938373061505 0
6902.68550683 25.812159365 0.926215667816 0
3306.56691677 12.9840945808 0.894095679353 0
-3031.6256718 24.2232765195 0.953191645282 1
-590.897495175 -26.0388672889 0.380321836175 1
-9545.13516886 -23.2763871862 1.00390810727 1
4906.12388088 7.22074100257 0.954864908045 0
6800.35719402 23.8314253141 0.954112241127 0
-5956.47770224 -21.1185646802 1.03840197311 0
6732.34602263 -42.9387072305 0.942965432687 0
-1213.42240885 -14.1343307339 0.417845833813 1
-5660.24717873 19.271387426 1.08933828983 0
-4957.25244402 -14.3611871598 1.07931504147 0
-3893.69212758 -26.5340571465 1.01478673057 0
-1601.10725894 -20.3781780769 1.03190480732 1
-3663.56107175 -15.9774850828 0.781694813644 1
-2738.91615746 -25.625611367 1.0223433421 0
-4553.85128957 11.4569236979 0.853574174444 0
3601.00850351 -33.9255687656 1.00886719472 1
-6931.63029674 -22.4517491393 1.01347430062 1
-1993.90783075 -29.2087005839 0.422313475329 1
-2439.27397254 33.7454107122 1.04303087386 0
1761.81040899 -20.0451063546 0.473179400426 1
1322.76212969 -19.5106482479 0.402459767726 1
2370.75289752 24.9046835944 0.466242455227 1
3476.55358122 -29.2803711218 0.682808398047 1
-6947.32044411 31.3126630179 1.04182023147 0
-3478.05518405 -14.1944093455 0.838105599105 1
-3321.33935984 -13.3007346845 0.548626922231 1
5880.43081395 30.4469210304 0.97069948558 0
2748.67507444 -22.3810722959 0.908535277481 0
-3488.93517174 -11.1631393249 0.965610032731 0
6641.9988973 37.4081972505 0.987452479981 0
-2437.08689387 33.9271540613 0.730717930116 1
-2149.75781341 12.1844911943 0.515905427676 1
1784.3425121 16.2993057253 0.501693730826 1
6204.40361433 21.4357302975 0.990767871299 1
5925.20731423 21.8613599285 0.963601533152 1
2877.66153251 24.1976464117 0.433436263901 1
1451.599337 -30.9448478732 1.05405277948 0
-4372.13071299 -14.9691436953 0.917172781222 0
1352.37773149 -41.0194495554 0.593437781155 1
4767.71876922 33.4793765696 0.897218799446 0
-1170.87798514 11.6699431701 0.469197053569 1
-5600.2782599 -36.9063212137 1.07911382247 0
3354.66182876 11.4568159949 0.96752124265 1
-3085.88959708 11.6651839389 0.720338498462 1
-3906.67407936 18.336563478 0.888333785275 0
2071.55870014 25.2067139485 0.674146398546 1
-5630.81099101 11.8519433778 1.00777295594 1
-2144.18968722 30.0487870333 0.867298015659 0
4614.43236992 19.4825758226 0.810155381094 0
3506.3246427 36.1220889868 0.866681007519 0
5940.7040621 36.2796388891 1.00088003864 1
-4020.54952472 -19.9403331826 0.97798729498 1
2563.99074557 -29.3718635431 0.460337667466 1
-3107.16150859 -39.5650020161 1.03096123245 0
3359.47983969 -37.1755987366 0.993392205284 0
2208.38221871 -51.9292924605 0.915093975705 1
388.668461222 -22.0324775793 0.708087929255 1
-2066.69844121 -15.6133240035 0.721958540528 1
-5546.96394133 6.92036862918 1.08204478417 0
-3307.97472485 17.7673062204 0.8852440719 0
1035.10295726 69.3413009098 0.944331949528 0
-4904.4507387 -38.314769098 0.971731445488 1
4545.21461935 36.099692308 0.916233633739 1
-6419.95073811 -8.7435798313 1.08699457261 0
5761.66559549 20.9573403225 0.850541728561 0
-3133.45507496 14.5990610529 0.739201522295 1
-6880.82895083 25.679260221 1.07789055623 1
-2946.97172073 19.9600996981 0.700775369098 1
2204.81114903 -19.3667206957 0.740001411539 1
-4447.67012551 -33.9894909796 1.02098819974 0
-3158.67794783 -13.5859587464 0.619072014684 1
9580.34458677 30.7843142471 0.977388271363 0
3566.1246463 27.2544149844 0.855399952395 1
-1702.52078327 -21.4645669283 0.404536715574 1
-4931.90546348 -20.5969503658 1.06544458706 0
1991.31868581 26.9042917234 0.696649572424 1
2584.33547644 -6.68231448882 0.801111651621 0
-2611.60404086 11.5429264813 0.540763400753 1
5399.22888026 -25.0161713171 0.985913317456 0
-2759.54360026 -17.1296582774 0.808381897174 1
1992.27401579 -20.4082175285 0.430504720178 1
-4780.01517967 52.1852369679 1.01962407935 0
2825.85140561 -21.9361920374 0.766060341811 1
3085.42776959 23.2914245214 0.658472813933 1
-1784.10541848 16.6156245676 0.517618602638 1
1407.66652045 35.9833718109 0.645637124394 1
-7610.84008062 -5.7809702986 1.0613040365 0
-3698.62931596 27.2040746806 0.906119847099 1
-9357.63376838 35.9044487082 1.01109342477 0
4355.89081365 11.983710071 0.717517677114 0
4015.8793007 14.381496906 0.851358492919 0
-715.500155358 37.6401813288 0.783493793912 0
-1001.60101717 11.2999801243 0.506100172959 1
4127.7918123 -17.3948302568 0.93814626662 1
-4209.60692242 -15.2805193065 0.982302609292 1
-7103.62436294 -14.707576792 1.05321481769 0
2678.95440516 -16.6072080109 0.884774955422 0
-5810.24739352 13.4809135633 0.985301760391 0
2668.92231579 -19.5646528759 0.928176298901 1
5078.62071399 -22.9442814435 0.966462066708 1
-2154.57819594 -46.1645313042 1.04908442776 0
-6820.33180257 -21.7262232539 1.01375533126 0
-4675.66590153 23.6280438872 1.01313633558 0
1398.79956931 17.1939609693 0.472172835684 1
-5289.45411262 31.8550792616 1.06258367722 0
-3930.75536774 43.8990907664 0.848385508458 0
3466.51248076 -12.6419766314 0.981605395758 1
3348.79237016 -40.1021645067 0.917169327047 1
2198.35753536 -20.1800627826 0.80913964068 1
-4010.26408042 31.0305495724 1.0407448215 0
4169.51391467 15.6259776342 0.818892072527 0
-1696.40124068 -17.9848640644 0.866296836142 1
3474.3793862 -26.4958663422 0.579490851221 1
2379.7875288 33.7475468852 0.923533758518 1
-423.042331851 -18.1550576083 0.562383022309 1
5152.63517572 11.438264149 0.975495811068 0
6935.83363592 -10.3392614037 0.871819574032 0
-1084.41746477 -49.1410947072 0.585310884154 1
5439.19096896 -14.1046987488 0.96425140754 0
-3408.05688517 24.7253872088 1.00508883072 0
-2704.94313916 -17.7008627056 0.514857773246 1
5676.15950255 -14.2762117636 0.955367360875 0
-3512.91718264 -36.0234400588 1.03413817985 0
2036.77197972 38.512996563 0.821330704618 1
-4814.30242622 -11.1646245984 1.04147241702 0
-1577.37156424 -28.3154240319 1.03327823552 0
-2285.16278724 22.5586698419 0.66086526838 1
-4893.95515623 -17.6647387 1.08781031887 0
-1114.31365067 -17.1506620309 0.651377467074 1
-4485.8225702 -16.5615844168 0.994364906933 1
2464.64846929 24.4168518105 0.719690770503 0
-3067.58309806 34.6308155437 0.780143500406 0
4049.04720055 33.0238447322 0.937177443185 1
-2192.18302877 -27.1377753772 0.539433001214 1
3131.27952356 24.3938878251 0.864417165458 1
-3435.7608595 34.1691280734 0.984115783763 1
-3720.92937292 -28.0037434539 0.545479374953 1
1108.8438179 40.540330208 0.829749193714 0
-4796.20603842 -20.0642566558 1.14306579573 0
2845.43137474 19.0607790426 0.750015960476 1
6632.7067829 50.0792594958 0.942692161504 0
3847.12842037 -40.7950078515 0.89564345797 1
3092.61211092 25.3298786681 0.741972504633 0
-3175.66866288 34.3735202039 1.06530944282 0
-6777.49053778 27.0242634267 1.10334138687 0
-2107.5328483 23.3064314964 0.967309417883 0
-1360.52191496 -17.0685460165 0.507791820105 1
-1641.15592971 11.217482658 0.503117282295 1
7667.98567005 23.396895258 0.937806712096 0
-3161.35125833 -20.7102116882 0.541146195589 1
-4663.120016 17.0444631238 1.00448610614 0
-4454.87779292 -50.1828568928 0.990830327508 0
-1173.43564913 10.186095236 0.303384140837 1
-6982.31174216 -21.0631252602 1.03626431451 0
-2464.95451101 21.8784162183 0.714580201753 1
5732.3441885 -31.0302958294 0.961396994774 0
2654.45033312 38.2208806724 0.827133576603 1
-2508.18855414 -22.0594407431 0.536434390368 1
-6486.22363106 15.566430518 1.06398877596 0
3276.41754329 31.8727150827 1.00588890167 0
-3913.03419974 31.8568937398 1.140703771 0
-2757.79122753 -9.14482472977 0.624547150407 1
-1970.44976175 19.8785410416 0.711608769366 0
4125.8096139 11.2288725183 0.91090143409 1
-4899.75588243 -16.0080048228 0.997072846533 0
-3820.48573346 22.1553484193 1.02655274304 0
3334.65383857 15.7805724258 0.813071253219 1
-7870.8851218 37.4238365147 1.10836415048 0
4615.14259316 -25.88954235 0.951768294176 0
4316.88337342 21.8897984467 0.765072564636 0
-5975.6452103 -24.6551082984 1.07719513872 0
812.017491346 23.2991136261 0.674781870297 0
2110.82862263 15.6131747167 0.617967388561 1
-4161.92903049 15.044761983 0.923849959311 0
-2617.10908665 -26.1838823125 1.03087041471 0
5356.77242045 16.0848383506 0.861003069168 0
8084.63251588 -22.0603109783 0.950876906989 1
-2498.77663366 -7.79608064833 0.557602246461 1
-3013.11115979 18.7491646919 0.703412745177 0
4792.98763266 14.7442674041 0.694577634125 0
3112.61741197 15.8504245892 0.487011618717 1
-3126.03049538 -22.4677998767 1.09166382293 0
-6680.17372345 22.3420048193 1.09553027426 0
-4654.66999705 18.3381728083 1.00969239682 1
-1652.39551069 23.6431476391 0.722603186883 1
-2756.04404268 -35.3390673465 1.01325226128 0
8534.91932426 -47.2437696844 0.976179616796 0
3605.03339414 33.063543368 0.767152420114 1
-5937.48412594 12.1963718601 1.01877031681 0
-4186.40952131 -23.4502094855 1.03675390792 0
8394.08668623 -23.1262159986 0.954975659137 0
-4550.83700361 31.7663819019 1.0471353042 1
-6792.41747785 -28.168318046 1.03061102926 1
-924.387918355 34.1230086949 0.668262087634 0
-1345.0788616 22.8181903132 0.676534151646 1
2365.84548661 21.5651934491 0.604620719927 1
1938.21322401 -22.4025440796 0.461199311652 1
5389.18962004 22.4851329531 0.853524882468 0
-3927.84339474 -22.1918969209 1.04830003674 0
-284.12389809 -27.505200971 0.407653174599 1
3884.11092754 -10.9665705454 0.788572968245 1
-1877.12215678 -13.8266812427 0.834397413628 1
371.610406679 15.0060840342 0.288740687403 1
2691.29750948 40.3506194205 0.934739545469 0
3593.54162765 -16.2663876596 0.960399209409 1
-3331.00216067 -43.2258189174 0.877408977619 1
-5784.8022494 21.3234590038 0.97730589319 1
6814.23092775 17.758299284 0.965572487014 1
7904.10967189 28.1902961451 0.926165088782 0
-5116.68447302 35.7680869131 1.00503024039 0
-7051.35214776 15.8076159631 1.10828519067 0
-3137.29095415 -35.2725818283 0.659658132712 1
1782.14373367 28.6943414746 0.651473810506 0
2215.10662444 19.8325196067 0.65853826269 1
-6022.30986419 22.062149083 1.04223439865 1
3216.64227488 21.7089356393 0.809006441096 1
339.413481867 -20.2973498664 0.7431730436 1
1640.70511044 -22.7189465821 0.459023265905 1
6148.06403826 35.3915931916 0.963284597872 0
946.479262706 -19.0819185192 0.311971822991 1
-4322.5146628 -19.7329215204 1.0816601072 0
3164.08901244 -25.9271189037 0.590961887957 1
-2570.25573338 18.3061043093 0.685831467642 1
1582.76759261 8.38470977729 0.400924728299 1
2874.21242682 -28.2787696836 0.95430062665 0
-4165.39540158 22.914789957 1.03568099707 0
-3010.36068286 17.2370637608 0.688412203009 1
-851.5601334 23.5878338536 0.527736599644 1
1101.93861539 11.840837521 0.25435992654 1
-4149.96080318 -43.8759298515 0.941837480392 0
-3846.74797664 32.993394215 0.997065431913 0
4128.28600773 16.7609104258 0.705099951173 0
-4801.0739835 15.8720545757 0.77732885812 0
-4178.08208522 31.1167237154 1.06136478588 0
-5308.44164468 13.6925053996 1.01786276093 1
-1927.62516327 -19.9193035586 1.05065506831 0
-1378.29314053 26.8933256162 0.731643016256 0
-3433.45264599 -24.2610715227 0.789761065077 1
4414.09003159 -27.4617331015 0.999538158534 1
3508.86992578 -24.2903808279 0.970079466947 1
-4941.10812994 -34.2613382948 1.0037339659 1
1031.59080492 17.0343270468 0.397005342969 1
-3365.4171279 -25.3127592584 1.01832689549 0
-1760.76529522 19.0914187475 0.408595337754 1
-5526.01770977 17.4462473806 1.128638368 0
-4869.34271896 -37.8169152573 0.969685598296 0
-2346.23672079 -13.544636341 0.435948730316 1
5207.55647749 -20.6423198524 0.772439715806 0
-3702.47006694 -21.7146996596 1.0625291864 0
-5747.56722146 -8.78699968403 1.06444666114 0
-2694.20514442 21.1459183625 0.754463969004 1
3050.24371627 10.7671467937 0.651083307386 1
4514.0012699 11.4149551944 0.95674900931 1
4570.19555636 -21.3914037974 1.00806871375 0
-5303.36137457 16.6990942542 1.05335974983 1
-3672.35181525 -12.9170156587 0.783581680791 1
3328.07432562 17.5648720448 0.819676581176 1
3369.71516474 -8.75002656679 0.839514013998 1
2627.18549531 24.3567025323 0.685587534418 1
-3433.43365801 -10.3311918786 0.719174666869 1
3288.44917968 64.1064326479 0.89646313855 1
2645.89897337 16.9170794226 0.489726567703 1
1998.39547304 10.3533893896 0.563538365701 1
-3932.0401106 19.5980710202 0.88535800627 0
-3657.01992249 14.7413873819 0.903700810306 0
-3470.51588938 -19.9937810237 0.66583173435 1
8775.0815401 15.3665484056 0.944365074225 1
-3798.47567862 26.3444829075 0.926291116596 0
4356.66805426 32.8269250941 0.850539455459 0
-1232.51837104 14.0737318371 0.587593522026 1
3413.7333363 20.6982976558 0.959086414219 1
-3254.80886351 -45.4519152191 0.955429354299 0
4149.26282028 -40.4641020071 0.907194009384 1
-3891.36676296 -21.5816046967 0.884087248479 1
5510.65318345 -21.9334301653 0.948419991426 0
8958.85335048 25.3391789378 1.01025155002 0
-125.054179531 -30.638180842 0.515447293919 1
-3372.59696529 28.2812117295 0.860228720081 1
5616.03158941 -19.5504458468 0.804202004776 0
1393.69578469 17.3484386771 0.587602256534 1
-6727.48812812 -23.4999754449 1.0243074078 0
-4867.06080327 22.0828058814 1.02168562732 0
8640.72391829 -21.2673309256 0.938472144629 0
3471.90194997 7.21481258357 0.814547824331 1
4521.40674339 -33.9650053958 0.987391937601 0
-4155.91202061 11.0440263682 0.844409518966 1
799.051704921 -27.5228261164 0.583551858711 1
-1397.23943855 -11.717894063 0.464370049043 1
3617.97376777 -38.9442061501 0.949551400797 1
-4009.41374589 50.436510007 1.01522581385 0
2222.96102195 -21.4005648597 0.785961439447 1
5530.5043243 -26.3726170551 0.949075520219 0
1029.10712905 31.0355730943 0.662753495184 0
2335.89124315 -11.5804062592 0.395758486877 1
3616.46276486 -23.3470183687 0.787407696862 1
-2433.14343908 19.6414841899 0.65755776291 0
4104.0698439 -45.335540456 0.887059035688 0
-3350.54881218 16.2010612478 0.715185927384 1
1847.87029851 34.2033927342 0.673286855359 1
-2136.66929878 -19.8678688504 1.08112839069 0
6012.13221987 -27.1969885634 0.957388955473 0
-2024.80497866 -22.4501876973 0.918423492505 1
-989.677551805 -3.04281871354 0.548004985732 1
-1065.51078215 -21.4512775711 0.934602830438 0
3709.41765361 -15.074067923 0.911335411134 1
2826.02207933 19.9414301627 0.627794301812 1
3584.48143674 10.570556087 0.852151202258 1
-2421.74925738 -21.4557066545 0.57072403526 1
7006.10648157 12.3998812379 0.95668636735 0
-4371.68024581 -36.458869524 0.902108234286 1
1938.23453637 -31.6544761946 0.599438468919 1
-10661.6211267 10.9316853302 1.06530424177 0
6585.79003061 25.805026787 0.953772962728 1
-2576.18392547 15.341542649 0.636985416469 1
-2005.74320641 -38.7260236227 1.05295816688 0
4138.0660839 -5.59495889071 0.860304646918 0
-1911.09358565 27.3479541359 0.766531698478 1
-1699.9948355 12.043318422 0.505265704087 1
-1578.28766564 21.8746086699 0.598194659546 1
-4120.51424034 -13.2662356561 1.04800329856 0
863.550619792 42.7304935129 0.677996670764 0
1436.07639989 17.3163044969 0.341351547637 1
-4399.66926421 -13.2655807968 1.11382007028 0
5015.6971243 19.5863991946 0.902792945891 1
7987.2744966 25.6641483512 0.97855757132 0
-3035.71498601 -41.600595277 0.783520857504 1
-2387.99497567 -28.8656220851 0.51949860785 1
2864.62979685 -10.7146535756 0.853057428436 1
-3872.77336317 16.2638206367 0.736633836715 0
-4773.92310738 32.5528488811 1.02006950102 1
-4425.91775341 -34.2581821034 1.03177213899 0
5335.83165806 13.4667837874 0.936627708269 1
783.452871082 38.2684585923 0.810503550189 0
-7438.98966709 13.692203212 1.06295603129 0
4524.96229218 14.6167000027 0.875369302545 1
2613.40368216 24.9584651568 0.860087999469 0
2566.53053996 23.469259672 0.725878358211 0
-3740.93210159 -18.3797930962 0.894324445776 1
6308.04622187 -7.23237515946 0.95629652199 1
-3516.9144569 35.9248574741 0.701700012921 1
1946.73227979 16.8165640877 0.570661963695 1
6874.18406008 -20.895540382 0.979296493862 0
-2449.60564189 43.8383876579 0.892407920325 0
-1419.30805931 -34.5585372315 0.441884607978 1
6433.95372759 3.71078921959 0.88493784884 0
5627.22141801 -17.9229254004 0.958779133554 1
-6584.68058124 9.51730874742 1.05469932555 0
5141.80075066 25.9805511086 0.91685359989 1
4851.19912654 -38.742371047 0.933366887689 0
3159.73761713 -17.3182104709 0.729093184591 1
-2240.06411286 8.20224395639 0.473158003874 1
4109.53409802 -35.5630179937 0.869909105834 1
422.443763762 38.7786933414 0.744844982769 1
3062.88077075 -40.9030245174 0.559446379285 1
1798.25989102 13.2360559113 0.347943464485 1
2620.81358275 -28.1176738962 0.784071007769 0
4215.04671716 -11.121747908 0.947166727421 1
2818.06855431 -22.4667824834 0.515682801954 1
4151.4553714 -38.5930713768 0.930766210079 0
-4680.57250735 24.790460691 1.07408969276 0
1813.07278248 -28.1954253494 0.997241248643 0
-1518.62035004 -30.1969862493 0.708477854397 1
6566.33490086 -31.5778052024 0.986712731191 0
728.762565474 20.8323521873 0.32065011993 1
508.878531918 25.1239724345 0.588422897683 1
6761.04860548 -21.1618300444 0.925301441691 0
3685.68674583 20.3967366074 0.973383084801 1
-2415.25484622 -25.6434235694 0.708097150718 1
-5869.36241348 -31.0189888715 1.01056529944 0
2218.96771917 15.5341113274 0.567245346972 1
3243.49080565 24.2403687459 0.664969149242 1
-4485.85267963 9.28134429888 0.928176465883 1
3455.33429892 31.0204353292 0.757859329139 1
-4020.67319693 23.7593690355 0.966919849901 0
-5856.10880165 -31.4817249266 1.0214048292 1
3325.56536391 -27.130441181 0.73541042387 1
-5152.45630035 -27.1886631167 1.06455436334 0
-2541.34474091 15.0866494976 0.704318822511 1
-3553.14591959 -21.0542635958 0.86396476032 1
1696.72120141 20.3444016266 0.408084245484 1
8383.02108761 14.6415317714 0.927775656799 0
-1774.32407442 26.5148096835 0.508028626057 1
3405.19696126 44.2728433586 0.909038964003 0
2837.69421186 6.10357359894 0.815294399188 0
2582.13807519 -20.8783967488 0.480208432048 1
3563.09668154 11.3790539079 0.748211192006 0
-4866.26899569 22.9852922616 0.989352426529 1
-6138.43477128 34.8888624929 1.02300682313 0
4244.6426268 -15.3412150181 0.801591250959 0
7793.21115985 30.3860816899 0.940615505621 0
2423.40104426 -36.367624899 0.85237243669 1
4803.41011909 -17.6898071385 0.933081475223 1
1944.06401313 12.9492199733 0.635228929974 0
9255.23288698 16.2654385037 0.92573325567 0
4969.58691457 24.1272318505 0.896482751689 1
-6670.56147022 3.2686107305 1.06491726367 0
5115.8777583 11.7977996154 0.905953041729 0
-2057.50052657 34.4428504158 0.885255522134 0
-4059.40870406 -26.9776264161 1.05163860742 1
5935.9947785 36.3454381542 0.917562208641 0
5222.37614087 33.6707974801 0.923819155457 1
623.475038492 6.75977150309 0.629099786125 1
-6076.51042415 -42.7780207258 1.02698728232 0
-1952.79755638 -20.2339101221 0.711699980409 1
-3652.75531801 -21.8521860193 0.741115588455 1
-2113.80921389 -29.5724932778 1.05888870225 0
-3452.07674945 6.39805550478 0.921758512443 0
-2631.67049323 -19.5593312517 0.807351707005 1
-3427.02848649 31.3000155441 1.02987348208 0
-8919.54207581 21.5008668466 1.01886382254 0
6322.27660784 24.9698307673 1.01582490682 0
1973.80748911 29.115591484 0.47578177696 1
-2373.89654601 -7.19909774065 0.516379649576 1
1276.65358111 15.6037158532 0.31875640992 1
1198.80245063 -42.3241309886 0.733584577811 0
2445.84007791 -17.8001126373 0.577856663735 1
2555.61809359 -9.94380334053 0.721313949536 0
-2366.55338666 -23.4368786721 0.727428848116 1
-4669.32325763 -12.4133259099 1.07694752224 0
4423.41372921 20.6521258263 0.837511784736 0
4180.91297489 15.4098889247 0.826644385627 0
4655.84539461 29.65648952 0.871011419763 0
-6196.00346805 -27.8438883265 0.974307420173 1
3319.24244498 -11.1376971772 0.830700355439 1
2182.03206134 33.5971562565 0.621069774436 1
-2535.42654301 15.8311923143 0.76837814133 1
3653.04337898 -36.9029883226 0.925615640365 0
-4311.33854198 23.6570691639 0.962195614896 1
5229.24083848 38.1677811796 0.877037368872 0
1607.73160815 -29.7387741442 0.436880868333 1
2675.00209824 22.1694696 0.877253886939 0
7077.69131895 30.8229763526 0.984092776078 0
2134.33431998 -19.6887673594 0.698758300597 1
2080.75571002 -14.7365951591 0.405487210403 1
-4612.32941766 13.5867703506 1.09833235196 0
-1904.15906765 7.78534602851 0.41102903814 1
-6600.51647612 -5.95307658246 0.971876644089 1
-2033.53811608 12.8141375782 0.632001312679 1
105.257542939 15.1128028894 0.307869542684 1
4301.12560388 -28.593034229 0.968675756055 1
-3483.12194313 6.2358104232 0.856560295154 0
-864.500202616 -31.3142675586 0.407989325506 1
-9703.11522283 53.075946412 1.14644016097 0
1321.41281635 7.4599106155 0.467986058057 1
4375.2099742 -30.2116007041 0.914860327669 0
4492.794339 -5.8904854825 0.752364718993 0
-4818.79943095 -15.2101408888 0.959792704295 1
-3426.29441622 -34.1358033752 0.995587761583 0
2363.24201767 -17.4988174476 0.671234624266 1
5688.64152615 -15.2707655932 0.91343260534 0
1097.95152321 22.8547472134 0.644570150129 0
-4067.67486807 -13.0458049433 0.744532308249 1
4232.2693792 -15.8266903501 0.947762540531 1
1259.61413062 -31.4979153322 0.601642806488 1
-3861.00818865 23.2321841858 0.94065237962 0
7445.86531674 17.3526003251 0.978125365614 1
-7769.45995648 24.5693999296 1.08036377173 0
-2545.00765017 55.1317532855 0.928696942754 0
4647.68007332 -26.5584900056 0.971505915918 0
-3195.78814844 17.3665118413 0.90881748435 1
1469.50262629 23.2065552195 0.583994254554 1
-3116.79135494 21.7780167326 0.977062134465 0
2481.84723161 -25.6655878172 0.864229834965 0
4023.1712011 -22.3532680208 0.834146043967 1
-1201.56729161 -23.1444417432 0.744575254032 0
-1768.94876827 -27.3894990081 1.01321055399 0
-809.230634924 -14.7233281052 0.502704514336 1
-2278.18184819 19.6705889547 0.616745426521 1
-4080.23582014 -25.3017273096 0.99588377334 0
1612.80955895 -23.343146379 0.429226291136 1
3065.6707884 -31.7106922547 0.916620188041 0
982.49579719 22.6443107901 0.630774933809 0
-3289.46742895 34.5567449473 0.851215614956 0
332.91275384 45.8550667359 0.744193476668 0
4923.19951649 -51.5034081611 0.97736826662 0
-2385.85710509 32.4537387431 0.89368231462 1
-1746.14953963 63.3123012937 0.831068606664 0
-7559.85191641 -15.8406378512 0.971762690035 0
-5113.5910541 -31.6882293628 1.0281925845 0
5588.16223004 -30.7785610916 0.977416687696 0
-676.812577243 -30.1930572057 0.974059613308 0
-6405.71156073 19.4428019625 1.00842087066 1
-3001.95507205 36.1696422323 0.758492443555 1
-3930.44808918 -18.3448333825 0.988608315685 1
2747.70859509 -24.9731222038 0.825762289814 0
3279.92847062 -35.2775066577 0.905839454979 0
-2780.03978956 -20.3716600074 1.03311849082 0
-4460.68026401 -22.6036412658 0.74798981227 0
-10282.5288271 25.0030333828 1.04989724896 0
4714.16394591 30.2581027331 0.992642767837 0
-3399.56445823 -26.483575016 0.594171296799 1
-3340.83416992 40.8506885612 0.946132346342 1
-1130.59860717 33.3886741422 0.429632173964 1
-5660.88759449 17.79900729 1.06483508538 0
3029.31088719 -9.65195078247 0.733485707204 1
2976.46901081 -27.7447852349 0.824326943832 1
2620.24523033 35.5966883323 0.810205051315 1
5364.96749661 24.565494386 0.974225966302 0
-955.794854934 20.8313358745 0.635630095663 1
4876.2059286 40.229986018 1.03294772775 1
3323.67160922 -29.2763181778 0.782514886562 1
-2098.43717126 12.8828674765 0.583844156094 1
9156.28971236 -27.1110795689 0.939290813916 0
-3025.1337866 -20.422844004 0.559244433202 1
-447.430093947 44.5979283794 0.815101899104 0
2096.98327258 41.2025848982 0.82241099146 0
1131.43383342 -33.5637701613 0.517921540396 1
-3912.50715731 -28.5827467339 1.03343356956 0
-4214.97365749 -17.655889748 0.7469702034 1
-1733.97238422 17.3542361376 0.708884571049 1
-2596.29104656 -26.0917413152 0.532872524031 1
5676.64900121 -24.6708016768 0.98264553076 1
-6696.90041232 -20.6058355671 1.13466241645 0
-5579.7734413 10.81257334 1.09633381523 0
-971.47859816 -25.0104865087 0.474012084857 1
-2863.0073163 -27.1249224323 1.03347924876 0
2480.49693779 -14.6675597606 0.623248566989 1
6072.48911556 47.1455118889 0.980578503891 0
-4037.07742634 -6.55802759304 1.04958781977 0
3477.90242055 21.1186568361 0.826060547138 1
-2480.14062089 20.8609038494 0.782705658 1
-370.931135205 -18.1818280431 0.686883688813 1
4077.29465876 -38.0856732693 0.929333270898 0
-3788.89573426 -18.0852586132 0.984346807951 1
-4614.50219403 -30.7303846361 0.930435571528 1
-2948.59735325 11.7548453043 0.938657818926 1
-3834.17157865 34.1117740954 0.984451004176 0
4301.0114132 25.8879030795 0.924276538982 1
815.155858316 -15.7683797455 0.428222328198 1
-7708.36913247 35.3810907522 1.13693798756 0
-6365.9857174 27.3961589386 0.996425279101 1
-1410.34982004 -11.7729984957 0.387548756265 1
-4731.75187124 11.2656250671 1.12496167591 0
4025.81027055 36.5014258126 0.924440908385 1
7441.23761731 -2.65430622712 0.927802608529 0
-3841.89021022 20.8356044891 0.935519075071 0
6403.42215062 -19.223827815 0.950586803577 0
-2257.81984063 37.1569297949 0.889545528129 0
-6701.24959198 19.6080161166 1.0551028938 0
1762.87049321 12.4512868014 0.411297733967 1
-3589.71954679 6.52101465244 1.08737399729 0
2992.1433059 -24.4427496718 0.618747972227 1
-7564.23298266 -22.0538743345 0.992960529619 0
-5404.76270435 -34.5874305006 1.01785796755 0
-959.302866224 44.9436734554 0.788627299283 0
5043.85027683 -14.8036068902 0.828658193188 0
-2401.15486053 -6.69968717211 0.495707141475 1
-2466.09808468 -23.7544447576 0.56090099603 1
2693.98332308 -34.7556745927 0.658514701591 1
8144.09145451 -19.8330308552 0.926944917039 0
-4703.18188667 -11.6101709098 0.885477390902 1
-722.323148076 -22.5070584025 0.693392197301 1
-4010.95131933 18.7194695805 1.00037696366 0
3704.06863013 49.5000956711 0.940247893715 0
-6590.25162006 27.9137702404 1.01991706033 0
-1698.63513209 -14.641715437 0.368647671294 1
-3739.8741497 15.3614915115 0.790113172681 1
-2944.88632198 -24.6453807487 0.59667222501 1
-539.953069023 -42.2392994087 0.755685037405 0
-2021.73150477 13.7633262122 0.614578994552 1
4912.07567635 -20.4791366622 0.853369375337 0
-7079.01720451 -14.9276708695 1.04412277012 0
-4334.10445854 -26.4455955902 0.984524199929 1
-8881.85270476 22.2713091374 1.03383917368 0
-2826.23729627 16.6650792766 0.774356495407 1
6898.17249345 38.2354730611 0.963613568695 1
3961.58352373 -4.37104895389 0.834884917926 0
3974.09087063 30.3611562631 0.862088938218 0
2761.86923886 -24.4365676936 0.632066021093 1
-2644.6007371 -10.970402221 0.548223768042 1
10220.8542427 43.6381236083 0.943085756789 0
-5054.04222706 14.7045009885 1.16132392068 0
-2710.20281547 -26.6369929925 0.648898059783 1
-2181.78051295 36.2003701167 0.981313944037 0
5383.82050866 -21.4859498476 0.932575548508 1
2923.53754071 14.896367815 0.703192327593 1
3991.72897392 39.6309814139 1.09464495511 0
4324.26906486 -21.9763732345 0.984356998046 1
2734.18863277 -28.9218097787 0.965379718318 0
-5813.53045492 -21.6086201644 0.978169281706 1
-4489.62556334 12.3858053019 0.991524101637 1
-2371.71126758 -43.3666417582 1.01884694794 0
-722.534335183 -23.1609025852 0.484225586757 1
-1648.48740723 13.8865225038 0.547204737737 1
-5242.24424959 -27.5628197236 1.02536435439 0
3246.75007817 -18.7360592302 0.771140032306 1
-3078.12223373 22.6242278927 0.770440262879 1
-2557.99536683 33.3536941042 0.975245987554 0
2215.25790789 12.2558318085 0.509301053841 1
3995.57317179 35.8630344473 0.985630591689 0
1917.37389912 37.2167511125 0.964606219306 0
4376.64001938 61.6315029302 0.896762122648 1
-1469.90973202 27.1935097286 0.621684685323 1
-1365.46191023 -23.9973845795 0.603230318441 1
-3067.68317592 7.03343088719 0.597417355129 1
-1983.25050988 -15.8690791937 0.700496435617 1
2000.81849258 22.5702565701 0.490655220536 1
1807.89510018 34.1166371917 0.660135988391 0
758.17059275 -25.9383995659 0.48711842792 1
-976.649679005 -12.2896615418 0.581117654386 1
5074.40357802 50.2676445342 0.873249286832 1
-5204.89612614 -14.4476344114 1.00209490226 1
-1057.4676205 -32.3431292648 1.03801779367 0
991.594320783 15.3511370735 0.436816650686 1
-2401.33836267 6.39969090058 0.551937344073 1
-2753.28322097 -45.653633402 0.988458981288 0
2253.66379047 -16.7099619952 0.642139219396 0
3394.91138836 27.1821806817 0.960478622949 1
-2808.41509091 -17.7058070119 1.0280411515 1
-4618.17095183 18.8804966396 0.850944718988 0
-761.749658955 -7.44546515629 0.368221802443 1
-5329.97599205 -21.0088026744 1.00582429042 1
-1497.60794176 -18.1684902289 0.933967174807 1
2481.84945488 -7.97299646814 0.411198478912 1
-3770.76164757 -19.2367687051 0.994866032788 0
-1696.00511137 -32.4591408175 0.854584434694 1
-3396.09927259 -10.3071941649 0.743479372138 1
-4557.75957537 41.3352114988 0.986946777491 0
2846.12548876 -24.0492574583 0.929014252954 0
-3884.19455876 -30.0623142543 0.775428089876 0
1136.67078432 8.58972897897 0.303947647559 1
-2324.17863815 25.1390081108 0.799105838195 1
-3133.3370309 24.2264066742 0.941852281179 1
5848.36564064 25.30665731 0.944622974236 1
1298.10957318 22.5630521576 0.469085549657 1
3554.36896721 33.7603988453 0.774336463465 1
4185.81702763 -16.5380612144 0.968571052262 1
3768.33840976 -57.296576597 0.953231240595 0
-4877.2396674 -30.8166371913 1.03777577434 0
8060.38374302 3.70236411374 0.947635609956 1
4193.02414092 29.6236162656 1.01282588188 0
3847.27109363 -9.77242438074 0.7363188402 0
3578.06932879 16.6041536866 0.952561309322 1
-1066.52794598 -14.0738569484 0.313228051262 1
-2033.22380989 -25.5491573106 0.969752224145 1
651.374920152 -8.87593125115 0.40138603516 1
-4330.05923013 -33.5061810991 0.967579757557 1
-4491.68803076 28.8146313843 1.00881035914 1
5269.30617054 -23.0097268011 1.00864784872 0
-5867.39724426 15.4214761167 0.997614921016 1
2282.66638149 31.9367895365 0.611264868925 1
-3149.005296 13.1000489797 0.636308823017 1
6556.24966498 -20.7099887818 0.915893650878 0
-1692.60726975 21.8193692583 0.646909997243 1
-1398.03329734 25.7453448637 0.487028457474 1
7736.2202124 52.3915683779 1.00049322653 0
6596.4279469 38.4095972754 0.927351836527 0
4913.28710293 36.2293564773 0.878006101319 0
-1663.34017628 -18.7080648054 0.626902175824 1
7333.47013586 -27.269636811 0.970572085762 0
4013.53528526 -17.5409226266 0.98868273466 1
-7187.00543959 -17.8812485344 1.04827064374 0
-3771.31414896 -19.9628887555 1.03069374381 1
-2047.7643385 14.5741361786 0.728915847395 0
-1689.13105479 -16.4600480837 0.780769536385 1
952.65870276 15.4091670204 0.576478286451 1
-1164.49946009 7.89054897476 0.475677119301 1
5453.25961631 -32.6031650251 0.964914977084 1
6819.36625523 -17.9736899491 0.944233126013 0
6084.79098697 26.5473472041 0.956810537309 0
-2529.28533127 -19.3472535391 0.514387632561 1
-8830.82417366 33.9772563286 1.01272050659 0
-1032.04544523 -27.4292393871 0.555555619536 1
-7465.39917856 22.2444234364 1.06605041527 0
1120.70879284 36.7558310573 0.810168477952 0
-5260.00172119 23.3872146302 1.05421187088 1
-2238.5103625 -40.5061818876 1.08067841513 0
-1150.86668569 -6.63432336894 0.371801929581 1
1867.59403004 42.6918389514 0.743191988612 1
-2883.56486524 -20.9317771408 1.02592267696 1
-2406.45444627 -45.3654934235 0.724492166064 1
-7504.4070809 16.3772710055 1.09637448862 0
4272.27154489 12.6607069023 0.740807963222 0
-4719.69454203 -20.4883507073 1.05973535555 0
-4585.61223599 33.9376836341 1.00644034187 1
-5698.84637909 33.8182750055 1.01370251303 0
-1028.06302733 -41.1313010943 1.00375278267 0
-4865.48807368 15.8294504915 0.875370832324 0
5987.50888408 28.2816484416 0.91576663267 0
-4306.01230859 28.8466492763 0.97028194421 1
-2131.52445154 -3.20987747971 0.55161092599 1
6333.92213327 14.4712898498 0.917852162686 0
1477.80413206 17.0885083447 0.481019955886 1
-4032.46546111 -17.2763791793 0.973710487754 1
-9328.44214862 -38.9836996444 1.01170156485 0
-4655.396176 30.7290796998 1.00746594232 1
-2493.57880576 -19.3096506608 0.758388597224 1
-5090.72902105 -27.0814440878 0.987496474683 1
4294.68719175 35.2833025444 1.0380868676 0
2531.07231562 33.8940934514 0.567235824711 1
1649.45799514 -34.8409756789 0.963427253136 0
-736.720919529 16.9777681116 0.358855904292 1
-2062.58526131 -10.5374309014 0.44631129095 1
-809.472540764 -27.7770200775 0.491217111389 1
-5709.55054895 -7.31890681711 1.13207292685 0
3964.03142058 15.3221628401 0.884202786783 0
3651.61659974 -44.2528490537 0.889800365166 1
-2887.28950713 10.7349143513 0.636535758513 1
4247.10525609 21.6296160607 0.931936674205 0
3149.6229373 -26.0219004386 0.686683532034 1
-3677.54240801 17.9904301639 0.950481325151 1
1976.02140977 36.2771774122 0.708146354542 1
-1433.06276606 -10.474455836 0.681112028678 1
2172.83525789 13.5836673005 0.423068492448 1
-4049.00552356 23.6560349678 1.11506898823 0
2438.08904525 20.6455242623 0.785144775112 0
-1987.75771226 -10.1305225075 0.492118996352 1
-2819.68714857 23.3672052387 0.583000548472 1
3687.6451534 -26.7969720231 0.924969136853 1
-4713.22629145 -16.4648603038 0.896062209407 1
6127.45315787 -25.3188354622 0.952339777579 0
927.446388091 -11.0475673281 0.211040622187 1
3121.55883575 10.0117366715 0.815697628887 0
2974.97675012 15.6352388905 0.683500712715 1
-3586.2073971 14.823171937 0.949444857247 0
3973.44175674 31.7470009393 0.996845533506 0
3412.51737423 -14.6960887827 0.83787726621 1
-4714.94372198 36.0925825339 0.974499437279 0
-262.530332332 -21.8237049286 0.515265712718 1
-1796.99577458 26.4761049549 0.683170510902 0
4508.9039331 34.0703172963 0.989515730134 0
1633.47397461 24.5819970377 0.67071461758 1
3536.95336627 -40.1538086832 0.91072603075 0
3498.4399485 5.69367832908 0.800201065334 0
-2736.85485659 50.1830994539 0.767449211445 0
-2027.23644479 -12.8631615655 0.486123068235 1
1626.98551649 7.60258418356 0.543772691389 1
389.459285254 9.74821235515 0.239701404111 1
2503.57475628 -24.2311219518 0.977662119573 0
-4105.52545967 15.9554579315 0.809654562752 0
-1944.47110076 -11.7967537856 0.562426961318 1
5229.12424853 -17.888030424 0.935761113573 1
2915.31981765 27.1067633109 0.899796841141 0
5075.82547329 18.2393915814 0.95053755938 1
-3243.59782074 -28.5162822504 1.03761298438 0
3773.62847829 27.0277109459 0.968068572016 0
5147.14454114 -10.9859235326 0.942325678877 1
-6649.95434961 16.9867621018 1.05884335189 0
-2223.03254479 -28.2737255158 0.653059313008 1
3133.4515238 -12.0420006573 0.908319558128 1
-3016.87075226 29.9714588525 0.962297873107 1
-755.738576765 10.5302412169 0.508124356534 1
2575.38333649 11.6273406418 0.678760043311 0
-6108.45023995 -14.5259539189 1.16392124474 0
-1489.77360551 3.99164043019 0.547096195192 1
-3498.00776307 -17.8465060363 0.958570364146 0
1219.57832774 -18.6350915841 0.723861294294 0
-861.649555126 -18.357530293 0.46039643431 1
-8149.84918548 25.6030820933 1.00418829439 0
-7130.15029898 22.9593243101 1.00514962581 0
-6044.60716792 -44.4696335393 0.953852595279 1
-2928.44943793 -11.25345532 0.721431520935 1
-2908.19460611 -42.4059297813 0.867956736454 1
2676.59910275 -26.6667089726 0.917931285315 1
-5834.6653972 25.6114277649 1.01821645017 0
4289.96614403 36.2584874287 0.832953215972 1
4675.83272973 4.90718897995 0.906501066945 0
3950.14901623 13.4183032258 0.892422416912 1
3190.19333612 -41.4604809184 0.815119688854 1
-4544.84355432 35.6179120404 1.10066587962 0
-614.512395091 -9.64169891402 0.319012791682 1
2598.24830686 7.56327915694 0.811268506715 0
-1120.25749611 5.63536007935 0.289681810836 1
3232.28158481 33.327962539 0.952408776497 0
2131.28741893 -15.4080554502 0.724640337087 0
2906.31796607 15.6651677178 0.574194784105 1
4081.94776861 -17.5589808928 0.88563807159 1
1915.71480994 22.6014880874 0.448103859663 1
-900.838173595 -34.8982243423 1.058225024 0
-2448.71928066 -25.5181645012 0.807886330412 1
-5696.61991312 -35.394170653 1.04994194991 0
4065.06676051 24.2229361837 0.790372020257 1
3309.43801909 -14.6229424254 0.935980330132 0
4501.17197247 35.0721437851 0.916459827787 0
4478.65310921 -12.9898241792 0.954199768636 1
-5012.78540319 -20.5397778208 0.921547122262 0
-4040.79476103 -31.9276648068 1.06444751527 0
-8722.54223509 -13.4344724826 1.04606567559 0
2719.19381955 -11.4671680256 0.66561056488 1
-4679.95707256 34.757424534 1.0183139586 0
-1265.08870833 17.0527524232 0.3872429018 1
-1694.9542453 24.1527310553 0.718919397702 0
4061.2714496 -20.1064116098 0.970531025266 1
-438.699614512 -8.92862481848 0.282831881658 1
3037.70680105 -18.2398304243 0.869407808285 1
-1410.81750808 -13.6017244479 0.636197285778 1
-3308.86523272 -24.3486467577 0.922435398455 1
3948.21916623 6.18169371277 0.879815276512 1
7579.67499457 -18.7393573515 0.973485135225 1
-1974.20757725 -16.4221802338 0.827352872926 1
6382.53962109 16.6278400973 0.954073976219 0
2476.5896735 24.088827703 0.747957301458 1
-3286.3596631 -17.7216573108 0.651769151366 1
4889.78036964 30.2092121466 0.926815797143 1
-284.303275835 9.64486604835 0.243565516325 1
2975.10409665 -31.562140996 0.982551728371 0
5650.44135937 -32.0152269074 1.01926939607 0
5086.82349864 -17.0205504281 1.0090716672 0
2782.98038101 -21.3177388672 0.853270987502 0
1871.5824635 -32.7985604418 0.527796126963 1
-3290.27933992 22.060598101 0.850325125215 0
-4735.82038261 -15.1865682418 0.977239739937 1
4184.13740992 -24.9982386595 0.86199074115 1
4660.55779737 30.9895220562 0.901411364856 0
-4502.05263188 -20.4828758589 1.02935396832 1
-5645.5492514 -40.1151284851 0.994095296107 1
2796.2116558 -29.5204830106 0.911890974759 1
8465.94418983 28.9220714943 0.981342225146 0
2484.35204126 -45.0769235138 0.952742978378 0
-4324.11111834 -14.3585804712 0.988332638978 0
-1330.27855642 -21.5482475338 0.710079334792 1
2531.10298464 -17.3333928111 0.802808806945 1
3323.02281675 39.8865851851 0.900281972358 0
-4254.00042197 -61.2066081426 0.991750991477 0
5365.82694704 20.3791542237 0.969338068554 0
2156.65757053 -14.1514994148 0.50228475399 1
-5244.29053253 30.0559406586 1.0273508801 0
5455.03296591 18.3075251181 0.884367584064 0
2837.73388066 -29.0346018575 0.490038461716 1
2051.43107041 45.7558363543 0.863567724427 1
-6452.11382717 10.4169686038 1.07273793129 0
5972.6644895 -14.0217744745 0.956489571892 1
6125.93960203 27.7622424538 0.963481050016 1
4190.48151964 31.9782973357 0.871967421728 1
-1777.95025452 -48.048144741 0.904132003876 1
968.16447734 5.81211631716 0.267293185432 1
-3682.10655403 21.3861983074 0.746667650588 1
2505.0129362 -15.4827068766 0.64471196592 1
6720.94156199 -24.5051903052 0.911963300777 0
-2112.7932702 -31.5420246882 0.651358549636 1
4711.06008914 4.3454174749 0.942162065936 0
-1126.88265992 -27.0326665691 0.642064677852 1
1753.06100337 -24.4382789018 0.665255687198 1
2360.32425087 4.39746310369 0.806128190613 0
-1988.89771144 21.7119977235 0.632052475399 1
-8764.95280124 -20.0509004854 0.982794163558 0
-3604.85140298 -21.8356459454 1.05728126729 0
-3965.00854047 15.0070011906 0.930001547151 1
633.824227217 26.291603051 0.589823256885 1
-2005.74425652 18.5178044236 0.626558341532 1
-2418.03831082 12.3684230463 0.640048611943 1
-891.464843095 -34.3927908761 1.03766558274 0
3812.47202602 -34.335066991 0.799942213911 0
-6318.09883838 5.07336792458 1.0791787271 0
-5904.65146084 -19.0416701961 0.968455216524 1
-10460.532598 -36.3054584873 1.10072862214 0
-1607.07732218 -22.815382522 0.825096039173 0
8424.09503489 25.3915218966 1.04507015814 0
-10252.2729431 18.907591914 1.06997683338 0
-3359.38873607 -23.2773410723 0.998806477259 1
3865.59670126 -27.5256698158 0.885198258735 0
3811.92166084 19.2596067679 0.861844762569 1
-1116.59841689 47.6712862101 0.803757507968 0
-6094.72692676 12.4109822768 1.03793680981 0
-1603.86441082 11.0071917513 0.550760036499 1
-1373.89796025 -14.677417996 0.499992370484 1
4032.05009859 49.2293324304 0.857300767416 1
-5084.04918544 45.8361112232 1.085529641 0
1944.65936109 23.5235656739 0.724510813678 0
-1762.3185299 27.3791624687 0.57924163553 1
-4021.18964789 -11.2393871067 1.04448281086 0
-4199.61936845 5.13338025548 1.03523490938 1
5247.64673846 -13.3349708226 0.96386291794 1
4370.85251992 -42.4772651436 0.979686035319 0
-2533.87542996 19.9172090381 0.560028598331 1
-2733.45823356 -26.8390092419 0.648773406861 1
3255.00604303 13.8577106427 0.965072057436 1
-5424.32252347 -15.6881987777 1.02499081402 0
-6382.98574131 5.37560565202 1.07114076727 0
1853.20715955 -15.0635525767 0.77497226904 1
-5222.02800888 31.9046894778 1.03836564593 0
6061.55140893 11.1394859645 0.958987917941 0
-5024.76321484 -24.3904223704 1.02973292384 1
-7238.26345319 -7.04697228592 1.00606203523 0
2732.9797481 -15.6790124148 0.637401987037 1
5636.66276223 42.186790831 0.93979365082 0
-3749.3767186 -8.32034599927 0.523034538461 1
-4267.7713379 24.9853868571 1.01169757143 1
-2015.68711531 30.4912052588 0.720560038167 1
9326.80600165 22.4802865603 0.932709106635 0
6019.37151719 -22.6332131423 0.939583568582 0
6871.25645634 -33.4067614033 0.93150451009 0
-1287.26223437 -26.7425387726 1.00545747996 0
2906.97156312 26.2968446045 0.76192376022 1
-965.606391614 -32.7579535509 0.480500358331 1
-6103.35276745 11.4512304636 1.10375265779 0
1010.37125517 -29.4725456311 0.508286970722 1
4039.47772256 10.3041839944 0.805727993949 0
-6113.37372373 30.405266487 1.0130323837 0
-506.131174534 -37.0274956402 0.645178647451 1
-751.850117756 -24.1315173722 0.624018663251 1
-3200.50540805 -20.0168901042 0.985944092008 0
-5298.44171722 19.2298876587 0.99496971524 1
5688.07554557 -11.2504217014 0.930729190065 1
2077.7206242 -36.3670809017 0.82490843741 1
4463.07608503 -43.8164389009 0.881275345954 0
1706.93617238 20.1734522451 0.738137423076 0
4970.1504548 6.10917248496 0.861633714377 1
3085.81092641 -13.5025738309 0.596186201366 1
6555.36168669 18.5758386503 0.977810731073 1
-3080.52840288 -13.3364774091 0.582410230661 1
-6365.78408359 18.8464886496 1.0899280269 0
-3766.25318761 27.1983913797 0.951714700381 1
7403.21204623 26.9418310606 0.926544373232 0
-4175.35288566 41.1574231534 0.983115893231 1
1002.375846 21.2055979485 0.638082950615 1
8236.48451986 35.1232900476 1.04761483759 1
3192.96658273 19.7617060681 0.504422518082 1
1379.72269385 25.4045455624 0.562559949336 1
7132.69794407 -37.0823139292 0.927900591894 0
-7865.18238551 34.0793491929 1.07346818616 0
4083.342626 -5.11455190777 0.684952905658 0
6271.80878713 -32.2019451463 0.80942992721 0
1895.98600556 -22.5922391519 0.965153947246 0
550.158555081 16.5141008108 0.372165225535 1
2465.03521266 -20.3626597595 0.626363388756 1
5956.58175737 -23.3644371121 0.94089547894 1
-3717.30701129 -27.3423274801 0.908301712146 0
1339.38791063 -26.6615010527 0.358141055633 1
5536.32218849 -39.91461003 0.977391902718 0
-1071.81232048 -11.961997449 0.563046498993 1
3208.87725903 -24.5871505832 0.831044763215 1
3642.47762081 -23.8202588675 0.750975940152 0
3434.30103125 26.1563573092 0.890342714676 1
4016.10524361 10.4665686926 0.859201852981 0
-1106.93428668 19.4280869311 0.610841740618 1
4696.23922083 -24.8204369962 1.00757103705 1
6190.20928557 -34.2796582757 0.922593238158 1
1483.69052435 -13.3714075391 0.365984381305 1
-2619.70952511 -52.8411063754 1.0369721056 0
-3110.03803453 -26.6383886735 0.936466823754 0
5725.18400541 11.1351977086 0.892318502843 0
-2961.5070744 16.7780570584 0.752181738067 1
-1951.92501523 -29.0456398434 0.697289095634 0
3730.78201098 -20.164649781 0.834497973845 1
7200.78732228 37.4856452676 0.964251217111 0
-1185.99964299 -19.8110501354 0.658552593665 1
3492.58723478 -14.1790694271 0.792130414392 0
1572.27890806 -14.3894652427 0.371759275709 1
-3538.20609826 -34.6581720095 1.00830101927 0
1285.89911682 -36.1397599988 0.632933400904 1
-3610.59071362 -28.4277822888 0.980797126775 1
-8602.35188331 -16.3708626442 1.00203069237 0
-3582.78460778 -48.3022990857 0.99362827939 1
4538.47760431 -8.86576791343 0.96550174461 0
4884.72579397 -24.7567707493 0.816722449028 0
7368.18834118 36.4289458614 1.03043070951 0
-3797.76034111 26.7943592831 1.00337403302 1
907.943970761 -14.6835237098 0.613407106093 1
3465.99220965 42.1417125939 0.888478961522 0
4509.99825872 44.4616872616 0.930695138341 0
-2792.32705471 28.0650788274 0.859891342937 0
4978.11061997 11.3058182253 0.858958495772 0
1514.63719135 9.77523826123 0.426207920383 1
-2933.2400498 20.7148330302 0.904639968697 0
1203.1589306 32.2904113559 0.572414872976 1
-7579.43400397 -37.2257550076 1.00023631309 0
-3923.09219349 16.407119753 0.934659360579 0
-6610.13748673 -29.7732686785 1.02247050474 0
4194.4517918 -35.9957493579 0.999952729955 0
-3916.92432855 10.2897247314 0.975888946943 1
-3358.65405259 14.0684888579 0.746949681633 1
-5383.95055178 -5.58089342716 1.07017152989 0
-2184.21072177 -18.490834996 0.644061565431 1
-3538.73177415 -39.0055912651 0.687482906762 1
4165.04932723 33.2776986878 0.907101550407 0
2868.81390818 -22.1757142637 0.984745176033 0
-5469.87635082 24.7948090941 1.03428512906 0
3764.29541293 24.8497237253 0.826192816267 1
-2051.84759853 -30.9392896123 0.655167775934 1
1226.21806859 -36.8279976686 0.781440786706 0
-1256.42157144 4.57265442624 0.53240050788 1
2957.85089522 -15.1229498952 0.450144536959 1
-6133.23785335 -27.5834959757 1.01001602783 0
2349.65713812 13.6624064121 0.527221696417 1
3657.01703247 -17.7815726447 0.944347457769 0
3782.71772336 -33.9040279042 1.03357955471 0
2833.79631539 27.2054735373 0.775547139475 0
-3741.90746188 -34.9310637176 1.02754044012 0
-3584.36016741 -4.48581341648 1.00780947353 0
-2451.18217229 -15.7350262745 0.774569764339 0
3723.22267015 -5.20298333776 0.858277156757 1
-1884.68080391 -30.7798547085 0.775240952089 1
-6599.20668465 25.8251909723 1.08432681715 0
-1855.34166873 -25.915011414 0.483270778922 1
3030.48458733 22.8877886315 0.698938244745 0
-4764.12986945 19.876148451 0.969776574179 1
-1209.22682944 28.3002661364 0.651150724385 1
-4891.6973557 10.7654546028 0.965275012467 1
-3128.22224376 -19.2749717321 0.568535338302 1
-8901.62683577 -14.7407784343 1.03190867221 0
2167.96299469 -18.9315346625 0.462156992245 1
3267.4139152 -27.1388777677 0.910591711379 0
-5264.7002328 -28.4498935863 1.05516265024 0
1706.43348943 -35.4737992096 0.609140080188 1
2753.64500148 10.559229224 0.875517836904 0
-406.915675058 25.1281152496 0.6668957833 0
-6774.74558087 19.1077391735 1.11056940042 1
-2886.07941156 -32.0938826322 1.07827055119 0
-1800.52025057 27.0924885307 0.73126295674 0
-3310.29929566 -11.562113257 0.633255098239 1
-1463.96560758 -41.2322362684 0.734427846115 1
-3791.84853519 -17.092477694 0.94737474046 0
4870.03592159 25.296070358 1.00045085795 0
2276.37461164 18.0200820617 0.717113388777 0
-412.428009452 -29.5784224451 0.553218552113 1
3890.11990676 19.876481649 0.883943781088 0
-2077.85803415 14.0851983215 0.499376553223 1
2227.3587099 -33.6598674456 0.581663560144 1
1441.78750491 40.4459956271 0.827006503387 0
3019.55558805 -18.7675351687 0.58573775116 1
2901.05250437 23.4632047575 0.85243343089 0
-5441.83114717 15.6945390924 0.982820820594 1
-1036.35286121 -29.4322818824 0.562403333321 1
-3385.54725995 -10.9981038565 0.53835691509 1
2992.84141105 -17.2142879385 0.841637077079 0
-3990.20606701 -29.2059457681 0.714692722777 0
1993.1735941 14.5323609468 0.455890962757 1
-2904.51506221 -56.6871183369 0.833095711706 1
-7984.92628458 27.5476393832 1.05152977918 1
-2548.48689608 -12.5922572465 0.672595903885 1
2277.01047452 -11.5706341036 0.639062262384 1
-6886.28601837 29.0850177286 1.05237179356 0
-6393.57327874 -23.3969624231 1.09145919211 0
4682.3653186 -21.6203699729 0.857742437684 0
2508.07815284 18.8660142861 0.713008919092 0
-2680.28357414 26.3874837186 0.818462469391 1
1725.30875761 -28.336155886 0.489807710879 1
3487.21055179 40.9998325505 0.9496903841 0
5682.11902408 27.4757025837 0.927966573874 1
-2997.78251685 -18.3320453861 0.706665700617 1
-2642.70151448 -40.0973547802 0.637683448894 1
8521.24060622 32.4500401758 0.99260316687 0
-3182.88330777 -14.8174675945 0.512944453338 1
-5676.26892259 -21.3312325983 0.968466239247 1
-6658.01087716 -23.9076815363 1.0549390721 0
-1828.84052915 -33.8536062763 0.553836326553 1
7921.83752709 -38.1656560719 0.94884134309 0
-6204.06582597 -38.9105448432 1.02102111472 0
1373.79102675 39.8661837422 0.606848943697 1
-2821.81595759 -23.6209806075 0.673328234336 1
5345.2828734 -30.2811961413 0.881246016857 0
-4419.04307728 -64.1632944868 1.01356755374 0
-4026.72994334 -20.9070971314 1.02472035138 0
-2070.97158681 -31.0678355772 0.577345447648 1
-2724.41638078 -33.2554852394 1.03312521839 0
5684.7388466 39.2945261743 0.876582568075 0
-3881.27981091 -10.6662840261 1.0567982251 0
4047.33410844 -24.9411049082 0.830215665525 1
5570.9786343 -11.3500238496 0.990242052203 1
6815.11781582 18.288304613 0.958030472747 1
4870.88510709 -18.1526285083 0.952894749728 1
5932.40563395 -14.5000307302 0.927778304801 1
2557.32011912 17.0735945992 0.849938103781 0
-5865.84884084 -14.0663588648 1.00445155302 1
2967.81811175 -26.6288028794 0.951310764805 1
-793.143831383 35.8482581604 0.719978020578 0
-4894.97748469 6.59093084501 1.10132989401 0
325.938123608 -14.8509547258 0.42747607381 1
-5631.7792712 21.0734697718 1.06386063983 0
-6882.77038248 -22.9720230477 1.01272272982 0
5700.12514643 19.0668231702 0.857278728806 0
-1842.26064082 36.2872048961 0.782558080917 0
-2569.39407005 19.0153249231 0.727683807871 1
2434.40606876 -8.05348708545 0.652275762027 0
2816.98094345 -21.6173981911 0.856053717611 0
-928.155077723 -11.7061451984 0.435932897378 1
-2339.69586929 23.8891773581 0.935468311716 1
2613.95331238 -40.4371216473 0.894002516957 0
-5845.57539568 -16.3986543727 0.967400420769 1
-2452.99610797 -12.5031366348 0.762972350563 1
-2896.5910252 20.7816676597 0.639988100308 1
3689.18633992 -26.0783934133 0.865191603791 1
3259.30565865 -27.2258240193 0.839832772218 0
-6529.51456187 21.7785336 0.977845666226 1
-3335.11724317 26.3198981828 0.960637850418 1
-2566.10482452 -32.2311435714 0.939618921279 1
-1575.91933738 -28.0007414714 0.893167244698 1
-1743.14552925 29.3224639392 0.77381670355 0
1082.19078745 10.5806264795 0.335760654789 1
-5711.99567843 -17.2669050623 1.01123186804 1
2044.09031819 21.5501153884 0.754122117912 0
-4431.62938677 23.8000572456 0.984977110254 1
-1431.34458624 22.8938837297 0.814508895336 0
5519.10737965 33.3817121462 0.89177090941 0
3784.08443886 -23.2357665427 0.99099287249 1
4577.39109998 -16.7204200974 0.969386656632 0
-1272.12432416 19.533685104 0.498696918543 1
4288.97997952 10.9234830353 0.788831533418 1
3975.4984643 -35.6928704845 0.928646667106 0
-3792.12984292 37.5456784577 0.836047230693 0
-8381.39061549 19.6772602 0.977283940406 0
-5508.91593491 -27.0856031777 1.04376231192 0
4551.02911001 -18.4816014256 0.778769386242 0
4291.16906327 -46.5888482063 0.956999397871 1
4961.32567895 -22.0589860275 0.826099042318 0
-542.984762208 -14.6383957252 0.47788691515 1
1093.9625041 21.1523929196 0.526148118723 1
-2277.04140958 18.6768480729 0.719647474116 1
-5343.76561877 -31.7593983023 1.05026596052 0
-2463.71523081 23.8313491883 0.718205081163 1
-2403.36814973 44.8190303205 0.833572210294 0
4526.46857281 -29.3393344598 1.04606555379 0
-3624.35504411 -24.6100119602 0.702146548194 1
4560.12480411 19.1299162927 0.907835339217 0
-8044.96093768 38.344025795 0.986017113615 0
-1881.45510554 -21.078211278 0.728431269191 1
-6231.88617958 -14.7804706001 1.00330722669 1
-6492.08372032 -16.5207676377 0.991313860845 1
3016.58743305 43.0378010024 0.874459703065 1
6081.27091905 -25.9298081192 1.03848669547 0
4312.05362962 34.1073130647 1.00578753851 0
820.980353426 38.0481442274 0.697140920632 0
5193.22294231 18.9927153531 0.933666562811 0
5655.87737233 -7.53644403648 0.830518444424 0
7859.05810496 -24.0240742146 0.939736775167 0
-4597.78190042 -25.7678040967 1.02594589715 0
-1083.97835713 -24.8790822953 0.374100650437 1
-7385.31506652 -21.7311490725 0.987435749944 0
-5132.90521929 -17.1818135617 1.04463504854 0
-3557.01015724 -22.3752514683 0.999078711184 0
-2858.24165643 13.5556346976 0.802165649213 1
-4320.42867157 -16.6009173357 1.02003219972 1
6203.73055678 36.9979628003 0.942872617922 1
-6411.96227375 -11.5953688022 1.09718416257 0
3391.14669094 -40.9977124521 0.923239863611 0
2574.27868869 10.4839957153 0.844591118089 0
1281.33203413 14.3501089283 0.342055862229 1
6355.28462356 -18.0191652835 0.887289616322 0
-5963.10514853 24.9690671896 1.0114906361 0
3088.05231775 17.1365809849 0.648174975568 1
2055.52931972 -27.2795816246 0.803178849559 1
7347.49858704 13.9424751384 0.972369040338 1
-2594.77234719 20.9690793934 0.542442361227 1
-1951.2216061 -35.6964278524 0.999297204079 0
-6084.38123796 4.33466284548 1.01136415412 1
-4473.71841697 -26.3111215277 1.09409250438 0
-3920.78648774 -32.7241776021 0.73518064705 0
4144.13531685 -20.0368510355 0.858821322045 1
2368.38028683 -8.76804646721 0.533672626279 1
-7640.50213451 26.0148877696 1.00481423692 0
-3412.59360781 13.4757091743 0.907023278116 0
-2661.61413499 52.8370141265 0.921104461645 1
-3254.973688 6.95712442487 0.67394914341 1
-4268.24672986 -21.3260040931 0.994670629145 1
-3234.85053397 -28.9234864271 0.869658943711 0
6869.03440334 19.2220822729 0.916668759592 0
2510.50121725 -19.2218876383 0.562664492725 1
-3112.27881036 -12.532116137 0.61879797447 1
4727.40662197 -13.2085758607 0.660717446479 0
3095.71317373 7.36293344424 0.650634472026 1
-2526.58506335 20.1738147587 0.71797117915 1
-4289.84813789 -18.3661983134 1.03021570739 0
2780.59749488 13.1053505634 0.549632825378 1
1845.53841538 -12.397662185 0.355305913409 1
4995.99766232 3.46927682884 0.91541556463 1
-5340.10249824 -22.0054812374 1.00330023085 0
4669.24481118 16.3758396328 0.860046694333 0
-446.030202028 -37.2117482009 0.460270193922 1
-6233.97583776 15.7559875635 1.03086283416 0
5360.68694477 -18.3826661055 1.00079767625 0
6666.35662321 15.321168203 0.926261950588 1
4065.76499832 17.5466424216 0.871000569594 1
-3770.22048879 -31.8927897892 0.900243595417 0
2405.99404843 -26.458213824 0.924122237763 1
5583.14985516 25.896044583 0.949007424453 0
311.547878165 -7.51259294695 0.243692420817 1
-4302.55244036 35.6121290158 1.01558736236 0
3460.78100605 2.14564571418 0.793605864588 1
2436.48355922 41.1321093426 0.835186082262 0
-1455.68691986 16.278911836 0.471410339343 1
1962.42928709 -15.3388300049 0.42103622841 1
1447.85892351 27.8193238055 0.687817945327 1
-3642.43142205 61.2151107807 0.993041151452 1
2347.87933104 -21.1495475002 0.880608266098 0
7478.35055023 -25.0810297828 0.961978394616 1
977.52296405 35.2423159534 0.687658529994 0
3808.30900989 14.8117943609 0.67745084163 0
2247.54603939 17.6981093251 0.584861689174 1
-5257.20427584 26.9130933327 1.08745971386 0
4497.74762856 -12.3678166168 0.892562635037 0
-2307.5806651 -35.9374864066 0.998167690211 0
-3156.82865967 -20.8614413052 0.994758135 0
3167.39790716 38.7804782591 0.526498125942 1
3135.05737748 31.7183501078 0.837334376704 1
-4784.25177303 8.17616214292 0.995821037397 1
-3618.6683293 18.0840290639 0.775955801137 1
2731.73204677 -27.3280092881 0.927791410927 0
-1888.6669631 9.83721001081 0.484721533541 1
-3358.04860294 17.233318566 0.883545421463 0
66.0013093805 -9.85447438059 0.181262862403 1
-6715.09964893 10.6671395022 1.07268921826 0
-3350.7561611 -23.9768180654 0.873178613617 0
2644.09210985 41.6091694942 0.866634481447 0
4809.47127784 46.0569426935 0.918621397557 1
4525.64782955 -20.5605546774 0.815984825309 0
-1669.86780509 25.7945078437 0.670605023036 1
-7862.33852943 21.2974550385 1.10738388405 0
-4727.48199576 8.56559246126 1.09427863424 0
2512.7551722 -18.5355757366 0.948463370341 0
-3912.370499 20.1228077159 0.94349977149 1
1942.50497672 -18.9292534846 0.512153341192 1
6628.63822485 -38.6286553294 0.985380606352 1
2573.7775306 -24.8306135057 0.930694850389 0
-3125.44957788 -25.2042921913 0.988398643881 0
4636.53433067 33.8230220785 0.935081638625 0
-6433.74848017 28.2382914262 1.05317320277 0
229.95472909 24.2889075106 0.373642960999 1
1036.04015036 26.2892514116 0.419819901323 1
3913.15491475 -22.9007735739 0.863393270426 1
-2463.84123873 -11.9978044629 0.612068814518 1
-8989.39765354 43.4950396951 1.10878539765 0
1477.05938107 33.752753768 0.615669977281 1
4758.07841788 -10.7300628083 0.828375490941 0
395.403094094 -37.6784135955 0.869466205594 1
-1987.54704628 12.395571025 0.664825064891 1
3516.77570941 -27.0970560288 0.70541011721 0
-5808.3259265 -6.4901267809 1.06713372777 0
-6712.86547248 -11.2995718024 1.05499387908 0
-1568.7028405 -9.46933238982 0.633879390582 1
-1704.18621417 -63.8545578682 0.937595314045 0
2203.31657248 -24.8933303257 0.572916587423 1
3696.94924656 -27.3500196239 0.883013942778 0
4354.10029486 -23.8421594372 0.927447766479 0
-6598.29445484 39.4475462895 0.97974716459 0
2197.97626078 18.0334808707 0.548372616981 1
4064.80573251 5.338899434 0.68044261204 1
3127.67292285 30.1016735932 1.00580332765 0
4744.67993132 -15.0619188182 0.979716689422 0
-6470.77212756 14.5315949163 1.11054022587 0
-950.852203339 -35.5335277941 0.994336510771 0
4622.62714018 25.2424245042 0.96150232201 0
-2282.90190337 -15.7826169309 0.703567275415 1
-716.504879396 -21.0438654414 0.614693232776 1
4372.15613176 8.75668661525 0.903593393747 1
4659.81897656 -6.47843022897 0.824667616268 0
-7675.90984176 -34.1856813784 1.0028301981 0
-2871.60272211 -30.3094210107 0.474557832161 1
3941.79968052 29.2427646575 0.87618871314 1
-4339.82195316 -28.9071116172 0.984948765736 0
-410.687885108 -26.6596997187 0.438315254533 1
-3485.01049081 12.3431264931 0.947960711941 0
-5667.99997492 -10.9739090591 1.08440229443 0
-3506.07079162 -27.9390667735 1.03959670031 0
-4269.33054805 -23.4053896108 1.02472601907 0
-4203.23806618 37.9735030967 0.917153583009 0
4207.31328231 4.98607862015 0.86679239234 1
-1434.80513509 15.9600583978 0.682615329364 1
2596.82844532 -32.0519200533 0.673959087899 1
6876.90573872 -43.5654820568 0.883254174303 0
-6272.51525739 9.64699129364 1.00321390227 1
4201.82018012 -26.3323895969 0.949389425164 0
-5967.08307152 -44.8269213608 1.01613523593 0
2743.83569583 -30.5041097614 0.92596895234 0
2733.46048078 29.8368087663 0.961327548543 0
2480.95902116 -17.934857306 0.802426628907 1
-1156.85793869 15.4090103242 0.535810052058 1
-2715.52354824 -33.205784631 0.970952788761 1
1681.28032484 18.0065724437 0.457565031451 1
3454.97205491 -19.8050727876 0.980048048079 1
5102.93627592 -32.8747877269 0.897964743217 1
4885.71435368 -13.7043831636 0.909807369602 1
-6605.18833064 -18.5487458363 1.03923565278 0
-4596.99291045 13.51085137 0.948633099618 0
7812.2667031 -20.2512921919 0.998339030123 1
1738.32844451 28.5751265108 0.630287259604 1
-4306.21247072 -27.2001092311 0.99102028888 0
5259.09316002 -21.3794534413 0.836920579364 0
-5695.08854219 -20.4536925161 1.02884769662 0
3346.21901316 37.0463244145 0.755493102989 1
-4053.93886062 -6.75898020569 1.03993708562 0
2842.80628873 -25.5964537241 0.719874316706 1
-6127.31759012 -13.8469875539 0.976942181447 1
3336.38233051 13.4621873383 0.933544636409 1
-4080.93360119 -9.87879470774 0.843207773094 1
-6333.39416969 32.4128059522 1.12709808637 0
-4313.35889768 43.4538986698 0.997647119522 0
3002.62664444 19.2682696223 0.941682187558 1
9792.14268786 24.5050613918 0.929096534339 0
-3087.26363257 -36.5806841701 0.967193500404 0
-3106.9711879 -14.3214048461 0.604950712629 1
-3531.31577162 -14.0550227534 0.80416596246 1
7336.43015883 23.4717300281 0.985454424648 0
6813.44086765 -16.338774019 0.914959776173 0
-4457.60438647 14.3991107279 1.09808266343 0
1988.29390938 43.2576304548 0.827308752407 0
-3342.72483115 -32.3828427632 0.929219274369 0
2910.36011239 -28.9128747891 0.680474866708 1
4511.20382571 -22.5801068555 0.895185435528 1
1913.58600601 -49.1588908519 0.659241623168 1
2747.41069914 12.213097487 0.768923070614 1
1604.72640742 35.5207138069 0.819552582081 1
-2890.91063859 12.2974726414 0.731705599527 0
2436.47671591 31.6774185643 0.697105135648 1
4535.52727245 19.7886747529 0.791104613759 1
-4910.75030161 16.5561414526 1.11550047277 0
806.440594448 21.9537676734 0.577642378125 1
5089.12245422 40.4573043938 0.949342177718 0
3527.474039 35.4201713336 0.81562985547 1
4543.66060396 -32.5424017876 0.749813064572 1
2564.49812517 16.1244283025 0.911029147366 0
8195.10390985 15.9933911382 0.972522896446 0
3112.03556403 18.200173904 0.75361001452 0
-2588.4146301 -16.8395642542 0.685714417087 1
-5263.06349405 10.1559712463 1.08895622169 0
-3009.82684704 35.2069016617 0.973534974122 1
-3829.56059889 -22.4545123485 1.03086267236 0
-1730.09390881 16.1241617268 0.517068976149 1
-3903.33962613 8.00642073778 0.89798755533 0
-2656.41129089 -15.004173615 0.942421014726 1
1447.13157036 40.7709912238 0.657472349167 0
-1433.38236272 -26.5136311996 0.740626696691 1
4087.12609597 23.6014501288 0.975001909829 1
2667.55616165 42.0724272038 0.869329574449 1
5758.21983167 -16.8101070869 0.950498904315 0
-4169.51615299 20.2342213862 0.950832674213 1
-6486.17855637 16.2231698118 1.12062214131 1
3940.43377716 10.2053098915 0.741128564157 0
-7264.3343366 22.5292159012 1.00046194186 0
4337.46751078 28.0994600438 0.792452847452 1
4292.12776684 -28.0498887518 0.920863816985 1
-1241.4093234 15.520461003 0.66025524405 1
9342.95400861 -24.2206986578 0.946160656441 0
-1082.36998844 -39.7652041003 0.901360845657 1
-4910.60488758 21.4493405728 1.25756838341 0
-7807.96876433 24.9930415644 1.02998272291 0
4408.69347092 15.4368078522 0.909176828742 0
2135.94701436 -14.3900752388 0.595706598437 1
3464.69794955 -42.9190802956 0.843792967087 1
-3821.76952495 21.9207133683 0.902698813655 0
-3000.61331302 -19.1531629686 0.659516508983 1
-4712.70013005 20.1697727487 1.03831074197 0
3275.36300541 30.0137007603 0.782717400928 0
2841.37174833 17.9583677327 0.761277873861 0
-4954.8811693 38.5772730438 0.963880628608 0
4352.63506923 -29.3543640893 0.933945600723 1
-5302.80082895 14.1577766142 1.01916555834 0
1722.46680069 23.043125379 0.652218186918 0
4478.18296457 8.44806716315 0.825060693692 1
-4964.13632054 -15.0765697866 1.01045427241 1
-3358.0134631 25.1904077448 0.961329980877 0
1388.90180952 8.93082995189 0.396102259462 1
1170.01348844 24.5594721269 0.674353326734 0
-1473.10369707 -28.9983077804 0.490775742444 1
4048.58606675 35.4116228239 0.852355486444 1
1829.53599376 2.49219846987 0.549340701197 1
-1091.2168728 -15.9291014026 0.700283519517 1
431.637622024 15.2530775515 0.632898427468 1
5071.46837019 -42.3459519229 0.95827436596 0
-3051.48661804 35.1057330615 0.956312249628 1
7551.68805219 19.5399267967 0.934235407123 0
3283.15953889 36.8119262037 0.90155651187 0
-2467.40153158 32.4142912066 0.783213562768 0
4965.89751848 28.3055250103 0.934292472899 0
2937.63447845 22.8966339095 0.520544140111 1
973.009305574 38.982519457 0.658642283426 1
-1924.58749735 -3.70889572174 0.471839082233 1
-899.319451012 15.6095522554 0.519422621666 1
-7496.33383323 33.3983490089 1.01292501995 0
5555.58659919 13.7360186277 0.883078402271 0
2673.19557883 -30.2272048403 0.838909524877 0
-6389.04856404 -18.2792754966 1.02942155771 0
1893.17649222 -24.2520089049 0.761583660307 0
1541.12601223 32.6202156288 0.792098240288 0
-5600.00246964 29.1092796002 1.08965052241 1
-2344.14028878 -14.2342624144 0.559352690036 1
-3504.75273168 -25.1518823968 1.00005091412 0
-6981.98653954 19.2855548808 1.06747822373 0
701.949358742 16.0468598664 0.405424937496 1
-3314.98845709 -14.2758563255 0.979655634332 1
829.446442496 27.6540317814 0.499501473969 1
1588.94062071 13.2723296634 0.499796246611 1
-4555.21686216 36.2162385335 1.01411704786 0
586.572225792 15.9686296458 0.543173603857 1
-4900.9530927 4.10511879206 0.91572953746 0
585.891990159 21.6849443496 0.665157272242 0
4229.18675557 -19.1619170457 0.891829499535 1
-1478.84017986 -29.621760826 0.58112341031 1
5488.19803374 42.4945048446 1.04816340065 0
-3956.51520427 -24.9227282418 0.910103293833 1
3267.11423618 -23.4267162663 0.940035046897 1
-3849.71768012 19.1356805263 1.01506164695 0
2919.13844924 32.8085089751 0.560898832436 1
2544.42249566 11.5542327796 0.66982742798 1
-3576.26813973 18.0686335089 0.811076602146 1
1089.2464984 -16.6155074959 0.384223459001 1
3990.5057769 -8.9718870249 0.749045060401 0
-118.655808028 -11.559574428 0.199649850675 1
-3516.97955098 -38.57497988 0.920194955157 1
-6370.5774088 19.9031224071 1.07481656302 0
-2921.8585824 -19.8451309738 0.597553102292 1
4832.34487029 17.1142327345 0.876661974097 0
-2073.09088355 36.4484934596 0.601111169536 1
4977.18579419 -23.5805735421 0.953176298118 1
2251.71147298 -19.103932625 0.653874768755 0
-7440.83309017 -25.5280126425 0.967951345467 1
2841.58941994 11.5475628595 0.892224230299 0
-3744.24156332 -33.9186676697 1.01651475409 0
4524.51292077 -13.8015055771 0.921396039402 0
-2841.63491391 19.4708325495 0.665125488269 1
4617.04955636 9.79082553839 0.906122756849 0
-1290.77352285 39.8495725001 0.771304916368 0
5409.19136913 -22.8188015618 0.912401477282 0
2654.07831285 34.3661051034 0.871351563214 1
4925.84887846 12.6724126705 0.959919459917 1
-6342.42378661 -24.1610392167 0.997334474922 0
4423.98115129 -29.727891743 0.814876342661 0
-3765.05961373 6.52287298014 0.948510334999 0
9262.40267385 14.443213125 0.952440859606 0
4668.10734932 -13.0410347619 0.869864124164 1
2139.92526865 28.141421292 0.691868609 0
4680.45611638 -38.9544491364 0.896008388826 0
1407.57514222 14.5614755672 0.4606602044 1
7308.56314542 -36.8611415419 0.963901710016 0
5872.12448936 -14.0273842295 0.890456738934 1
-3087.98490126 41.5147111532 0.759441408068 0
-3430.55423003 -29.6483526863 1.05699987278 0
-8414.48704753 -9.39762213857 1.08374645533 0
-4492.43483305 -20.9806918905 0.990821455044 0
-5439.48744562 30.7842241489 1.00186001552 0
2689.29521827 29.923562174 0.469085570297 1
3155.1997657 17.9879409201 0.817744643639 1
-2647.36577082 -11.992239617 0.677612302388 1
-3283.03346904 39.0473975895 0.958126746128 1
6790.34491283 42.7533786079 1.00560419031 0
2832.02641233 -30.7953316505 0.506143405402 1
3667.01576569 -13.5890572555 0.780408575412 1
-3975.64053206 -49.409571068 0.96962810399 0
-2937.47800691 -42.5577944457 0.731801187778 1
173.175596997 -39.4027069578 0.588461914816 1
4698.52849668 11.936357824 0.886255080985 0
630.390043165 23.0513599742 0.676442614321 0
3106.05609383 14.7474087532 0.72073862615 1
-936.769474075 9.6442656049 0.495663804688 1
-528.07008249 58.7401434732 0.905674846156 0
1289.5113894 -16.3801510619 0.395299340959 1
-2375.17673303 22.8035180602 0.878645707586 0
1524.65374804 42.7469425778 0.715993853031 0
-5756.90987197 31.289351808 1.01288363293 1
2885.75251576 26.9363137824 0.968656900068 0
-2917.31983073 29.4336724472 0.9938701028 1
-1471.24160648 18.1140540205 0.441479930477 1
6653.13764843 15.7911721606 0.950155341128 1
1520.64650687 18.9264556771 0.46716934729 1
-1042.26699339 -21.5064579755 0.473380568294 1
-3857.75600545 -33.443893363 0.928567868499 0
2159.29212721 -25.7564073021 0.818928107235 1
-2440.97576015 21.9102532287 0.649680225215 1
3431.41685678 -22.4952233932 0.937194583403 1
4110.47715687 -21.7212490164 0.788930966518 1
-3092.31062959 -22.1298889033 0.581053393358 1
-1618.01616273 34.3141493146 0.842311108056 1
857.419328497 -25.5687069693 0.636392490541 1
2360.70435526 5.02721798442 0.700622084944 1
3368.72177954 -30.9380468506 0.805958318936 1
4495.91450535 11.0791335463 0.936463200858 0
-6636.43266183 -19.9644866842 1.0361461479 0
-4379.64485589 37.7175813886 1.01311378603 0
-5980.86855961 -23.7886023348 0.97548911117 1
-661.588772087 -30.4127145189 0.915990546854 1
-1388.72386907 11.2592563738 0.373141150121 1
6637.84135918 13.5162596759 0.982952240934 1
4356.0351203 14.7237990268 0.932659138744 1
3977.56126235 -38.5625069013 0.80467368614 1
1174.45355585 -17.0878001979 0.334711473533 1
-3870.0669845 -10.5844173021 0.998926709486 0
3081.96469107 -14.8207086641 0.657935374604 1
5347.61434521 -39.1843368076 0.95433530208 0
7275.25947806 -5.42559843047 0.893077041434 0
-1231.6471543 -10.5774236509 0.493307046524 1
2280.78588278 22.7255754874 0.866312859357 1
-3213.59060634 22.3840485014 0.956595428384 1
3110.74552928 -17.6637149922 0.597547128393 1
-3475.2909014 -18.1516770437 1.05398182013 0
5749.79112896 -25.8336892356 0.968855188971 0
4273.77109888 -23.0269453811 0.934497472523 1
-3278.70079601 -12.1911186028 0.610945077765 1
-5820.56143176 -15.7097067302 1.13659537663 0
4257.67975685 10.2040797176 0.73394815852 0
-2591.32025366 -16.6783223537 0.581309128671 1
3194.25319277 30.8364068488 0.756205513653 1
-688.536703106 38.4474182552 0.744140373107 1
-2902.39200611 37.3701806549 0.972233556181 1
-3995.02000941 -29.2142449123 0.956297682178 0
-2582.21015117 -36.7224366454 1.00822360407 1
-3785.09195375 19.3309507752 0.953961854749 1
-2723.84811597 -11.3228136802 0.62280491825 1
3299.37238018 19.9636026166 0.803129836192 1
-3080.92829159 21.3572995317 0.7646549978 1
-5369.35572256 16.110424798 1.02348289637 0
1311.62990946 -30.7896920592 0.650806510196 0
-3415.42288285 47.7423820978 0.985447309435 0
3100.28054459 -28.6238735008 0.769500974706 0
1046.66428067 18.2720256829 0.41154792095 1
1437.77501893 -19.363681579 0.474164254414 1
3273.17243271 -25.1288735465 0.720264469453 1
4782.44780716 -19.3005819777 0.847847265406 0
-5517.09446348 -21.0190043813 0.968980668386 1
-3919.46927532 56.4059373254 1.04363052663 0
1479.13795758 -25.4056876264 0.856647346262 0
-1048.26513693 -22.3156488279 0.635088112909 1
-3947.28248022 7.74127783862 0.806921192793 0
-1807.9129709 -16.6930630588 0.69223915086 1
-3009.8973422 36.1794453372 0.872327693196 1
6657.4858537 11.7496734739 0.949122655382 1
4282.1096204 9.68857887566 0.819022676235 0
4438.77527362 39.6501156439 0.887055658189 1
-2319.39966466 33.8420836479 0.908178000621 1
-5525.14590275 7.61209980954 1.06654603912 0
-4421.53015203 -11.2991401158 0.863202711506 1
4195.81536588 -27.7992311572 0.879419112967 1
4973.02166293 -53.6993543009 0.949079571524 0
