-4634.84141357 -37.762821072 0.99640218229 0
-722.316014186 16.0448870417 0.335972195623 1
-5240.36112759 36.9699572707 1.01089617019 0
1946.92086592 -21.5582580653 0.470515167319 1
4646.99249724 -28.4960841631 0.902954397147 0
6386.75635941 -20.9135551175 0.933828332808 0
3915.9541151 23.9810206148 0.868916295279 0
-1929.25411058 11.8066825176 0.511494089981 1
6786.5687888 16.745992882 0.975190924139 0
1547.70072625 49.312422145 0.817976002144 1
-3162.4887739 16.2835091132 0.511414377588 1
5372.70687633 -25.3468947739 0.901677009116 1
3658.348277 12.5154639945 0.556481559896 1
-7056.91839264 -31.8507754846 0.991626904436 1
-1362.79102678 52.5947914411 1.02551700983 0
-854.045426591 21.6430555085 0.436973242025 1
-7031.03073894 -14.5309048214 1.04784269746 0
1218.85575869 26.45765754 0.431713530721 1
3363.42377125 -17.0756958143 0.767676041916 1
6735.41442605 -9.44490538873 0.925810669577 0
-4778.58202143 -34.5263050161 0.97479138394 0
1016.12867909 51.7244705167 0.916508227487 0
-4672.93740678 23.3646593801 0.927818056861 0
3604.44114504 -14.6169011589 0.82464208191 1
6877.26486975 14.1775003051 0.975929183534 0
2761.57533484 15.0026877537 0.950536403037 0
3137.96333344 -15.5114390589 0.891930070491 0
4905.76195577 -23.0296392109 0.944306394607 1
4236.61247136 -22.3152934116 0.85235628848 0
-1824.29722791 -32.5099625716 0.68537497818 1
1885.02974778 -33.3175831699 0.717006989606 0
-1554.95706477 27.9597852686 0.903974843775 0
-3022.9130742 9.41558180516 0.604135689031 1
3020.7495983 13.4210842545 0.70079059344 1
1911.23808224 -25.1368537504 0.376746964008 1
4043.39277248 17.2957848279 0.733898140415 1
-2248.76517612 -19.8437513045 0.456842203786 1
-4786.42285576 31.7452238974 0.983404402993 0
4989.87453675 19.5427541133 1.01044096479 0
-2308.33449387 -42.4473120943 0.964723888158 0
6012.02979867 26.5954403776 0.777457147107 0
5339.98162007 -34.8468127891 0.877694629934 0
2635.55052147 29.578824109 0.820114433466 0
-2954.97943809 -14.4726756724 0.8011315538 1
1407.95466851 11.1010195851 0.320659520497 1
-3322.14085059 14.3201233655 0.967628166533 1
2845.07886818 -16.0130345185 0.756398012955 1
1341.98941185 19.3391331825 0.449403334329 1
1494.13800345 25.1478069267 0.363578747896 1
8086.28791549 7.26558216391 0.985616020949 0
-3631.12332288 22.2116365662 0.801988800865 1
-2386.27927166 -25.4457790115 0.468007948197 1
1935.83120841 43.2159771056 0.749399208578 0
-1405.15849275 -27.9582947096 0.936487843888 1
6584.76515051 27.9707762403 1.00949551583 0
894.606945101 20.7649632387 0.583050800542 1
-6502.42483779 -44.7245207067 0.984042967387 1
3561.48065426 -17.2632766251 0.913623846345 1
5143.04920191 26.0095881481 0.877524813427 0
-5332.18902338 -34.0539090704 1.00330025452 0
-3233.76827159 21.7892699751 0.81924742041 1
3888.80367898 -15.0372316538 0.868019690312 1
6322.07633236 19.8695914401 0.772768687615 0
-5344.58926093 13.0850177545 1.04720411618 0
675.788776247 42.6976149905 0.784621930316 0
2528.59373886 -40.5824633039 0.556122137679 1
-4019.77728731 -13.168523883 0.932343702955 1
1697.64236144 -19.6937227514 0.438082703443 1
-4147.17727443 34.0110075923 0.760412537297 0
2012.02383915 -23.270193061 0.876123989814 0
890.043867239 10.9385682836 0.278752661967 1
-2074.07855227 -20.2185891526 0.998581774917 0
-2723.57133197 14.0185263922 0.559713800135 1
1659.59111902 15.845727573 0.436441516698 1
3879.17172619 27.6389736694 0.713115926969 1
1387.67009205 15.2265907916 0.44471716978 1
3362.15370471 -20.9245483656 0.954757657218 0
-4181.58282654 39.0239113917 1.01643781955 0
-4945.39146795 19.1783911253 1.00407225816 0
-2191.51984172 -21.8825040975 0.623672523503 1
-3150.49888005 34.3711610279 1.00703487397 0
4091.35703883 18.0004137374 0.8217962355 0
3938.18210449 -22.9498157278 0.902440076942 0
-5266.4206612 41.8151934966 1.0166936519 0
-442.55151358 13.7105822274 0.344602097662 1
10219.7552352 19.6965589788 0.967633569453 0
2234.3558155 16.6592606498 0.914540588017 0
2669.592695 35.503724326 0.767137365318 1
7069.96543727 12.1200221541 0.926814216139 0
5277.51692363 -13.9606870799 0.836994438252 0
-7326.85732404 -18.9335083801 0.976012550335 0
5291.22215919 28.8269158312 0.877632352231 1
5268.76210543 -22.2937455777 0.931424374226 1
3273.12212878 -22.2347163131 0.780558441095 1
-3575.43624671 35.7863265679 1.03267876243 0
-5791.05579382 -13.2225477102 0.980055768369 0
4095.31558046 -21.5575003155 0.844247764701 0
4201.15979022 10.1895282367 0.719101096385 1
-7088.99821484 -14.8907395413 0.964493373654 0
7346.7960487 16.9231211526 1.00585936721 1
3047.83593795 -19.5118836374 0.50065832509 1
3925.21901459 38.8063951243 0.87813968894 0
-2284.86792902 -25.8260026971 0.714570900939 1
-3725.9251197 24.6111283275 0.931920253014 0
-754.302864925 13.1859160211 0.343754233422 1
-5387.72323263 -26.2136932658 0.995155951713 0
-8835.766199 19.7711907633 1.09651788267 0
2594.98323621 23.7582265679 0.783731760772 0
2362.12986431 -21.7849297962 0.859422159751 1
6562.23904392 -19.463293056 0.940102330988 0
2809.63246848 21.265528563 0.946102586155 1
2750.30307441 14.9383979296 0.843171514492 0
-4891.4094732 27.7437228637 1.00989351594 0
-236.382733577 -34.5536257095 0.523130508913 1
-2999.68894692 -31.391198924 0.53279617057 1
905.74450742 32.887628903 0.731723015507 1
-4143.7638188 24.8365537707 0.800677628148 0
6836.05406403 4.56339539614 0.921465168509 0
-2743.54469149 13.0475702639 0.532797843823 1
2571.26395327 -25.3651685678 0.443723491737 1
4440.77889929 -21.9009648375 0.883670469163 0
5980.93815071 14.3754741623 0.858187166567 0
-1460.96571905 24.4852420378 0.566399798407 1
-3916.3590328 -13.2073984872 0.995961507017 0
1231.20541455 -25.4740575477 0.900420682174 1
-2210.35453358 -39.4434116801 1.01993272053 0
-1084.58673401 38.3587185202 1.01521940853 0
-3127.66673222 3.47739193153 0.439169520069 1
-726.440949958 -36.4527509902 0.679112062347 1
3718.28182746 7.07970861052 0.845868663034 1
592.419896733 17.3279199432 0.277030944382 1
-5026.01058366 13.8179624755 0.973402133673 0
-3254.2757391 -18.9342826196 0.612440877923 1
3467.00496137 -29.8685890477 0.996288722044 0
2938.48932418 -19.4677245426 0.502804363148 1
-1407.32620084 33.2960131483 0.828615133502 0
-1148.85205408 27.0542103635 0.641952018436 1
-4297.47330294 18.3071838984 0.934434649178 1
1194.27104079 28.6266180233 0.806498436722 0
-5861.95070621 25.1242074772 0.952537894562 1
3410.54428195 34.1355291129 0.787600042921 1
3235.49191137 31.4447908585 0.88278235666 0
-4455.49727623 10.3127106108 1.0170895194 0
2167.20807006 25.1587470626 0.610665656315 1
-5145.87658288 21.9271850639 1.02088951559 1
2270.92977859 32.5835121959 0.678236798548 1
2745.1479521 6.32899590891 0.526918224295 1
3015.0436809 -27.8185481165 0.988191965465 0
1319.29814003 24.9716317366 0.760098425653 0
-3718.93023868 -24.7574455376 0.539403375317 1
743.345462686 -38.6112632733 0.44255634351 1
-2762.12829602 -15.0647843982 0.517000491382 1
5215.498199 -24.1748590519 0.877854592625 0
2558.25215681 -31.7173556547 0.636942412259 1
4823.58072654 33.4794733499 0.851830920713 0
4923.14958054 -22.8736188583 0.917177477042 0
-1041.69535694 -20.3925624023 0.896128404257 0
-5915.39450038 17.6907220802 1.02120395201 0
-3601.27831379 24.566570661 0.943598192424 0
2205.8361546 17.2642494992 0.349205217508 1
-3071.48170766 14.0221146556 0.592197661883 1
-6341.43578591 8.56424155603 1.0497914987 0
2766.32448903 -22.1614518886 0.489152660909 1
3553.26641368 24.7688059974 0.667754449085 0
-3618.03198321 -22.1587645966 0.987943195164 0
-3566.97429221 13.8909386612 0.930511806959 1
-4051.16338553 -16.8203369847 0.957883804307 1
-4248.95086595 23.8552956635 0.844770535741 0
-4353.97228676 20.3952797853 0.880133294285 0
9994.2348326 -15.8911894383 0.930786454473 0
3310.08608124 29.2525296058 0.787232791997 0
-7754.31666674 36.5912228415 0.974385092729 0
-3597.41840532 6.72855069018 0.769893827337 0
-6171.74531865 -57.1994722631 1.00256338797 0
-1522.85193996 23.462628191 0.581713884182 1
4495.49030729 -26.2767430396 0.820805804003 0
-4923.03530466 -19.9281422531 0.98647824567 0
5014.22109883 32.2444285863 0.953056745653 0
5802.00706254 21.7717031649 0.889446926838 0
-4937.76531092 -23.7762012952 0.889788244386 1
7611.08922496 -32.0139041529 0.958776336492 0
-2145.83944626 16.4897196394 0.571385494498 1
3513.96852057 -10.8703251213 0.680587150194 0
3338.17917013 17.4189683703 0.528615424196 1
7979.42651578 27.5137981522 0.854014349794 0
-3369.06124861 25.322335071 0.489891584056 1
4113.5241838 -30.7738970814 0.924878843421 0
-2492.04627719 29.9163705055 0.996840758892 0
339.505307594 -13.9876129489 0.290606729312 1
-1954.62831205 28.7270914129 0.783313179155 1
1222.71808382 11.3925109946 0.42324133647 1
4345.93031644 -14.9598141786 0.868987115441 1
4339.42006708 14.0201443087 0.810408372437 0
3790.31548508 -12.1263710081 0.74048841297 0
1892.62912523 -10.5010736601 0.309668643675 1
-4054.93817502 -38.7090930078 0.743721721699 1
-2829.578399 -32.8879591392 0.550271496472 1
5570.72366622 25.2160500917 0.933195969091 0
2580.52138607 16.7267591559 0.44739153819 1
1280.18843346 21.4505315666 0.640180031604 1
5405.32804202 -24.9276796738 0.886392214123 0
2081.95255748 16.4445305141 0.503284298518 1
6035.83219108 -26.1913784375 0.916693555228 1
2095.2685649 23.7165024357 0.793681020096 1
-1363.83119664 35.44456743 0.808409390724 0
1015.28258138 20.1764922877 0.360720979506 1
3034.01755752 -16.5608421032 0.637777949691 1
-3114.65278354 26.8902866387 0.720264401908 1
3891.27817268 13.3606011917 0.841163634994 1
-3077.62132081 35.723320387 0.84704899335 0
566.901094599 21.98457313 0.427262144831 1
2908.58606625 14.7040326518 0.531140493725 1
-1207.12311625 -23.5575931081 0.911080187169 0
-2850.40230664 -29.2571646814 0.608038099269 1
785.413852413 -30.9063176095 0.547673540899 1
2180.51433191 -19.1074386584 0.484836846927 1
2225.09912109 19.7418887051 0.961873218783 1
4507.22904617 43.7104683481 0.899103464422 0
112.900225323 30.4331934953 0.505534236996 1
-3085.14579243 29.7608105476 0.718464073922 0
5506.70347653 23.3147532555 0.968608731793 0
720.551575024 -28.5044437589 0.738696827673 0
-3905.96870295 15.4358660795 0.977536314343 0
-4744.79939681 20.112288375 1.00800777889 0
-1631.02270945 -8.47880668803 0.293015848924 1
2284.85672453 -20.8867952588 0.524392684756 1
-2747.65946161 14.4139604562 0.514133720514 1
2315.70911167 -29.3035618634 0.899556123784 0
4576.76840802 -20.1051180519 1.01601902667 0
2880.7407373 -28.9929261346 0.939474808892 1
-1835.90639859 29.637720097 0.65708024528 1
932.580434335 16.9890779366 0.412118981723 1
3241.91223224 -43.6668147659 0.950513735767 1
2451.63870552 -30.1111254818 0.924186715525 1
5392.52553188 46.4162569622 0.903543989914 0
-6494.15738642 -30.1671558443 0.96677801288 1
1898.42696362 5.29950333981 0.462179738619 1
3090.01493836 -16.0581884956 0.826184076387 1
-1289.14347697 -22.41130096 0.427359060813 1
-1591.95673445 38.5538565988 0.608220286618 1
-5630.74042915 -24.0875198518 0.987786458893 0
2324.76747889 29.3922968239 0.533537972651 1
-3235.6921723 22.9188325823 0.510255917183 1
1671.03134507 -29.9046021482 0.378797777394 1
-2377.49324578 -30.5811846227 0.902809759269 0
4000.580268 27.0020693262 0.721116286541 0
-6677.20737655 27.2004380057 1.01475020627 0
-4593.67721177 -40.1887347906 0.98230205803 0
2304.55896978 -21.7694154559 0.737356433194 1
-2126.68061209 -35.5295990968 0.943436780234 0
3269.87378067 11.8967668471 0.771887138009 1
7473.71455188 41.2727045846 0.904282994657 0
-6186.50275402 25.1312917684 0.969109064803 1
-2255.28376201 12.4151667974 0.508339697302 1
2480.42979492 -14.7362994131 0.425119381733 1
954.65012386 -14.3338431933 0.606486705839 1
3872.22950576 -17.4776108583 0.685457361871 0
2203.25240051 26.3305851101 0.953084497826 1
2391.40549982 -15.3232323306 0.477485574319 1
-9137.08915363 -16.2327899585 1.05189095373 0
3546.37591836 -16.6441320525 0.794622227157 0
-4905.11262963 -23.6570983125 1.01829783152 0
1605.68519405 -14.9464356291 0.491401386178 1
5759.52509346 37.213458038 1.00596779123 0
-5254.17102571 -18.0282407811 1.00610448931 0
3063.09643341 19.7201690952 0.869406203887 0
-2319.22651508 -11.3109736443 0.477617633081 1
-7886.76114982 -6.65886382693 1.00370850856 0
2850.52124045 14.0087576581 0.597116674641 1
2571.12062908 32.2368592046 0.799512089675 0
5693.11333845 -18.3669489707 1.01184577678 1
-6194.53523719 -28.4262299148 1.02001189674 0
-4534.60703911 -33.423485666 0.95656153494 1
3957.73323664 27.4352286109 0.764575168247 0
-2382.45292792 40.3550891197 1.01602501115 0
2218.32691366 22.749733626 0.680151477264 0
5065.83765965 23.3092844952 0.884816754744 1
-2739.27521876 -14.3302763434 0.56247701123 1
1699.23890064 -23.4412615166 0.656863405574 0
6462.22143807 16.9609794156 0.967837285893 1
4944.57641041 -11.8355309714 0.94659357622 0
3618.49230752 16.7002584279 0.724066060408 1
6558.4527249 15.8541333603 0.880011933104 0
-3633.33463066 32.895465039 0.970548136468 0
7623.4364064 24.4966370298 1.01494471422 0
-5263.24193021 21.8329054686 1.03240933943 0
-3151.79525165 20.5286454254 0.883854760708 1
-7412.58425402 -31.5159438173 0.958358560504 0
6250.66877792 -10.5990558781 0.965924369147 1
2831.13163183 -21.2903868922 0.516640129653 1
4715.94311998 17.5679761142 0.854372578061 0
-1584.22984571 -36.8247531863 0.758975456566 1
-4887.59459985 -14.5412133937 0.901485503386 0
4502.06048669 -36.7779222425 0.853037491662 0
5007.60020405 -11.4950428258 0.910825065932 0
-3203.9256442 -29.0178500828 0.832515748334 0
-6463.6730775 39.874184389 0.980412859823 0
-5069.3359459 -25.5660208571 0.90084095116 1
-6560.89907425 -27.7412178781 0.980491066636 0
-4718.07205769 -57.855889016 0.981514653025 0
2873.10548711 20.4505511352 0.443880731742 1
-2691.55464279 -16.0574566754 0.361342671976 1
-4865.79734156 -23.7012667803 0.990542537593 0
6321.67127769 -27.0206152216 0.887884106842 0
-1944.32608363 24.2305374303 0.855706911217 0
2122.31914816 14.0800863012 0.331688589894 1
7184.51432869 28.1777087373 0.908577544319 0
-3333.49442406 16.7015666732 0.640204365506 1
-2518.15322441 15.1023522049 0.484191788333 1
5342.30809608 -18.754772757 0.973461142641 0
-1691.89188152 -35.419370477 0.737139360615 1
-3376.25304449 19.9926132036 0.881963725453 1
-2123.3647643 31.0198770239 0.80440602475 0
2698.18976404 -18.586438316 0.790902552191 1
4152.33281057 -28.8508905035 0.717683688135 0
1281.24480195 51.5707673834 0.84070783973 0
3718.33561344 -19.8594511957 0.831032277243 1
-2968.87700383 -7.82806160731 0.527072585263 1
5746.29704372 -3.11937019012 0.827948845921 0
8225.17365256 -40.3702120962 1.00915288137 0
3709.85187216 -17.7840882807 0.766186025778 0
-2584.84433077 26.2219764931 0.575929208873 1
3551.84726239 -28.2881430064 0.886545057628 1
-5225.6362633 15.3726663621 1.01616360577 0
2899.33116693 -3.29154371148 0.476695247554 1
2575.32373827 17.6677164149 0.414059724998 1
-4235.04557771 -29.1890996989 0.985228891554 0
-3328.99485576 -16.1528898914 0.407266810074 1
-6507.540276 15.4713470462 1.07197318262 0
-431.570139622 -11.4433419839 0.40919970026 1
1786.01167221 41.2825920322 0.961220395453 0
5615.489056 8.08703862094 0.839343136402 0
5383.08111997 35.3543735991 0.922270206073 1
3687.25477397 -18.7853822198 0.555237187525 1
-3204.50055109 -24.9040440933 0.745501230022 1
-4456.05381356 -11.0943065453 0.88288496033 1
-3222.86152376 -26.3037084327 0.44729443023 1
4809.23012996 -19.1528297079 0.685414207569 0
907.486025617 24.8915162201 0.408660067969 1
3438.32832125 30.417773571 0.965468054622 0
4405.32861338 -14.1232562336 0.87709737048 1
-3702.48495409 25.3806116254 0.810259611746 1
2419.90719488 9.47048538396 0.619761657718 1
1730.80307082 17.914163019 0.350877325261 1
-3429.17956476 -13.9080173772 0.857045233973 0
1903.54026991 2.22045670597 0.340194935697 1
-7362.78361374 11.6893445904 1.08154692309 0
-4127.37479846 21.3174233673 0.897794175393 0
-8659.32888855 28.9881218324 0.983768900903 0
4088.01044371 -11.845028809 0.895034394372 1
4726.80717479 26.1817452547 0.89230038502 0
1760.0971124 26.3344142464 0.468648199412 1
-4358.00547624 25.6474737097 0.979641852532 0
6075.00063068 15.5087132625 0.794939095644 0
-4233.42169338 31.0482373605 0.696393426923 0
-3314.35163169 -15.1291966674 0.968431357033 0
-4156.25594606 -14.4248312316 0.8509119865 1
-1027.94870089 -6.18553361983 0.31247304944 1
-3455.64089379 -13.0920453693 0.635719280176 1
-3531.62508514 -21.7586230241 0.993578217317 0
-604.273498026 -26.9773614934 0.558499676475 1
2310.84803216 7.98939653864 0.422817740983 1
5093.14706671 -30.6629079936 0.897453257806 0
635.644129476 -33.8202535618 0.559700344681 1
2107.48755396 -50.0873026562 0.927845154641 0
3920.81369688 -9.58737771072 0.954234153145 1
-1977.74652977 24.3064943501 0.533148145043 1
7279.5302699 23.6036082618 0.964357084419 0
2628.97670647 -18.1678973622 0.66923333304 1
6300.95521987 21.983572205 1.00680320582 1
3913.68487127 -17.377032371 0.724646179317 1
-1861.46798194 35.315078227 0.789773068984 0
4825.82386789 21.9665554647 0.923622792926 1
-11516.8878389 29.4952714496 1.01004759848 0
3465.48594332 -19.586922135 0.918003524156 0
-5224.25167986 -36.197285551 1.00518129001 0
5954.60139302 28.1731078436 0.891583647987 0
5715.99084911 -30.2881581929 0.916501434103 1
1296.2988404 -21.4008923389 0.416583937585 1
-3502.7056879 -23.4567571392 0.66407885891 1
-4207.16436801 25.3644926412 1.03652302766 0
-3779.44301162 -38.3525355792 0.981428971276 1
7281.18185252 -21.6421136471 0.87884933555 0
6979.90813661 -18.0493706679 0.963583438335 1
3853.3369632 15.9352573883 0.843424340606 1
7499.7952572 -20.4875607137 0.988533476623 1
-1032.38029783 -36.6729048599 0.95056148196 0
-5244.42419501 -15.1065891048 0.998873294667 0
-5801.42999557 -22.1493703949 0.976179587861 0
-2281.89442212 16.1168783872 0.603424139848 1
4486.52013912 22.9040326844 0.767354789218 0
5747.05754843 -36.2955247058 0.852717193243 1
9589.05391711 8.71332072736 0.990254205555 0
-938.231847234 -27.9606045632 0.991373674935 0
-2469.77624028 17.5149254542 0.589198831952 1
-2409.10664019 -21.1715380086 0.681413933558 1
2247.02129095 -26.4467806194 0.921878632476 1
4837.55071895 -31.68665746 0.930230435808 0
-2062.4993803 -12.0093026336 0.567167744571 1
-1267.59880037 -12.1419734714 0.286793642676 1
-6638.43393378 24.6735861103 0.997142635156 0
3280.33215986 -15.2966327383 0.79179753563 0
-4068.18112319 35.0138066492 1.03476696474 0
-5154.94631637 -33.1418167914 0.957984973457 1
-3541.13103651 -42.4677056826 0.545045612108 1
6796.69306886 31.6943192683 0.990134524789 0
1628.09320758 25.3698752402 0.758832237893 1
-3707.47026571 18.3255762733 0.770191027313 1
-3280.84930316 51.0690928392 1.00426440545 1
-4733.41728977 -17.864029005 0.730585142388 0
5325.33634512 13.8691288312 0.949669642839 0
865.861150694 28.7826246917 0.52427783981 1
1162.22578931 35.3910446778 0.687874979083 0
-2173.72364579 -18.5031908056 0.423920963329 1
4099.91180243 -27.6229823474 0.988479961907 1
-2968.5092757 11.8160455871 0.538337749516 1
1751.63696229 -18.928834842 0.750784670497 0
-4346.41315505 13.5126484279 0.933383380195 0
5978.99532021 -35.292561898 0.924908272537 0
3609.31172298 -40.5282176168 0.729907704034 1
-686.145169368 -25.5036023826 0.836351679165 0
853.583272877 37.4994490865 0.61237748785 1
-2914.08475353 45.7806049431 0.9213877718 0
-7640.78210653 -28.5064500642 1.01842340502 0
6778.72040329 -11.1369532033 0.922346095776 0
1333.66823485 -12.9643253924 0.329014323501 1
-3102.37467456 -29.8065684754 0.571699281589 1
4796.51371442 -27.5396324968 0.860259827058 0
-3510.45996156 -9.12130347184 0.877594378584 1
-2815.71721447 19.2903088914 0.537707606775 1
2740.51926386 12.9790669873 0.50604586432 1
2833.69637817 17.2022159668 0.538279075644 1
-5180.20098262 -16.0082128275 0.991202868166 0
3827.11622005 8.21610981473 0.880771689517 0
-4224.15468936 28.0084744784 0.922848157533 0
2447.43199529 -14.6197283321 0.705654372976 1
1969.28524199 24.0476968434 0.491235207154 1
3826.62202958 -24.6935615492 0.903629339756 0
4704.45313058 36.7249024077 0.935659952655 1
2946.19675997 -32.0407154505 0.500121708949 1
6663.91450664 41.704848836 0.950323234164 1
2473.28651954 -31.8021820586 0.561440955176 1
-4730.23292111 21.4297012937 1.01818646091 0
-2811.73139915 -27.3855631107 0.987453787021 0
615.395403715 13.4491459184 0.288386272928 1
1948.89465506 30.4931361805 0.506427454523 1
-4391.23033529 -30.7701000713 0.985437803274 0
4647.64636928 -15.4978583338 0.949573729873 1
-881.309462769 -18.7158323184 0.378111358319 1
6900.95978581 25.9275639943 0.879617730622 0
-2396.33771869 18.829516852 0.523652704113 1
-6413.05762359 28.9918394616 1.06862179265 0
793.534825229 8.35833342607 0.259150831639 1
-580.162852699 -7.31654599264 0.264337562343 1
653.880318114 25.8977840219 0.403417203169 1
1964.40229058 -16.9212688341 0.527189658103 1
3907.16477508 -17.2725519603 0.813742848865 1
2580.17181071 -15.8989981521 0.616298714085 1
-5105.89517525 -18.3452462452 1.01853769312 0
3154.03513979 -34.3852688032 0.869255635909 1
-3569.82802455 13.5691121177 0.889489020579 1
383.743032444 -19.1520806155 0.56380477462 1
-2111.96034346 31.5668814623 0.882409938471 0
-1036.4443227 8.51478136335 0.256222232493 1
4854.78856931 33.09076609 0.996833138008 1
3231.69522157 -15.7926173967 0.877141396625 1
-2356.92399651 -22.966733408 0.850720276187 1
-6577.61245999 26.1502173002 0.992428889656 0
-3840.33277912 28.1400341464 1.00980564118 0
4189.83511566 -20.628188066 0.715693170518 0
-386.511694902 -11.1478492825 0.385423158119 1
738.703272782 26.369860412 0.418936366389 1
-5943.11577955 21.85781491 1.02962546021 1
655.399217645 -35.1323528083 0.940332708774 1
-3670.28874135 5.30594998636 0.539457068125 1
-6571.7998815 39.894827296 1.05969578655 0
-3252.448771 32.5740546462 0.873464039135 1
-2657.43850837 28.5047704974 0.732260816946 1
2011.48757916 20.7869172413 0.369380479924 1
-3825.96844511 43.6926112201 0.995780723982 0
2864.43464012 7.98274060551 0.4349482393 1
3913.85576658 23.3134705378 0.736210911528 0
-7299.94851584 -41.568452289 1.0039571052 0
-3295.36581664 -11.2973191444 0.447835231278 1
4504.3837512 23.2967514776 0.870852634628 1
-346.662581278 -21.1737658595 0.698717990984 1
2366.2605251 -31.1722758435 0.903078710067 0
-1598.42926894 12.0446929197 0.355049094376 1
-8125.20505907 -12.0256344666 1.03143119805 0
-777.880273207 -13.2547512758 0.423061992963 1
-1801.38626634 -27.6484813711 0.819341056229 0
2413.73856098 -30.9527375764 0.927318333331 0
6084.79050416 46.3758282411 0.979887386378 0
-4645.78108772 -27.5767339968 0.999872354932 0
4933.82172246 31.1491658636 0.854555093103 0
5707.60494729 25.899010121 0.906702889402 1
1362.15738212 -39.9691451441 0.91406032091 0
7612.63415824 20.8325895618 0.94249484093 0
4007.96590538 22.727647027 0.768941984564 1
4099.18354803 25.5182925104 0.849244783914 0
1392.76350693 22.6809447003 0.645329152327 0
-1839.96849047 -15.4018183859 0.47334954355 1
-4677.64766064 35.2831834308 1.01592059781 0
-8662.69609489 -30.2969448984 0.978067783142 0
-7053.57038508 49.6218893876 1.0346642427 0
3181.24136786 30.8572210507 0.902497188304 0
837.457241504 10.2711876685 0.238655685399 1
-3699.44351096 21.4291455983 0.600737442436 1
2681.17398573 24.0291317441 0.779754312164 1
6349.28276274 8.09451034679 0.982187289547 0
2358.45092299 35.0881357253 0.530456609104 1
-873.404122921 12.9859833047 0.41276460216 1
-4496.34254629 -33.4200237701 0.93480114926 1
-5432.09139236 -22.0606436579 1.02230337513 0
-3848.7366958 -21.2063180587 0.874585996287 0
-3229.72779123 47.8668902294 0.973282386305 0
-3006.20846115 22.1249727136 0.754961949897 1
-5179.64357536 11.9961757313 0.941520463872 1
1051.53100938 30.5011747826 0.681185545395 0
-1312.48296333 25.4238760793 0.734498669198 0
-6353.58249379 19.5723377739 1.04266224104 0
2773.52878833 13.2778145912 0.67292542026 1
-3450.58775346 -5.45579514337 0.898329035025 0
2395.66829431 -15.4634223488 0.457397879454 1
4476.66746904 -40.7812761132 0.860411302438 1
4795.54255505 -25.5680119594 0.969068425081 0
1516.47786164 -33.6227401937 0.62425101458 1
-7826.81163383 -55.5028005326 0.95627952136 0
-3645.51446698 29.0261145355 0.972046047792 1
4731.43846303 20.366448594 0.872404208579 1
-3294.50051246 -22.6306592296 0.412723690899 1
1362.38182918 44.0918463436 0.767530224191 1
-1129.63321489 -21.5944260213 0.487964752254 1
1678.99772109 36.2656006668 0.556655855249 1
5292.36912171 -22.81337754 0.92598319638 1
1639.87081831 21.6626650681 0.401299559726 1
3379.46905176 19.1996437902 0.792938020456 1
4137.21359918 31.5307150888 0.927553482155 1
-5659.18757812 -27.3466857744 0.97834576052 1
4066.03208015 26.0244002712 0.780124280449 0
-2737.46006024 23.8669718736 0.649611176495 1
-2383.47695379 -16.6054287822 0.619178972126 1
-5564.94335623 -13.5734375692 0.995315584437 0
-2392.18071619 29.2919163267 0.580821130811 1
-10036.5360543 -29.0564363697 1.04062944954 0
7919.52918621 29.4866114786 0.980263954049 1
-3294.61878861 -10.0307861632 0.925382608927 0
-2623.80650799 21.7353409051 0.90480572688 1
2748.25537782 34.341396349 0.925506551243 0
-672.17812665 -45.8472903599 0.914416282253 1
4325.0550624 33.1010582091 0.855588456895 0
-2941.95105582 -31.151022328 0.99348255472 0
4655.00216869 -15.6487606405 0.982231054308 0
-5291.53774516 12.9341472011 0.939950136189 1
-2466.67925457 13.9801709863 0.539882014134 1
-3827.17847427 19.0755503912 0.929910818495 0
-2211.23925896 25.2968931431 0.610461423652 1
354.007551091 13.2613824957 0.280587662936 1
-3937.75012351 32.0145291674 1.02010847751 0
-1965.59462914 -16.6859805209 0.407531975155 1
-1845.90487764 -31.910667901 0.951832433595 1
4436.48690949 -9.77242729101 0.830817792331 1
3663.69084229 25.1952033761 0.659568916339 1
-2816.19778427 17.9145143407 0.87180102989 1
5186.87092456 43.5088589376 0.915389792492 0
2420.50744486 15.9894837407 0.446401351139 1
-956.154548857 7.27282176352 0.327211307728 1
4982.26184749 -10.4535549784 0.946734926584 0
8163.85113836 -19.7227413533 0.941539763547 0
3131.14225097 -38.0666466153 0.752764399268 1
5092.39051502 -30.2538275052 0.844882534759 0
5565.29434907 -24.7389401455 0.949389468806 0
7689.89874233 -14.0303036057 0.927825544926 0
2838.31447257 8.20544108363 0.44737574419 1
3712.96303148 26.6171108627 0.525502780653 1
-672.108129997 -44.5189817142 0.624723049602 1
-2305.85226056 -28.248041844 0.69614151288 1
-3961.8032199 -21.8180356485 0.865140686497 1
3104.8262362 27.6647875126 0.740140940378 1
3684.34289535 22.4694186388 0.901602970065 1
2396.33025622 -20.8452891287 0.526815576324 1
-3047.72965032 27.6273968165 0.895251110098 1
-6738.96655545 -48.2036830947 1.11326977561 0
5025.51613357 19.0046335919 0.916139974732 1
5270.35719483 -19.6435005994 0.943075620187 1
-1578.08661868 -6.91320268994 0.460470711515 1
-3754.70181142 -19.5862203624 1.00211374402 0
-4091.63182319 -34.5850716397 0.992910020705 0
3849.34036726 -21.2344283118 0.91911997938 1
-1742.65427261 -33.4544947047 0.830872206144 1
2860.23757176 29.2561445776 0.951920318287 0
-980.928760642 18.8293327734 0.671381536448 1
-2310.81989229 5.91707217266 0.433583523836 1
-1838.37946137 22.7674396766 0.399098253207 1
-4429.14023438 -33.0138279489 0.966898937519 0
7658.36318821 -30.0114235335 0.93816277199 0
-4789.91006601 -18.1342372345 1.00223490064 0
-4868.10006966 26.7047052125 0.887529935038 0
7438.19720844 11.6276764628 0.960080444152 1
-5565.28563784 -13.3219761339 0.998963672914 0
-3056.55603738 -14.0847900799 0.597261353991 1
-3471.2589635 -18.7417811685 0.53471117222 1
-523.077064482 21.49315663 0.502448360612 1
2209.78993754 6.83256763859 0.463948228281 1
5143.0906507 17.9303217432 0.952502545402 0
-1740.78741351 39.7654532186 0.641053289406 1
4576.35489967 27.8695059716 0.792158494313 1
-2264.78846806 -38.8816607105 1.00235758211 0
2298.01933457 -36.9261672731 0.769816442274 1
-3308.41701795 25.5728567517 0.991793594625 0
-1028.38976531 -14.6844170167 0.420193943479 1
-5765.44525704 -9.33686779606 0.849109137753 0
3928.09018648 -11.1135390101 0.748029553871 1
-2226.19213135 -28.4733926287 0.780905978606 1
-4758.6300413 -32.4574967539 0.994731519757 1
-2435.12774349 19.0159331519 0.424642834116 1
-7560.45142168 8.36161247249 1.14867597601 0
-4839.47479887 -13.1303678709 0.995568764022 0
-1541.28679283 -29.8746075407 0.890769211207 0
-5271.1265169 -19.2441107403 0.994479674007 0
-4657.52908314 13.8529114435 0.972006288985 0
-2738.57717812 -22.3195658951 0.493590290393 1
-2639.46747436 -14.6420864488 0.371120156315 1
4875.0282517 -17.7264252962 0.819828108972 0
3378.58211638 32.0003851409 0.90750651036 0
-3473.26151227 32.4734833007 0.955417801091 0
-5446.34576397 -4.35321842072 1.00979672822 0
-2951.76464888 37.7168482774 0.933360550559 0
-2771.89191151 -18.7993692202 0.605154901697 1
5909.11517686 -35.2479396013 0.924786530127 0
4022.61059855 32.4960615667 0.952551797746 0
6506.16303311 -27.975746575 0.906230277356 0
8637.87214411 -31.7806551822 0.915064191921 0
-1815.70540638 14.8008703392 0.526557273337 1
-5753.16542235 10.6874248983 1.01734609832 0
-1677.29258785 -40.7622697295 0.725870638477 0
4469.8517925 -12.9289285099 0.771364545116 1
3561.83130042 -20.8151090437 0.879830615561 1
-3497.60244984 26.0015947817 0.925639042125 1
-3043.49627928 23.1820464142 0.936495627012 1
-4100.23976049 -19.4086754874 0.987944720932 0
-1459.01966537 16.0609838587 0.617979229283 1
-2784.42270335 -13.6219733553 0.599485728442 1
2907.09546494 28.8403235943 0.622868489595 1
-2547.33087465 -40.0248067202 0.649909798435 1
-4063.3686492 -4.00193434145 1.00875569705 0
-1692.96621108 25.0450143259 0.449304182916 1
-1212.52231061 7.39083408015 0.419216332172 1
-2434.48944044 15.1488808404 0.557129776201 1
2099.70465209 -13.7370234409 0.360988849804 1
-867.449668147 -43.1299671408 0.581503516251 1
-8285.01180221 -9.96810304243 1.06496366252 0
-1693.5720151 -38.6825334506 0.96570104064 1
2356.04584809 20.6660970159 0.520452123614 1
-3373.59346404 -30.1936183844 0.619645433725 1
2288.98031518 -36.0295188617 0.899965970563 1
7977.02930281 -37.6378559337 1.00948457832 1
-2104.56413491 -19.654476564 0.508115333549 1
-7823.08235835 -23.6139431745 0.982726299045 0
2150.63072888 36.0747673005 0.727100817385 1
2470.95353001 -24.5541183667 0.853364085456 1
-3905.45006724 22.3879710762 0.974619583811 0
-8052.24235976 39.8792198011 0.969712165657 0
4257.078709 -22.4142445188 0.924630244025 0
8301.09264769 33.2573207396 0.93357091823 0
-824.848234795 -12.2545880144 0.280888019378 1
-3121.56383088 31.045813837 1.03860652403 0
-6871.70892964 -21.6157912242 0.94810295469 1
1658.33071515 32.5315659653 0.694060097644 0
-628.054966919 -29.221371115 0.422812554464 1
-4517.80242544 13.9102040143 0.987285254069 0
-4393.37004086 25.3317188805 1.00175673669 0
-2262.86067774 18.3675915416 0.696515028969 1
-2119.4426193 -14.712654459 0.366021977848 1
3502.08486243 7.34994890681 0.828336816742 0
3907.63078974 -11.0022609018 0.747318600473 0
-2349.78557 20.4890693763 0.58947119458 1
2237.82159599 -32.0164691122 0.641936566901 0
-6479.37380759 -29.0005434206 1.03221652157 0
1666.32452093 -5.21677763446 0.331691214194 1
6927.58285666 22.9368462681 0.927843152866 0
9406.3123521 4.82760018919 0.947923629405 0
8268.97086954 24.0241661051 0.988328994503 0
-3483.94071487 50.3301732239 1.00465688536 0
7018.8152115 -25.1751493702 0.924956313809 0
4246.46432431 21.0015907766 0.750777124665 0
855.746078763 -15.923979773 0.483831247589 1
-5853.0280946 -17.7351323436 0.980445726645 0
2673.83418155 -20.7335558744 0.49522884229 1
-4799.62878983 9.47407102375 1.04334930834 0
-3763.1974457 23.3246293032 0.914624921034 1
2538.62807959 22.185985734 0.448495739102 1
4448.9206567 -23.2281311522 0.958920545572 1
2484.41030495 33.3879371222 0.87499862934 0
-4372.07567279 -38.4398025855 0.927841817268 0
-1880.6968614 30.9163436333 0.754470961241 0
3249.75174044 -32.4216594846 0.968616604361 1
2533.36524344 14.9775647183 0.500268019565 1
6474.56213309 -9.46251669898 0.97284777945 0
6435.44679982 -26.1070724239 0.969978523837 1
3100.09398526 -9.72177022176 0.568315039472 1
3154.13971009 -29.3744350093 0.577052825054 1
-6459.23560988 8.92662033511 1.08380186355 0
-5365.18930458 -36.2244879938 0.990309157542 0
2293.45871517 -31.7728215037 0.609491488679 1
4251.64247496 25.3389112479 0.87634464508 0
-1826.51154902 26.3467549233 0.480546690643 1
-8301.24684979 -38.7947675697 0.985771686548 0
2804.74155149 29.6814195263 0.917040443662 0
-7936.52830785 29.8093578849 1.0283162095 1
-3774.06169812 -22.2550984863 0.764423964414 0
-3071.26180054 -38.5335890168 0.820474290785 0
-808.002112115 -17.9418431714 0.335527792039 1
3846.46102048 14.8331194626 0.856424750829 0
1244.21561791 20.3734898874 0.490752314581 1
708.590625269 50.7494693827 0.80673599898 1
3542.59420572 16.9557572692 0.762151674147 1
-6215.30418956 9.13741220268 0.862357053283 0
1394.83600327 29.5967565183 0.526999567993 1
5533.44872566 -11.6292584958 0.897918370858 0
5063.79273169 -14.6569789214 0.922281884622 1
-3012.32322711 26.14564874 0.706349728955 1
2323.09071493 21.4683754125 0.481201133234 1
-3810.81554368 45.1182702434 1.00941339472 0
5511.24521644 -22.7017269589 0.954783969112 1
-4615.9328227 35.3696668394 0.937655674301 0
5727.67235657 -11.7150908922 0.917183093251 0
-601.153282813 22.0828735697 0.470939178169 1
-6611.15949841 40.9043966422 1.00761626201 0
-5175.68847151 38.9413735907 0.994926830031 0
4161.65998844 24.6877421796 0.790508298397 0
-4987.30106103 -29.8571208587 0.983112774216 0
-2623.66641077 20.1789645093 0.548762292145 1
4493.95474472 13.1456852088 0.940439731651 1
-5919.462812 -33.5275970986 0.955970410932 1
-7220.63410499 -26.2929392425 1.0074281667 0
-4426.16721003 4.401836288 1.015174082 0
4957.4942231 20.9902552344 0.863232802593 0
3247.70590467 3.61614010971 0.769343536766 0
-1488.96128536 -5.39995697637 0.257523691604 1
3972.67876563 36.7491031899 0.965820332812 0
8646.36421057 -9.07753870376 0.931559996165 0
4231.6532243 24.8282430291 0.739070704638 1
4705.59902268 -14.5146692707 0.758159441758 0
1753.05446474 9.41325709367 0.289025557924 1
2296.54353245 -41.9435468312 0.423148750924 1
-2606.20138303 13.0332099536 0.462513606304 1
-3413.11370988 -27.6855077499 0.993124201712 0
-2765.308682 -29.1531843284 0.861521993346 1
-3280.52730493 32.4969624571 1.00333880841 0
4611.01073717 -23.5531492584 0.948587926009 0
-2675.35455929 -26.4873002467 0.408065648527 1
-2976.78372744 35.5755464627 0.876370960677 1
447.355991926 -42.9392546464 0.922599361742 0
2127.99462549 29.7176424011 0.801943331988 1
-5420.64029685 -22.8271440552 1.00782403597 1
-562.298850381 12.8072161838 0.31824921661 1
-4161.51128772 -22.5226511481 1.01088537472 0
-5097.08995549 -31.1101967673 0.997849804037 0
1439.3464128 -14.9478894861 0.351839452467 1
-2903.80608523 -19.8251453643 0.989713804544 0
-5896.04481796 -18.1249602872 0.980672083654 0
-1431.28832981 25.6645499488 0.547094091715 1
797.121013242 17.9629674254 0.428981225696 1
-5021.33174861 19.8435276405 1.02380851883 0
3398.08265436 -34.2635108266 0.993412192113 0
-1724.62088201 -21.8940558115 0.61008427707 1
4837.96203009 -11.5946327733 0.890394102343 0
4759.4926195 -22.9401339839 0.983401041013 1
3189.99297499 7.82886534795 0.594989353913 1
-2224.31309093 40.3708554516 0.809766353887 1
4306.42725586 19.6311525261 0.926575839286 1
2918.68612352 36.5083829856 0.918396633055 0
3284.74276791 -34.7465986365 0.700898893925 1
5692.41990294 32.7485515567 0.858887124223 0
5635.52582653 -23.0558056365 0.945746238419 1
-3046.41931524 25.6543608246 0.587841946016 1
-3226.76630947 -53.5806414033 0.681553340206 1
2525.62807599 -17.1968917118 0.762474075468 1
-3832.81480918 7.75945232827 0.916532637845 1
-7063.59738887 -20.2756212447 0.997653072048 0
7039.19175484 36.3014443491 0.923571330602 0
-2986.79911406 20.0471571371 0.66886013748 1
10516.154993 -32.9510861544 1.00331499044 0
6886.9744717 -21.395540784 0.973977551681 1
6431.35203365 25.958417656 0.970785918444 0
-3853.77651727 -15.3184440343 0.991503885927 0
5905.32601875 -15.1719514718 0.934545973129 0
4518.44102429 -46.25333675 0.902028206172 0
-5999.51259017 8.87421224499 0.956819998465 0
739.324919214 20.5438406223 0.395850979386 1
-3587.09462016 10.2386893564 0.965164295344 0
5688.39424751 38.3001634032 1.00623272345 0
-3886.20654755 -13.3302348823 0.465199678846 1
-1200.96038228 33.5744877196 0.727900277084 1
5706.95276897 15.6413540933 0.988196595844 1
5166.48534842 -23.1367902292 0.920375331446 0
-4480.64843843 46.8736202965 1.01863784273 0
3205.40184947 18.9069887319 0.762744828665 1
-4008.67543232 -23.9111776254 0.988208529582 0
-1053.46304649 -33.9139946838 0.657030452493 1
-953.275025373 29.8909326573 0.670675575908 1
-3634.69145241 11.7688699198 0.944343067197 0
2587.173953 22.8387084939 0.581049505384 1
2439.53615978 -39.1527527328 0.591453280855 1
-4234.29641548 -15.7855068574 0.997068854688 0
-3073.79085531 21.3365323746 0.554700128067 1
-4663.04318004 9.34475272263 0.986821170832 0
-5243.70486051 21.4574377813 1.05738579094 0
-3339.61366978 -15.0540638062 0.514321346984 1
5915.88042953 -15.3753637911 0.986591074298 1
-3311.19143253 -39.0568590405 0.984200597834 0
8191.11568856 -33.8642024515 0.889573506733 0
-4684.5225727 -52.2055154181 0.962496487445 1
3482.60306241 -21.012751905 0.905243862985 0
3153.50027889 -5.89522777735 0.844299810472 0
5645.13707024 -33.2074639811 0.940128986686 0
7320.29207356 -16.0719161366 0.896679235491 0
-4560.25601995 -21.0470482098 0.988581008074 0
7031.57860887 10.5238760438 0.994906249235 0
6525.35189464 -17.4549142895 0.954945797809 0
1110.24534619 -17.6666139346 0.341743471365 1
-5807.70351935 -21.7143180016 0.974630953102 0
5575.49030855 41.4356962505 0.961819034605 0
1924.80265487 -34.6705049047 0.457530171492 1
3462.64929793 -23.2093356176 0.967048510615 1
4369.59985725 23.9998982349 0.896109757084 1
2389.59342404 16.9594050969 0.465668044656 1
-4757.74418724 14.9290804185 1.01448815454 0
7416.79184187 17.114266774 0.978486637796 1
-5562.35600238 31.6823471972 0.97786613515 0
5945.60206723 -25.6086347521 0.925675667749 1
-717.02439929 -17.0135560604 0.461801123695 1
4718.87435071 25.2788791146 0.786186155489 0
-1419.25244711 -39.0866040957 0.845549060028 1
-4952.42738261 24.0615419576 0.8548015566 0
3154.20450295 -11.74314514 0.755468497276 1
869.306425914 -34.2927070272 0.530410584341 1
-3923.2942999 40.6612322454 0.894748946865 0
1990.36098736 -31.6547741337 0.677463615223 0
-5429.81791344 37.9410805383 1.00187456729 0
-4662.72483325 -10.9364473493 0.988094642654 0
-6074.74509241 13.0029475309 1.02947555716 1
2032.81191576 -26.608990534 0.455681761899 1
605.365203702 -21.8815581528 0.358978258815 1
6162.81515895 34.6299336812 0.868425744117 0
4836.25019075 26.7629522011 0.866203405964 0
-3876.82142475 -26.9907403843 1.01800097618 1
-2608.33262867 -20.7019892983 0.778118604717 1
10304.6898883 17.5650191916 0.981026905414 0
6945.90542482 3.41996214435 0.961730580544 1
3887.05465521 -34.0082621583 0.985748641096 0
-587.861358791 -30.7456020085 0.415219314558 1
3336.37822703 23.3082311111 0.536260881768 1
-2908.76119155 44.8075715934 0.861083155768 1
-2614.1247638 -19.8839082037 0.406706086908 1
-3056.14793678 -49.6699130492 0.987548740717 1
575.254098725 40.9975401092 0.603421190099 1
-7064.34723796 -9.82595726272 0.966611600969 0
-2969.85926494 22.2445837539 0.772553931716 1
-1640.35811996 19.3626393838 0.706451300544 1
5901.14249927 19.6240573457 0.882478865579 0
4661.48076625 -16.8806449419 0.80675579459 1
-3101.63129265 13.9393702369 0.634423164886 1
-1775.18207876 -10.6856857182 0.442647840718 1
-2616.05753775 14.7801203256 0.628736301685 0
3499.8708479 35.2210335585 0.893512104936 0
2407.44015604 -24.7931322162 0.621004586525 1
-1014.57353173 18.2660841174 0.501584469397 1
1195.98110026 29.6964267352 0.539812725604 1
-2777.86262301 -17.7994407252 0.646637682702 1
-1820.09666412 -26.9788223095 0.81934445454 0
-3380.30635479 27.6895803181 0.946215567859 0
3310.67878951 -10.4940602149 0.811326190024 1
2914.9590599 -26.9471208942 0.910429981528 1
-4199.90137682 -10.5527735001 0.913594929359 1
-4387.95556042 14.501991 0.991944773092 1
2418.21493404 -12.4696357901 0.735138795957 1
-3850.88893413 20.7813625456 0.967433945984 1
-4904.62283854 12.4261518258 0.98427144535 0
7022.05900664 -32.4463653254 0.994779415374 1
3803.43141228 -22.8471500529 0.810055347616 0
1761.07124525 -17.2073376597 0.585791530596 1
-2700.44192327 -40.0146979228 0.930638141207 1
5354.02143304 -6.14773142006 0.939437224465 1
-694.89607581 9.25242679649 0.495448770697 1
-4593.20806039 38.099128702 0.990483839451 0
1834.61940618 -2.25534959196 0.415474896166 1
2538.33548566 29.4015276525 0.744238723428 0
-4055.81178195 -19.6524736287 1.00111266865 0
-5545.99847404 20.0015276805 0.984532612855 0
-3180.55239123 -24.0881645964 0.678177899313 1
1010.14526271 18.8478413235 0.641479469635 1
7157.65853739 39.7318121557 0.947514716678 1
3296.0371223 30.6411569844 0.763754304501 0
-4920.25135627 13.3955644657 1.03556317255 0
-1360.96275976 -18.2433298033 0.580655780234 1
1341.33305233 -30.5461173451 0.5168256957 1
-3043.34876257 -18.8731170771 0.444486654317 1
5384.15506694 18.6212591334 0.879137133451 0
2158.0175471 15.457398132 0.376419810066 1
4122.33178809 -22.4587927456 0.882236877488 0
-3068.59988548 24.9135947828 0.663205121996 1
-2310.21967542 15.6750533906 0.685984471689 1
-6772.85276967 33.9162583246 1.06337313826 0
-2929.34623056 28.1319463058 0.773215695445 1
3348.65128427 24.8044462279 0.783610063105 1
3025.21780825 40.0096617718 1.03692811637 0
2737.35612492 21.3053339954 0.398639171184 1
1881.96067407 -16.1597924657 0.396942471757 1
7123.45852297 -18.4319059909 0.977427694165 0
4055.96883925 36.4934256331 0.782648544906 0
-2811.40664252 27.4547634763 0.735935204786 0
1566.20542572 -18.3064182087 0.397189319284 1
1889.66757579 26.0853672594 0.460390190795 1
8236.03777743 18.1039106783 0.911125506934 0
-3079.73168419 -32.7415410344 0.810528128179 1
2393.96614818 -38.3651560661 0.971088181615 0
3344.03504109 30.4108706523 0.890889728016 1
6112.49970444 -25.817887635 0.999993092591 0
6260.53275353 16.5968211887 0.988290388791 1
-1992.26505042 34.9938012565 0.874829384896 0
4355.85660422 -7.50741113974 0.950846506589 1
-3142.01394563 21.0552114145 0.634910084274 1
6532.77945432 16.9398023806 0.873092621596 0
-4522.62097538 24.983191754 0.998977536348 0
-4389.55740834 -7.24502255593 1.01069224079 0
7248.62117955 7.65496834103 0.914813066303 0
4358.94041235 -35.2080154877 0.910984108924 0
6436.74830075 -11.9857084901 0.965207942558 0
-1088.87604971 17.434012657 0.49987622103 1
5263.51236973 11.18258816 0.756313521214 0
-4730.83787375 -18.3848173845 0.988249948468 0
-1312.17665971 -23.3259659145 0.679799931868 1
3101.88243897 21.2154292783 0.727796981622 0
-1177.6512454 -8.59912782626 0.282492523944 1
7772.49050443 24.6380780234 0.977735126086 0
-5009.67299287 -11.3909148238 0.996222318093 0
-451.374963089 23.0130159924 0.409537488404 1
4816.8772678 -32.4621695998 0.811842966825 1
-7040.28242421 6.14219703998 0.981391952553 0
2378.77615424 -30.8439299417 0.742277286298 1
3951.83136254 -23.4493959621 0.887978200086 0
5751.39692147 -15.4700193351 0.822054875592 1
-3963.20144036 -26.775455105 0.996880460451 0
1958.25295779 -22.4658381901 0.949288627685 0
-1852.59476172 30.0414112054 0.808390951145 0
-9329.18238584 -26.3028010829 1.08424313998 0
6013.89315516 -18.7960516645 0.894073036342 1
2457.57215393 36.0632025376 0.772042507553 1
2471.003908 -36.2571527337 0.912395411139 0
4175.85672695 19.2407733662 0.705375542303 1
3627.16331387 33.4273668385 0.825830104753 1
4880.42632144 -34.0627718964 0.889561994824 1
-5065.97897594 -31.6606775253 0.98892150489 0
4588.64830928 7.2973889609 0.872873173844 0
-3080.96399112 -15.9161515136 0.964675651172 1
-5843.45365291 26.9994028912 0.993916360863 1
3183.53081933 41.8625001514 0.922358914183 0
-9349.3287739 15.851315112 1.08941321711 0
1681.07306032 27.6590866949 0.492072795649 1
-5235.51582425 -23.049292404 0.974197780809 0
3210.42334541 -17.0089725656 0.820900588484 0
1814.37217789 -20.6667058212 0.618505350672 0
6598.4963454 12.1290023533 0.968387685342 0
-2077.77936512 -24.7532333225 0.48526835432 1
5633.79428218 33.932608509 0.848421600493 0
-1047.11764234 15.0913812446 0.484865223287 1
3870.26403689 35.321055048 0.73376814083 0
2439.09257019 -10.7500102348 0.661549183433 1
2824.78039527 19.1196698682 0.429419997512 1
3327.24075599 56.1797712657 0.868467194088 1
-586.430247209 36.1068933108 0.690185370061 1
-4277.90410315 17.9293651895 1.0310871711 0
-5918.25173168 -7.67930277515 1.02978355053 0
-4813.29301318 -17.154517108 1.01941242889 0
-1227.69925485 -23.732211749 0.561908656287 1
2713.09470022 39.5468291664 0.765538295991 0
-2348.04321691 -9.43125481461 0.407753989892 1
2603.46890847 -20.9192059502 0.710606418084 0
1217.81433395 -26.4422569105 0.989534420489 0
-3348.94199339 -14.2269596781 0.545492057422 1
-3587.53947687 -18.0880457981 0.994257179622 0
-1672.65968018 -50.4101489707 0.815452074944 1
1495.1344617 -13.7092431216 0.69627956216 0
-3399.31611225 16.4326821534 0.818336867256 1
-2978.49223352 -12.6160653972 0.403775296066 1
-5816.05318102 -21.0722845296 0.988228205875 0
5764.88042849 30.7660093378 0.921504674072 1
3918.48619147 -17.4155326238 0.841908780469 0
-3456.64875784 15.9614349996 0.953474327002 0
4978.40090707 -23.281498333 0.790767754837 0
-2137.05835341 32.2301151494 0.970054268846 0
1428.83917851 7.26106029602 0.297705937668 1
-4729.13486867 39.0486336154 1.00176690132 1
-4084.39883334 36.1831113109 0.960051522463 0
-2118.32838464 -22.3148066454 0.503385361081 1
2620.80147036 -28.2651112501 0.94412460762 0
3332.2018108 7.40712560675 0.812973989907 0
-3350.26525234 22.4018612296 0.965249102273 0
-6416.59036632 -17.7568205104 0.985292058178 0
1671.21071669 14.5379663754 0.493455194476 1
-4125.20076211 15.3105551548 0.826839199928 1
2494.59074596 -39.867151786 0.926376262968 0
1952.12734223 -35.3939917236 0.920245540023 0
3070.73508098 -20.9433769286 0.647423684253 0
-6865.20315036 33.9734269489 0.981443096109 1
1965.51635513 -16.3488459938 0.414965473591 1
-4788.2279988 19.2046125345 1.01042311398 0
3545.97977772 17.2003251001 0.850268650362 1
-2161.70816728 -31.9972148123 0.375415313061 1
-4070.4394698 18.6867386379 0.960326235222 0
3940.0946574 19.7373645506 0.72226821354 0
-4125.78500427 4.2855417521 0.933390524888 0
2351.66492492 -23.8873018199 0.561741287759 1
5284.63543151 27.4078625027 0.833944257317 0
1575.97178896 -30.8328775584 0.669753060531 1
-3450.61288927 33.9866016394 0.788705420046 0
3013.57805475 -38.3902607397 0.955693635901 0
-5180.72835164 -37.1212936284 0.932543317062 1
-4553.38689766 -22.9587788474 1.01389205009 0
6360.69694561 -6.38513982771 0.909517743217 0
3664.28410096 11.4310054053 0.822765160507 0
5178.12645729 -44.6002684896 0.955053132234 0
10658.734544 20.0063255673 0.925513754972 0
1692.77744342 -17.2060297532 0.641361446617 0
1593.23410639 -23.7577057633 0.456594100332 1
-2362.75341407 -29.40575226 0.992479957916 0
-1605.74234014 32.5264639644 0.999310655025 0
-2936.07545235 -10.1291959897 0.505586917597 1
5387.56168502 13.1521050176 0.869550024089 0
4144.47537347 -9.65187509326 0.938689928087 1
-4941.47140651 -26.5473811015 0.944854166721 1
4128.02762548 18.3960615023 0.903456330869 1
4600.50005396 -11.9126160718 0.97142836814 1
-2108.96052739 16.4032252572 0.546577455636 1
-6341.48484501 -11.417194743 1.02903663994 0
1876.48666529 22.007289375 0.421159912592 1
3525.79941578 -11.5957948615 0.600537666139 1
3114.51739393 31.6786149492 0.786885057134 0
-4412.07569962 27.9373031334 0.931237779853 0
-4473.87120698 4.93786646259 0.958081059527 1
2455.3017115 -44.7183350604 0.951731338851 0
2286.22646732 54.2860457463 0.813452276028 1
-2719.22146636 10.6376824108 0.659239559135 1
-2158.24980703 -19.1124371415 0.884640101178 1
3478.80530152 -23.3667660404 0.870131267721 0
7043.41192169 32.2125432915 0.911293923637 0
1156.42559091 -30.1310207749 0.707414652786 0
-1618.88136958 10.7505479423 0.444731078992 1
-7932.31157194 22.2392968915 0.976822943555 0
4968.81430796 42.7697254135 0.860702123536 1
-1057.13613329 22.5377601605 0.618594892611 1
-6979.99195218 11.968670394 1.00763002792 0
-4917.27332233 -27.8139757285 0.974169643268 0
5591.7280087 38.0425454685 0.989657576121 0
4237.51088376 -33.9663728896 0.91692335127 1
2959.72887543 -20.0241424259 0.66627323729 0
-3340.64998979 -13.8548666394 0.862400917794 1
7152.75089878 38.6971169563 0.976178353462 0
-3971.49636889 -19.5719823071 0.992803363837 0
-5150.36913177 -16.6955557866 0.991365058273 1
3437.14818439 17.0241017181 0.774181961439 1
3923.16222847 26.4446861879 0.78083817568 1
-4336.35412193 -15.4458365536 0.994815818397 0
-701.212370731 -27.7160904699 0.366852182565 1
2271.34926495 21.2847867879 0.596096220228 1
-5496.2578338 16.18957517 1.00098471884 0
3736.30587291 -27.3879246259 0.900325760245 0
-5406.09377953 27.1418280692 0.996838905435 0
2259.43651789 45.8613129891 0.952734273647 0
-5284.58112969 -13.1446413394 0.980615780492 0
5072.66748153 30.1103399139 0.793494481575 0
-5189.54491934 -20.6379834121 0.915864028568 1
6730.18449128 11.2321475909 0.964813385958 1
1513.22739512 20.5380385361 0.364591787218 1
2044.40925157 38.9438483248 0.94616999056 0
-4409.63728923 -18.8175154075 0.725266559669 0
-4930.20743838 15.0439490212 0.945923219032 1
7201.32469911 31.9119178004 0.918129129822 0
4316.67257656 -22.304719989 0.855297078888 1
-6563.77899659 -31.9198429468 1.04730111678 0
8396.89385947 23.0510440635 0.882192979621 0
-2754.03735773 27.7096153812 0.807478127047 0
1604.93483264 -32.3124600983 0.938343171956 0
2383.10914902 24.8325681461 0.616991554697 1
-4096.40076856 37.2136591319 0.767658330933 0
-3269.08519509 35.9596556769 0.632580364294 1
4218.82877613 -19.4380553084 0.790824363248 1
7119.54521651 37.5469320024 1.00217851692 0
5354.04001741 17.5923460515 0.7891124924 0
5215.96554869 21.398689369 0.899589134006 1
2568.8069603 -17.4662456658 0.656271992723 1
-2593.99242021 19.483261231 0.553569531487 1
3767.03696462 27.4155133323 0.775072358155 0
-2563.70467046 -32.2641700031 0.699020146117 1
2170.20599533 -19.4378482173 0.896418309074 0
3068.30431327 28.0200776129 0.553802325737 1
-8325.7315614 45.0831117168 0.976947853848 0
-2491.37139209 -24.0185429222 0.434030357333 1
-3169.75527546 -26.6419110864 0.910519208974 1
-2251.78809042 13.5719396426 0.472997615847 1
-4506.48050267 -17.4737828789 0.999053342676 0
-2078.9702149 -17.9736412789 0.490677839843 1
-832.043034488 25.7555977739 0.456215980834 1
-4597.03856442 -24.0977562491 0.83603461095 1
-6072.75121028 -30.4183281386 0.942627847905 0
2438.73460439 21.7700174007 0.417664893047 1
-1073.12390585 35.3723989424 0.833854234985 0
2725.44656352 13.7124170243 0.792012982322 0
980.504816968 -47.0734503244 0.915695931853 0
317.046388691 18.9514027405 0.278616251787 1
3812.05757177 -17.5548338481 0.688659015555 0
-3518.00871257 27.4056425845 0.875823863504 1
-7751.61241991 24.1477580062 1.00681518807 0
-2241.82489728 23.2641614031 0.601621158933 1
5681.74600537 32.0291641108 0.817396750822 1
-4841.91327576 21.6371928601 0.924661997669 0
-4728.60269486 -15.2315085392 0.998406634163 0
-5512.38439501 30.3154391597 1.02468543885 0
-2593.1879828 11.9501859783 0.580947857382 1
-6273.75794927 20.1241336135 1.0574227603 0
4795.10424919 -17.7683455474 0.881773038839 0
-1339.82432313 -13.7088492971 0.562359062649 1
-5518.24397876 -24.8338400512 1.01310250452 0
3694.19129004 15.1958028158 0.731490271405 1
699.116014549 -36.2410996588 0.944947205689 0
-4396.52070256 -27.0534278663 0.979657537667 0
3812.48720205 -7.80487846688 0.69304236621 1
-2477.62160408 28.4194572068 0.781473616354 1
-3958.67886998 17.6078420614 0.961748713267 1
1430.74903026 -25.081035977 0.452877220829 1
2335.41503491 -27.9041259527 0.94230295364 0
10153.6722397 18.3541898099 0.921422766215 0
2317.38536831 14.8059296492 0.394723793009 1
-3584.83567691 -15.1240702726 0.830083218591 1
-687.143827821 -27.1901076053 0.509991118518 1
-1027.33343965 27.64893953 0.809328345755 0
-3367.80092322 23.5120036479 0.838728298395 0
-3336.03282079 39.5831320725 1.00519974221 0
-3661.3810881 29.9828749007 0.919167508436 1
5564.23240297 9.3226674879 0.894625817907 0
-3692.78339064 18.8417753387 0.572065598883 1
-4682.64906139 -26.5342048499 0.864432555012 0
-922.522690446 -23.0651798253 0.56189979702 1
4449.71004503 -20.4241755344 0.811060800857 1
-3193.49682571 -12.6414314274 0.428884534859 1
5172.33868547 9.40593479401 0.950754738499 0
-5298.50896425 -10.7766543484 0.89980492848 1
-4395.02730054 11.4681303987 1.00054104595 1
-4257.14576288 26.7854936735 0.87402993057 0
-1925.32555935 -9.62934238312 0.622250444646 1
5283.14089069 19.7753218905 0.938202298667 1
1932.60694836 -15.8199426158 0.429926531525 1
6497.48183278 -34.1883282382 0.947995695724 0
2207.4668281 28.8872511565 0.435224465188 1
5405.57865826 32.2210661776 0.916196512778 1
-1275.09963079 -13.530921989 0.34468604822 1
-1317.13489396 41.6653860825 0.890065868511 0
5160.92641223 28.2187696832 0.907824874534 0
7022.72433631 18.1066628778 0.937666252573 0
7106.92837514 37.0983703799 0.978937783124 0
4900.48765836 -19.3052077621 0.847615607787 1
-4106.56140821 26.5425043486 0.807587235599 0
1573.58257079 -42.628517586 0.865917856497 1
-5771.12896024 -11.7920047175 1.00109493447 0
-5769.47716161 -23.0618111214 0.991538268026 0
-3647.79208475 17.3564410011 0.630988713513 1
5533.62823082 -25.9289667696 0.889078092713 0
-2856.53449848 -6.38690696953 0.561967696722 1
-2495.24709761 -17.717291352 0.933410817009 1
4341.850109 6.47784222701 0.802597533857 0
7118.08506528 17.1608805654 0.926896957637 0
-2373.62418179 -35.5827087874 0.440166018985 1
-3859.87731394 -28.9620643331 0.997911997225 0
5578.37190896 28.8285399012 0.925771158285 1
3952.72770737 19.7773716284 0.96744974323 0
-4049.86629409 -27.7945438004 0.966168771971 1
3477.55496693 -11.7146707776 0.95659250378 1
-4499.05142105 -14.0317280688 1.00995591541 0
-785.954733097 35.7257746621 0.732053512965 0
1066.45166996 -41.7586375674 0.483107775892 1
3810.4488134 -12.5138438539 0.952214821434 1
3448.65969076 -24.0472087035 0.720333223886 1
4651.24354495 41.6576949516 0.786067488614 0
1958.14661551 -16.9493231555 0.528003808175 1
-3505.44574918 13.3404464891 0.450514704418 1
-5011.59379115 -40.4816618453 0.985158079117 0
-4253.43452934 4.24427631246 0.903623027141 1
9416.99402861 34.6525916305 0.991536577758 1
3535.55521078 24.6753939666 0.802321995812 1
2069.55760137 15.371700261 0.431372850183 1
3519.34512927 -49.4707242511 0.865828117803 1
-4621.85358272 -38.7671278497 0.942968375193 1
5269.76055543 -32.4325740146 0.984668148057 1
5382.54404286 14.8159036247 0.947175087615 0
-3155.37503222 14.78520942 0.658379937459 1
6229.91843363 27.0810433947 0.995378601091 0
-4103.31949643 -4.45043560247 1.0181938767 0
-4183.26830455 -21.2766331107 0.687971295331 0
5338.90949126 -30.6471915481 0.75483378056 0
5482.33601579 -29.4202706661 0.960747379132 0
6080.21392293 28.5914423727 0.970208825156 1
-6281.41446316 15.7548719349 0.982326990352 0
1919.45911456 26.3919889985 0.455357045376 1
-3467.4165832 -27.2271297693 0.707595374064 1
8351.20247389 30.358565034 0.907541798055 0
2204.47402068 19.4955362096 0.437733802903 1
3853.13096413 42.4691034108 0.905161856709 0
2113.68159393 21.682326244 0.498874407367 1
1671.82684176 48.2335147517 0.772970730783 1
6495.94473036 -29.8188162575 0.964631192845 0
-1016.60393775 -40.9767464563 0.942269795963 0
-5815.06969861 -21.2309142922 0.978876273162 0
-3333.66007256 18.2579744196 0.645626838096 1
1975.24626584 9.27669882556 0.471386840344 1
2169.6836226 16.514005087 0.525891724596 1
-741.038601301 8.36438096431 0.284830035346 1
1193.94778372 17.633329627 0.585815842377 1
3646.85597844 17.6494357098 0.83014899915 0
719.610348168 12.1253757068 0.320931117571 1
-1495.28840248 31.3375287212 0.902639199379 0
-1108.16010947 -7.87451752511 0.479623070342 1
4566.92804909 9.32915635084 0.723130220615 0
678.368701726 33.0966586752 0.653762377182 0
-3134.55939806 -10.503428182 0.506379607287 1
3969.80882351 -22.5199641393 0.810165723863 1
-2656.2636295 14.3236378606 0.564510000526 1
3405.59144796 -25.8383349088 0.850986225698 0
1990.86418425 -18.9662509324 0.781791062016 1
2703.5198854 20.7477171001 0.625468329162 1
1978.69934416 -29.6519976499 0.889818750329 1
7639.51092473 -56.8979936743 1.01046296382 0
-4257.02678267 -55.1528612172 0.671503726866 0
180.501872952 25.4636293063 0.638208841662 0
-6966.33045841 -33.3796690078 1.01509846057 0
-2135.29409453 -33.5789903469 0.665138404174 1
-4957.08422054 13.1708101853 1.00810755014 0
-2004.88447465 -40.2524882336 1.01335595147 1
4888.62084115 39.9721135246 0.865667858384 0
3273.11721671 -12.9271010043 0.771943663661 0
-2836.5278596 11.9279273287 0.941496388879 1
-4305.34903099 45.8619151399 1.00047580833 0
2937.00791385 -17.6207130794 0.648029275464 1
6545.77085881 30.2274161392 0.913848592368 1
-947.100158188 -37.28046166 0.637012668762 1
4207.77637772 -16.2622679591 0.724663125556 0
-3995.22569223 16.4664180001 0.955381817526 1
7917.11510531 29.3772955913 0.91924358066 0
-3127.23718993 25.2762310381 0.902426634408 1
-638.294286825 -33.039283952 0.717646070969 1
1235.29292595 29.101336094 0.437344562442 1
5122.66162151 -41.2523026154 0.778211736224 1
-2641.64897014 23.8144317517 0.76058401121 1
-4482.29185797 22.9541559519 0.960856226142 0
-3538.14130786 33.5742654332 0.740145710138 0
593.997523838 -24.340655448 0.335996363525 1
-2956.54759108 26.0231055338 0.555295210034 1
-1776.79013611 -25.3491407469 0.880599085496 1
5820.64722754 -18.7093004796 0.976557390706 0
5863.00148001 16.7840431406 0.910181084425 1
6658.02807577 20.7013183889 0.900396735182 0
-2963.93280883 28.5758412303 0.853382025475 1
2848.97241475 -10.5873844804 0.49989268148 1
3307.7293083 17.9804409818 0.504388807822 1
2664.33755402 -39.8998320101 0.5815115266 1
7071.74172325 -18.170462039 0.973179523522 0
-2164.58319859 -21.1391397447 0.424413564599 1
5045.52897258 23.1472669007 0.89401289251 0
-5217.56958647 22.3483728677 1.02397370648 0
1476.35355902 6.65805454117 0.27706034982 1
2687.51565817 -38.410440251 0.565144310896 1
-5402.31776094 -31.0962599304 0.984307762573 0
-6879.73320536 -43.404836444 0.956849275919 1
-5437.76180491 25.6104360838 1.00082201149 0
-5217.19269691 22.3457412179 0.997174524296 0
-2782.66106757 -33.8871418886 0.991442522344 0
4639.29019794 30.1637381724 0.882501692968 0
-3615.44209148 20.8068781661 0.925210833375 0
2604.04072819 25.1653571584 0.629928061336 1
-7736.31026283 -6.13230921952 0.996440122197 0
-884.453830496 17.6603299109 0.429308126073 1
4144.25652693 -28.9038875025 0.884024233953 0
3749.62687934 8.18777168463 0.760794437435 0
1684.7615133 22.4793211593 0.763345425808 0
4124.70934129 8.50609533783 0.640046569313 0
-2386.66668394 -16.2635993647 0.567633280057 1
-3168.45810472 -8.02586805109 0.564442381569 1
9001.7145891 46.5232386117 0.899048359359 0
-7049.86098314 -30.7470917642 1.01452965142 0
-5297.30624331 -5.30778863884 1.01486931837 0
-1350.5443607 -13.9927855812 0.322108003738 1
-3195.88538715 53.9878053364 0.933811111158 1
-4512.62568196 -24.6206116115 1.00520996839 0
4648.67513214 -21.9920385113 0.936792515769 1
-3510.8268594 13.2351806327 0.550027541329 1
2350.39331257 -11.0426818436 0.476451500461 1
-5213.3324878 27.2687621982 0.968045516238 0
3603.47379202 -17.7740005309 0.984293883589 0
-3207.84941461 -12.9310937221 0.882759414916 1
-3043.62558224 -8.78609531564 0.494171955757 1
1593.44977583 6.07287225323 0.246395850104 1
-1998.65526399 -23.4922178846 0.587892865366 1
3214.72574144 -23.2352542598 0.988490596989 0
1332.4470447 -18.4438399342 0.453483966863 1
3141.9111612 25.4503606249 0.7755784259 0
580.930783717 22.0667304327 0.370059678654 1
2552.31561761 -26.5522867579 0.544862140246 1
6494.7956044 -33.0456170855 0.993695040513 1
1799.65497839 -28.2292062383 0.943734048826 0
-6281.94551108 -26.693382288 0.978440171931 0
-3553.39005165 -33.7186237777 0.894933256786 1
-4173.79424696 21.3811806357 1.00152773674 0
-4818.90418433 -33.3041940964 0.855466537666 0
907.174714082 -19.1363843965 0.572075069249 1
-2268.28804768 17.2017618807 0.47001231157 1
6526.51037753 10.7157408077 0.982467045562 0
-4770.94543999 13.0885829794 0.993327154848 0
-655.147334986 16.9587865805 0.472814729485 1
-4144.44784618 -18.6481048462 0.989206791264 0
705.052800756 -44.5361674403 0.57483059753 1
-1376.67274456 19.6973523036 0.454371455505 1
6380.31673635 32.3785516688 1.00886764803 0
-2227.36870625 -34.3276760395 0.734682229386 1
6996.27284976 -23.6715878562 0.945159241008 0
-2333.46489987 17.211308273 0.578328456041 1
4651.28043648 23.3005301573 0.939612799669 1
-2776.63106373 23.3212069809 0.725228384816 1
-1510.52884291 -10.3242776212 0.38727564271 1
-2679.29734422 -18.7814219802 0.87291775644 1
4300.62805432 -29.0085956929 0.831931486257 0
-5834.84736707 -21.8265431425 0.986175265762 0
-5309.86422339 24.9099942684 1.00507278346 0
9416.66812325 -26.8892344604 0.999516434868 0
4525.42302523 -2.82370346495 0.937042273413 1
-3204.03318751 24.3881320617 0.74685759834 0
6638.30311066 17.1055435164 0.907169843697 0
6388.43204349 -13.2151974805 0.959724766984 1
1946.58710858 23.5461048833 0.622554268804 0
2912.61044171 -6.3707379073 0.515234316302 1
-1569.10256238 5.86986925463 0.469577344209 1
2869.42817519 -21.6363905237 0.540626334281 1
-2902.26761453 35.9342367227 0.944819274339 0
289.193217337 31.7938733429 0.676687854811 0
4953.01467567 25.9224403061 0.79391031979 1
3815.60208439 9.19355643212 0.825050227174 1
2978.17894818 19.5667542479 0.687236222752 0
2539.32018428 -39.9536366857 0.545337166722 1
-4085.8058678 17.4324825676 0.966629811457 1
2068.46471203 -22.8383599585 0.458566500855 1
-6175.55930339 35.0219189658 0.994011855447 0
1794.69083461 -39.3612970412 0.41827200721 1
1298.01019656 -1.99358899293 0.166033184048 1
-5499.49443308 -17.2829013526 1.00682823824 0
4364.26086486 -34.2288649268 0.91570847401 1
4631.32202874 -12.3481792909 0.8367148373 1
3291.63982293 -13.1701388892 0.705395801745 1
6121.93565155 -18.0803357571 0.927868547114 1
5461.2675559 -23.3112357472 0.950545071664 0
-8773.42923114 -19.6076865585 1.00268259685 0
4393.73115463 -38.7085826275 0.913760812406 0
2964.6606185 33.6905377883 0.819362938289 0
-5400.15266235 -27.7003418475 1.03138734837 0
7407.60527411 24.1964480886 0.954974109248 1
3785.35713695 16.8509700435 0.772663015492 0
-4754.11916513 -34.7871552459 0.920870959647 1
3172.16602187 -34.3037888215 0.933743786628 0
4103.9395959 -32.9154842537 0.947940458298 1
1609.03074452 18.0456652607 0.369507510366 1
5458.25994099 25.0572625652 0.890039154112 0
-2666.61033423 -22.8681430489 0.528113898351 1
-2070.52529498 -36.0210231643 0.612266981841 1
2483.74768103 28.9173887025 0.675452607782 1
4262.72297433 -18.4544892668 0.768599233055 0
-4941.51193453 16.9659823094 0.99870902887 0
-8243.30176214 -21.7696370698 0.989041103913 0
-2130.559307 31.3358989258 0.702700015884 1
-4203.45210211 22.7484883096 1.01013669251 0
2174.79364966 38.4084537154 0.787420806244 1
-3440.93166672 -43.3746882832 0.987306048253 0
-1734.47228873 -44.2880141315 1.00342988111 0
3425.00961122 7.61409979679 0.901578893727 0
6589.48653589 10.9347124935 0.860235058376 0
3843.46241035 -29.3777625987 0.711548220159 0
-3462.49912242 15.7840389253 0.726616522375 0
-2659.10689938 -25.4558393588 0.474594196367 1
4933.2028732 20.0364444384 0.849779532953 0
3516.18777481 -33.7176279552 0.866912466002 0
6283.32706278 20.0526974881 0.89914142447 1
5986.36557742 -9.9697219844 0.927663594391 0
-4004.16297369 10.0175613421 0.737126438789 1
-5287.12444642 23.0301626752 1.02727005461 1
6446.01794368 37.1312677349 0.931645420058 0
-3454.16089703 4.89980413077 0.786853416461 1
1645.28392269 -51.970611625 1.00959862172 0
-5606.00539569 19.2217558084 0.984031279414 0
4417.2392823 27.8110110433 0.882132051079 1
5126.34509752 4.26499053339 0.960588939289 1
5937.1640422 31.1071627328 0.956200533912 0
-6448.41194201 16.055742204 1.07414850528 0
1467.96353046 7.89868576784 0.245979112121 1
-2693.51949025 -6.32271732298 0.499152590602 1
-5834.46686007 -17.391866382 0.99909395052 0
3784.75221676 28.1209756225 0.772570162147 1
-2312.38447414 -15.6441117993 0.455791010387 1
1452.2553308 -28.9958480827 0.528976472013 1
2776.33191521 20.7579929849 0.703383961844 0
7474.912736 17.9989629765 1.00456094463 1
4198.69060443 -28.9254061481 0.863593618641 1
5211.64818317 -24.6073785358 0.968680000079 0
4667.86996193 -27.8779436808 0.894966100212 1
9367.63354005 -46.2954977659 1.00444799463 1
-3866.03905873 -13.5814479542 0.693941294367 1
1333.73133538 -17.3464666998 0.452950979099 1
-6260.26890644 28.9349608191 1.0124305478 0
7710.60638113 -30.3379263711 0.913308085217 0
-2836.030173 20.3853981473 0.808040089566 1
-3879.02989705 37.5511069019 0.755811999965 0
-5740.2540469 -22.1263458855 0.998754469224 0
-5009.31592531 -17.2234347447 0.87817713665 0
-1521.08966232 -35.0540421827 0.963476677782 0
2339.7002538 14.359664015 0.529489628454 1
-6401.97901204 -30.0816420102 1.02102226899 0
-3148.43945971 -25.3120961851 0.419001271694 1
3205.79826708 -25.7258951395 0.56393573389 1
3577.3833842 -23.0849861625 0.843253558785 0
2430.78371907 -26.6098407882 0.655510285798 1
5266.15840631 -11.8606729556 0.981750301016 1
-3913.14742027 16.96847001 1.00814503362 0
-1938.8806228 -28.4514684039 0.499704430491 1
4002.60113773 26.4056630514 0.852409299085 1
-1484.19243899 -9.01022314347 0.49477571756 1
-8265.0963064 29.6639572537 1.1255530345 0
-1316.47062927 -21.4557874322 0.383305023855 1
3877.99131832 25.9661847517 0.654873144248 1
4359.26327438 24.1472941557 0.940255819461 0
-2154.9858335 25.6652622553 0.485641637027 1
3760.69816855 6.96862492586 0.932688269228 1
-2066.91790906 12.3741915739 0.485114899198 1
6650.02627677 25.9953133258 0.97777427901 0
-1705.09120487 -27.0279141446 1.01196835398 0
2625.15760718 -10.0038261067 0.50074460842 1
3786.89873462 -14.1882209187 0.920438201478 1
2804.85054999 -21.753941644 0.748436386332 0
-3812.53302967 34.7357783229 0.98026079636 1
-9192.31971565 24.2084369603 0.994060751112 0
1032.09842693 6.49663645656 0.293665289685 1
2896.13429713 -38.3532983185 0.910583818227 0
-1750.51200395 -30.3048697871 0.998958156173 0
-3923.95063122 38.4409070346 0.875509002138 0
6451.37330824 33.3092257261 0.891914897295 1
3427.42705443 -9.68228824945 0.694732403391 0
-2435.00934134 -13.2291551614 0.391158320942 1
1073.15627522 -13.093638395 0.388018401711 1
6689.53211192 32.7504654647 0.924245975862 0
-4756.94726328 14.5179778982 0.985152594258 0
-2040.49034771 -20.643786283 0.472378297831 1
4584.75642944 -5.83007842249 0.925577560102 1
-10852.9397036 -26.7911939459 1.05738055461 0
3532.26219938 15.5084965211 0.626334168023 1
-7163.03538709 12.1535386416 1.09985318082 0
-4800.12491806 -44.8464031927 0.993036026866 0
-7656.77127327 31.7414159941 1.04688341605 0
4292.34872905 -20.8409255433 0.867574996552 0
2537.78689907 -16.0246736136 0.741026063634 0
9532.79904698 -37.1967295585 0.995632110269 0
2849.08904569 -32.9677126411 0.70162970138 1
-2455.67547089 22.9607586263 1.00195712338 0
-2966.96469145 -24.9836246623 0.920183164091 1
-2356.97650541 -33.2932349561 0.540789598567 1
-1157.69968895 21.7373411514 0.577094451775 1
4942.50949508 -19.8367523743 0.870206218311 1
-4309.70210101 12.9094842991 0.941929764916 0
-2242.70248676 -12.6678710876 0.437822715286 1
-4247.53968815 -25.314547936 0.971962311654 1
-5553.05636154 19.4690012747 1.01940955526 0
9266.50307918 16.9291801022 0.936155357268 0
3403.65508233 31.0398227725 0.488990849853 1
2540.88292173 -15.0357053589 0.386419805452 1
5055.77742653 15.5791510167 0.807959555133 0
3058.55893434 5.97252708984 0.708367558316 1
-2192.13499816 -18.0661639955 0.544761067452 1
-4200.95770486 -38.3795722084 0.982183290538 0
2366.30320715 35.3570140398 0.70937112679 1
6976.39485366 18.4190040263 0.956047117165 1
-3554.84156153 -19.4170008884 0.448166862966 1
7819.0587127 -14.7086449195 0.980536406002 1
4806.71022456 -33.1482954688 0.717851621318 0
5658.65483499 28.9152897711 0.974095772573 1
-5320.38387067 -18.3851031933 0.984086258501 0
2676.68988026 35.3958829329 0.845214730638 0
-4103.38935113 25.240545757 1.0198747325 1
2787.90315732 18.6281326003 0.490929858529 1
-3003.26789748 -27.8503185788 0.638526590688 1
-2480.02712008 32.1433616912 0.588733144921 1
4421.47295035 -5.93981691595 0.699794734868 0
-3785.52240176 -30.7101910716 0.80621261377 0
521.784125256 -17.2130415137 0.366897416638 1
-3777.39571429 16.9587668359 1.00935030333 0
-2379.44413098 18.1726655185 0.81043299427 1
3455.3945145 17.2382190156 0.939737294931 1
3513.8523797 -19.0769596644 0.621305616239 1
1605.52559362 10.0174534463 0.380401999605 1
-3805.13946157 14.6924538734 0.935497571359 0
7409.42198643 -12.2748746488 0.96046577209 1
3558.68629316 -8.87897340877 0.730504413749 0
-4395.78039739 -25.8745868703 0.799510145998 0
-2313.52969812 -15.5499020293 0.532120618477 1
4777.88252593 -23.871799017 0.848409566865 0
1056.44637586 -29.4748638338 0.906651654808 0
-1984.39081855 30.173835374 0.698306201492 1
3617.70915896 -23.255734302 0.728449243358 0
-3664.12392785 26.0081597613 0.87571071058 0
2187.67066832 -43.0702957894 1.03682652364 0
-3495.01551912 21.5246722276 0.817952214299 0
3509.5803157 23.0672054432 0.785264462244 0
5696.01851517 -18.431607244 0.964431094276 1
-2808.25344728 23.3746836441 0.634233412287 1
-2829.96975118 28.9128311113 0.781490567857 1
1107.91994322 -3.75683209293 0.334422534698 1
2347.09821726 15.796934295 0.45677215396 1
-5057.39983017 -20.5405679313 0.981604095498 0
10047.643185 16.4599135407 0.950921772597 0
9126.07168681 -30.3679948547 0.983937760687 0
1032.78305347 -35.4576370722 1.02211076776 0
2724.22855471 31.7415975882 0.520888323559 1
-1673.53279715 -29.9750427972 1.00053860152 0
-1660.15827899 24.0651798891 0.642124176978 1
6909.80889953 24.0619495495 0.918893798002 0
-2295.02987121 21.6443276476 0.526564073921 1
-545.48353857 16.5830434687 0.273909998296 1
3732.19206562 6.99175443193 0.775556056203 0
-2994.43533987 -29.9038402106 0.582636677943 1
-6027.76754668 19.6994055251 0.978957034422 0
-852.663751122 -40.0704042628 0.539573349551 1
-2756.59306209 6.02879520301 0.491467441531 1
3539.34427957 30.8429278477 0.855916705234 0
5236.18558492 -30.4682640671 0.955647213906 0
4554.42158431 -4.82290383189 0.92977597089 1
-2943.86917052 -44.88392373 0.764262897521 1
-1422.02467399 -22.9960241613 0.783435711522 1
5852.98135844 -12.9675201375 0.929019463072 1
-3765.5605091 15.9768368111 0.96770655204 0
1492.13382289 -31.1260695289 0.923514225439 0
5302.01482217 28.9107882633 0.964221747682 0
4634.97575891 -34.7283674754 0.865941078614 1
-894.88977717 -18.3579934664 0.467061227895 1
5012.15101598 -24.0739895783 0.953188367603 1
3813.44769604 -32.2965907474 0.712683614632 0
-3184.00779121 34.0499772497 0.807916168998 0
-5423.69248574 -26.0040765337 0.987132382447 0
3953.05423063 14.8863161989 0.824794230972 1
3236.58710328 -21.0531845899 0.977682488995 1
2415.37439564 -51.1313647733 0.657683836022 1
4160.40378826 20.6348456764 0.857530575065 1
-332.73923907 33.8318399048 0.747061495367 0
1092.65258148 24.3574855692 0.460450365139 1
-3659.8566763 -20.5393314392 0.643243807844 1
2877.48903422 12.7649652578 0.920244837644 0
2975.70371378 -28.9723571221 0.776684753836 0
6011.04134803 20.4721525482 0.796872598979 0
-7076.78880675 -30.4831679135 0.985204940598 1
1801.08352449 20.8463617791 0.390759349137 1
-4028.41084592 27.9787886495 0.949889911585 0
-941.283269537 36.0054971435 0.895882087483 0
-616.054028895 14.3977638144 0.329095228062 1
2981.14126197 -50.6965683432 0.85694318931 1
-4262.60978984 23.6535333811 0.99885594332 0
-3783.74380035 -12.2580402648 0.929365138403 0
4765.23640305 -19.8133693171 0.921642401782 0
5194.47441433 5.99075461068 0.890980475888 0
5827.22937043 -27.223277769 0.897770658562 0
2990.94932242 19.2204010956 0.742268052819 0
-3492.55554891 6.93771181421 0.863681759959 1
5720.92312523 21.3369498213 0.977550330761 1
-4939.43315758 31.4430716825 1.04263985476 0
3853.59761742 -21.291981171 0.79464493766 1
5756.59736739 -37.009474886 0.893921365026 0
1482.01962516 -43.9083641311 0.929466844005 1
2700.221449 30.6649832104 0.694753426528 1
-5534.45879276 -37.8291773059 0.932919768084 0
4066.35480292 -17.6078273477 0.849017007553 1
-2878.992028 27.5177314773 0.82437217294 1
-6846.39163555 -19.5928356592 0.945427696384 0
6290.27194504 -8.35222345383 0.984844471608 1
-6218.05736832 49.1147653025 0.978633460212 0
2539.0156729 9.3062994647 0.786199886255 0
7174.98024742 14.110534567 0.956963168784 1
-4058.23163006 -24.4762406245 0.959526390748 1
3372.91522287 -30.515457474 0.9068217183 0
-4050.29526419 20.2217564068 0.935357584926 1
-3676.57337372 16.4486441482 1.00220790713 1
-4459.429136 -19.9810925529 0.982395462576 0
4686.72237791 -51.2231547765 0.918648375308 0
1473.75446462 41.3421108163 0.724849023056 0
-7879.13151358 45.5961739985 0.995857164967 0
3970.17380428 -27.8826355511 0.827587029362 1
-1436.74968535 -15.7432120406 0.64198715198 1
5332.99224896 11.1357582583 0.754439952515 0
-2438.62443692 13.5571029745 0.47858284769 1
4767.66318746 -23.0806580916 0.787262391746 1
-8515.67109105 -3.37534649765 1.06891830721 0
3569.94535335 41.6423763636 0.970860747099 0
4555.88057825 -35.8547130736 0.925443269274 0
-3336.25333634 -27.6988044626 0.669071221699 1
5558.79569598 -26.400469858 1.03024300314 0
4713.5666685 -26.483097436 0.837187218361 1
-2255.58594503 12.3662647508 0.500619582548 1
-4980.22872442 -18.3995724765 0.987717062761 0
-3057.08242407 31.9167065272 0.88228200997 1
2715.40423408 22.1107188414 0.403081339841 1
-3752.10142937 -40.8207476527 0.988950724638 0
-5194.66477954 -24.8960407936 0.985235828027 1
-3967.44867507 29.2522442799 0.891845778068 0
-4551.58856625 13.3453826571 0.925576187124 0
-4600.60632566 -20.3735929786 0.993662617084 1
3482.73594355 -22.2701598141 0.64642883019 0
-2703.34489138 23.2249484816 0.522417227439 1
3818.72291264 13.6155443948 0.804872793628 0
-3599.95778565 19.0286028687 0.873689508229 0
5387.5882959 -34.2124760067 0.77891225746 0
-5332.9072228 8.75846650632 0.992350843061 1
-2323.08633454 13.3368243239 0.492806685444 1
1826.38283188 -29.4192483894 0.740801007773 1
5928.39595026 -13.8156858653 0.905325666669 0
-2169.88081969 -22.907279656 0.579075793358 1
4550.93903239 15.0685844291 0.782305306254 0
-5219.07367388 -17.5055985562 1.00315605081 0
-5501.85930672 19.2455268648 0.999570501822 0
-6036.49690265 32.690501118 0.992854477239 0
-4732.50021095 -59.1031354429 0.941912471635 0
4920.0600155 23.6830345644 0.779631115913 1
-785.807261236 -38.2995166735 0.630260576779 1
4075.59080433 18.8842257853 0.770074070654 0
2142.36460588 12.5446087185 0.40984290114 1
-2193.88206079 -41.7464261123 1.00068235884 0
4723.64650244 15.2280313176 0.917197711208 0
-3090.08364294 -26.0134026353 0.551243373899 1
5396.73698242 -26.6237003121 0.941231098244 0
-2615.00748859 18.1013105371 0.818286960474 0
-2758.92536871 -27.8209150272 0.516057277056 1
8150.34870745 -14.3952601539 0.991714678699 0
8245.79040599 -16.4531321112 0.968430188595 0
1075.23322945 -12.0077241887 0.481232738529 1
-4928.27152951 13.9162344756 0.947735826474 1
-267.142752017 -36.5838755672 0.916171625566 1
6275.35172098 -15.6015968775 0.951987840664 0
2785.23552476 -33.4753354354 0.490725679706 1
-4548.31018382 -42.0666931404 0.845737958586 0
6903.79758621 -21.3880217825 0.92243297696 0
1838.2287872 -37.0296597657 0.921551782128 0
5714.24067736 19.3699212641 0.893092702832 0
3224.57893515 14.2374222532 0.718864795201 1
-3203.74649379 -14.9997565209 0.42278588385 1
3424.95367769 15.5566543651 0.861194564855 1
920.413837741 -36.5082577676 0.76972564099 1
-5766.4250607 -54.0841721269 0.995922758564 0
-5113.96240262 -42.9055382761 0.97596837933 0
-4584.47281899 -17.3770449368 0.982963695866 0
2462.05372433 -30.0336029562 0.563992863832 1
-1934.29871574 -41.5400171338 0.902373383471 1
-2160.41764084 23.1421495619 0.867485066775 0
6174.86364108 23.6974902951 0.966313047086 1
2718.35275534 -15.8164931307 0.385228193392 1
2198.81583253 11.6039492314 0.725062795411 0
3626.76942328 -13.4519770664 0.933843827887 1
2033.06789294 -30.9594598185 0.854847662438 0
2551.97186126 -33.5496809595 0.587663202133 1
-2962.46532203 8.07799677726 0.486244977495 1
-709.637464208 12.7263416679 0.478296439154 1
-2100.92506497 14.1117600138 0.672558690684 1
2554.44156946 -27.3970529973 0.646340050137 1
2581.12875198 -50.194286737 0.634409978008 1
-3090.38718178 -22.1940581949 0.642931872556 1
-4361.43480752 14.8819579354 0.900994485295 0
-5644.44954737 11.2837490396 1.0302068505 0
718.178399594 -34.0350696146 0.919085100792 0
-3795.10147287 -9.80535335363 0.997599443368 1
1316.36986905 18.7583639478 0.382221903948 1
-3121.86350193 11.0823923746 0.842125712025 0
-11701.6053791 8.95559146435 1.08203671513 0
-8209.39718201 30.7802752963 1.0199210419 0
-4687.81732663 15.4697176109 0.98013133933 0
2587.05747015 26.0116132632 0.471338054148 1
-4107.86789571 26.6312608092 0.990988365101 0
-4480.86822754 -27.8968480815 1.04343270204 0
-3537.84325362 30.6260145988 0.805974254552 0
3188.00309739 -12.8945248198 0.833773089069 0
-784.789905625 -26.3829310701 0.722048794157 1
3745.20764787 -20.8935604211 0.834877543902 0
-1398.9916639 -10.8688649271 0.508131210554 1
6558.98948065 -17.7126851906 0.907859558829 0
3244.79799736 -25.3619812474 0.652680862121 1
-1520.47339379 -14.0969622416 0.684530004859 1
-1236.75810944 -24.4251765542 0.424737412404 1
-3656.09716103 -31.1569852661 0.894995489321 0
-2104.10204224 -26.9133024057 1.01367392021 0
4188.26034242 -7.80410753067 0.857899664319 0
-1834.75676492 20.9115258745 0.556878210709 1
2664.86899018 -6.3873451744 0.455239719627 1
-3012.60230413 22.0450197903 0.565651743579 1
-3228.35239691 16.8836744694 0.934215248114 1
-5360.10820201 26.4105716746 1.01222454903 0
3739.27874994 -19.6238747247 0.71384631922 0
5748.96656967 -40.5364656606 1.00325719265 0
7895.78786993 56.5828352906 1.00564162759 0
1767.47414669 5.88271598182 0.333723322851 1
4390.51373169 -14.0289833351 0.79747373153 0
3074.44871297 -12.3799408775 0.541210852371 1
-1444.82486279 -9.43951374615 0.452781406624 1
1577.29231818 24.4115710576 0.562455583847 1
6197.86795017 22.1511852505 0.985057917145 1
-7064.90593516 36.8913934392 1.00133906596 0
3016.49434346 43.8078364331 0.897379376648 1
2824.73623569 25.9215784328 0.811369785388 0
5596.18906126 10.7386066574 0.929534353387 0
6876.17906904 -17.270102562 0.908020621091 0
-1705.55602582 34.6267711126 0.802758329797 0
2639.73532018 -36.9363174719 0.506376836974 1
1105.86703736 17.9012284987 0.658466411079 0
1539.53942805 -14.1580128007 0.333694767526 1
4087.50430573 7.54561880962 0.747456371956 1
1959.20534957 -34.0262228544 0.935732753293 0
-4154.29696029 -22.4480873084 1.01774744551 0
-6364.26658536 14.2137689988 1.09226835412 0
-3554.4101938 83.0028159461 0.992438950138 0
5790.77796866 -28.9609251475 0.977544691153 0
-4723.65936721 14.9230621943 1.01634620154 0
4010.49892759 -31.6673158385 0.952379799383 0
-5645.37136488 -8.93518946149 0.979361256926 1
1335.86780281 -14.2987182235 0.358053789441 1
1510.46489173 -6.13281961109 0.30623099159 1
-3744.60506383 25.6650169593 0.975898149659 0
5226.66710873 22.1370928085 0.980061712527 1
5172.02643168 37.0450081682 0.892497925414 0
-5151.92246035 -19.2183909293 0.982329862986 0
-2536.99799113 23.4804559149 0.623994241637 1
8388.76126068 -19.3658696011 0.968241437742 0
-626.309110604 36.3195495136 0.713224216017 0
-6832.4359748 35.1503186919 1.008010776 0
-4364.47258843 -27.1470922641 0.815991610284 0
-3782.81454392 13.5080134312 0.924457270578 1
2753.56896955 13.1892926481 0.674743255973 1
-4138.43012827 -24.5924653583 0.982499521865 0
-7584.55630145 -19.3410603382 0.958682003361 0
-1854.73257008 -15.1475994533 0.327041343528 1
2261.27221127 16.3500485699 0.508677714246 1
5388.17434114 9.15599055272 0.935692721485 0
1302.64426658 -14.6301656517 0.387268901915 1
-975.80866719 -17.538253024 0.50889510376 1
-1709.02880803 -38.065657935 0.671206347976 1
-3907.31230628 46.4313603431 0.989425864699 1
8420.21453601 -16.0771546846 0.936639664898 0
5421.23596657 29.1020768528 1.01102969256 0
1827.77134882 -12.5608477878 0.410356035539 1
-6248.42443051 14.2016083968 0.994378984207 0
-4879.47706606 -44.6938392661 0.978582817486 0
1588.62123984 -6.67771944026 0.391073822602 1
2128.79059516 7.19667518803 0.320911417401 1
4100.00263423 18.0127391577 0.917427736694 1
4089.73008795 25.425630682 0.940726327581 1
1990.21190385 54.1480052893 0.891399095859 1
2445.03251021 25.2172217384 0.446337730711 1
829.485792243 -15.9661851082 0.375134368049 1
-521.400529164 -17.2879602656 0.561020626142 1
-3653.89167509 30.8557260368 0.982808339901 0
3263.13354125 26.2571511682 0.953884010884 0
-1792.2886809 -29.6854813834 0.634186134007 1
-5575.59221143 9.06335645284 1.00295011637 0
-7128.00260183 -25.0812177455 0.955634412228 0
3325.49553326 33.4368533158 0.936718466251 1
3092.98469288 21.6611367959 0.723188248218 1
-2773.63376916 -45.0614504095 0.892236180452 1
-2240.43723273 -17.3669377396 0.973250707879 1
-1857.0095554 22.1612183576 0.555259483645 1
-1439.73603498 -27.7785346565 0.628086776638 1
4808.78356363 13.4755909354 0.818161187313 0
3622.11308271 -35.0974518817 0.8811768607 0
-4743.11432336 -27.1750154686 0.932528842235 0
1378.1372674 30.3522660712 0.575418875364 1
-2616.7501595 -21.461255772 0.548331298636 1
-5061.99609365 -12.4303125021 0.984206480353 1
6233.62190998 20.5792047757 0.960338927356 1
1577.85956376 -37.832802527 0.669455340757 1
3959.45891059 -47.3685631885 0.853823178106 1
5156.30088332 34.2838936728 0.87463947079 1
1140.58566535 32.6692819554 0.502091007419 1
4202.27866976 23.6157336264 0.987754627643 1
-1682.3704442 -12.6426847239 0.310319260092 1
-3240.26747791 -32.3111440734 0.993706117094 1
-2430.4160897 34.5143506511 0.77624108596 0
5860.68032748 32.0745588816 0.997544077686 1
-3221.62612224 -33.3403714282 0.990789350339 0
-3561.91555991 -20.3174536737 0.481752077525 1
4925.02073109 -26.4186772053 0.751100720166 1
2074.42632136 -23.7220415169 0.491704944719 1
-5467.72727975 16.0369683468 0.983586554092 0
-1795.43342579 -25.1129133194 0.920189259555 0
-5879.85817405 16.6512190728 0.997388012262 0
-7004.76252047 -30.310629032 1.03699143944 0
6463.87866614 18.2460282362 0.884843858003 0
-6137.20823151 -24.0137535968 0.938694573852 0
5189.52641956 11.4581771664 0.758651040276 0
4797.32162087 -30.5291436864 0.963484107633 0
2039.18095123 -17.7072472847 0.348115090633 1
-2866.75831689 -39.2062445111 0.696432362848 1
2649.60736093 16.9039205259 0.461584070568 1
-4352.33351135 -42.0113406893 0.99668825853 0
4750.7339625 42.4296586773 0.969895816794 0
-4617.55031431 -48.0761861277 0.978403943553 1
-5244.43239793 -16.6004089328 0.976651556559 0
-4159.08714199 -8.8946735482 1.005117062 0
4274.68135185 -12.7334375238 0.762909073082 0
4435.15463943 28.6935644088 0.73537435598 0
641.225102156 21.3055763954 0.411784790409 1
-3179.67342288 14.9332941869 0.754776683321 1
2625.12831902 18.9196355721 0.593183130007 1
-3797.51473569 -31.200595487 0.979887277828 0
1800.96299988 -35.7093974029 0.646290615665 0
-5214.68320657 -33.7342009649 0.993201914161 0
-6128.3211057 -22.9067185866 1.00694089989 0
4541.06878354 -17.4598804307 0.912540206451 0
-4119.61705049 28.7196811946 0.896863003208 0
-1079.75920882 -16.9759679491 0.753839055208 1
3948.01938019 -23.333754565 0.912300405688 0
-1688.80315606 24.6922348693 1.00381295234 0
-9542.99809953 8.27168480805 1.1303691094 0
-1217.9679868 9.76079408565 0.452989798935 1
-6766.65658117 -22.4255108735 1.00044278563 0
7259.37107069 -51.8428591109 0.930580308154 0
6225.63417429 -14.3533984138 0.895900234463 0
7000.35101857 32.614241842 0.944082713133 1
-448.454877879 40.5186640414 0.497662540687 1
-4304.96941486 12.1648246071 0.944877946073 0
2681.00860941 23.8149847572 0.788596792736 0
366.966119811 9.41673768273 0.284864905341 1
-3556.79745245 18.7742330476 0.763970650665 0
6739.50558051 -25.340290719 0.868485092364 0
1106.68845131 -11.2439464632 0.361277367039 1
-5888.10469807 35.728573631 1.01867322894 0
-6416.88621447 -23.0342432398 1.04589376524 0
5802.70555582 1.72369178824 0.920716782998 0
-3614.50291334 23.7731837221 0.824850930892 1
-2883.75861218 -8.89608664059 0.626418938456 1
-2562.32170813 24.0485151596 0.904256997021 1
-2399.449882 16.2314816342 0.689073429644 1
-3091.43608678 -36.4508937336 1.00136298218 0
-2755.93785661 19.9031543166 0.802357296866 1
-614.331808645 17.7675463693 0.591417935768 1
-6037.77127943 -28.2305415053 0.986104112698 0
8431.45343755 8.48222258956 0.894172371416 0
-5330.81420271 -14.7310742655 0.9953039284 0
-1179.83411734 23.6276800894 0.637426129925 1
3315.36873131 -13.7733018484 0.794650535976 1
-5380.87072454 -32.2939975064 1.00147946853 1
-3848.07296671 35.4553162975 0.993730697589 0
7647.87517634 20.8657859565 0.965788123751 0
-6023.81591282 -24.7092505325 0.976003377759 0
-2684.40117765 -12.5959416645 0.575340145216 1
-2953.84865006 24.5810281553 0.542477917444 1
-5698.99361617 -37.9530362852 0.978280298053 1
-4944.89802928 6.41763134863 1.02019796606 0
6030.69142702 -30.5887577919 0.875578951968 0
-3055.21693305 -18.2175290261 0.503593068593 1
2816.11727627 32.9222287721 0.657876828021 1
5644.67709714 -24.7467346303 0.88482029469 1
8067.44191881 38.3290419678 0.979322549024 0
-2026.59699119 -12.0579596773 0.52186441173 1
6959.95180409 -28.567191263 0.880447462166 0
3808.91488563 -19.0590872936 0.755647711968 1
-2086.3027809 22.2118611431 0.474246264362 1
5701.65315831 -24.0589126965 0.938641921883 0
3665.40212608 -26.9160263082 0.981693828826 0
-3102.91613435 -39.3626487572 0.730262613657 1
2297.97470709 -6.55794599773 0.443188160743 1
-6827.16964808 24.8113983677 1.00262633297 0
-1873.03095391 11.0226671079 0.408917353858 1
4487.58762571 -18.243686531 0.877286170319 0
2428.11162704 -25.7297754816 0.953819377711 0
-1895.35551747 -40.3385328091 0.656125274962 1
-7151.78219605 -23.7166089778 0.985920973716 0
-5949.26477375 -16.1393546843 1.01580539013 0
-6384.46350467 -28.3128528102 0.978613194947 0
-2085.98949849 -15.363335269 0.421184328111 1
-2784.26005297 26.7869195481 0.640114851505 1
4786.32657445 39.9968960208 0.954263223154 1
3150.09586457 13.8078996338 0.736017014818 1
-1715.23506002 33.0430380862 0.71458754688 1
-8191.52013155 33.1444125961 1.00127930135 0
-4039.64179352 18.9724081561 0.967586337306 1
6059.11291951 17.6368165259 0.875366330215 0
-5412.57560497 -24.5933197429 1.00367676729 0
1671.0320485 -39.3105105124 0.725520515806 1
-3646.83800219 15.7417114473 0.843017734273 0
5738.71194628 10.6830736125 0.988588825724 1
4222.10264393 18.2128429237 0.981313589496 1
5172.30621074 19.090450092 0.807010789154 0
-2997.25046636 17.1509306432 0.535185627597 1
322.106131964 17.0614199837 0.262337530449 1
3073.80742211 20.6085324061 0.580813182496 1
-1096.41831235 -13.5973830405 0.477363871418 1
-4420.76591629 -33.6422930418 0.658630344265 0
-2898.73599011 44.6214464184 0.895607341232 1
-5236.75498056 22.310802772 1.03067590527 0
2873.51032075 -31.6905461815 0.758874955407 0
-3427.56396347 25.5027172511 0.636160868388 1
7376.27683871 15.7801176679 1.01049105711 0
2690.90116171 -22.0255055628 0.917648961067 1
2575.95830833 19.3229530856 0.522620039403 1
5756.36859732 -18.710182463 0.924073544083 1
4089.71165874 -21.9858646137 0.663317775512 1
2015.63070459 -22.5480995124 0.807377683796 1
-5169.58239824 20.495058722 1.00220418978 0
2930.43398744 20.8311747075 0.804197123396 0
701.814714701 20.3302405959 0.489950061403 1
3251.30981209 39.6922595292 0.907596374684 1
-2476.65585129 22.2803749855 0.596973052491 0
-6545.10351026 9.120264181 1.00662554884 1
6055.96913312 -8.13495162313 0.961939530838 0
-3665.87158793 -12.1539417843 0.53119370149 1
-4313.27367201 14.124709583 0.913078661921 0
4776.90788805 -15.5652253293 0.877574785012 0
595.542772904 51.6466970458 0.787194382186 1
3232.92990018 21.1417260532 0.661366347702 0
-2175.74083074 -31.9906352022 0.548393098845 1
-670.48210014 18.2567915089 0.362594979766 1
5146.65143789 28.7997980487 0.895274125855 1
-3238.3229007 -27.8811894563 0.995182853103 0
7564.65915503 -37.442105845 0.944875176216 1
4834.06730452 23.9648956646 0.826512885349 0
-4125.6595608 -35.4687305027 0.919076729898 0
-2373.4593763 42.403807509 0.979473817413 1
5877.58009591 -19.5147992558 0.981813064069 1
-3786.91860332 36.3964531275 0.872223720544 0
4567.05489595 37.865222217 0.837622066735 1
-6016.66536214 30.0248236771 1.01480491297 0
-1609.66566347 -13.6158776545 0.645236748419 1
2090.74833912 16.3494647117 0.432329222047 1
-4800.90280965 22.1622985092 0.961811936954 0
5237.54299236 -44.1397734803 0.912836274792 1
-6067.8197667 -20.9021803062 0.979182023691 0
4860.49619807 -27.130433481 0.794311522414 0
5075.30230427 13.9944517239 0.920489769992 0
5596.13302085 28.1798069406 0.932594458839 1
2338.830021 -23.8223627268 0.778277028533 1
-5725.71416402 15.2949987833 0.98968189847 1
2275.05459929 32.4698647678 0.404094068817 1
-3721.17683619 -51.5539541889 0.999307848047 0
-1675.02169063 -7.65722688793 0.48119919953 1
-5355.63062374 -47.1134329966 0.957781279584 1
1567.86282351 -11.796885776 0.567104679709 1
-7265.23135176 40.464199067 1.05658308222 0
3980.67467876 22.1389778317 0.833069769782 0
-6394.21182116 -35.3764742795 0.957743011164 0
-4005.33684509 30.2463616111 0.681303546464 0
8833.21172822 26.4973321823 0.931030272638 0
-2979.44534648 -28.0949951751 0.987635599922 0
-4935.38119809 22.3389573222 0.997211188299 0
-5757.770863 -26.3840618573 0.97200856629 0
3454.50102296 -36.7003909831 0.941531229449 0
-2435.15618727 -22.0872163356 0.844344846596 1
6914.12989794 14.8799480933 0.950943142438 0
-2414.57151326 11.5678361294 0.473865123096 1
-4814.13459966 -21.5255645436 1.00679954608 0
-3084.4160242 -19.0918579467 0.629588380776 1
1774.8701341 17.3565806742 0.702371949772 1
-5762.26441715 -24.2887079461 1.01139243262 0
-2010.21886204 -24.6272767318 0.521523403247 1
-2522.83823814 18.1538652415 0.465965758148 1
-3368.66238111 12.0249279926 0.553874536234 1
4888.50628625 -25.6041196949 0.79063289907 0
5016.04847293 23.4590437508 0.725139033783 0
-2077.09399755 13.7676632353 0.530648436137 1
4275.74101146 20.5079058014 0.806582355784 0
-4049.1108352 16.340234526 0.951406107876 0
-5667.00171754 -33.5991066865 0.951714715182 0
5985.43028007 -18.9770055301 0.913238056343 1
-8428.95103693 16.6424451655 1.02560154117 0
6312.83020058 -17.6720969165 0.791585158716 0
2608.45858601 8.04973505985 0.786911955909 0
1726.71519416 16.9214736982 0.50081132848 1
287.518975054 -27.114114101 0.895411517366 0
1916.47874494 18.5016262523 0.624358070727 0
-3117.55515559 -38.9973914412 0.955046175333 1
-3436.41578835 21.8125385972 0.99436817206 0
3077.41267328 -38.8359176888 0.524378786756 1
2148.73450829 40.1612093753 0.518363194355 1
-4220.32933062 -27.3194202455 0.988951669643 0
-2448.829245 13.4400598507 0.459520549817 1
2058.81648966 25.1402248251 0.448329789628 1
3198.53016081 -13.8250897362 0.735597308464 0
-2520.61094469 -34.1883208167 0.515732107337 1
4828.68439428 37.3099431089 0.807715071455 0
3443.58321034 -20.6011047386 0.942322186164 0
-2244.9794921 -19.8338978201 0.698612935334 1
-3135.42576559 -36.6420319362 0.656161380953 1
-3280.87921294 19.7591401976 0.80644796154 0
-1905.16549952 20.5155313616 0.577552756897 1
-4305.46324928 -16.8968758944 0.986805920259 0
4460.63530897 19.8358187855 0.711458342261 1
