2302.4984429 27.8691849851 0.53994718113 1
-2723.12187947 -28.8595443102 0.956512531548 0
-2789.5578777 -29.2786419609 0.983089637508 0
3596.56117609 17.3977725879 0.874920391043 0
-3202.69033825 -13.5103578314 0.356683951217 1
-5115.47458161 -16.7717847315 1.02708233312 0
3951.22733887 -16.4901056064 0.860515841609 0
-3483.12169404 44.0046737306 0.883509138098 0
5975.25435416 -15.0647144962 0.97709631033 0
-3094.75680603 -17.4002478114 0.835011033464 0
-3496.43584059 24.3902453113 0.958907123469 0
1042.85862553 25.8124266815 0.394267104377 0
4542.71772096 -26.4966117818 1.01616733431 0
4059.28800582 16.3713758885 0.85326040933 0
-6684.61434576 -37.6075632652 0.971611099162 0
-5746.50132023 10.9043182774 1.04840781629 0
3270.47893645 -55.7230955844 0.984196761909 0
-3377.00149258 15.5402683433 0.801572578999 0
4396.47364116 -33.1414923729 0.968521852183 0
-10322.0120989 -31.0613217713 1.0720008604 0
3500.93042906 -32.802828912 0.867581123472 0
2942.21537915 -17.7486879829 0.645579160223 0
5474.25420022 -38.7900686923 0.948496672706 0
-4665.0080692 30.4503588089 0.960256387849 0
6268.69773677 15.0419245304 1.00398340269 0
-3894.67907536 -26.1504373597 0.459891588736 0
-5130.4148585 7.06611053439 1.01218978959 0
1998.03689138 -24.1648586295 0.507846142123 1
-1603.18655904 -26.9416703751 0.996472323975 0
1639.51470378 -19.8891857367 0.394764045957 1
3399.26222097 -14.3171585194 0.508058409725 0
5025.21422688 -8.36426478963 0.855950861128 0
5721.67915552 33.9309923427 0.941046173611 0
8656.82829169 -30.2709035882 0.956411575771 0
-2626.8180737 -13.5168552141 0.373588577657 0
-9054.66665494 -48.7222614311 1.04524691592 0
-4460.79419126 -28.8587394773 0.989023563036 0
2209.42880864 -46.7325159441 0.561428849849 0
-2884.7210608 6.97909572265 0.755816075084 1
-2189.08190523 13.2475174603 0.543433997887 1
-1612.93420057 10.4666388009 0.379141145055 0
2904.22038389 -49.5139709357 0.545808986647 0
-1810.53404501 13.0385801212 0.533085189124 0
-3900.5872497 -32.3709736048 0.987607001014 0
4830.11452467 10.6536108423 0.866882666727 0
-6011.7346493 -25.0391719692 0.972576126499 0
3005.54763231 -29.6694592233 0.909918904369 0
4397.17086493 11.9450296037 0.647677209059 0
-2079.1507453 -29.5937265069 0.389429492996 0
-5710.85546235 -32.4584481433 1.00179988016 0
-1451.66692978 36.3354184017 0.936165964683 0
-5051.2256262 -17.8263866463 0.993610513625 0
-1476.27187776 27.7264169483 0.434256121009 0
3143.90411434 -32.2356142088 0.840730687549 0
1771.62950483 32.9311427293 0.660950356806 0
-5253.79397933 8.24242231147 1.01386748526 0
-4287.32675427 28.0594035024 1.00350869701 0
1704.31303218 17.7520738805 0.760405134982 1
-3931.72795926 14.6962680625 0.967447472853 0
4615.50696974 -56.1734907225 0.79007465785 0
-5988.83297794 45.1622600406 0.972651514788 0
4209.92503228 55.4265412891 1.03627618123 0
7515.63574191 -40.855493528 0.971448857427 0
-2021.23325749 14.6095001271 0.42748821796 0
-6186.86107415 23.4001506961 1.01682591315 0
4050.23802199 9.16117987923 0.748012437898 0
-8429.66898948 18.6576545736 1.19744624398 0
-1721.67568581 17.5661061891 0.540549179792 0
-2679.13686618 41.5512044967 0.906926602288 0
-3258.5440524 -38.0335349521 0.992483594481 0
5276.87706417 20.6669045757 0.98819622198 0
-5404.12454421 -22.1208274494 1.01209706995 0
-2606.73289196 -9.81846414972 0.249308619588 1
4480.88338097 8.42465418423 0.978874166066 0
-3359.65453123 19.9782573953 0.882741273357 0
-1937.20014097 -22.6183368296 0.941821840234 0
6149.35808521 -25.4094540358 0.934016193168 0
587.293260389 25.1935956483 0.874088317724 1
-5486.48104152 15.6682212659 1.01742527302 0
3265.16100208 34.3639958017 0.811340411127 0
-6163.90026837 10.3604120057 1.10829341776 0
6992.10565531 6.66134183763 0.92581647092 0
-4076.38721439 -42.21585843 0.969302899206 1
2750.35811338 -18.9130729447 0.647190323611 0
1716.29913004 -9.91476627404 0.3754583509 0
7725.25296335 18.1571164498 0.968395540335 0
1410.84756672 25.6507146404 0.938310989886 0
3501.60399784 -19.5468338101 0.949949678157 0
3755.04809378 -12.5073793112 0.781428980528 0
-6062.96252544 28.3367666995 1.03863783337 0
-6637.65955681 31.5087143873 1.08846195383 0
-3909.26020818 39.3271473742 0.971272230564 0
2102.31506659 -24.7246745707 0.893248512194 0
-2466.3778222 -37.8180900498 0.964978145298 0
3811.00285458 26.1791219405 0.907749798822 0
5524.90613728 -22.4607731229 0.957740594312 0
-3975.18387918 -34.5016375 0.904446846624 0
3245.95446341 -22.1935663279 0.997443681017 0
3268.39150249 -30.6515848258 1.05101846098 0
-1783.49579402 -23.3765207751 0.965259808389 0
-2866.40645233 32.7889826011 0.887448334303 0
-1935.40498963 -17.4827997414 0.439269849023 1
-2717.22937984 33.9886218302 0.815756799221 0
-7480.34441505 -29.0196179483 0.978045366739 0
1994.96924375 -30.2123452741 0.893348881807 0
-3025.76299692 23.3235083478 0.910126915692 0
-2889.52741076 12.0408498291 0.433622089116 0
-2097.53487239 38.342330684 0.996522004015 0
-1981.99356352 9.36149299377 0.199935111672 1
3171.08083195 19.3308516178 0.522503670005 0
4613.57613731 -32.9014477604 0.951639667075 0
2802.57622722 -16.6486813183 0.845689436738 0
-2064.14522907 -14.7333665628 0.547751702985 0
-4871.69953822 -7.39435054286 1.01711391023 0
-3611.10598769 25.936779391 0.934398021824 0
4662.89792131 -20.5402866903 0.888124332837 0
-1764.93084649 -18.3166178038 0.470464751442 0
4367.31684009 -31.1174935866 0.91675646396 0
3469.26330292 -44.8831293992 0.987575439202 0
2724.81470582 -19.5545083631 0.797037323442 1
-2281.9054395 -44.6909844211 0.681045857804 0
1758.36936095 38.3559335393 0.792238421939 1
2387.58807319 47.8930839009 0.881448404088 1
-4576.52681149 31.6275463393 1.01154959593 0
-4469.7845121 -8.62839373289 1.01027103723 0
4366.24887985 35.5439289365 0.99135623755 0
-691.766299917 -51.3798765033 1.02774269129 0
2030.38123309 -37.1563110686 0.430138197756 0
5937.45849918 -19.8562849575 0.865216135619 0
-4486.78948431 -30.5500064884 0.577891267646 0
4785.32904523 -18.412203554 0.993317935967 0
-3754.42970306 13.4013219103 0.722531895579 0
-4606.06977504 -21.5739852251 0.984506466568 0
2006.90735682 15.4963816145 0.515958673481 1
-3538.03838227 11.5292374838 0.930763102106 0
-1985.48833908 11.9372937657 0.25837175487 1
3214.48468709 7.36090598335 0.849621275488 0
3432.10641484 12.1700528419 0.825426909328 0
3296.42834384 18.5313642227 0.940187533651 0
-6371.57966947 10.7434702628 1.12899374547 0
4547.64659989 -39.2476314565 0.941855067486 0
3690.14948668 26.8545295311 0.677398520344 0
1552.02456843 37.6887724466 0.910545655428 0
-3000.18392491 -53.1329977649 0.734085282377 1
3205.7616729 24.5203977757 0.895176212268 0
-3612.63011146 -23.0611070596 0.995317181197 0
1816.56439745 26.8442263502 0.880892114762 0
5567.11587934 -43.4707241187 0.990736369212 0
-3864.24080522 -50.7786606837 0.972025334297 0
-4133.34274356 -17.5286375913 1.01119414034 0
-2671.36162937 11.7406797053 0.707829420292 0
-4867.01699617 -17.0987153359 0.978396075414 0
5014.71361769 -14.1333443672 0.889343878781 0
-2418.12660997 32.444903256 0.876659575075 0
-1688.21384632 -18.7204827148 0.384869601519 0
-813.286389597 32.4551398923 0.709495772813 0
-5548.08189168 28.9456702585 1.00404898574 0
-4466.03351059 -18.3661681387 1.02312521789 0
1355.01951883 25.7115689649 0.750699915955 1
1161.12653882 -30.900815993 0.420882442831 0
3534.39927809 -4.30291716157 0.803827835677 0
-853.84824477 -16.6129972748 0.311220843728 1
1787.91340878 -10.9991028363 0.31396319036 1
-3879.75797839 23.8197087196 0.809064099123 0
1854.98434638 26.6169803707 0.493692715535 1
-5876.77958296 57.0476199442 0.982465421695 0
2734.02310483 -12.4346852165 0.574160443401 1
-6083.50828659 23.0576529592 1.01523401909 0
5922.55869796 -13.2341826357 0.982327109424 0
1017.61595297 11.9284326551 0.417924103697 1
3017.86052457 6.12483389737 0.722327938642 1
-2437.39174025 22.4547746598 0.797932212079 1
-4058.6494349 -10.7777943413 1.01946788949 0
-4001.02025646 -24.4021567771 0.999506469479 0
-1514.13703714 42.5697726322 0.784387750496 0
-6459.0058964 -20.8795361935 0.963891860667 0
1065.76730662 9.34454391889 0.474880119379 1
-2355.90534687 -23.3742872124 0.671284973851 1
4718.79753734 21.6798796478 0.796375237711 0
4677.72561747 10.9189462639 0.932327104149 0
3177.2979309 -18.3128000403 0.86254966413 0
-5955.04073828 -26.2094560627 1.00433904369 0
4867.83265309 20.7082420336 0.915031883883 0
3841.6141116 34.8901540314 0.956906602582 0
-6291.68209696 36.1396379024 1.02211496869 0
2814.23503815 14.8444526509 0.816210692186 0
-6328.17446883 -15.0781193535 1.0257285097 0
-4869.86273695 -31.2760308411 1.00245599813 0
1413.09424422 32.485872006 0.952134665332 0
6522.38040951 18.4206394136 0.921945660906 0
-2356.92253409 -22.1647495438 0.913633017777 1
5026.87764589 -53.515117766 0.982215757605 0
3741.16785368 13.2297871899 0.856646513127 0
673.589160728 -16.890718696 0.880373077662 0
-4598.55130141 -14.1192723785 0.921503745723 0
-551.84696083 13.7526135116 0.449245704299 0
2644.48872771 -22.2752329475 0.652606235044 1
5744.56282414 36.3253800526 0.922995623331 0
1926.47423299 26.6291094725 0.583611416282 1
5436.91191241 5.99219060606 0.95269231857 0
-2478.14194844 37.5340434298 0.971593335508 0
-1025.58901224 40.5029385173 0.38670425519 0
3809.96628444 10.1722550341 0.775812629667 0
-5059.30222831 8.97242965056 0.915900217137 0
5198.36761829 11.3083934035 0.865784525289 0
-4916.24735258 -18.0051947564 1.00845996718 0
-3288.90345011 31.5441039007 0.843764287099 0
1846.42389299 8.63279425917 0.273706802367 1
-1019.50760098 21.1604694697 0.375759097459 0
4579.66860083 20.2928444549 0.891748116065 0
5120.99630098 -17.9133229362 0.803700651953 0
3161.05621876 -28.1072802045 0.965531580664 0
-4255.99998106 39.1244477177 1.01920966681 0
-1046.98213549 23.730830678 0.490744575669 0
-1909.19326562 31.5843266431 0.974517251873 0
-4539.08000876 11.3287001795 1.03836603317 0
-5403.11707282 18.6163246819 1.01372237052 0
-3690.9399463 12.9802630856 0.725748545994 0
5691.53589526 -10.2377478633 0.974815408067 0
-3160.21095611 -28.8260492395 0.988880371956 0
-4129.05905667 15.8369195969 0.789615957173 0
-984.301142333 24.8833484746 0.53890036256 0
3429.90645211 16.1436672573 0.593794467938 0
4525.52426431 -17.9373109939 0.653612070759 0
-1966.49550495 7.95613096813 0.418233577069 1
-3265.68844496 11.9418726733 0.767004622882 1
-4741.63749823 -28.2051409104 0.989891235955 0
-3778.63152173 14.3056555075 0.738006294934 0
-3826.74642022 24.5125175026 0.947849816513 0
-4644.73528557 35.6333363434 1.03921916084 0
6969.19445358 -19.431245375 0.987689315118 0
6430.66581051 -31.7429801084 0.770661429032 0
-3283.36251048 28.5369921009 0.982530433542 0
-1115.04906568 16.5152417657 0.386588744222 0
-4528.05447452 25.2891307437 0.958217682028 0
3330.78388582 30.0634474154 0.990803463231 0
-3179.16942794 10.4533064172 0.512546778551 0
3917.25420688 24.9233235163 0.979319068656 0
-1011.01680986 48.8360036776 0.919198868586 0
2340.66177499 -23.4719095819 0.660429785826 0
-2664.5823128 -19.5940413617 0.875260753035 0
-2485.13255683 -12.2230354654 0.635476089876 1
-5183.46287824 -18.5492909678 1.00526708858 0
3156.92835027 -37.0698070787 0.777474885608 0
-3149.29084114 27.8302288277 0.843246671029 0
2105.22745677 8.96607457938 0.286708491675 1
-8435.54723669 -16.0702424555 0.961357520873 1
6218.63847437 -6.87815654972 0.970301609485 0
-3632.9163132 -7.73647944898 0.954656957941 0
1725.58508218 -21.9751251194 0.961094408529 0
3181.56616698 -26.7771107876 0.625854237396 0
-2394.88978252 27.3662067567 1.01626401766 0
-3043.9897037 -29.9539695682 0.742880081343 0
-4729.26473816 -21.7498475204 1.03047162593 0
-2062.86988032 -26.1436302779 0.407505052821 0
-4492.98912966 -11.6650745122 0.998891497149 0
2081.41808965 11.1193581507 0.354310838268 0
-3247.73426875 16.4937602777 0.725619182187 0
-5940.33061602 44.2210788226 0.968241668779 0
1463.72511447 -24.9826508817 0.939875594587 0
-942.441226757 -19.6118581997 0.439808389621 0
1030.53281598 48.7889908334 0.970811471513 0
-5003.98820651 -32.4490317504 0.968946186822 0
-6958.12081729 -18.3856324441 1.11441923185 0
3888.84871998 -41.9711172117 0.930128732356 1
3449.29863508 33.8898607482 0.928636354286 0
-2133.1568907 3.78391353603 0.205637159763 1
-928.501005543 45.5094846663 0.992980418412 0
-1238.25726554 16.0794150732 0.40062351157 1
-3716.45099895 22.8726995487 0.970312332861 0
5699.87678294 27.5732924597 0.9071332519 0
-3035.76345319 -18.6808109904 0.90321005836 0
2813.66299719 -10.2407965987 0.904896281631 1
-3187.38693403 12.4713946762 1.00775638634 0
-1247.76289103 -13.6656855029 0.259355576598 1
-3846.15630807 37.599307945 0.889586816191 0
-4757.66306473 20.4556783692 0.982697088619 1
5670.86938587 -26.2584952338 0.897881680043 0
2331.93118985 26.378959098 0.507266406967 0
-4287.61780616 15.4777748946 1.02535960538 0
5478.56798344 23.4579054096 1.01084430198 0
1103.59168025 22.1894972386 0.423693829614 1
3924.54149402 -32.9933256257 0.972902923167 0
3606.52671064 19.2847325221 0.630099691436 0
-4450.15704034 -13.4250142698 0.827260049665 0
-2963.29438101 -31.9530158724 0.656389117757 0
315.674105491 -31.904722846 0.552978880453 0
4113.90875873 -24.7864092131 0.913741439601 0
3442.58778597 29.8070673159 0.595595387214 0
-6677.33805406 29.129739901 0.986232210627 0
-2629.99782522 -17.3720686836 0.761845426405 0
-5888.65296985 9.17998197574 1.06401649974 0
-1932.73517244 -18.3234427819 0.806457814066 1
6512.99944245 -27.1255240481 0.857899082025 0
7244.74789989 29.2657224841 0.940433745081 0
2918.25967782 -25.1775907088 0.642331318341 0
5247.30371672 -11.0867614373 0.660153021864 0
5211.95597522 28.650158348 0.941879835091 0
-2884.46285148 25.5271987339 0.486096883139 0
-1386.82098056 -32.6900650966 0.361342964294 1
-3472.38364847 28.6774317585 0.993339003249 0
-2879.79319685 18.5042384385 0.648586426873 0
-3260.69866188 14.7138062903 1.03598387146 0
1741.3300419 10.0050331125 0.274001646234 1
-1452.25903677 -13.6842212676 0.387914731796 1
1054.64808497 17.7174933263 0.390081662737 0
-1028.47534238 -9.62544807489 0.364686682938 1
87.6734301186 19.1537255773 0.344491851237 1
3363.50523151 -44.1023712685 0.867175040974 0
4734.47330676 -15.2900765395 0.937578847777 0
3043.99048384 -24.9554748983 0.615058421588 0
-3964.56725826 -15.5010009737 1.01104603715 0
7065.06088741 -42.6816045966 0.909448133224 0
-3778.74268801 -3.22207638297 0.911955145213 0
-3457.45819709 -37.8835503034 0.912089083063 0
-1874.08033723 19.6933743536 0.745300181984 1
-6674.55491505 -47.4163579129 0.999976218216 0
3784.59140794 -19.5462188577 0.720088169015 0
-2752.62474343 33.2311457941 0.99213753247 0
8578.2405565 25.4604134265 0.970218891495 0
1272.63896768 46.7118576038 0.964857071324 0
-5853.47256669 14.4529311818 1.02937817226 0
2874.10994302 39.6857906406 0.951920277012 0
2886.55993337 9.14225204141 0.484255088609 1
2907.24186034 -33.2898917635 0.999100605116 0
9687.00564275 -18.7457970269 0.941365851206 0
-3148.69014513 -12.1338848666 0.876556929285 0
2069.29711026 44.2760346497 0.96364256337 0
5892.19711585 -33.51889453 0.988920617119 0
4653.65449244 30.0307043612 0.964861608413 0
-4955.06964136 -36.0226899435 0.988031715376 0
3180.22271631 29.7295709201 0.532359736935 0
1858.92278914 24.5632527617 0.344948174453 1
2026.37838324 -33.5224679109 0.47153782921 0
1764.77083439 -17.2116487434 0.772925933276 1
-5923.14702605 -22.3839290121 1.02236825963 0
-846.41453977 41.3586140957 0.888815516743 1
-2232.8573883 18.912558563 0.419176170699 1
623.732317277 29.8240697566 0.678578506158 0
-4263.8538855 -10.1680273983 1.02425715424 0
-1716.7266787 25.3491902028 0.485179232569 0
3343.15918286 -18.6134930502 0.97024709554 0
-3764.61452939 16.2856966253 0.945244237212 0
-1548.89679804 -23.1846396971 0.613523584771 0
-5724.2921386 -27.8428143829 0.99395484503 0
-2405.66284699 -33.8495602886 0.412222980964 0
5204.42599765 -48.9233994286 0.987445880791 0
-5305.58651206 -27.1152780328 1.01115835517 0
-7000.14285204 -38.3128273718 0.968646976749 0
-2587.71727675 44.223494301 0.894456096686 0
-5586.75453185 32.6853438243 1.01215566429 0
2728.61541619 -12.5513674968 0.555957151893 1
3351.97327952 7.56757415308 0.618137918877 0
-2574.88041001 21.0814777884 0.774129380979 0
2492.17499882 28.7633143139 0.967147070331 0
4978.7111293 -35.6531485049 0.892792008794 0
2024.67292427 -12.3760603805 0.351001869652 1
6532.43187147 -18.356156106 0.908065204163 0
3604.34670982 -15.7519701687 0.791586231897 0
-4148.24918357 -41.9529570751 0.996652752324 0
5470.16843047 -31.499492511 1.02522361129 0
1889.58130097 18.5293731084 0.404890459802 0
3337.82165249 -37.3885063757 0.642842388663 0
-4065.01246894 5.20042018708 0.895689796396 0
-1630.83371981 -23.4276780939 0.706390713807 1
-1121.81125682 7.29697979157 0.317455660112 1
2932.27195509 14.7612175785 0.703791586109 0
1556.65327187 15.1301839485 0.33606897988 0
3606.70294951 -23.2017185246 0.947104906516 0
4137.00812373 -9.33553555676 0.725751450382 0
2751.25054824 15.2546426458 0.794579180752 0
-6897.37441532 14.7058025532 0.947409739711 0
7227.63144299 -19.1545540597 0.992841719853 0
749.998098721 -15.2965166756 0.509221837179 1
-4089.58246689 12.2094648245 0.976521125532 0
-4255.15075471 -16.0341273498 0.731657227596 0
-4310.48663444 -22.1967287069 0.997150285503 0
-306.040103731 -11.4870714887 0.459770930924 1
-3117.17624816 -17.957066907 0.914854992127 0
5291.52869952 21.2008848618 0.91439362933 0
-3394.11555489 31.2007277215 0.594987326131 0
-1380.42867555 12.82602896 0.440589088662 1
-3407.17549885 -41.4965044393 0.878303411907 0
-1460.88242669 18.2479964113 0.380493362094 1
-7815.05455707 -8.80201475043 1.13882145929 0
6246.76614586 42.6453013018 0.985915876076 0
3341.88836313 23.7140274275 0.662925541483 0
2751.76878456 33.1116898532 0.955448443583 0
1352.59094325 16.1762992356 0.537615592786 1
2264.43638864 -39.3685468939 0.965959318927 0
-3403.5462103 -17.9598600167 0.954772892018 0
8573.50588232 -15.6032206078 0.953199319549 0
4224.65781364 18.3911634632 1.01393333232 0
-674.456316455 -29.6213527279 0.955437325007 0
-6716.31537004 25.7803088634 1.02335988911 0
5343.19667227 25.2611589434 0.873293955213 0
-4932.16113613 41.0671289611 0.981487264437 0
474.863693338 23.8699379041 0.939840907197 0
-3752.77307055 -14.0142177314 1.0260751653 0
-1770.7807308 28.9277162146 0.667138049521 1
4923.33521943 -18.6190673597 0.882403510076 0
-1254.77607334 32.9007400242 0.687291395316 0
-2342.49995833 50.006814998 0.441771065846 0
-4669.79142332 -10.0836338551 0.958206058468 0
3934.46221275 -49.8639191123 0.971236201529 0
970.151671141 -27.4324117963 0.465214172803 0
-2014.4793771 5.50646972925 0.372661185565 1
2361.51306029 -21.6157749835 0.842874475227 0
4230.6461939 -19.9273795979 0.877456746637 0
-3956.76669767 26.4458711062 0.997813383033 0
4566.2241836 -4.11209319879 0.874311397365 0
4023.28183149 17.5367268078 0.742244392798 0
5775.58939586 -8.08497250308 0.875527674423 0
774.008979187 13.2173935548 0.447089163815 0
4500.91108504 -20.1995290814 1.01092865618 0
2011.80529259 -12.5369328218 0.382805285684 1
-4468.86922383 -11.4359936599 0.97364277296 0
-4677.79713998 43.1594612369 1.06447210152 0
1985.05994163 -26.1833779168 0.466376762364 0
2742.55874467 -18.5449744445 0.605489888207 1
7171.10321976 -4.79299440696 0.877483110656 0
1657.4420801 -19.2932066425 0.429107886025 1
4797.29938609 -21.8828098987 0.979548608051 0
-3533.54960651 -11.2698807869 0.927417491391 0
6241.80819904 -19.834060876 0.931835646825 1
1590.79029633 -21.6406126002 0.679716770776 1
2554.35240181 20.3107091707 0.490335353337 1
5360.58322891 25.911138152 0.887630498859 0
2077.36157 13.2829819444 0.431834375009 1
-3187.1394787 -14.0405870023 0.989594205587 0
1393.75119033 -12.6558865398 0.348510532699 1
-412.707472672 -37.7140621052 0.567269899142 0
1921.31525095 21.4603154823 0.560826150825 1
3804.74545597 41.5856657807 0.904074752102 0
-5510.02745016 32.0936802629 0.985601602701 0
3817.85827215 -15.4567303015 0.440977650922 0
6192.78156926 -32.7979088054 0.95330330547 0
-3058.63094 26.8515188 0.876167128068 0
-2566.60538308 20.5159223948 0.726648909664 1
-8926.64300586 14.5716051396 1.15767119847 0
-6112.3184213 -13.4927960566 1.09884600338 0
4710.95226466 18.33206535 0.837479364521 0
4656.05913979 -3.73568563642 0.877557915385 0
733.724683464 -22.695108878 0.517498999231 1
-893.383427029 -19.8440308465 0.383215297018 0
2912.52938124 27.112022319 0.585337307478 0
4614.25780521 44.7949658897 0.995610087521 0
-7693.32458398 40.7208008932 0.990063922545 0
-3590.17455927 6.23554411091 0.904878283474 0
2468.75557598 -21.9185364738 0.831096155447 1
-1238.09585704 27.4195933007 0.621530816933 0
-1512.71568386 21.1827356101 0.615328545249 0
6067.56672165 19.6937527738 1.01720838251 0
-2454.44923197 28.5016691046 0.934213373443 0
-7888.41954186 -16.9333908048 0.967396841945 0
-2317.83269232 15.4461763336 0.53673080237 0
2054.54556085 -31.1679582281 0.873527161309 0
-3360.8087606 -21.9385819074 0.984017051876 0
-6937.53190968 -11.8646783888 1.00400733901 0
4895.70526085 14.7018676306 0.860413725425 0
3018.73320151 33.7508286402 0.810101828834 0
-4693.87303741 -18.0811567987 0.990719982542 0
-5597.48546234 -13.2699109697 1.03260916327 0
-4317.2920302 18.6820519053 0.991265607206 0
1795.02564138 -20.0609163558 0.876864067855 0
-6326.57177637 -12.2517166447 1.02388409187 0
6710.72622519 -29.9844522025 0.948934765009 0
2806.48930612 40.9815264382 0.881148521358 0
1307.17367623 15.250163517 0.321730619389 0
5410.95484761 13.1956444986 0.968746504182 0
4723.70709659 23.1062335748 0.843527137859 0
-4572.18067185 19.7472225365 0.724653527972 0
-5513.09375198 31.0657289419 1.01172276846 0
1612.2198221 -33.3368254135 0.450325475071 0
5063.44723495 25.2764998169 0.67913947106 0
1348.60883008 15.0033179419 0.315731507642 0
-2232.4147597 -21.0077347598 1.0435544137 0
1693.95847958 19.3175507335 0.37330002915 0
-4649.11362655 29.6458343481 0.998340376807 0
3869.37807577 -15.7906181769 0.939647564712 0
5765.25917804 11.0201097521 0.938395874234 0
3810.91024256 -46.9482153551 0.953734050346 0
-5502.20087817 -20.8620870873 0.994917651815 0
-3050.42980261 14.5067510814 0.622343139315 0
7873.76763983 18.1930579244 0.937809240641 1
1572.74611332 -32.0834888658 0.519117862118 0
5547.61777216 27.2721099276 0.887912995201 0
-4700.7362598 20.3945537684 0.916774827186 0
8037.22240761 -29.2652262108 0.997335851231 0
3560.1789236 -21.4707244112 0.638953685786 0
-6148.6713359 -19.7315725396 0.943739188815 0
-4739.79669123 38.5800653356 0.976396249121 0
3621.96145531 -25.0619045699 0.726940362158 0
-1088.47441028 -20.0380993652 0.447045923682 0
-1266.44705524 9.0308730724 0.24447290101 1
-4713.66871731 -38.9247725281 0.923502683219 0
-3151.21238883 -7.0531903336 0.974709224017 0
4988.10895422 -14.0562829758 0.885518694188 0
4371.29812648 -14.6430071286 0.643836494934 0
-3623.20226346 11.2713773118 0.732655175374 0
1445.53843525 12.6479450142 0.358984390068 0
3584.47374363 22.7528514199 0.754168424464 0
-1213.72999772 -38.2641977852 0.396301431793 0
9049.60463409 -26.092482732 0.973848768547 1
7240.86426195 20.8253221636 0.891887233021 0
-3448.44337817 21.1205041246 0.948730382643 0
5728.69627894 -17.7555903933 0.889702353087 0
1666.05643392 -35.9692370797 0.772009504994 0
-3418.47478143 -49.9633198297 0.985182409292 0
3316.9804899 19.2907980346 0.986000136838 0
933.879786696 26.2381509738 0.730571724393 0
-1246.60992218 -24.0876277988 0.415184270966 0
4534.28878143 -10.5624745498 0.980732572136 0
-4471.15898229 -15.2789905373 1.00130577391 0
-2280.15674336 16.3879447859 0.567368649293 1
-7962.4150447 -31.6973655438 0.972564816141 0
3727.91266699 -31.6709354963 0.923473001085 0
-6124.73022581 15.8281664761 1.02823479672 0
-5545.83560786 11.3584032765 1.03158470794 0
-3621.36333451 -28.3836319775 0.884161653081 0
3015.22454402 -21.7834361895 0.827107676604 0
-2213.77592224 -27.1458576576 0.406977145588 0
-3170.51365358 17.9463818039 0.840437633083 0
3709.44411141 18.219423662 0.980376703437 0
-4942.19632313 -31.5080948321 0.955536584097 0
-2182.20306665 30.9862189231 0.596685692428 0
2534.10801071 -13.4862226876 0.439784089377 0
-2860.19032572 27.350869257 1.02613064655 0
-1820.86425071 20.0783624478 0.454539657125 0
-7595.33339091 27.8435580539 1.21307473707 0
-3282.29628635 30.4788536209 0.753995828574 0
-4153.88739389 -23.8004563775 0.995480616063 0
4707.4194764 -30.6537375767 0.914504180644 0
-2210.48434944 27.8695921316 0.552828589207 0
1337.88931302 15.594861441 0.322153423477 0
1202.58944422 36.0593149918 0.484551126238 0
4555.16740206 49.6803371954 0.895497625517 0
7205.92525844 18.9547860004 0.927932668172 1
-4323.44355224 11.0464681623 1.02470091569 0
3310.36846957 24.9479271025 0.878950931264 0
2941.23504511 -6.06283615547 0.454034434558 0
-6461.86705019 -17.9573607047 1.07809147124 0
2222.99282315 17.478552376 0.446518737773 0
-2691.09299897 -11.6368654158 0.314478316237 1
5459.88422858 -9.6466072223 0.88569068034 0
-5054.93542325 -31.7537344585 1.00081570969 0
-1201.44383399 -15.0016720381 0.378220101964 0
3611.48396196 44.6521187092 1.00426842124 0
4009.91624178 -25.402275746 0.81777023788 0
-4379.76067848 -7.35984105757 0.943373381384 0
-2227.24825681 -19.8460021494 0.503920179904 0
-2698.49690715 -13.9397963998 0.769456725498 0
2532.12040074 -11.5144872636 0.494711301547 0
3834.05158466 -39.6313111028 0.802040031908 0
3407.91187171 39.6364504928 0.827418177882 0
-4655.94903882 -36.1326789653 0.957669464017 0
-4223.37009196 -28.8563582448 0.985100445449 0
-2156.25189748 -9.97415954578 0.412503484959 1
3349.97844239 24.1537424088 0.642832021011 0
4712.49550677 -8.94924648494 0.88289612831 0
2299.4116388 40.2479757459 0.936456325105 0
1756.53021592 -18.7472656751 0.347942019028 0
1629.02706224 -28.2237929221 0.460025107835 0
6913.62292296 6.64692643062 0.902729330084 0
2590.22924719 -27.6007463346 0.516340617525 0
-4429.98602228 27.4784994854 0.981538439165 0
5737.66509538 -34.2986605671 0.935634075136 0
-1569.14697234 -15.4323066392 0.614700836301 1
2201.38935959 -49.7333188654 0.45820824001 0
4882.84261773 -19.2250479827 0.835199149199 0
2957.92779581 -14.3929938885 0.832038972905 0
-924.170120622 33.2860941153 0.72364045167 0
-2786.44329275 34.1700651579 0.96446047168 0
7276.31393206 -38.2300147154 0.954399651454 0
-2539.26610649 24.0383747273 0.716150036255 1
3507.67186509 17.6920331262 0.838186676261 1
1922.83389066 23.8381357533 0.512878624413 1
8823.76695004 31.9487743012 0.945539655993 1
7203.28820993 14.1727973606 0.88697455336 0
-2963.60805827 18.7988275593 0.739424101024 0
-3705.79051083 -6.69434486795 1.00640299756 0
1387.85158449 18.468869256 0.321207593836 1
-3406.19674757 -18.2574875309 0.684451642933 1
4091.9249378 -33.722261329 0.938615138501 0
-3559.34040078 26.3984869123 0.805527571335 1
-4792.46444623 -16.9608497354 0.993829642383 0
6153.99212369 -21.8248673312 0.981373868861 0
-3428.08008146 39.5157647215 1.04253343546 0
-3597.40804926 -36.3088730858 0.969940291166 0
8197.98879352 -16.2541828766 0.972187843345 0
1543.71339869 10.1443365345 0.334944337019 1
-1807.10427571 -37.9563418691 0.705165937357 0
2021.34063878 -20.9021823957 0.414723023559 0
-7673.97264701 -30.4925376618 0.975390266871 1
1365.15285843 36.2215620574 0.898307807026 1
-3711.32567051 -18.6529850083 0.693080253889 0
-4733.82849534 -21.2000650195 0.999439220583 0
2172.48046634 -21.395913129 0.515578673106 1
-2982.68677026 -5.56371186128 0.679851460072 0
-4688.17019147 -2.54577565274 1.02005912664 0
4094.68563547 -44.4323490683 0.966056070942 0
-3296.96442112 -26.9965889584 0.830025359469 0
701.169452847 42.9824770667 0.940136861931 0
5764.86025859 -27.812176536 0.900067079252 0
-3957.01856039 -19.0218989457 0.47769716201 0
-3164.74252122 18.8123714599 0.734011561209 0
6149.09051239 -29.7474461534 0.949214735 0
-1797.31313754 15.8390187809 0.493251844423 1
1860.31659099 17.5201991933 0.586642342334 1
4628.61031198 13.4409046342 0.887916249078 0
-2694.79007346 -40.3562880156 1.00543248875 0
4544.12244426 15.6988034835 0.866836477792 0
-5346.02125801 36.9695882117 1.02455257681 0
6526.81620954 -23.9143613282 0.895967750873 0
-667.609762691 26.7612714909 0.43066964231 1
-2154.57312857 20.726209858 0.488043145518 1
-1594.16290421 -18.7325277487 0.506502623176 1
-3410.4567523 16.7915365194 0.772253133994 1
5271.07819664 -27.573755387 0.917714893011 0
6783.15986763 -24.8781220509 1.00087054479 0
-3059.30291909 -35.7821603074 0.462875178148 0
4343.69482994 -26.2032137257 0.948451309195 0
5608.90751896 -19.9681345702 0.891218017136 0
-6827.48680256 7.02738962781 1.05981800021 0
2921.35623157 23.4833429982 0.617577953376 0
-2493.21288105 -22.6151128441 0.988927142091 0
-2656.00790516 31.0571851945 1.04440409274 0
-2615.8406336 -35.1689622801 1.04637305743 0
-3116.78154127 -36.3530493646 1.02710921071 0
-2751.61192908 20.2326228516 0.540932852351 1
-6243.27733951 -15.0134576706 0.984536792275 0
2461.35271263 23.8258330919 0.902569353724 0
-2637.98727539 19.2659517673 0.990698876135 0
-4643.13801613 -29.4337693105 1.00180453504 0
-6920.32571927 -11.2336401082 1.00311797786 0
-3166.97477569 -63.5577875232 0.691294902342 0
-4226.15955308 18.2114936083 1.01905444076 0
-7364.30102412 5.16172614937 1.02726839552 0
-4880.621873 -5.2045989153 0.979967416412 0
-4972.64878311 -41.8633638301 1.0024649841 0
-1365.09755273 -11.6375040131 0.305942403954 0
-2047.67072519 24.4620140491 0.714824856244 1
2720.02773617 -29.7762316627 0.80397740745 0
-3782.49715154 -18.5939260958 0.937444317982 0
-5913.04798627 46.791486763 0.979446775223 0
-9130.8500755 -24.1909531427 0.985137891382 0
6787.89760062 42.0796426312 0.952879079134 0
2474.61268172 14.4107935975 0.48682123818 1
3214.28086966 28.5049772911 0.726797125808 0
-4747.67461212 -34.806809513 0.990387650987 0
1240.51926794 8.919075984 0.307525596586 1
3325.54322204 -22.5878948169 0.915462854207 0
-3813.62837031 -28.6310645427 1.00078283853 0
4776.68633502 -17.5778249274 0.925345709461 0
6327.48216952 -5.13504764488 0.999091795493 0
1158.16580301 30.515596911 0.958702117665 0
-2109.27970227 -28.3561942057 0.949061922831 0
-6261.64098878 -12.721809815 0.991715816649 0
3665.46185654 53.2195245293 0.982270797488 0
4178.70387305 -18.8719660659 0.852881666765 0
4461.47365021 -21.1218854143 0.883979330551 0
-4692.78666643 -29.8508549582 0.953895721615 0
-5991.56007157 -21.8501485497 0.972481804114 0
-245.108045923 -23.2223865158 0.952872681381 0
-5362.86880939 -26.8388770083 0.952582122225 0
2232.79490788 -33.5391580822 0.98210944526 0
2840.09698278 -16.6609083269 0.949499898415 0
6953.19650719 -21.9420302512 0.931965737922 0
3501.29526733 25.9469950354 0.976124958411 0
-5534.61765613 -16.1877953213 1.0124629683 0
-1387.19682765 -18.2408337081 0.363631092389 0
1324.23242515 -10.4145066224 0.515427981917 1
-6519.45686555 16.1508134331 1.04514915556 0
-9898.80907608 -34.5282813089 1.02706508253 0
-2470.90882792 38.591967742 0.869118984632 0
1315.91649871 23.107450878 0.432875244869 0
5766.97851691 27.7036539837 0.916546724268 0
-3568.13916232 2.47866150326 0.954374203634 0
-1237.30127617 23.4866364182 0.979130862056 0
-5926.06751481 15.9039136297 1.0568181639 0
-8856.15308886 -35.3066015905 0.97982955199 1
-5431.10050924 33.7413195124 1.00604851147 0
2429.34734494 10.5045465594 0.45907009731 1
-1301.52447053 15.2297971988 0.427831146956 0
6313.05972855 26.5164027443 0.91930466587 1
-3253.92896443 19.3542871112 0.86879783316 0
-2162.0018328 15.0847947526 0.388127703343 0
-609.435799096 -19.0027542591 0.367947688903 0
-3001.23555319 38.6985570999 0.985427819749 0
-2917.45487234 -20.4144695003 0.756262634007 0
-1778.78451485 -23.2515716756 0.426001646937 0
4673.32733168 -22.9797587941 0.870991403618 0
-4481.80432108 -19.3341403335 1.0158372739 0
3702.34717531 29.0912543601 0.613031384677 0
-6156.26339158 13.630783321 1.01419534655 0
-1692.84600307 -14.2951317404 0.66572665492 1
-7645.51776203 27.5552199959 1.14213180695 0
-7609.52108164 -32.1186074606 1.0686013981 0
2176.36302781 23.9215360791 0.469948112809 0
-4946.26717085 31.6817295013 1.0263343614 0
6782.22961213 -15.8342851972 0.990611549833 0
-2476.08492595 -14.3862861547 0.466805484722 1
5064.39793355 -9.15450150234 0.860728975726 0
-3009.43234333 -16.2638427577 0.871963984274 0
-3639.2747089 -24.7224699241 1.00565841206 0
-1808.48297045 -11.9708332205 0.424950876174 0
6553.73771182 -11.8908900137 0.962824417093 0
-939.27907639 -18.304363919 0.395953701159 0
3591.11451487 36.6236660207 0.894900756915 0
-3354.61542306 25.7823203281 0.842040590558 0
-2454.50154713 -17.2694619259 0.365091401432 1
-5378.60972518 17.7724087046 1.01569235261 0
-1298.87075841 -40.2252481615 1.00616614993 0
3873.69687071 25.0858080042 0.881502270796 0
-3649.64363008 17.1255905137 0.952646100602 0
7370.65275339 -41.6996856657 0.96216241506 0
-2200.25877647 -42.8712797455 0.420968879858 0
-1527.41105098 -10.6315117538 0.486917968239 1
-3412.87934861 39.3606607391 0.992044472874 0
-5099.43994065 -35.4540412298 1.00350872186 0
6104.23281011 11.5619885374 0.889796049094 0
-1957.93662891 22.8230434181 0.462915862388 1
-3111.16793618 -37.6857028391 0.990071017292 0
-1897.43184117 -22.5904370264 0.634631646858 1
-6854.21884652 -25.0229665507 1.00134885794 0
-7008.66400617 5.18725464872 1.00366408259 0
4057.02812921 -19.7848216241 0.657900029195 0
5294.53777974 24.110485236 0.84630968046 0
1509.21352916 40.0834379972 0.97854883022 0
-875.651906352 -52.8083613864 0.415825010704 0
4082.06899408 -15.7841824315 0.999438038894 0
-4289.44530311 21.818703928 0.998307845304 0
3319.736053 9.32498460887 0.824200096279 0
-1552.16799527 -35.6249422697 0.479039548881 0
5330.29807186 -5.68979799242 0.916722631509 0
1874.2580246 -17.6007241912 0.965194537478 0
-3956.0052718 10.0731885444 0.99647224943 0
-3243.1162796 46.27728514 0.991496175292 0
-1923.68437049 -28.4694086469 0.357983712529 1
-5471.31025113 26.4476430345 1.01579323536 0
2007.45321593 -33.6541602086 0.912023677099 0
-2741.01516134 4.60391379609 0.681896808004 0
-2233.7197263 -16.675533828 0.400629279738 0
2754.77815122 -16.7469488634 0.575629909064 0
-3162.3141425 -42.6848039383 0.977426737566 0
-1499.84771503 26.7482660245 0.416604219112 0
-1926.28784946 -17.9101842295 0.39575891078 1
1790.59621132 -34.6318205703 0.949872909516 0
-5918.15783358 31.1435962935 0.963224904818 0
6922.13572773 14.365221057 0.961407713057 0
1281.63214017 -18.0530342411 0.967101341243 0
-5239.1137854 -25.0289066144 0.977933072621 0
3621.81661717 -11.0052080632 0.941237497173 0
-4577.21129157 -26.5750779151 0.978269186431 0
-7956.13452819 17.9441625662 1.13708744489 0
-4778.13530972 27.611627653 0.990367257799 0
-1230.02406135 -21.3323302405 0.702652395287 1
-6056.43396224 23.3952358826 0.99582593739 0
4138.88881117 14.9090716331 0.840005580148 0
7506.26417357 -40.6480283453 0.97447820772 0
-2291.26155085 -54.55808128 0.791569429225 1
4327.05389703 -35.5915917884 0.838557072347 0
3568.35684967 -10.0751350624 0.720993849842 0
-7339.21720698 -28.8781625674 1.00811075962 0
-5839.09054233 -22.6680709189 1.00561082213 0
691.807050011 -31.4589540844 0.465040407184 0
8271.12050222 -11.2852108582 0.93846344192 0
-7704.88901672 -14.3430196336 0.974382619694 0
1215.00228677 28.3477626161 0.959567556331 0
-2181.81407853 -33.3202443743 0.533215440119 1
-2827.05007607 -28.0843136367 0.981663254772 0
-5062.53050779 18.4689985318 1.03247084437 0
2115.46439124 -23.1076925511 0.985997265229 0
5736.52282325 -37.6305008692 0.930087776151 0
-2931.90935058 24.0706378199 0.752501618935 0
2179.73421657 25.9648407155 0.96742599506 0
3273.32262423 25.3613851119 0.891709327804 0
6511.01156906 -5.16820061329 0.942591798398 0
-3110.72155593 -23.2155768409 0.521133050708 0
900.23412886 -16.9242727482 0.6147618248 1
-4678.6185626 -15.1626559047 0.96397513016 1
-9703.4899314 -20.6898745113 0.96673721429 0
-3956.7604207 -14.1000002996 0.998254372688 0
5917.87872883 6.38005885192 0.952813792993 0
5168.36638678 14.174777184 0.971586308035 0
-6963.2285764 24.03364674 0.983385343943 0
3014.72241629 -5.33320804301 0.528294570314 0
2716.81414429 20.3975610322 0.431787503115 1
9973.87368493 15.8396829154 0.938384455628 0
3201.14861595 -20.5872310314 0.612204801213 0
-4590.05688846 -28.5617180935 0.684839790687 0
-1537.40304611 -36.5710189926 0.99831716774 0
2342.4245939 22.0258982222 0.806405724038 0
2176.85434384 18.9662500317 0.507074168218 0
-2060.76629122 -25.8294316536 0.643902939052 1
1128.83850951 -35.1571775387 0.400886201871 0
-4646.93390923 -10.530469794 0.99928346202 0
3611.40651769 20.6218003081 0.839626269305 0
4304.8891421 -13.8140554753 0.984835587127 0
2534.20321462 14.9994126185 0.62964140791 0
512.310528035 -25.9554001165 1.00163116594 0
-3207.80894679 -12.7494782967 0.855534774259 0
-4536.01509769 -19.9990791029 1.00108871241 0
3184.07510311 17.849021467 0.73897530202 0
-4528.73098198 25.5812044315 0.971421764789 0
-5173.49653006 34.1783024401 0.99446323396 0
-3581.84834154 36.8446464987 0.973565870911 0
3379.1001365 -19.6143319199 0.614156501149 0
-2469.99661628 -28.5530458616 0.745916405405 0
3063.41570076 -22.1712194141 0.649240110687 0
-713.257549282 11.4288658365 0.55315943944 1
-4721.11745504 -34.0600749276 1.0052495283 0
9176.68161837 -22.834315769 0.972442550936 0
-3626.72078246 -29.4716551833 0.994270280019 0
3619.38022592 -48.8055327676 0.679109744129 0
-2288.85743146 -20.6831339696 0.894789039474 0
1856.33160881 -16.3255330777 0.943759877881 0
7144.20888339 16.9518152775 0.936494361604 0
2017.43830247 30.5125823839 0.462602621356 0
512.281161408 -22.3493752694 0.463596185257 1
-1378.10860721 36.4856309511 0.357927338668 1
2336.7030098 -45.3792857954 0.539283389638 0
-5703.17269857 41.2945464356 0.971258712061 0
-2330.91205807 34.9644973526 0.824632672436 0
1753.10551394 6.80537876358 0.310765052157 0
-5023.26260744 -24.5862323971 1.00298441869 0
-1766.56527401 -30.7515693776 0.576415385593 1
698.374171891 -25.5064315812 0.403235612214 0
3714.28899861 -24.8687375571 0.643654348157 0
-2467.5145879 45.6856753457 1.11558022259 0
6617.08758961 9.68645070075 0.914043488113 0
-686.171620201 10.517199296 0.285900937743 1
-4922.91082862 -15.545456192 0.992945542646 0
1438.79189309 -25.974434827 0.494783752308 0
-2382.29886247 13.345790454 0.424988503465 0
3145.79523098 -35.3475149256 0.901640145485 0
-4116.37793857 -18.4656097903 0.961162322325 0
6837.82646426 41.8780382151 0.969906196794 1
-2726.40649485 -10.844668122 0.878533709927 1
4900.6836329 -19.7952611167 0.931568449583 0
3084.6280273 21.5089012195 0.828142483726 0
2507.26072133 -40.408530821 0.6041580842 0
-2515.78246648 -13.7967598718 0.371632491472 0
5408.09713701 -7.18367030186 0.870998792659 0
-1664.55506286 -56.7065370559 0.965611325491 1
-10275.180474 20.3634826949 1.06857670929 0
-3363.57672026 17.0817704741 0.901725854827 0
4278.51514214 26.4137641608 0.99047591049 0
5127.79535227 -49.5346967053 0.891359091593 0
8299.98825352 -35.9539192374 0.989408156488 0
-5287.35591675 -27.0836928692 0.693593219259 0
3635.48251961 46.3270343888 0.861131179779 0
-1268.72327552 21.4973599307 0.620474305254 1
-1943.32353773 -21.6466616836 0.320992422997 1
-2413.6753247 18.341977045 0.45668638655 0
3997.94809881 12.6000926026 0.677369641424 0
5574.28257345 13.0612507682 0.913226048065 0
2460.59012615 15.6596725782 0.506954253093 0
-3987.08520271 -12.0250372444 0.836015376116 0
-4325.92399004 -43.8085504821 0.996855515185 0
5447.61287621 31.8315079158 0.861646151926 0
2312.58003861 39.5206598542 0.961933570721 0
-5615.00469831 65.0361801812 0.988386319425 0
5817.62010351 -28.173789807 0.981444968032 0
5929.77731031 11.960171434 1.01312497948 0
-2117.05188756 22.5817599705 0.924541162866 1
4857.76604806 10.5518021048 0.894241428593 0
3150.444648 20.1620775184 0.615186035367 0
7269.81200529 -43.8544049595 0.892458322329 1
-4499.25987224 9.11013029682 0.57565773013 0
-4095.76417243 -17.2541169557 0.94318546204 0
-4783.82372613 -11.650181586 0.995288341518 0
-4496.48557334 -17.6549401062 0.978543607104 0
-6503.60666501 39.8154543693 1.02312762015 0
-2732.2296783 21.7705157506 0.625458235759 0
3336.96872931 21.7966826966 0.572874530984 0
4459.44392227 -14.4692239561 0.967227216857 0
-4201.71304001 -4.65703743276 1.02422441785 0
3679.57317942 26.4027660509 0.89199770924 0
6224.02192684 17.992902645 0.884744220421 0
7249.07684124 14.5800293825 0.971601652783 0
-3692.32155084 16.4383563951 0.881407227103 0
4074.61437795 -35.4444916266 0.861016235405 0
-1224.49603492 -26.7851359241 0.981332107661 0
1625.29606918 18.7735607088 0.373802180424 1
2099.81962651 -12.1183032163 0.237098339688 1
5087.8674767 12.6832670378 0.522591249927 0
1564.64229775 15.089311218 0.43162359606 1
-3366.22760315 -23.9272240213 0.808099187865 0
3264.49508136 -20.8804015379 0.750761903026 0
2134.77444994 -17.9331892163 0.496509123971 0
3210.76719024 -23.1920805344 1.04668725453 0
6171.68647084 37.6277010186 0.90623266593 0
-907.074531085 -32.5085454894 0.709067773817 0
4225.90301215 -24.1305926098 0.798333965488 0
-6926.04315606 -14.4410298829 1.06652029738 0
-2628.39518504 -8.87486734337 0.203686211783 1
-2710.94337688 -38.8977560796 0.646738109247 0
2431.5239396 18.1485562697 0.830409253989 0
2678.69109396 11.2724386348 0.461833223092 0
-2143.73790465 20.691433398 1.01504256604 0
-3840.8257295 -16.5627851343 0.96000532073 0
3397.69942057 -22.8444071697 0.417660212787 0
837.72759439 -18.7976683431 0.84244204694 1
-1911.89104883 18.1810646191 0.728755745959 1
8817.41546383 15.9260142001 0.923731334001 1
-6572.10311427 -21.9931361691 0.903750745537 0
-3351.40079128 -19.9696691243 0.978094515185 0
-5011.05252545 -19.0708438935 0.983739310894 0
2333.0548882 -11.5613270434 0.590570050043 0
-7043.14108119 8.93068612948 1.0016072795 0
1989.48504962 24.2704994376 0.678227848447 1
1027.68076869 -12.4199557736 0.535158979578 1
4773.08709473 -17.433397233 0.947395782509 0
-3869.84110143 -7.80625868045 1.02590183271 0
-1207.52271318 -12.6815523466 0.39258683186 0
-1484.27411715 18.5295043442 0.469628189668 0
4582.83400012 24.6496844353 0.829195188078 0
2003.40920747 14.9431650249 0.390340795328 0
-3713.47759197 -30.5571410525 0.98629436141 0
-1307.64926436 22.4201280422 0.778459684924 1
-2065.29163255 -12.1355164031 0.375180801177 0
2004.84461122 -13.9140158631 0.391719288601 1
-3643.72181489 27.9659491679 0.975225374718 0
-7209.04712465 -16.1354625558 0.962939902776 0
3166.68036824 39.7077629212 0.872426479922 0
-4616.47903413 16.0743022729 1.03832028481 0
2869.8394537 -8.91725081703 0.750365941728 1
1739.38687489 28.7117694669 0.411052013961 1
4171.66804448 20.4393502064 0.930834532791 0
-4793.81281227 31.8629469059 1.03662805188 0
7178.62756736 29.1985644097 0.985642186111 0
-6828.83911017 -11.8069463885 1.05108348992 0
3553.1334409 -14.1581138978 0.883781190418 0
-4959.48216364 -17.3574132547 1.02557852282 0
-4986.84598474 -15.6438257933 0.996470699644 0
-3064.30941399 8.50022391057 0.830620588511 0
2398.36678783 26.8901002021 0.99301005855 0
3446.51104495 -13.3049555378 0.718561184898 0
917.492778798 -25.8849538824 0.839297909852 0
991.866966909 30.5695773609 0.553861233869 0
-9661.32620298 18.1704148163 0.993210597294 0
1876.62595196 13.9725891455 0.511698052828 1
-1593.97838305 21.4337937006 0.408747378673 0
-3011.64897288 -34.1541107005 0.763206856953 0
-2189.00243337 22.3318564205 0.693865620019 1
-2376.4721194 -37.2651038929 0.994514654909 0
-6544.91953895 28.4931959148 0.962388185997 0
2919.46692977 47.1551683356 0.897281288777 0
4129.70617436 18.6832127076 0.979564186057 0
-4076.18930545 35.9305403894 1.01257086484 0
2209.44630099 -28.9667901448 1.0285703381 0
7192.48838654 -27.7048859038 0.994557876572 0
-4163.60751513 4.87638730356 1.04079264204 0
6460.41302666 24.9211463803 0.991378446252 0
-3295.07651678 -45.5673891066 0.970716507934 0
-3497.31986262 -21.6112579841 0.92505866076 0
3100.93928459 12.7603964544 0.636773785172 0
4268.13869374 -21.2126017264 1.00853282371 0
3591.55095856 27.6499552764 0.841273135234 0
2926.31592476 50.0864694607 0.97717394061 0
-9516.72677185 43.4954460138 0.99619410163 0
-1725.14951171 -27.263808444 0.391378916416 0
3570.07233345 -43.4596676723 0.963066908866 0
-1698.19169236 -16.9197092771 0.308923045889 1
-3376.75814015 -26.5872302618 0.87896440623 0
-2589.4916513 -8.45671660041 0.435043833509 1
5770.57070467 26.3532827836 0.983543698863 0
4577.43899809 17.9700964561 0.812974856323 0
5631.03243565 -14.3458078402 0.801587234091 0
-3964.38081642 -9.56837068483 0.941322240723 0
-4259.34227578 -22.2814493256 1.01767947687 0
-5224.63969965 -8.12611317239 1.04301994863 0
-3908.14372307 -11.7061950984 0.902869364049 0
4030.87501649 -7.45483207381 0.838905058809 0
1288.20006259 -29.3931936189 0.433208773861 0
2149.20170358 10.560138202 0.285692841367 0
2091.28851428 23.7801151848 0.967383975821 0
-4842.84467537 34.1375631564 1.06111280205 0
-704.546670637 -36.8752019421 0.648964574381 0
3428.20245728 -23.554135263 0.973268382454 0
-4403.50217279 -6.29206294302 0.943493425786 0
6360.79088604 -8.86439228334 0.888762036698 0
-2048.51421575 -14.5719813175 0.736795255918 1
-1140.73366583 -14.0565012079 0.610754955005 1
-4376.45653978 19.6714894606 0.980022994132 0
-2920.26020531 23.8944482704 0.424301770063 0
-6774.95027034 -36.8041829736 1.05707297588 0
3111.67538389 -25.8856683723 0.499391724548 0
6426.1543573 11.4397118429 0.982381952558 0
-1434.30744652 -5.89930827547 0.484792149144 0
2074.68075581 36.8267569902 1.0019739277 0
-5675.09226968 -44.1866340299 0.996202297932 0
2860.80150268 -3.95022826946 0.682434631266 0
-3088.6185304 20.1825153486 0.832077113823 0
-2917.18267528 -39.4907690467 0.967908807496 0
-2805.6588316 2.6932988329 0.559177659527 0
458.175022655 -26.2080993269 0.944957551904 0
-3597.48748548 17.8792828143 0.971135518379 0
-4248.32376221 -14.306170585 0.93275169446 0
