-1411.93421138 -3.48268640125 0.298850755072 1
-2675.50394262 37.135831023 0.632055576939 1
-5781.76569134 -36.4645705815 1.00379054798 0
1661.67530432 -9.56592248809 0.446142681539 1
2280.05021324 26.1943891329 0.523694503228 1
1958.90165005 -32.9582396005 0.868550689654 1
-2979.25880306 -36.68816983 0.542604697012 1
-573.866657188 30.982222713 0.651278635745 1
-1353.12886438 -16.8828486529 0.471857783759 1
8646.80041764 -14.1593534492 1.00256301009 0
-4237.90423288 25.3549060831 0.927329642372 1
-7494.02874079 -33.8847682452 1.10984929517 0
2842.48448824 29.7741672227 0.611945624851 1
-4355.82009363 -1.85524434609 0.961458263794 0
-8134.10637197 -24.3664415071 1.02069299468 0
-4264.41843268 -16.7732792619 0.957543851319 0
-2716.23476516 -34.7192543967 0.766568577982 1
2914.3488364 -31.6789286165 0.459895939414 1
-6599.56325354 -16.7025362121 1.08707196159 0
4560.82106918 -35.5783057432 0.855132326049 0
6089.78981475 20.8130607763 0.904234815346 1
-3756.65847966 57.1645973339 0.986071209888 0
4416.91407225 30.4649148847 0.877236282171 0
-5561.33231445 9.94443265789 0.798497107563 1
-2325.1197206 18.652601161 0.590048644988 1
6878.17522155 -7.72849323764 1.01015308917 0
-3735.75265837 -36.3117448124 0.987015965769 0
-8289.02046792 -48.1304883422 1.04454030832 0
6844.37662769 18.6205308564 0.922490404988 0
-6643.83573049 22.173422518 1.06196067155 0
4764.82783426 16.0447200716 0.952774231238 1
-6090.65662951 37.721019241 1.01153748892 0
-737.423255445 -28.740112706 0.468458406204 1
-518.249105849 19.7013792738 0.470657352079 1
1704.28391885 -17.1504677258 0.453356173126 1
-497.058856553 25.8010617019 0.695181743301 0
-5970.28042854 47.8464393989 0.995882565163 0
4274.88152329 25.6926933733 0.735653366279 0
-7341.18586829 -16.2398121858 1.08841254972 0
-2111.34371857 -9.83992267057 0.510091562667 1
5898.60423072 32.4830344866 0.953967677025 0
-2839.15979388 17.6495396123 0.486831993651 1
650.383018453 36.1329009097 0.386061659255 1
-2124.80233418 -10.2710057677 0.335781668459 1
-1773.26237013 15.5120167059 0.451322064411 1
1918.98156658 57.46094239 0.913086191648 1
-3885.00707543 27.3798767119 0.920221828424 0
-3493.5079602 -15.1260475118 0.949750362873 0
-3079.22142593 -29.7879494895 0.837039732515 0
-2348.70783126 -18.4757852296 0.469552126817 1
8746.6762676 21.6218771861 0.957687674969 1
-5488.75353029 16.3176094394 1.01442188162 0
-3417.4369235 37.792677587 0.878644418618 0
4072.14226824 -15.478884496 0.811250414363 1
4741.86828259 23.3935524978 0.873031228439 1
6722.25658163 -15.6747497749 0.922527091796 0
-3703.02731348 -22.2942037843 0.984760121867 1
10226.7814154 -35.62960154 0.924430246694 0
2352.38889145 -22.1342008082 0.964673732999 0
3014.10761311 18.7154346781 0.725498306079 0
1001.44166564 -24.8671962684 0.813149120738 1
-1858.22435117 28.5741600005 0.484277692756 1
-3702.35803015 6.75125081195 0.697660573573 1
6609.6408317 55.0681280662 0.929195954066 0
-3480.13258436 33.2031036744 0.637994523945 1
6175.0005661 23.3896037954 0.88972538924 0
-622.889711106 23.0588560343 0.592815311284 1
1942.80486659 -24.1251987844 0.691305407479 0
1229.05079414 -21.321744531 0.632938502927 1
3212.85974804 -40.2752834955 0.934735480763 0
2986.19477134 -4.9102846294 0.715490204273 0
5266.23084827 27.1769539998 0.91123965076 0
-1536.86690699 -23.1613367588 0.850309692279 0
2469.36000891 33.1958279728 0.70573536311 1
2939.42069768 22.2919281332 0.632518007287 1
-2719.82852136 18.6499269223 0.58767055663 1
2985.21586657 30.052759242 0.871063835931 0
-4986.6182608 -37.8056632136 0.929680405573 1
2009.83542873 -23.2566424924 0.886809241163 1
-2648.67107026 -11.5385837506 0.526384053535 1
5502.48720225 29.1395312991 0.863904781105 0
8051.65275941 -11.3863091846 0.924139979954 0
4252.9056726 -16.8346507312 0.855539897241 1
-5788.15776309 18.1283981819 1.00629853232 0
-1800.28164941 -13.4305095406 0.628358881643 1
1580.1470945 27.9768898946 0.573419947685 1
3243.61498211 -19.5260411805 0.922513026955 0
-2737.02305979 13.4788805666 0.56198809752 1
4350.28249239 -6.43100863771 0.870957660092 1
2656.8821129 41.3059492084 0.911962137842 0
-2626.50708295 -41.8304113456 0.997679232888 0
-1655.92008805 7.71875190382 0.388467227304 1
5670.51933793 -29.0293600607 1.03361962184 0
4426.20358131 -19.1163280373 0.875578283305 1
-2776.67501164 45.9367458252 0.994658280523 0
4233.7996833 -12.0796955537 0.767309460547 1
5029.54092108 -12.9509707007 0.870854445764 0
-2662.80703221 -40.6461509625 0.965588549965 1
2992.52210966 -23.9491194023 0.516247038422 1
-1890.83784753 -17.2492672473 0.85370764974 1
5772.62943262 12.37404522 0.850310863323 0
4733.05509701 -11.1040581321 0.876776307872 1
1647.32725805 13.949705285 0.409142055428 1
-3428.22620493 18.1338469459 0.742474416408 0
5091.96120035 15.1454501599 0.97040242156 1
3271.31305413 29.8631161457 0.740082609468 1
-2252.0553981 22.439642656 0.82162099136 1
-5310.92869067 -14.7475381941 1.02083598036 0
-1031.29304474 20.9175784896 0.468910893547 1
244.139641088 12.7291405211 0.230074123965 1
1301.34498566 24.0006885662 0.297725658163 1
-2035.1175824 -25.8587858363 0.986630288928 0
1340.94699365 -38.2332681623 0.888353039233 0
1863.97426993 -12.5002374436 0.333859804977 1
4671.57380119 -17.9990656411 0.91704023285 1
-2488.88339348 27.3693573265 0.598012815115 1
-4713.68685911 6.16031305639 0.757361636232 1
-5534.68152118 -11.5050046792 1.01098593718 0
3800.62551033 30.6645340701 0.8915174269 0
-4583.96713731 -13.1283881614 1.01290121345 0
-1793.82959695 31.4572160242 0.735860410483 1
2327.49738202 14.8075871052 0.426338622846 1
4224.85806445 35.9336418347 0.836537838933 0
-7406.0665507 -33.4465220499 1.0017881526 0
-4459.43697629 -11.057144611 1.02158577226 0
-3870.67206139 36.7041043028 0.882223387765 1
1206.11074848 12.6011415256 0.337704406386 1
3303.94954217 16.1413733511 0.770491824728 1
2827.62117535 38.1353646778 0.679975806884 1
-3554.6824925 -9.01544284968 0.510296750189 1
-3092.90528004 16.9405756168 0.574897396479 1
-3134.90994948 22.5917363694 0.824053182762 0
3946.81146452 24.4684529482 0.714731139916 1
-4757.65423007 -36.3151483968 0.753460064872 0
335.07779434 -22.8450294247 0.346832997413 1
1482.05930132 -24.2117176904 0.949320735387 0
5465.2020273 -28.1078425869 0.922257005177 0
5685.3964455 13.2315131032 0.889367892475 0
-4757.80008931 -36.4463725193 0.749566033977 0
-2171.79338983 34.9933302852 0.754686335479 0
-3791.14905244 -31.5964422445 0.763926354914 1
-3854.57395391 -13.0827950303 0.957129239522 0
4870.18095997 21.3413352767 0.679298160131 0
-2925.02682949 36.7612283534 0.791104813462 0
1675.51932775 13.4768509439 0.347419051635 1
-10963.2715293 -29.5767053515 1.03143925518 1
-4796.76818727 40.9115307619 0.976258062719 0
-1115.45855682 -12.5232392403 0.61789507819 1
3609.3118374 -29.4371983504 0.77931505733 1
4520.77141798 24.0345132297 0.961689475684 1
-3866.8321701 17.1366514368 0.825068319184 1
3364.78783547 29.6928508512 0.893620779446 1
-5533.92987174 14.1964916307 0.959894307615 1
-982.798534847 33.5621327186 0.808770962598 1
-1048.23018088 14.9350169778 0.344576646182 1
-5137.55810284 14.4741692308 1.01059349698 0
-1578.0694417 16.4675678345 0.461013965397 1
6277.91639947 -20.395763919 0.953240469369 0
2826.72667143 18.745102315 0.68385374636 1
-2074.80714741 -15.8794045418 0.439239727078 1
-3487.1378657 -13.1848096862 0.9131574295 0
-5115.47158946 20.1863161178 0.98621278851 0
-4318.44913256 -26.8270378482 0.997234113406 0
-5652.90449703 25.3922101267 0.99746280551 0
4552.12274216 34.4757305309 0.84934954194 0
4489.95255791 43.6838676938 0.811221722759 1
5096.36818911 12.7771827439 0.961982756264 1
-1548.85874711 -16.4006656484 0.35780776763 1
-3203.67437928 -26.421059742 1.00542646641 0
3653.45003331 -26.7291551377 0.760603053261 1
6275.8992903 -11.4826046824 0.979305649258 1
3116.93759262 5.85945194219 0.69503580115 1
-4769.43616526 -27.3027968286 0.905833443045 1
-4489.4560491 33.0378261874 0.990252924647 0
3238.03261534 33.4295745338 0.854085486743 1
-2181.94483406 -21.7033410373 0.982940232235 1
2212.67100651 8.69484772617 0.696836720563 0
-1875.43734532 -35.115931312 0.688971667767 1
2883.96484944 -30.9652647804 0.59515331456 1
1623.62925111 23.3077572439 0.68353460055 0
6662.87824722 23.2577725141 0.966870087215 1
-1537.93916107 22.968400126 0.560012155385 1
-5225.29917339 20.1757359788 1.00927048638 0
-1101.82645835 -40.9779732895 0.976539746362 0
3968.68446356 17.570694301 0.716047384011 1
3725.99466694 -41.2489558626 0.89243691239 1
-2930.66473543 -21.4142716001 0.99348615436 1
2658.35952472 -13.5764188499 0.624494371498 1
1722.95018472 -37.0581236505 0.898879985583 0
-7256.0909292 -14.5090662465 1.08561993893 0
-1271.50448767 14.2873209121 0.379557835692 1
4839.38737473 -10.5836895468 0.695343188299 0
-2400.94638279 4.02103398525 0.404825995379 1
3010.60432219 18.3835186366 0.73459771032 0
4855.5705276 -16.3862490745 0.931817073359 1
-5791.52268022 -16.223339349 1.01829914455 0
3273.86823918 -16.6257877616 0.828622007653 1
9404.41804824 -23.3497991851 1.00818117692 0
3930.71206475 -24.8533660934 0.849351273463 1
-7023.12545004 -31.526882736 0.981320901809 0
4209.75796152 -28.7836425415 0.76551498783 0
-3210.12677495 2.71326389151 0.418989476062 1
10045.4506818 -39.6878883495 0.938888585804 0
-3222.4698616 25.7563805907 0.898712301661 1
-4696.54094385 -22.6176246912 0.838201524641 1
-2438.38816282 22.1101293685 0.970730069136 1
-3425.11776511 8.10913140881 0.50103609642 1
-3496.41895257 31.2807812491 0.826236896841 1
7346.03855767 -4.83247341019 0.859227571251 0
-9600.04818556 -11.7729732678 1.10293240283 0
1183.23765505 -38.5195368252 0.47213700777 1
-5582.77193441 -22.1535344999 1.00134227268 1
-3021.15699446 38.3244925195 1.02711088229 0
2785.51457275 -45.9342934153 0.961541910387 0
-1139.50155559 -40.9332907393 0.633583120823 1
1936.08261738 12.8584888738 0.460161478461 1
-3120.07619567 16.402974782 0.663800216117 1
3001.23377123 18.9590239759 0.631782765188 1
-2513.5534335 -12.9558057908 0.408891749736 1
2553.19169748 -6.99644276723 0.487615038393 1
-1412.83053397 17.792229062 0.673765017063 1
-2532.73533295 -6.65939869938 0.4552926915 1
-3803.65043252 29.9831869267 0.993522017423 0
6662.45640585 -32.4013217307 0.956086864607 0
-1325.70128504 -19.6756397447 0.973937164737 0
6188.4777906 53.0281156854 0.944041384122 1
5179.92329628 -26.8181518902 0.822885006581 0
-3140.63423093 -10.9390496251 0.896621533613 0
1774.74090032 -13.1111299601 0.437624505263 1
1932.37840511 -10.3615871224 0.259970082881 1
-4846.69669679 9.21845045102 0.994637358524 0
-5790.37601544 30.0218465347 0.977960494927 0
3617.84125923 -20.0541575833 0.898490149335 1
3887.35023249 32.9212496478 0.872470323503 0
3514.15517358 33.0731658927 0.730213665787 0
2812.03193354 16.7235896184 0.705390191053 1
3870.80830638 6.65745632443 0.824549035515 0
1821.82099654 -25.2976604386 0.716193162137 0
5358.43893426 44.7197058647 0.934093229657 0
-3085.56618383 15.2650934852 0.583841998848 1
-2643.61261001 -12.2818562351 0.66249104832 1
5346.08209655 -17.2340685684 0.976201736241 1
-7805.8191332 34.7694681774 1.078567196 0
5339.22196485 -27.7589046859 0.878057400245 1
-983.90089565 37.5261333289 0.938331604607 0
4577.93992341 20.7685976753 0.931573594162 0
6122.73170487 42.715913976 0.993386515725 1
2093.97683079 -8.39786021175 0.283758539172 1
-2510.45304044 -30.6986810225 0.944777469282 1
-8221.39079879 29.1065993674 1.03102252959 1
-5160.44656729 -8.56036457802 1.0122251983 0
-5432.0267344 13.8831450597 1.07120030673 0
3555.5344884 22.106306879 0.925334255383 1
-6156.99090078 39.3379732271 1.01198693949 0
2515.53163992 -24.5408438728 0.476730055909 1
4388.4147803 37.5711340176 0.946663623058 0
-2607.21848951 21.2273240606 0.493097987649 1
1241.64798357 25.639790872 0.400012348839 1
-5722.7044078 -14.9499183726 1.01194986012 0
-9192.24615626 -13.8280756984 1.00308287655 0
2969.29955919 -15.5623751493 0.895087986052 0
790.029221224 16.1991358492 0.684707621778 1
-4693.68844618 21.9439949293 1.01532376816 0
-3973.81503094 -10.1800342604 0.951508243517 1
1074.98339932 -16.245013924 0.373333546113 1
5779.20061105 13.516818958 0.922974195981 0
-504.447250948 21.677911064 0.462455266908 1
-2242.28979325 -31.4382255648 0.474741293143 1
-3975.07666813 20.86420649 0.714285712923 1
-2109.93918765 -17.9116704435 0.384244212796 1
-6159.05287215 -22.3294945531 0.978719273894 1
4858.66110791 6.27162365823 0.912121039809 1
5881.97238674 20.687965698 0.840560380644 1
2973.09321677 -6.96162021763 0.765394936438 0
-2830.77459934 -24.0653114384 0.436986425223 1
3733.82199401 -23.0759489369 0.694682759453 1
5385.65209686 33.2520016365 0.821746720973 0
-5649.43642141 19.2778187025 0.876705037105 0
-7721.65696424 5.7789213676 1.00690973501 0
3336.96638864 15.6589610441 0.806875725483 0
-2432.75534716 13.1312889581 0.660851244318 1
5384.40841609 -26.2767589139 0.880317454557 0
1289.70447716 -17.7992270722 0.594001493942 1
-6192.26923647 14.925879143 0.990167639983 0
-2322.48752817 -54.3400071895 0.836162318627 1
3519.24775189 -23.7656489341 0.781992561647 1
6212.92826064 -18.4736112311 0.907268824245 0
-4744.41189352 -24.2157160924 0.976861337901 1
3380.77285003 -17.570060679 0.772764730077 0
-3447.8460663 20.1504230294 0.446327950828 1
-1106.66255598 -19.2544826922 0.784210637515 0
7399.74307726 6.23209212486 0.95412478035 1
2970.80616499 22.8491520037 0.530624421643 1
-1411.07699945 30.0633491758 0.665118327016 1
-5127.91349111 -16.8065421427 0.973890866541 1
3812.80686776 -27.6856155591 0.787116754624 0
-1808.26515597 -34.1240471403 0.984817998914 0
-1446.74290852 27.024722358 0.760565439606 1
5090.24087478 25.9983426274 0.93522538801 1
4287.76757887 15.4148397836 0.862876300365 0
-1783.58224872 -28.7290952228 0.825471953756 1
2952.12120209 14.5533545706 0.454216180311 1
-3451.75245744 17.2241172914 0.633966746809 1
1832.48714515 -9.97129217356 0.365095126567 1
1715.65407449 -12.6810876769 0.279510019475 1
3411.20316929 14.0501951325 0.860617118438 1
3622.07735263 -20.0416965896 0.830773490783 0
1433.54830837 -38.2756188448 0.38649113274 1
-3340.50862744 -29.6408121808 1.01619742165 0
-3689.10547638 -29.3203628411 0.495229698855 1
-8611.35285285 42.2044134156 1.00156168763 0
1609.37753418 -14.3585178216 0.411494715311 1
-2590.13552997 49.0329554498 0.888210305777 1
-671.934739225 37.6480878841 0.73700857743 1
-4833.70202617 -21.6955659964 1.00152849216 0
-5479.04070096 12.2129756166 1.03598972875 0
4875.08187046 38.9353556701 0.975659168435 0
-2874.29080246 -32.6208795239 0.991621528247 0
-3407.60324162 25.4649854378 0.762147338965 1
-3655.96376343 -27.9396405537 0.544506939482 1
-2226.89995414 28.0509489936 0.778442707747 1
2425.35714297 20.2582993447 0.547642396145 1
4214.60901525 -34.2337990497 0.906250253583 1
4533.56325536 35.6406740169 0.938730256835 0
-4004.40563213 -26.9666148916 1.00232557669 0
931.258205082 5.3801954107 0.233448071641 1
4338.91436642 -20.2203425629 0.98895744953 0
-7908.39143855 -50.6921538719 0.981096474403 1
-3988.47589302 -12.7406562478 0.792542938303 1
2637.50512905 9.1367470043 0.627353697707 1
4427.4855842 24.8871789789 0.83684890417 0
4057.21417437 -11.2577072885 0.791081651571 1
3933.4602758 -8.07780987915 0.798891798096 0
-4885.04350067 -26.565510254 0.9658713946 1
3024.13958301 8.95381813459 0.686362338306 0
-3576.18811325 -15.5322545228 0.991952631372 1
-4908.30712075 -25.525446756 0.899414847296 0
-2737.91808458 29.2868494226 0.682485296928 1
4398.80924675 -24.778265785 0.814184982838 0
-3154.97935629 15.3789473051 0.596391423681 1
-6072.27834655 26.117816757 0.995226138954 0
4275.07332895 14.9165719102 0.88203514407 1
1415.89059215 34.3985224073 0.550039330806 1
3054.81854765 61.7830159811 0.807617999742 0
-7862.36905843 -18.9870750215 0.983425495012 0
-7419.25157346 -21.5579681583 1.10450234199 0
5740.46476705 -23.7990846982 0.860219473279 0
-3444.90403633 -34.0973064766 0.866199372136 1
2121.06060351 43.6783117444 0.792859563399 1
-4568.07875638 27.322954076 0.988688733041 0
-6488.48012657 17.0625796455 1.00641870125 1
-2710.03905926 24.8377358565 0.633502147855 1
-3269.55320002 -16.5526133119 0.754437595013 1
4411.16292501 -14.4805945831 0.781910495848 0
-5747.63904995 44.6520554976 0.972124494018 0
855.382675654 13.5598670946 0.358821168475 1
-403.94202837 11.8134585983 0.302255178962 1
2470.81560594 -31.0891213076 0.894088264723 0
5889.65970718 38.4159966615 0.97885211761 0
-2566.65718341 36.8725398225 1.01231529054 0
-481.060790732 28.0975338519 0.600919308942 1
-3801.93389257 -10.883156262 1.0076215961 0
-1946.85991605 -16.5671476317 0.362423744408 1
-3124.0325263 16.3133891986 0.733319356032 1
-2547.01069502 9.18525362608 0.365553876956 1
-3397.20103225 11.3497543856 0.576583772654 1
-3605.35558808 33.4880907885 0.963473257052 0
-6822.98515982 22.9677362566 1.02358464948 0
4034.45546658 -22.8584487791 0.776377898639 1
-1985.79258692 -26.9730066691 1.00106531217 0
-4368.99165462 34.2119115118 0.985934770977 0
681.48260251 -26.4046942895 0.734384372029 0
1455.30725512 -17.810889281 0.354558691791 1
-1226.17939295 -40.3117727346 0.928361565083 0
949.179988815 -21.82315781 0.642424806675 1
-3946.75253889 -32.7664559669 0.9186492268 1
-3145.61806174 16.9080212685 0.480542371872 1
4018.10291335 25.9858322412 0.709107214342 1
-2176.34487787 12.6525584699 0.498336121808 1
-4784.09066104 -9.43662141644 1.01622786029 0
-3642.4082496 7.53416833713 0.780839562771 1
5090.85791456 -38.3308608685 0.949114485735 0
-9500.71070356 27.7070905979 1.02027936879 0
-5780.24486662 32.7483175794 1.01144157662 0
-1383.33139711 -24.22057249 0.380645459935 1
-5210.29588659 -3.58677866662 0.984744659645 1
4785.65970089 -20.0517218013 0.989583671094 0
4039.88084812 -28.8068148085 0.944654879256 1
-2291.61744147 21.9133389635 0.448446404689 1
-6242.07655532 -17.4872699316 0.941377738025 1
-2064.05928061 8.82409206523 0.378715661546 1
5891.70870938 9.46008877141 0.808421787775 0
5893.39416024 35.4262473571 0.91658946498 0
-3978.65162158 24.5819865768 1.00452593398 0
-3965.1264598 -19.3285831453 0.886574382901 0
4721.4109289 15.756197194 0.942055653883 0
1985.9032482 25.4505168019 0.803156489559 1
-1247.95146162 -34.143592602 0.811291924431 0
-493.547501277 -33.7577557948 0.382917333802 1
-1375.87025062 -18.0908005296 0.580016691181 1
2600.3004059 42.3670727928 0.766621781877 0
2313.04172905 -23.0336896398 0.491080635197 1
-2876.84282399 -8.83413943806 0.613164583009 1
-8528.07614899 5.75830655701 0.994270533421 1
4983.56211822 15.3054640687 0.993880712595 1
-4763.02864677 -24.4961539632 0.93681875585 1
7806.19498313 27.6240953836 1.03691461211 0
4835.89599392 -16.352350887 0.956657803215 1
-5307.21290522 29.6568908394 1.00036847711 0
-5599.73510171 41.3966437484 1.01952972786 0
-3234.5666761 39.0383348732 0.969113317997 1
-1663.44279342 -37.8440506298 0.900158812165 1
-1114.56188351 25.2204320125 0.526384800148 1
2486.69409664 12.8973154521 0.581905843513 1
-3090.07823145 13.3658551397 0.55987614 1
3217.71602963 -15.128036447 0.711122557849 0
5580.25626215 19.6464169934 0.788704703514 1
-2600.54446837 -36.0832165699 0.998165060083 0
4584.17197214 -22.7596254664 0.882143124553 0
-1465.15463487 -19.6031993191 0.48618179559 1
-5081.0830394 30.1645042408 0.999725651102 0
628.136109452 18.6730809624 0.436048590683 1
-3232.01133605 -25.531547706 0.466086299015 1
6149.35238328 23.3043227694 0.881425713633 0
4006.19394665 24.9635085099 0.979680993746 1
-3174.67959566 15.2787940368 0.649440927911 1
3146.62308235 -27.3381961094 0.636068927062 1
-1461.81090408 9.0626920457 0.375484723951 1
1350.69450328 32.4961079578 0.65809409651 1
4681.03005123 -34.7741669977 0.839270093145 1
2205.97866427 17.2859432511 0.384613564549 1
2860.43630282 35.9007286625 0.632761469212 1
-7347.64838235 -4.97588315021 1.07763464698 0
-1730.03104972 -29.9877883928 0.422535371513 1
1370.00671838 25.9542715312 0.525998957028 1
-952.805694728 16.9328544898 0.399270839951 1
2186.44000717 29.1651840535 0.765292534533 1
2238.60646411 14.4682724877 0.423356932428 1
-5730.24551558 15.3947865084 0.983934570715 0
-2252.38306404 -22.5427231506 0.703696993022 1
-1878.35121684 46.8184920121 0.791577916187 0
563.614623859 -19.6960188767 0.755671195728 0
4591.2554209 42.0090962675 0.93400440738 0
4702.09798576 -23.3809256256 0.856330800854 0
-5511.12026491 26.3632227719 1.01237834096 1
-4764.21098199 42.5877911277 0.97399497755 0
6689.48508205 -1.83529124777 0.869956986846 0
4973.05148822 20.1589428673 0.897115035374 1
-10193.30673 -39.1063818517 1.12823955511 0
4941.30059104 -37.0273974146 0.870099557759 0
-3298.95359832 -8.40044211421 0.540614215231 1
-4968.80118196 20.7833337337 0.9778276398 0
-2916.68875953 28.5595871994 0.817599404781 1
-4232.9192634 -23.7577173817 0.998356123565 1
2404.24941874 30.760910558 0.648952029989 1
-4048.47138029 -25.0704917898 0.802495536684 1
-8607.17211402 24.096169646 1.04534239349 0
-4842.4591717 -44.1829052265 0.957767359842 1
1509.0651238 -17.2748563016 0.40357013553 1
-3625.98325109 -42.713553132 0.935987053772 1
-2620.9578729 -27.6942227856 0.906883431078 1
-4679.08387474 26.7289504841 0.971347993439 0
-6073.94130086 -29.2700436361 1.03235174719 0
3395.12665925 30.0085982527 0.811647529748 1
-3488.87181425 20.4209418185 1.03526450528 0
-1483.40308141 38.0912227436 0.500758341206 1
1540.83971371 -23.9289934981 0.485515079205 1
1467.61547519 21.3860361012 0.50796239809 1
-1403.32727233 16.5118901669 0.641727300226 1
4002.98460764 -13.513896672 0.853266314209 1
4476.72945342 32.4386353369 0.833401637732 1
3631.4031008 -19.2500752236 0.664727070104 1
-4487.20177183 -13.0854641087 0.836819231477 0
2267.47515532 29.682621396 0.860740061558 0
4421.30641933 12.911217775 0.715590656479 0
1451.18113401 37.5708363501 0.593647895943 1
-3870.83608385 -13.243225528 0.98030269333 1
-3011.40862535 31.1817120517 0.665588804423 1
-4303.99753561 -24.8216470039 0.991622991537 0
-1325.40049765 -27.930269836 0.619489623577 1
-660.434653958 11.4801669729 0.453691802632 1
4636.53038176 5.46513920596 0.896084360818 1
-4305.62097318 -21.5623522698 0.748023283104 1
-2256.40714306 17.3797420534 0.602379570509 1
2552.93499632 11.4372293688 0.626163426201 1
1421.94944848 -57.9267234649 0.855708191038 1
5502.26608372 -21.7413397917 0.984758906749 0
-3805.83450921 -18.6622185861 0.990771192676 0
-5300.60612989 -16.0005855782 0.989664306454 0
1647.17868971 -22.6026265699 0.339217244872 1
-6677.94100764 -14.7903397234 1.01461601457 0
-2953.41513244 13.8379239207 0.499754077913 1
-5483.22745718 22.8991014006 0.997274815526 0
-2925.62636611 -10.5085629778 0.447089534268 1
-5004.79132401 48.3956391973 0.99069712542 0
-6602.3132529 11.7154972729 1.10305732619 0
-5412.03042573 24.657262972 0.991503513374 0
3930.77471183 -59.3613752523 0.922860601871 0
-2247.51513627 23.195404405 0.801869183319 1
4529.50054633 -10.8183596347 0.827103771347 1
-3048.11866797 16.1360707609 0.58048274475 1
-3946.0277161 13.7881812325 0.923195135277 1
-5012.57067072 -16.9593607821 0.968165866426 0
-2380.50828062 15.2841660778 0.435352612246 1
-3690.90886062 -22.1745297507 0.717833244413 1
-3871.57653132 -7.56107314971 0.941199663933 0
4068.80958957 29.0067787467 0.918699650774 0
-5587.13689879 -22.6946328331 0.986668585587 0
-1941.80206025 -18.0074347256 0.780990616745 1
-1976.74591894 11.8997554245 0.347684035603 1
-3189.03879079 24.6052927436 0.839137825355 0
650.290342512 7.70219626713 0.21955384761 1
-3387.59596214 32.9461355542 0.964276916545 1
2169.03568539 -15.0322584747 0.43126738464 1
2985.77117119 51.4638948267 0.932330947664 0
2723.76275929 47.3481661714 0.825583654919 0
6354.78376433 11.8947454468 0.960810280338 1
2894.65752115 21.5833227265 0.745944944015 0
3285.31789223 -17.0448111941 0.549862278558 1
2401.67465788 28.380210252 0.811529122855 0
4599.7663224 -35.7634308067 0.958208381744 1
3393.33660649 23.3658286423 0.822605562881 1
-5988.5530644 7.61449423356 1.05426024564 0
3662.25658254 -39.3890536642 0.759979145906 0
-1195.65723759 25.6921066687 0.373980330293 1
1682.15873262 17.0695679241 0.408386251413 1
5451.85812081 13.5387508442 0.935546267636 1
2650.23244932 -9.57635464433 0.808072903264 0
1783.16878504 14.6488039519 0.386791686105 1
-4594.56315664 9.2089116447 1.01559905361 0
-4259.59208869 35.9976103789 0.910086758905 1
-6181.39581593 -35.3262079144 0.98401408904 0
-5985.13656015 17.3573231669 0.979993863038 0
-3219.4945006 17.5307076861 0.631048525222 1
3522.80543157 -25.4715548393 0.548024177333 1
2249.7535647 -15.4979203948 0.589866874486 1
3307.41759053 23.7430616347 0.832255575176 0
2546.23260071 -27.4152969103 0.821050453398 1
5520.35167043 19.0666488295 0.882742309187 0
1979.14204073 13.4080512835 0.393225561667 1
1854.70852182 -22.7609176643 0.709939780695 0
3507.33356412 -25.4222415474 0.797123971314 0
2289.03575528 10.1609572808 0.470439569731 1
2585.57133968 32.3613692534 0.808094330233 0
-3166.97532458 24.5696851362 0.587994095969 1
-3479.28273406 33.7636643451 0.9460071347 1
-3035.39722245 19.3918087389 0.714613319993 1
-2550.62722624 -21.770958221 0.427389194484 1
3629.1726394 26.404749598 0.839617169069 1
3340.19688022 -43.2438243713 0.719958762182 0
-7353.03739812 25.2063124435 1.01925730474 0
4193.83585119 36.4218382657 0.862809095968 1
4002.28143684 4.93760211192 0.776011169944 0
1409.09194262 57.687035425 0.931812078367 0
1666.86570995 60.9855063587 0.865124564289 1
-7861.02382977 15.0862267192 1.01644264043 0
5021.63509217 10.3065615898 0.960133920774 1
241.950519111 -8.39210356789 0.20685595084 1
-1932.02605792 5.38484109855 0.298117422362 1
-3497.47427704 -42.5703574657 0.997795838681 0
-2494.70908065 -14.6419054114 0.496841823611 1
-2349.63361232 9.36036266601 0.687175589309 0
-3648.46627881 25.7002460609 0.859441905065 0
2543.70395749 -35.0966379672 0.542965332443 1
-5905.0325579 -18.3685518834 0.999693724058 0
-4964.54753076 -17.3238614727 0.953871113612 1
-1674.45047731 6.88091807889 0.418030945803 1
6182.95788 -9.73143374583 0.810549928007 0
7956.61821505 12.2145902301 0.969156340843 0
-2967.12926707 -39.5141077128 0.455328678669 1
2824.59041581 -35.3546817398 0.984758789038 0
1975.56649247 17.8189743121 0.844413078979 0
4724.34785552 28.3531652575 0.848871781473 1
6876.0416733 41.2395832205 0.935755179413 0
4794.93201328 -25.7273101011 0.86719332377 0
7397.05640886 -12.8552474641 0.932881213403 0
-676.414826927 11.6007515412 0.310692279172 1
-4456.39583651 30.9960628568 0.988206399607 1
-5801.56438643 -22.5682482679 0.984871645423 0
1559.65527111 -21.7818188731 0.363653492412 1
-4060.10178467 -29.4373396924 0.984120263664 0
-4775.52498556 22.2942938847 1.04103890853 0
-3543.86209624 30.4257209721 0.822864280244 1
-3761.91263164 27.3327230739 0.950572069719 0
-3281.46506277 52.118245247 0.847267763714 0
-2044.50843868 -11.1185257724 0.410951010766 1
2409.6274275 34.5274345342 0.722794167669 1
-941.502762924 -29.8148421886 0.983200684467 0
-3742.54262511 -49.1026957866 0.910638467269 0
4129.88912885 -28.6096834215 0.990927469369 0
-7548.74716405 -17.8027391208 0.998227425645 1
-6092.94047566 -22.2579656707 0.989068705866 0
-8277.64147029 25.6568757569 0.992801860882 0
5865.22190595 -47.8704109162 0.972469195214 1
-6436.11575174 4.67654190007 0.958630531699 1
-2134.54194896 11.14514667 0.400176808443 1
1947.88573283 17.465240172 0.798371477769 1
2116.07581573 19.2865318326 0.452977442905 1
-3616.74943434 21.2137969455 0.896831406034 1
3040.80202292 -40.5935673781 0.986157136132 1
2674.81084985 -26.6632736966 0.477672637334 1
-3723.56965507 31.6651466443 0.820938442145 1
-2072.61801804 -33.536762903 0.726887078364 1
4812.03196049 28.1455649424 1.00530060668 0
-2853.50528081 -39.4372355433 0.482574919265 1
952.265670729 29.3958951154 0.683402140818 1
-5208.17898494 -6.98830129283 0.987031641661 1
4071.05659555 39.6107311465 0.857506536256 0
-2355.265345 -9.00033793715 0.521992111807 1
2886.13485792 -20.1129164388 0.465994972465 1
-6331.25788215 -19.9123145176 0.99471786633 0
-4258.10113726 10.0114086583 0.915338008453 0
-4431.99533747 24.7429156117 0.992792514335 0
1240.21568205 -8.80644910524 0.387207643598 1
-6237.65800814 -13.2509283204 1.08776415338 0
-7900.31772951 19.6339275153 1.04550342888 0
-2869.08061421 -22.574571096 0.995777363565 0
-2566.99219338 28.4634797955 0.885033751255 1
-10053.9956772 -19.6875725534 1.02728149479 0
7419.02205807 31.1461235463 0.861892633272 0
-7132.62122463 31.962751504 0.973933919707 0
8134.47484204 -25.9894762177 0.949665010331 0
-2915.38575551 -36.6347280114 0.968989079995 0
-3001.17290502 25.4617658973 0.72788214052 1
-2325.47027454 29.1019950612 0.810331898713 1
-311.439817838 37.1159849963 0.391615027987 1
4847.81749095 25.3345637454 0.776239368383 0
-3722.43829052 -16.8121629658 0.877951994297 1
-1047.49551327 30.5949338096 0.64543428139 1
-1662.55375859 21.2917458878 0.488482000569 1
-6457.71766132 19.6208202928 1.11015734818 0
4525.23060017 18.595152738 0.857196832809 1
4069.68933576 12.0631684225 0.879458167798 0
-1974.09247652 -9.5995058712 0.327084455417 1
-1665.31102103 -44.2119795038 1.00131163901 1
7469.46537085 17.2294494327 0.92583779064 0
6230.80339204 12.8635608412 0.988912291026 1
-5346.55509654 -19.3169167663 0.999977905915 0
3226.76376619 18.7359571879 0.68115063746 0
-2824.58959531 -21.5332200907 0.412507710419 1
-2530.64557758 -15.2960386878 0.407346133262 1
-4301.06771945 -11.8568554154 1.02290832589 0
1474.51302051 27.4543416039 0.475863757458 1
2513.74621107 43.8947636521 0.888076496381 0
5087.75633522 -11.1273878818 0.910151262825 1
-2318.88597242 43.0509303511 0.996155613245 0
3636.90927333 27.7674931503 0.757857029627 1
7668.89638644 -39.0585979216 1.02540608764 0
2485.38434847 24.3609692682 0.674087265133 0
4604.33533933 14.146153049 0.915823803308 1
2475.67810958 -6.11153131516 0.455006692441 1
-3186.28640511 -32.1921583581 0.846739074851 1
-1975.13120506 15.8415290331 0.465787291559 1
-3831.06734273 16.582289001 0.904369263265 1
1121.77219166 16.6974032663 0.361378601665 1
-3734.52488312 27.1621422443 0.967419186627 0
1925.12188856 -37.8579515741 0.871846487924 0
-5226.57513716 -34.7247569983 0.974476304393 0
-3138.60771022 -26.1665781929 0.972712901817 0
4184.54668343 18.1910759498 0.754249694313 0
2466.36308875 33.154746185 0.846077040281 1
7202.03790891 -29.5536254914 0.909132468354 0
2911.57822193 -29.9076742959 0.428246190231 1
3688.01240367 -10.4523305504 0.768762232373 1
-6403.01267255 22.7217432651 1.0143261135 0
-1186.66893873 29.3330648052 0.799801879588 0
-5303.21470426 21.3782242895 1.00650218351 0
5433.29432087 -25.111539827 0.808958901365 0
-1103.6884228 -32.4905752819 0.363277654602 1
-4433.72606859 -25.0599880435 0.990609140548 0
2033.06379633 13.2196468167 0.403523081698 1
1304.72126484 19.1418938718 0.395271145992 1
-6610.26289953 -33.1826191567 1.09593756061 0
2595.43839302 18.9706692462 0.41459742124 1
-3926.30062273 -21.2820111478 0.617622936494 1
6906.92452107 -19.8262449087 0.941360587969 0
3116.46048965 13.2667073264 0.729021515649 0
6013.83511148 -17.6919881675 0.896315533978 1
5972.58920214 37.2159706086 0.8989904069 0
-1869.2447627 -26.2108348023 0.568938401694 1
1770.97683752 31.0209272066 0.481022634958 1
3667.9341016 27.8473302843 0.957025921645 0
-1366.48627771 28.2277111638 0.659287437283 1
-4372.7543393 18.171912824 0.991030677865 0
-6229.36802475 24.6287194421 0.996274349692 1
4280.19249463 -17.9461495932 0.72821470459 0
3415.67071916 -31.1216072345 0.93447633973 1
-5159.98220374 44.2023214664 1.01349204521 0
4413.9179335 -36.516682822 0.681173278204 1
-1397.83232004 -48.929809111 0.979351637032 0
2129.43262176 10.9118649115 0.512850036393 1
-263.516311667 21.5136382953 0.296150502122 1
1875.35885419 -67.987794862 0.927446015744 0
2224.53385474 10.8257617946 0.344743680398 1
2034.08972073 32.829889334 0.767339597631 0
1933.04634388 -17.7604072932 0.329560100862 1
-4957.27515689 -13.2963819562 1.02379429598 0
5141.70122041 57.0595817284 0.960143145006 0
3124.41077735 40.0504884201 0.699534532906 1
5674.63243441 -17.9757685328 0.945427352801 1
3132.06722512 -34.7285139601 0.453143234761 1
-8203.58269253 9.02142582664 1.07080551629 0
-5491.51343915 27.3021450227 1.02849426182 0
5463.76810386 -31.2014991112 0.859359601751 0
1505.30554569 -23.921963526 0.573329977537 1
2336.68698233 46.111927104 0.839051923645 1
1985.16692164 -23.0957800178 0.330172475889 1
-3225.9684987 -26.299517666 0.753504977682 1
1646.65832304 33.9615533205 0.692519006507 0
5304.54068319 -29.9171883357 0.899522947333 1
2009.9498128 -25.8651046857 0.45389116598 1
-3584.06337965 33.8181809086 0.984785640094 0
9777.04193713 22.7492550653 1.00984179857 1
7268.45845293 -16.9561748252 1.0179047152 1
-623.14048768 30.5758128528 0.630271030445 1
6058.91673373 -25.8104517127 0.939917705806 0
-4545.52684206 42.7519459317 0.998485834615 0
-3696.89784801 33.9415529948 0.934747663995 1
3478.48686278 25.0563657397 0.795333511561 0
-5093.52010361 42.7073667518 0.831935235262 0
-6557.81132814 25.1663204549 0.976658633739 0
-1400.48404998 21.1663530179 0.449023718839 1
-1830.26001194 12.6814307314 0.515076337094 1
-1899.35916991 -15.6142991707 0.807389218796 1
5450.09346121 -20.5996222451 0.827876684438 1
4824.82245815 19.9794177484 0.906920919688 1
5145.05351377 16.6281132647 0.929253361475 1
2863.22774823 12.3040984441 0.469788092112 1
2125.98711237 35.1169293774 0.677111990009 1
3204.61933869 37.5778458543 0.867146776059 1
6246.3392533 9.36946996742 0.89540450052 0
3743.27838019 -29.440343004 0.839747958386 1
-4496.78203214 -29.1451751381 0.985525947904 0
3161.78531921 -26.9434580724 0.69127246485 1
-2315.68035159 15.8788706835 0.547973950935 1
1938.69581466 -14.9742024428 0.321210258755 1
7722.69858677 21.133182806 0.933167646663 0
-5811.72977406 -10.222868775 1.00940811766 0
-3891.50763641 26.1480098216 0.993931592828 0
-5908.16075211 -37.790567093 0.995047453644 0
-2256.86334212 -41.7008693553 0.427269439457 1
-10253.22991 -44.3948787872 1.04073574918 0
-3515.60178745 -12.8055268576 0.920760952349 0
1635.06004081 -23.4928574227 0.393871623271 1
-1116.48350565 -33.013559564 0.562895430766 1
1569.19619585 30.7144328866 0.965421008394 0
-5542.82371911 6.48700800083 0.973098317505 0
-256.903978339 45.5370907808 0.735421606247 1
7090.95952751 -14.5182399303 0.92823230924 0
-4354.56500759 -5.13218242496 0.880167792871 1
816.57410829 -21.927731817 0.399658732427 1
-2819.68494063 14.634444255 0.466394067139 1
-5611.15110414 -30.2691312162 0.935550957254 1
3077.63566988 -9.45258380256 0.664672789099 0
945.050854358 -15.0147056234 0.38746389001 1
-3877.72309608 -29.58159238 0.964289594671 0
-4914.88039735 -35.0991553164 1.01046840927 0
2883.78064716 13.9151704719 0.667324399537 0
-1156.45449031 31.6106201103 0.382496345911 1
3529.73443748 -19.8687918561 0.683380787039 1
3921.73286923 14.2866292245 0.747314561839 0
-4041.92240281 17.245017718 0.930413062906 1
-2675.84510755 -30.6295287107 0.542052057066 1
-6098.12980029 29.0793474338 0.978972743494 0
3498.51350454 13.0567767315 0.79331801786 1
-6855.73768587 -28.5563287991 0.982809941313 0
5504.97922392 -30.0787918286 0.937856780294 0
1865.27395905 35.3815205791 0.720890091535 1
6726.61003332 16.8073579863 0.904534045783 1
-576.967909368 27.9636986398 0.724568169503 0
2450.16204411 -15.751233937 0.492921000287 1
4108.42676279 -32.6516407427 0.84025605631 1
5808.55390928 -13.2745160086 0.965167415834 1
4649.70000889 -28.1577619563 0.741721392947 0
5013.17958493 7.21667709212 0.919251015148 0
5206.88628153 -24.7258420532 0.822016997292 0
-4641.27532 18.429746691 0.990945545959 0
-3494.89230245 22.2404051023 0.952309178899 1
-3020.96025993 21.7503742623 0.708186346307 1
2402.02382704 16.6379172359 0.521019160917 1
-4103.44394625 47.6568070283 0.994959318551 0
2766.9995564 67.6399589499 0.937314303745 0
-865.325757887 14.9538665029 0.396317703831 1
3394.27076786 18.802814244 0.84934871417 1
-4818.0772238 -14.6642310008 0.927800915038 0
-3802.55489906 -28.3824278602 0.986473277375 0
7247.57296404 -30.753178393 0.967495059831 1
5362.09634007 -22.8707578777 0.943699160197 1
-6848.37622636 -46.8710921335 0.981746778359 0
-6698.80231088 12.834560016 1.01551593501 1
-2745.22126549 19.4655536129 0.654037836423 1
4734.82487288 10.4354535315 0.902450388726 1
2522.57012872 -21.1996601316 0.584114122733 1
4267.94618442 -39.1678772981 0.858736042296 0
-11392.1090202 -30.7745030228 1.0030427143 1
3248.31525823 -20.2820862791 0.839738182061 0
824.299061489 -31.107538626 0.481975855531 1
805.541640341 66.0364027021 0.97941296249 0
1248.35395314 28.0566435717 0.725182091285 0
1621.4897328 17.2302959687 0.467622976328 1
3430.75819592 31.4963448326 0.919738261322 0
-1813.38102338 16.7088536447 0.500529681145 1
2311.95743076 7.48168824173 0.357776225007 1
-3014.95575764 20.6395940866 0.470416483847 1
-4627.0285667 -13.9521701813 1.011732695 0
2719.97978698 20.8023098993 0.76647255243 0
780.217971682 41.0011158337 0.616686026223 1
-2991.10293571 -13.9257385293 0.570000461556 1
-6488.04797875 -11.4168776403 1.0651965349 0
811.455376385 23.2499490413 0.509064238526 1
2213.24798279 -8.34530304768 0.474743275072 1
-2713.08564472 -15.4328593687 0.402301547061 1
2542.70169954 -20.422159027 0.428819932462 1
4689.79936828 -19.6224064166 0.884595389311 1
-1048.44381306 32.8757479838 0.63405184111 1
2484.82430849 22.0363233947 0.737376561953 0
-3361.67246909 -37.0963514239 0.878805206572 0
3222.28136689 32.5822471572 0.864991822215 0
-5583.22875598 27.9653956352 1.01495937087 1
7869.86477481 -17.9028119241 1.00454072288 0
-4461.46087871 26.8352648499 0.876847607579 1
966.524424908 21.5512661655 0.298186246822 1
-2365.31624207 -27.7247848788 0.714170163306 1
6493.82325904 37.0132697958 0.993171897394 1
-1768.75838671 44.9758226656 0.638255117243 1
-4479.18694521 25.5265433484 1.00397763999 0
-4685.45548681 14.7719319056 0.998394840989 0
-1585.09763319 -19.2617262567 0.470711625612 1
430.730462879 -13.8647535362 0.25991789191 1
-1723.61890385 -36.7496212971 0.389756314041 1
2528.64936435 -34.7470226764 0.924514226184 0
-6913.6808091 35.3744050706 1.05230246765 0
-3186.08930394 33.4587396791 0.997813772108 0
3449.12221974 -13.2436762215 0.665683037303 0
7351.35679221 11.5061685589 0.958551562603 1
5372.38586819 -33.3513204424 0.863420958022 1
3302.00719823 35.3670456105 0.824231733611 0
-2110.81435009 12.8934437741 0.3947248187 1
-4285.5292382 28.4892697601 0.74601169913 0
3317.69336774 29.2273962278 0.731196540781 1
9512.42209875 21.7367002889 0.988151975634 0
2749.67071377 -20.5753248114 0.883030587681 0
-814.620568919 19.3772655733 0.354735989759 1
2978.58961604 20.4678952527 0.741412657161 0
-2411.14001227 -8.47724828395 0.366945390164 1
-5260.68575394 22.2230102986 1.00515966942 0
1712.37854 -19.1389574281 0.607934356944 1
5704.51469532 -12.7538427459 0.969926482782 1
-6684.84230214 16.0313899084 1.07874378981 0
3974.15670848 13.9860687073 0.830343294796 1
2658.83492154 -9.81098660921 0.470131127898 1
2942.04635346 13.8454645303 0.566480856103 1
-6619.90542565 -18.2066967449 1.05018257021 0
-2128.38362207 20.3347082033 0.492525216547 1
683.82162554 -34.1805602893 0.397646934299 1
-7971.02487911 -39.694053582 1.01822460812 0
-6419.49302631 -22.4203494635 0.998956657869 0
-7197.50920939 -26.6962941788 1.01008377133 0
4492.04937199 -32.3878066475 0.903132536118 0
-6638.65401874 26.811333265 1.01092499785 0
1922.48061826 -25.7568071279 0.639802401338 1
-1589.57426961 -14.8507596463 0.350519061673 1
-4757.4442071 -10.5708648077 0.990916719936 0
-2071.89634537 32.0686002457 0.813999686213 0
-9554.37956449 -31.3129291245 0.995506489105 0
-3116.71254799 -38.8671557465 0.810063223624 1
-4751.03963242 -20.202564504 0.9970923919 0
534.560371293 41.2591100265 0.711555863848 1
-3097.68953184 -10.0156680584 0.557288340066 1
2987.74539254 -15.5223853269 0.713753915511 1
6262.27920156 41.6615424165 0.784508036198 0
5071.72187623 23.9756222926 0.887804117012 0
5548.95624992 -16.0161052188 0.829081669803 0
-1154.82987536 -8.14108592177 0.28254442813 1
4015.88960908 -37.0252102418 0.903920683868 1
-6498.58941971 -43.6251888674 0.988320384488 0
5563.91501085 -29.4408770884 0.928189777788 0
2148.69046711 44.4760952289 0.777934886747 1
5147.95772855 23.8800531473 0.850667979384 1
6814.87762223 -19.8911395846 0.917911419404 1
2659.66960208 10.095080647 0.564959851607 1
-4104.78937646 22.1269869365 1.03135649807 0
1178.67228945 20.6114212982 0.682574721789 0
-3629.97910847 -20.0630172479 0.488824657893 1
-8730.17234337 22.4403061698 1.07285377125 0
-3635.82282012 30.3756063286 0.981111018462 0
-8508.07089955 33.3656998418 1.09335157514 0
7117.30412117 -20.2340630121 0.9668586631 0
644.257042567 25.8157728804 0.536536134324 1
-4886.59195387 36.0517074252 0.998125490532 0
-1095.82175273 -37.564689314 0.774607640913 0
-5979.90432403 -26.7382651459 0.864027266522 0
-2482.96748111 -15.9074984489 0.430767777807 1
2633.03239472 8.04037874557 0.557679466471 1
-4299.0368652 -14.8686802972 0.933772194998 0
2494.19036126 24.6187191481 0.559962991638 1
4726.74553438 11.7892762026 0.703543015596 0
-2422.71146462 -20.5997118948 0.439144224832 1
-6954.57406295 -13.1792800219 1.03110278343 0
1370.68966939 -13.9739464352 0.332260485174 1
-3911.66955906 20.7622987877 1.03043521002 0
-2520.86996446 -17.7895150336 0.58103709055 1
4180.03439359 9.6687711224 0.835961326742 1
3414.11204713 6.90721960985 0.779481777751 0
588.056909058 26.8988083697 0.54343879008 1
1852.69859958 15.9403008226 0.374448573431 1
2737.17379196 12.4233067895 0.41813861127 1
4499.27814701 31.6749475597 0.856922555816 0
2905.44448569 -20.6206493365 0.508746650542 1
1533.4379139 -41.3887526252 0.475883254982 1
3736.65915964 -17.5176864723 0.850404141351 1
-5059.93765215 -17.5906945111 0.99009795908 1
1358.61669879 -12.8575415122 0.461105396456 1
-3362.51044053 27.4233375137 0.994786551841 0
-3398.24252547 38.2218408465 0.958771778372 1
-1201.14243393 -24.4288636583 0.415735188702 1
781.696803063 -42.0453695316 0.881343678411 1
-3219.07830469 27.8737646859 0.997439031361 0
-3757.37715084 -10.1861676978 0.932583609369 0
645.622988606 -13.2766723362 0.378454933429 1
-1102.75005445 35.1440188565 0.747010916386 0
380.225688798 24.8953298716 0.73149583301 0
3515.97045726 15.2452620068 0.714790043585 0
8762.57994729 10.3564959978 0.95691165643 0
-4928.73407911 31.7009860959 0.994467632562 0
-5002.86845542 43.3164429096 0.990714699072 1
-2733.97501925 23.9837726722 0.616958214013 1
4912.37842921 -8.6537223127 0.855678049841 0
-6846.49913637 14.3499767486 0.998634083117 0
-2198.79843407 -29.3532651088 0.799798875115 1
-10148.772314 9.27533636575 1.00682033671 0
-2160.53173602 -20.9656446274 0.938306315011 1
1015.41110239 -33.1348891168 0.35386774412 1
-6246.78897464 -23.6960341479 0.982773819128 0
2592.07484187 -19.8753799675 0.491737796983 1
-2651.27537139 27.1110686367 0.609527239496 1
-3826.4057757 17.6536828965 0.898409842018 1
-6352.63894891 -6.99883627966 1.06154159647 0
2664.94317149 26.5607019889 0.935824539009 0
-429.448060733 -3.9656507303 0.218021053168 1
4369.26375059 -9.16885143603 0.913511938774 1
-4499.14352724 39.1779799924 0.986463079992 0
2092.3917731 -36.7426472823 0.925871683218 0
4591.66787807 15.5405147032 0.856821051081 0
-1283.77385106 -37.184623688 0.507576396871 1
4904.94014896 -24.9453795265 0.844062347703 0
-1887.86317205 16.825048053 0.57049110643 1
394.525330559 -5.72863881028 0.188936879055 1
3271.87186938 15.6973948576 0.682535144613 0
-4468.09991663 -13.1550573257 0.774445572911 1
-4055.93368748 -20.5988153313 1.00797089803 0
-4422.18547987 30.747690088 0.982177489922 0
2365.82031204 -21.2627796577 0.608936358715 1
-3021.40654649 16.5303321306 0.835290883431 0
-7131.39667943 -17.4263632924 1.07762066992 0
2220.92368977 -63.9207021901 0.730191782199 1
-1740.70713878 -7.49745718634 0.355048133932 1
-5908.73535757 22.7995789753 0.989471678807 0
6157.03430797 -8.68401519697 0.899429539573 0
1629.44789508 24.7090136844 0.566833162214 1
7523.09202065 44.0819795584 0.938375265037 0
513.295687233 32.2473329787 0.733958853032 0
2452.72670492 10.6089077021 0.512150487304 1
2798.48745925 -17.7613934239 0.758912312375 0
5197.68770066 14.6258857653 0.819864983908 0
2245.80223991 -22.860034772 0.376963604223 1
-2799.2257019 -30.8365883263 1.00085042574 0
1610.25447115 -16.8902879449 0.343978488051 1
-5609.79320683 -34.1272729265 0.992363058719 0
4497.51111274 37.8587916095 0.891962498621 1
-5355.17353365 -12.250087468 0.986772808297 0
1175.76608393 -42.1182897117 0.878005337773 1
3737.37294977 7.29362147009 0.694911245873 0
1699.23026409 -22.5591996043 0.330022129658 1
3130.76224217 -17.8242969355 0.97959042354 1
4188.6549425 -27.4558435593 0.95169508665 1
4554.26720841 19.9332136599 0.941714666034 0
-2125.96651688 7.01765014996 0.392409622056 1
-3961.68603186 9.3177963696 0.886658868192 1
4186.44180434 44.6011253019 0.926845264915 0
-1671.27911585 11.9468866806 0.440211932131 1
-5851.13050719 22.3890428361 1.00814202307 0
5688.94543185 -16.1831316671 0.817123705254 0
-3007.61994848 -15.9112062208 0.505004900517 1
-5393.38615547 -32.6102514204 0.979377467343 0
4395.84590814 -25.2293096052 0.798037240207 0
-1146.67873346 30.935444278 0.839260319003 1
-2287.06149996 -16.4907702152 0.763165170899 1
-1058.38413333 -25.6931753736 0.334160012175 1
6298.77126571 -17.1070656081 0.865053943484 0
4915.82831798 -12.7494395447 0.905434260244 1
-4847.25111505 16.284350201 0.980506421163 1
1937.30097305 -9.97016110543 0.52082141777 1
-4133.19480825 -25.797219615 0.935807733941 1
1409.82139092 31.5788350407 0.403658193041 1
3862.00091446 17.3695458981 0.805096235056 1
-5317.16595185 17.213654635 0.976981108329 0
-4256.44199718 30.8404399878 0.979247439995 0
3377.80509514 26.9601193724 0.861116842889 0
-7081.38383144 -14.6408282873 1.06229273173 0
