Y7.L001.                  38.87984        -7.96226        182           0.
Y7.L002.                   38.83255        -8.07663        171          0.
Y7.L003.                  38.70053        -8.19153        237           0.
Y7.L004.                  38.97579        -8.20962        89            0.
Y7.L005.                  38.79668        -7.96925        324           0.
Y7.L006.                  38.95233        -7.87452        201           0.
Y7.L007.                   38.99345        -7.67249        221          0.
Y7.L008.                  38.68375        -7.89801        296           0.
Y7.L009.                  38.75314        -8.35979        128           0.
Y7.L010.                  38.66282        -7.70761        241           0.
Y7.L011.                  39.06351        -8.05425        160           0.
Y7.L012.                  38.74976        -8.06516        295           0.
