-4243.3133873 8.02745661292 1.0794508929 3000.0
-8760.11859242 -28.7307653603 1.05958306103 5400.0
-1956.91061237 17.1733440314 0.867041601573 4600.0
2837.37362449 -9.22886187843 0.705013715858 5000.0
2428.8174833 -3.71639405793 0.741889658364 5000.0
3971.18520316 28.4045792055 1.10563474336 3800.0
2819.00216508 -27.2275529393 0.771973463431 5000.0
-6967.69219279 10.5128866638 1.0180154341 4600.0
-2812.56077484 -10.3638105104 1.09456784879 3400.0
-7460.51717152 9.94867006349 1.22836532424 3000.0
2726.34838569 7.51847046168 0.808484852289 5400.0
-4201.40224361 13.0361710039 1.03398489088 4200.0
-5827.21630091 -11.5793234026 0.988881267053 5000.0
2885.37784114 -24.7600119725 0.778905088565 5000.0
-2912.4203797 -18.7023567154 1.05628294287 4200.0
4870.77203017 -14.7094032964 0.814626737048 5000.0
4601.77162912 -23.9302940258 0.890261401488 3000.0
-4601.45103231 18.2364750773 1.03028139691 3000.0
-3075.24770424 -24.5200865689 1.06380580342 3000.0
-976.064603008 27.9048943933 0.849403238359 5000.0
-2615.97460867 29.6951799666 0.985439996056 3000.0
-6643.29036405 39.6686648514 1.01004372826 3000.0
3691.19959584 -30.8864106638 0.772707860599 5000.0
1025.00797568 -24.6411081255 1.04165841734 3000.0
-3760.20160469 14.1133268224 0.991515563614 3000.0
605.24633179 22.5198345161 0.739993710186 5000.0
3742.64022306 -17.6326698278 0.845705333915 4600.0
-2068.83506073 21.8733869187 0.913194022124 4600.0
-7890.94323072 11.5919937139 1.0463308003 4600.0
-1042.11938626 -27.2653432123 0.732141882262 5000.0
7153.30933574 -17.8208599686 0.971994199084 5000.0
-1124.13201774 -18.294024701 0.855151572096 5000.0
-4164.21858035 25.1516036089 1.02362934337 4200.0
4402.09494319 -8.48473665387 0.860735842667 3000.0
3546.12078684 14.8833484698 0.936535379505 6200.0
-2013.94035329 -6.12913130976 0.772682121149 4600.0
-4360.29925677 -7.70232260011 0.949572697487 4600.0
-3610.06439912 24.7611523275 1.01159678086 3400.0
-1151.9661611 -4.76402968968 0.766940590231 5000.0
4394.11731519 -10.0210020602 0.914096336648 5000.0
6440.01784623 -10.4096427738 0.903547847311 5400.0
-724.01872384 19.1890659054 0.836914833754 5000.0
3440.57513856 8.30669132212 0.864389559918 5000.0
3872.87614936 -19.5034091304 0.868394648472 4600.0
3288.67775124 -26.1283509561 0.871229729168 3400.0
-1240.79135954 -18.7874162486 0.761406530722 4600.0
-9112.26772326 8.22670876006 1.3313032057 3000.0
-2153.04100235 -7.80751062739 0.820809683644 5000.0
-3728.5637567 32.0190062659 1.0323642789 4200.0
3829.80506224 17.1638027461 0.910884288551 5400.0
5717.37293967 -11.797879904 0.982981029479 4600.0
1349.94208546 15.2241612207 0.736526952017 5000.0
-6986.5186989 -13.1916439001 1.05865202142 3000.0
3970.39461572 -30.1111311078 0.864563930888 5000.0
-928.937937896 12.3179898776 0.849301852948 5000.0
2986.71767166 38.6647337056 1.02689827132 3800.0
-4791.8128986 -19.8528099035 1.33860504271 3000.0
-4587.88183078 19.8310938825 1.09302687173 3000.0
5094.33264622 7.42831724503 0.884379800117 3000.0
2891.41013026 4.89652475262 0.852960912999 4600.0
1754.61389149 -23.0261322896 0.957963423206 4600.0
2395.86629104 14.2036381071 0.807615717531 5000.0
-4381.4582313 -9.69694012431 0.980668920244 4600.0
5476.15068489 -9.40078445799 0.923693854216 5000.0
3087.994114 -7.90735373642 0.883658552097 4600.0
2128.88461013 13.7383749846 0.831219484688 5000.0
2050.07929094 12.3600166911 0.80002229403 4600.0
-3268.03367278 15.488080669 0.943273989578 5000.0
-4459.92197629 -6.37715185202 1.1014928415 3000.0
5354.59295413 19.6958989164 1.00395111474 5000.0
2104.01028879 -7.61795020128 0.712284503505 5000.0
4288.44205692 4.47451859442 0.94700616507 5400.0
-1093.30787608 -36.5167256229 1.02248138737 4200.0
-2213.74573733 -8.73248948631 0.749714165557 4600.0
-3068.36262132 -15.1277261845 1.24438151294 3400.0
-1228.9979196 -14.4440256618 0.868892330401 5000.0
5210.46195675 20.8869945868 0.961672261761 5000.0
3767.68244563 -22.1256653297 0.849606963537 5400.0
-4318.04943973 -16.9337176195 0.841260395601 5000.0
2959.4253829 -19.5008026129 0.802657525303 4600.0
2025.05812966 -10.5960510432 0.801077219688 5000.0
4773.33779158 -22.6929018653 1.03145164789 4600.0
2305.54747103 -23.1848434103 0.768917582514 4600.0
3485.17087559 16.2579206477 0.981644792059 6200.0
3122.56656067 13.8958808236 0.822587642654 5000.0
1271.52097658 19.4645547229 0.742766527522 5000.0
-3524.46477825 -17.5874184343 0.836174050388 4600.0
2148.4116107 19.0590645724 0.868479584964 3000.0
5872.62648507 -14.7908812145 0.91378710289 5400.0
-4553.85387382 15.133966968 0.995168360995 5000.0
-2420.26009941 5.25304753171 0.787647255199 4600.0
-7796.70139078 -31.4980833932 0.980514737735 5400.0
1960.48900286 -21.3955232059 0.711795579708 5000.0
-1992.98984138 10.2987472224 0.809347270713 4600.0
-3598.79577113 -7.74255821268 0.854543727398 4600.0
-1977.87517382 10.9102722845 0.847382057311 4600.0
-1592.24824411 10.4731149484 0.815370065693 4600.0
-5691.33591856 -13.2140194867 1.11970163603 3000.0
8557.87440113 14.5765715102 0.924386442865 5400.0
7543.29473729 12.351461196 0.907575200585 5400.0
2168.46689887 -14.8597852918 0.895195908699 5000.0
3164.22345897 25.1075219868 0.761693809139 5000.0
-5085.36165865 17.5171636007 1.27540196332 6600.0
4953.14395525 24.6167614495 0.965105430631 7000.0
-3942.84793606 -3.11424876425 0.961323665699 4600.0
-1019.70467071 -7.94799706833 0.806701677064 4600.0
-3501.77084361 -10.965294157 1.04874856332 5000.0
-2394.79367119 -34.3664834663 1.00589623661 4200.0
3804.76662025 -7.00950731245 0.884849216128 5800.0
2480.384134 13.6795188337 0.928459175437 5000.0
4815.40452228 16.4351136162 0.96854131201 3400.0
295.612429924 9.79835264744 0.788525514473 5000.0
-4356.03523404 13.5002208062 1.06115315313 3000.0
2325.22374705 13.8251907954 0.787525345262 5000.0
3950.75864191 30.636232082 0.995949833021 3800.0
-4722.50229066 -11.1987772968 1.00931744647 4600.0
-584.310802841 32.9729869513 0.915531197649 4600.0
-1880.0518918 18.1774507465 0.758076635425 4600.0
-4067.62052545 8.18898869015 1.05393237097 3000.0
-5066.95504162 6.842595389 0.955936937724 5000.0
1048.63203077 -9.47838733615 0.783663880761 5000.0
-5553.43782116 28.0724968846 1.03968068324 3800.0
-3810.68632523 12.3137078907 0.971137246761 4600.0
3565.47775646 -3.62133397103 0.861962289636 5000.0
-433.19417419 13.1303643756 0.81489997216 5000.0
-4659.27363438 -19.7024665629 1.19089150976 3000.0
-1790.10787849 -6.04226079463 0.755458579653 4600.0
3302.37068295 -6.47032070226 0.861661926652 3400.0
1937.36734938 12.6891873526 0.763895357002 4600.0
4394.38167395 -14.9604292924 0.905834454366 5000.0
4410.85371889 -22.845552452 0.928756311778 3000.0
-1940.21943877 36.4313527755 0.857909133148 4600.0
3548.91381769 -27.1378581479 0.897882911332 5000.0
5513.43404321 10.3804195338 0.911753530782 5000.0
2961.26869695 -11.4111653009 0.826526285237 5400.0
3549.67768966 -10.2748634574 0.830675681587 5400.0
3442.09417819 -17.0166963377 0.902052608558 5000.0
-4518.5084898 -7.66612007501 1.21457039454 3000.0
6969.66787132 35.0817443064 0.930684458605 4600.0
3980.07828967 -18.6492065521 0.892183437438 5000.0
3825.80181011 -14.6841984903 0.801400590687 5000.0
2802.28416477 -33.7718358346 0.796136216229 4600.0
6379.80169111 14.5687893091 0.988281629589 4600.0
7075.99480976 -12.2848414664 0.995503102124 4600.0
2864.72037653 -8.1823317681 0.907277463489 5000.0
-1861.70980808 -12.5857063411 0.74106454831 4600.0
-5212.73223611 10.9028209541 1.08935890249 3000.0
2214.95195256 17.3652699389 0.834903722701 3000.0
2748.09437611 -16.4565276249 0.725364770605 5000.0
3968.42385077 12.6394927082 0.929738668069 5000.0
-2258.94375751 -15.4185262764 0.901766897907 5000.0
1975.08781871 14.0653450661 0.775036142206 5000.0
-3315.9283081 -19.9242174136 1.09207673456 3800.0
3412.37504314 30.0325677598 0.943052060647 5000.0
-9510.69707539 -10.746322677 1.05066839548 5800.0
-6803.98086923 -9.09022534385 1.09498741183 3000.0
-2781.41124545 17.2668395974 0.885228473621 4600.0
-4298.40146863 12.1113316564 1.13298911969 3000.0
5687.4694886 -15.0338013637 0.91299752198 5000.0
-1294.48813684 15.8657559376 0.796100516982 5000.0
3508.34350971 18.2971977442 1.01300900811 3400.0
3528.49313629 20.3195879173 0.784446641972 5000.0
-2052.2438279 11.0454430158 0.826337195854 4600.0
4355.26987561 12.7123410694 0.869189449097 3000.0
5401.75671879 -15.4200747874 0.906780331285 5000.0
2213.07980715 -13.014293381 0.923891840413 5000.0
2542.19116222 17.944791291 0.906714675065 4600.0
5697.7983827 -26.5403521219 0.910000909606 5800.0
-5615.46160567 3.99227560793 1.0170013525 5000.0
3501.25944604 -12.2634208621 0.948473219249 4600.0
-1812.77137314 10.3502585719 0.759886380771 4600.0
-5516.66290907 31.9326090355 1.07550338103 3400.0
-5993.22963301 31.179105667 1.02436312877 3400.0
-3483.10365304 -9.0704629494 1.0572603475 3000.0
7219.36110981 24.7385222247 0.89457980763 5000.0
-3177.47281699 -15.9864760471 0.791090706722 5000.0
5725.63101222 26.5041989514 0.959416076516 4200.0
-1105.50341189 18.0388164581 0.733767270548 5000.0
-8416.35784369 8.23320462344 1.39050139891 3000.0
3079.53710402 14.767524809 0.818583527063 5000.0
3499.16487992 -9.30795156369 0.909020519965 5800.0
1566.55814894 10.3229416761 0.847716352609 4600.0
5759.88621644 7.94943415801 0.919227146195 4600.0
2123.58164174 9.14410717714 0.753886134799 5000.0
3506.23836836 -9.25168579988 0.89534804839 5000.0
-3907.19179858 -5.55783530617 0.981667387432 4600.0
2407.74896013 -32.0510825044 0.875010311714 4600.0
4561.84466627 -24.4318570627 1.02208536883 4200.0
5410.30255273 -14.6161146001 0.890511862711 5800.0
-1829.84423008 -17.6481987349 0.933059762138 4600.0
1781.71864277 -20.1208777214 0.730876873808 5000.0
4856.52406476 5.4810688055 0.866091433972 3000.0
698.388535925 12.5352066566 0.73839213238 5000.0
-6451.56088469 11.7041041449 1.24426835819 3400.0
3120.780632 16.9406770333 0.925026085565 4600.0
-1931.88014627 16.0042156756 0.82075784973 4600.0
-2736.61726468 14.136988639 0.81306334418 5000.0
5131.29755435 -5.95381452499 0.925238193362 5000.0
3806.17595418 4.86462237985 0.877513399918 5800.0
-6290.36214689 23.0841169977 1.03606180283 4600.0
7194.06040064 11.1354971655 1.00055528827 3000.0
-1674.33502068 -6.65753853244 0.736340351462 4600.0
-4845.39028811 -12.353369335 1.36473613218 3000.0
-9157.60116315 16.592896562 1.01650466939 5400.0
3536.05112569 -9.28888463751 0.893311162838 5000.0
-4086.11710895 26.3551972986 1.01986621744 4200.0
-2582.50033814 -26.4781672402 0.764078282121 4600.0
-3412.26467301 31.3138314528 1.00959351451 3400.0
-3147.04891513 26.8100443752 1.2253572565 3400.0
1812.0813265 -16.2159199939 0.71226286251 5000.0
2390.98711287 -12.0199016382 0.937789847642 5000.0
-3799.95906264 23.4094090931 1.02351107577 3000.0
-4905.23327603 -16.5488246707 1.292884749 3000.0
3111.74014601 -17.9402301673 0.730994797192 5000.0
2064.2216807 15.4835382721 0.706736583063 5000.0
5387.66961302 3.46566348374 0.928709534546 5000.0
3483.00123071 33.4421593684 0.887780563822 5000.0
-873.107804991 18.4057701546 0.722130567602 5000.0
4294.89255919 -25.1851970922 0.875693214756 5000.0
-4885.11765584 -25.6734115464 0.994503197605 5400.0
-1694.1829005 8.73470864446 0.808861089813 4600.0
1365.14175581 23.8495610035 0.853875490691 3400.0
5328.63604572 -15.4186051843 0.851982891851 5000.0
8099.54805474 9.55453133477 0.949695880969 4600.0
4083.36239108 15.6172170467 0.942245835515 5800.0
1240.05466955 -19.5831482393 0.766017886922 5000.0
1728.52058969 -11.2994105012 0.714602830993 5000.0
3068.61651023 15.1136971138 0.922140574965 5000.0
3849.89850921 -10.8317168004 0.874886052605 5000.0
-1558.47010596 -16.1811280929 0.806293365961 5000.0
861.007393301 -33.003927829 0.815611760564 5000.0
-3307.38487579 23.0160507532 1.07004530342 4200.0
-7525.4787804 12.9999814913 1.20539596526 3000.0
-2837.26910699 -16.0948673188 0.934928498124 4600.0
2363.16064825 10.7198337876 0.798962301742 5400.0
7092.22456481 29.1063643569 0.94272928422 4600.0
-5022.414712 -11.3252578171 1.03682903483 6200.0
1990.24657659 9.52358601408 0.759911598261 5000.0
6435.26197588 -17.4775694718 0.917459948028 3000.0
-761.036790393 -18.388360675 0.989777835774 4600.0
5217.03559346 -15.9372382774 0.934524287845 3800.0
-3084.63783075 -24.8496432537 0.933821101872 5000.0
-2454.00697585 -20.5313659262 0.741447382171 4600.0
2796.30542469 -5.57055929703 0.799433654046 4600.0
-3905.10431862 7.78593005883 1.20003913934 3000.0
2096.45706812 -21.7528987705 0.820642648697 5000.0
2654.21658938 12.8824038285 0.870438390635 5000.0
3024.72902207 11.1653383626 0.801824621979 5000.0
1246.35397238 -13.7066967457 0.732160545292 5000.0
6606.22010725 35.5509573623 1.00707147924 5000.0
-3919.10570891 6.35926801839 0.900605519593 4600.0
2918.79375173 -15.4333551669 0.711957343568 5000.0
1917.25636271 -6.21261705762 0.722357786481 4600.0
10886.4441971 -18.9770273805 0.991198402308 5000.0
5944.50796836 -14.8350888674 0.93036058583 5000.0
1909.63031065 -25.0698414398 0.766256589434 5000.0
-1734.12920752 -18.7196705268 0.941353582488 4600.0
-7074.5611566 -2.14854697789 1.09523292867 3000.0
-4856.81585304 -9.45531353557 0.955424703935 5000.0
-7300.03148418 -18.4198797608 0.988094994345 6200.0
7270.33338395 -8.73589715807 0.961308090966 5800.0
3189.5670793 10.5209536097 0.878548664912 5000.0
6219.44182045 22.0639033603 0.884587358318 5800.0
-1641.90805217 -8.45831833202 0.784321008239 4600.0
2792.53876271 13.8952779281 0.81627913041 5000.0
1302.89841567 -15.3997846425 0.759569256444 5000.0
900.432399451 -4.21323979933 0.729919323764 5000.0
-1366.79593997 -11.5756291164 0.828126889541 4600.0
-1854.59435284 -4.71300587391 0.782460269408 4600.0
1919.49988607 7.38301276924 0.816408312178 5400.0
8139.84185958 -23.9675167957 1.02395644263 6600.0
3284.21738472 32.9138269161 0.878432845059 5000.0
4277.84098505 9.01199282468 0.881207543988 5000.0
127.174087463 24.8138004526 0.814446843641 5000.0
-3772.54077597 -9.70479031588 0.867203713036 4600.0
-1345.07826987 14.7350966953 0.86174400327 4600.0
4725.27847051 -20.951094662 0.947426836228 4600.0
-3098.72576992 -15.588863239 0.959566882695 4600.0
-4787.29736493 15.3289259061 1.12618622647 3800.0
-3048.93216972 -13.1123323068 1.08310211346 3400.0
4097.8492996 -7.56981422445 0.910220415681 4600.0
-2252.45333387 9.79710852514 0.867751295194 5000.0
-5237.86482676 6.74341054693 1.15731309669 3400.0
6529.90861252 -26.4184648932 0.977670715244 5400.0
5641.70603649 -12.6284529326 0.939698953135 5000.0
5263.14599586 19.6890291837 0.940715755646 5000.0
-4450.63217647 6.79423414301 1.04719527704 5000.0
5346.2480923 -30.4968223464 0.901267339745 3000.0
9348.99669879 11.550939428 0.981962365508 5800.0
8597.76203068 -20.0281797549 1.03511903504 6600.0
-1882.19293219 8.83783571519 0.778554616874 4600.0
-3604.35317257 -25.8386436497 1.09637343912 5800.0
-4838.18542285 4.44517020349 1.14756532127 3400.0
4762.41955827 8.45145577484 0.968897906625 5000.0
1199.87395957 13.7295476737 0.71259045369 5000.0
4927.294362 23.3806375467 0.983686617599 3400.0
2179.99163213 18.1707339819 0.797571545007 4600.0
2164.12981756 16.0665653269 0.73687706648 5000.0
5259.86114086 18.2631975421 0.963733086838 5000.0
1452.52449409 6.70610122852 0.76189571815 4600.0
-6761.02586599 34.7246673486 1.03047694089 4600.0
5838.33348898 -16.1732785949 0.908616152006 5400.0
-3638.58888724 -3.89735719293 0.922440542731 4600.0
3722.20370399 -39.149678344 0.943738386681 4600.0
482.761695452 -26.0943282869 0.749548024892 5000.0
5759.52678678 -17.4879085862 0.934373908676 3000.0
1165.99006765 11.187781341 0.69798291826 5000.0
-757.014797005 -4.41039472678 0.746414205879 5000.0
7986.79986806 -20.7157037546 0.937763431467 5800.0
-8985.66886726 -18.6064580388 1.04850089429 3000.0
3712.60078512 6.83817110596 0.870044351449 5000.0
-5952.65791672 26.7476602822 1.06773814997 4600.0
-4011.55845866 27.9646366859 1.05777626068 4200.0
-3147.92684532 27.806539718 1.00025559658 3000.0
3293.32642742 -32.143000936 0.967325975754 4600.0
-6075.99823448 5.72656905454 1.02679459131 5000.0
2275.61705233 23.2382475546 0.851981305003 3400.0
-3035.83442983 13.7442354737 0.908505431491 4600.0
2260.899216 16.8324609111 0.849397227536 5000.0
-5442.00479797 -29.2468747619 0.89495490301 7000.0
-8908.49451763 10.175695325 1.08890220509 6200.0
-3061.02782848 6.34307230865 1.03447647128 3000.0
5677.83224481 -9.16791727052 0.99780425201 4600.0
7848.69801333 -9.92467552366 1.00253472379 6600.0
4509.9765179 -7.64999112831 0.969227007019 4600.0
-3534.27927604 15.0090772876 1.05972496111 3000.0
-6837.57612071 13.3278955091 1.01976957599 5400.0
-4948.34264926 -30.8787267176 1.06573532881 3000.0
1945.35425375 11.7594063144 0.855694940879 4600.0
4242.51050967 -26.1559485606 0.926769092592 5000.0
-6443.95438332 -6.85908976737 1.21423823462 3000.0
1462.7192209 -26.4349810255 0.822504363544 4600.0
1253.79022484 -11.8279432478 0.767013043625 5000.0
-5097.90419343 20.2265915208 1.01952893903 4600.0
-5688.90985356 -13.1440211555 0.971183589386 4600.0
6274.92625064 10.1702954007 0.909793218026 5800.0
-7403.50165055 15.4282577329 0.994285676188 4200.0
-4833.95318008 -14.6613724373 1.11202801625 3000.0
-5404.91777054 5.60929467726 1.07955941713 4600.0
5258.90195583 31.1888967137 0.982838358129 4600.0
3549.74274609 -5.76284088882 0.754831156853 5000.0
1717.01457475 7.28027488349 0.835366789038 5000.0
1285.79147893 -25.5445861874 0.706263796224 5000.0
2306.0790576 7.11073717505 0.846243468583 5000.0
4326.05032232 25.8901341531 0.971922578651 4600.0
-1899.75019038 15.8823083158 0.810206980197 4600.0
3852.99360363 18.1989592116 0.905873013889 5000.0
-3222.4544786 14.8676768088 0.974443588657 5000.0
3899.6901017 8.82009677827 0.943257789854 5800.0
3912.93440162 20.175947794 0.891792805445 6600.0
-4056.79586436 13.0559511186 1.05170052727 3400.0
3690.11046107 13.718860204 0.933615732259 6200.0
-2749.49348854 16.1422234125 0.885202982492 5000.0
-10736.443798 17.2174911985 1.07411437876 3000.0
-4818.11125915 -9.22818952187 1.14855522517 3000.0
3601.49078585 -19.2080717815 0.999264781182 4600.0
-4298.19350863 9.89744685279 0.993546045379 5000.0
2777.96186319 16.289512733 0.694916406456 5000.0
-993.309490532 3.89493178278 0.728158478178 5000.0
-7906.99007048 4.39669330942 1.05046582437 5400.0
-4585.4681831 10.9399802835 0.958680401711 5000.0
5992.22213519 4.93853504879 0.958709816356 5000.0
1442.29392121 -9.41530417936 0.751021663576 5000.0
-1306.46820777 -27.1646640471 0.726572938135 4600.0
-6124.44194543 -7.08888006553 0.974592932707 5000.0
4625.86595204 -17.6376471903 0.899019357156 4600.0
-933.010431931 -12.9220263587 0.858661003528 5000.0
-3127.47984143 -15.164199878 1.05005144192 3400.0
5822.98259817 19.6917444997 1.01673795846 5400.0
-7739.94815792 -17.7796588949 1.07275906348 6200.0
-3018.71823246 -15.5948498948 1.11838042101 3800.0
-1933.77596408 -19.1720027994 0.733803621668 4600.0
-5858.12761489 -17.7065785432 1.01189544235 5000.0
6892.31092787 -4.96267025763 0.997288142292 5000.0
5112.62826005 18.5954048301 0.992312067106 4600.0
6002.04931671 17.0137934254 0.98325942082 5000.0
-1233.67033126 13.0440382419 0.861459240726 4600.0
-2883.06551723 -25.6478973618 1.11304367442 3800.0
-2583.30932729 14.043180797 0.771949144598 5000.0
-2490.63401297 -7.42978718305 1.06206612114 4200.0
3584.89815931 -16.5845398916 0.79854600058 5000.0
5589.01599275 -9.00981130889 0.964566083278 5000.0
1796.01794594 -20.6610773449 0.805784089506 4600.0
-2007.25849292 -18.3552912221 0.73548621813 4600.0
4193.8342512 10.5197356794 0.902421710474 3000.0
-3924.5720271 -5.68619400703 1.05672668923 3000.0
-3859.08258993 9.79050511301 0.973706755946 5000.0
1939.97494209 -11.9470684598 0.797475594309 5400.0
2192.586822 15.1105972963 0.748130355728 5000.0
-3187.39830988 -21.2007156795 0.913211363471 5000.0
-3383.59561662 -32.3424320918 0.80646641853 4600.0
-7424.46865766 -13.4753522958 1.17413280773 3000.0
3214.48598694 24.5501423042 0.907362764569 5800.0
4216.82592651 17.869423106 0.956398561245 5000.0
-3365.93998927 24.8148689888 0.99922149882 5000.0
-3874.06660684 -13.1977105465 1.05312829688 5000.0
927.623004546 28.3089397706 0.835354127553 4600.0
4258.90704695 -35.5156916426 0.914980381316 5000.0
1979.39273756 -28.7040562831 0.771522257509 4600.0
4922.92765488 -15.478387717 0.968508202948 4600.0
-1779.80896059 -20.0277099223 0.739548964088 5000.0
-5542.43758147 17.753368613 1.01742216599 5000.0
-4395.85458034 14.6668206426 1.01499342848 4200.0
-761.144113461 -22.9198514212 0.731494440835 4600.0
-2049.61138221 -8.31273605236 0.810882818246 4600.0
-2363.83706248 -18.2398921632 0.91029710306 4200.0
2564.28067388 -11.5437989445 0.76619531085 5000.0
2892.28535583 6.85507963848 0.706037618045 5000.0
-9675.79172483 -7.29000774343 1.01809496751 6600.0
8996.71373683 -36.8385047513 0.958706059465 3000.0
-7779.30721615 -19.2565656842 1.02580811543 6200.0
-3284.41926682 5.11147457113 1.17691767172 5000.0
-7205.39988516 -19.6414437109 1.05548816489 3000.0
8183.85436864 20.2577313359 0.946296189062 6600.0
3023.59091442 -14.2473928568 0.858580467933 4600.0
828.133808324 -20.1762811633 0.750105010719 5000.0
5282.67958191 -16.3191533906 0.926150876759 3800.0
-2140.14694264 -17.1893357753 0.887882687271 4600.0
4982.74820055 -15.8811762377 1.0053010503 4200.0
-4771.85928394 -8.86260745131 1.17198686012 5400.0
-5737.65939839 -17.3781639075 1.60885481574 3400.0
4103.45757701 -25.7831188223 0.982344721329 4600.0
2544.35568239 -20.0737643098 0.806977028871 5000.0
4976.92304685 -12.2046603697 0.991096308958 4600.0
6728.85331326 18.8160571078 0.93818407863 4600.0
-1716.28781234 4.85130678119 0.784403031837 4600.0
-949.466662369 -23.9111831581 1.09001830257 4600.0
-3432.76700409 -10.3732722742 1.05183572182 3000.0
2672.33943566 -31.7467044519 0.791141089807 5000.0
-1206.21708607 -15.0093788024 0.847450908754 5000.0
2752.27532655 22.8324686911 0.940742139267 4600.0
-5507.67408437 16.3425237666 1.06392427384 5000.0
-3354.1629377 20.9976106007 1.06095588712 3400.0
-1298.5002996 -16.4097243879 0.718228934843 4600.0
-2271.37676243 -23.5466099399 0.715320849185 4600.0
2095.76232209 -16.8045930516 0.719522165772 5000.0
5553.06091259 -7.76459928456 0.96799601177 4600.0
-771.569295032 8.62679683413 0.773795457484 4600.0
1837.99237982 -12.481270893 0.707967823521 5000.0
6980.53831256 32.9348496768 0.963304506286 3400.0
1576.84502272 -29.9450993654 0.771904818665 5000.0
2325.91343775 -27.8252968114 1.01414262865 4600.0
4393.28160154 -16.624582602 0.922731825935 5000.0
1966.52850479 -13.2463757249 0.836780669918 5400.0
-3023.63601902 -6.98555780884 0.809648813192 5000.0
3925.01213882 18.8363193679 0.878165578343 7000.0
3436.38095761 8.90825755505 0.881771244004 5000.0
802.664224168 17.3923540835 0.734092374268 5000.0
-2561.65428737 22.9060815498 1.05802082597 3000.0
-3171.32230862 8.05070178759 0.924608363004 5000.0
2347.66840781 -13.6241705733 0.896780241284 4600.0
-7469.93682926 30.3957737873 1.00921594887 6600.0
-3525.54481658 14.1133063175 1.14933698119 4200.0
-5916.89518605 3.47234428843 0.995666391918 5000.0
-5467.61949852 15.5641805826 0.964806422971 5000.0
9661.91189193 -15.408340132 0.961801601843 5800.0
1972.74926062 -24.153509894 0.949302356343 5000.0
2589.8933296 -22.2339345141 0.756264561501 5000.0
-4904.13263327 -18.8700662736 0.861807468262 5000.0
-1951.29354827 -17.1644333721 0.915158910381 4200.0
-2127.3261973 -15.6905213543 0.745321415102 4600.0
-6960.956616 35.2840400282 1.00899447252 6600.0
-3097.75817783 -4.998030771 1.06909301155 3000.0
6275.87947794 -23.8054204264 0.916520959262 5400.0
-5215.98762895 -3.11561277143 1.06682002403 5000.0
-3074.68945085 29.3744974238 0.913234844454 3000.0
3097.67005668 -10.0764452701 0.870027066583 5000.0
-5978.14774014 -12.9587433767 1.14358504154 6200.0
-2640.6868716 -18.6996690989 1.06498507703 5000.0
-3589.95911022 21.7374325685 0.975415326075 5000.0
-3605.16635606 -22.9628913064 1.61611538078 3400.0
-1974.25767045 -10.3266430547 0.7621851936 4600.0
4979.64226076 -5.33187995209 0.973936501697 4600.0
-3766.15465849 12.8142633924 1.01913734393 4200.0
1349.88126179 -16.8522518093 0.796742674618 5000.0
2060.1390174 23.0318915261 0.839951948315 4600.0
-5586.91508977 21.6481530697 1.10661605976 4600.0
-2638.56978762 -24.5122269788 0.863941724442 5000.0
3728.15030619 18.2480794259 0.94745893486 5000.0
-5569.4268407 -28.5407579328 1.01451452644 3800.0
3302.63796068 -11.9638746638 0.875092782416 5000.0
-3489.76698333 6.61105014146 0.929030326198 5000.0
-3189.03107697 -9.94485332339 0.954223646342 4600.0
2007.60471182 -25.0339607692 0.911352951704 3000.0
-6072.71148152 17.6085407508 1.23137608573 3400.0
-4200.85918813 11.8579344677 1.01840846187 3000.0
-2154.39373605 16.5508294004 0.842715943062 4600.0
3827.78466507 17.5587608283 0.861708280953 4600.0
1609.58511499 17.361346434 0.764556646724 4600.0
5868.81656628 -27.0741016969 0.851797053715 5000.0
3552.07784809 -18.964413694 0.788802172483 5000.0
-4740.13607114 18.9824058427 1.27973680704 3000.0
1652.51920693 -8.96237310462 0.717867707444 5000.0
-3486.76727232 27.8934636007 1.0277780122 3000.0
3793.05414665 -2.37635821883 0.842335093349 3000.0
871.934461128 11.4398448289 0.742639096855 5000.0
3077.87067886 3.06654956611 0.836979867016 5000.0
-5908.87818794 -19.5907867527 1.00934633235 3000.0
-1452.49547716 19.0735285132 0.912493754283 4600.0
4304.48172507 -8.19332831236 0.904430572552 4600.0
-4262.72992606 20.70505067 0.980124499189 3000.0
6073.67100713 20.0006867278 0.915152468254 4600.0
2257.29155317 15.5113911704 0.75615494525 5000.0
4956.34060172 -6.1905119039 0.906984319316 4600.0
-3411.35012791 13.049959971 1.05296330208 3000.0
1931.23170554 -24.6079661948 0.743048222281 4600.0
1349.04727494 16.2364709958 0.794495858255 5000.0
5092.87711443 14.3992421671 0.998765970365 5000.0
2212.71151242 9.02706744051 0.801968484075 4600.0
8378.27107528 10.8077110489 0.979949842439 5000.0
-2769.95026586 -16.8396258325 0.894867304689 5000.0
-3322.36938581 20.4678292076 1.05539623611 3800.0
471.57140138 5.60423162458 0.747315530311 4600.0
-3190.27932137 -13.8334122401 1.02145882642 3800.0
-2682.35514131 -10.9321068355 1.07130448859 3000.0
-3793.91569095 10.878133142 1.08073144211 3400.0
5429.71495353 -16.3454241622 0.901429157129 5000.0
-4344.95029636 -7.21139278402 0.963007002755 5000.0
-3127.13413221 18.6800790005 0.937821311799 3000.0
2703.58912736 11.8237954758 0.710675914875 5000.0
-3544.60032652 -8.73609288402 1.0876366976 3000.0
3451.88354466 -16.66580218 0.939712533985 5000.0
-1532.97260541 8.25203265325 0.811085852408 4600.0
-3723.29004146 -20.0997855009 1.07206408248 3000.0
-5885.11445165 -22.5960639262 1.20069646107 5800.0
4342.85755082 30.1463748481 0.945675377373 5800.0
3982.03474287 18.3666279912 0.981383370598 4200.0
-3516.34121214 21.9781769266 1.06522141697 3400.0
-2319.49207242 -13.6651456377 1.01915359816 4600.0
1943.51381106 -8.72206144281 0.758360766866 4600.0
8714.44785378 -8.07390345615 0.984721604044 5000.0
6144.48192023 12.1296030615 0.982289057573 5000.0
1086.77275074 17.8238243905 0.87452536324 5000.0
-1839.31135574 -22.5482568319 0.744432441025 4600.0
-3759.65639643 16.285907347 1.01167414977 3400.0
3741.4133906 13.4015907285 0.93473414011 6200.0
2386.41153293 -17.3573138796 0.831090591539 4600.0
-2384.48927899 -21.3396972692 1.07784537319 4600.0
291.257154298 -13.3560036076 0.759459511215 5000.0
-2019.80629673 -20.93709503 0.799854864637 5000.0
1055.22287491 -4.35244659948 0.733205165972 5000.0
-2470.19207138 13.2888591226 0.886731908589 4600.0
7052.45188189 7.11035845131 0.959295340153 5000.0
-4317.6768917 12.3797430121 1.03693087398 3000.0
911.64603033 -34.070037851 0.827246659015 5000.0
-4044.74880818 15.9359134815 1.017845509 3000.0
-4177.55302299 -11.1331781409 0.927995816377 5000.0
2119.7490372 -20.2101792071 0.740856415906 5000.0
-3641.94154831 11.0618451283 1.04325633572 4200.0
4045.89811962 -14.253205558 0.934455938894 5000.0
1008.96463413 -8.47207218729 0.731601783897 5000.0
2955.69354748 8.09919918836 0.834961763483 5000.0
-2004.20157518 -7.41032316454 0.773904598254 4600.0
1201.83716779 7.55654898699 0.70621987755 5000.0
3367.72726066 -17.4800890197 1.01830416851 4200.0
-2788.35093594 -24.4871042924 0.924854994366 4600.0
-4700.6184117 12.9074297971 0.988156770172 5000.0
413.263357469 -20.6186114478 0.75609398036 4600.0
2074.49025492 12.5657030063 0.716869911668 5000.0
4068.37681148 9.11418801678 0.975445106774 4600.0
-2236.69455023 -10.9903234601 0.82192173395 4600.0
-5127.24825957 -13.0329269691 1.08467128236 3000.0
-4375.95032827 -12.6707005971 1.21806385817 3800.0
2985.78650772 -8.73570171144 0.785271458624 5000.0
-3554.33136035 26.4518034783 0.910543587608 4600.0
-1996.0067972 -16.0448386027 0.745381182908 4600.0
-7358.11546837 7.36222468185 1.11697122018 3000.0
-4732.06238458 12.8872405417 1.02912623983 4600.0
-7331.07687915 17.2489778164 1.00898217798 5800.0
3625.4574381 -22.163356638 0.790450092785 5400.0
3324.2314856 -14.4222391407 0.848723434272 3000.0
4631.00700808 15.1151823026 0.973335144875 4600.0
1558.85929814 12.9032762042 0.751837985999 5000.0
3967.94330792 -20.0978891709 0.982903322055 3000.0
3150.30867179 11.5869131192 0.825322970247 5000.0
-2600.60731135 -22.7328625814 0.804787136746 4600.0
3818.48842558 -20.0090226709 0.899897242946 5000.0
-1377.86069208 -8.31554758692 0.787155924208 4600.0
-1843.73184183 -18.8312161113 0.772791306936 5000.0
-5092.06032327 -15.130095633 1.07538210447 3000.0
-2107.8101503 13.0099117131 0.983265515068 4200.0
3026.07359351 8.46466245752 0.764045202169 5000.0
3689.01423961 26.1181218995 0.871820450055 5000.0
-3611.35982284 -17.7967079226 1.03435422624 3800.0
4976.38032412 19.1772633918 0.876300423272 5000.0
-3422.9512322 38.0628890093 1.0832096012 3400.0
3453.2480351 -6.24254513496 0.835399948946 5400.0
7171.61664115 -8.39481846677 1.01143042583 6600.0
4831.63456688 -21.3767011643 0.903020636372 5000.0
1187.19678076 8.01735161671 0.71503397981 5000.0
-1964.52494893 -19.1619645597 0.828843633673 4600.0
-4814.42346568 -15.448583488 0.960535085631 5000.0
-3243.54565652 -20.6327999545 1.06774178947 5800.0
5952.40985164 -3.7753429086 0.989246375148 4600.0
-2528.06000885 15.3233439145 0.886572795062 3000.0
-5060.07729782 3.60541277187 1.026320048 5400.0
-5668.68432283 13.1688337314 0.983862689324 4600.0
-4011.32118934 -21.2679748184 0.954424256587 4600.0
10341.5832812 14.3846096033 0.993337785244 6200.0
3419.57925334 -21.4274177374 0.918614439789 5000.0
-2708.93457977 8.16287294339 0.774822799758 5000.0
3847.57170443 3.1359979761 0.900083535283 5000.0
-4045.12491321 -10.885855299 1.16710449819 3800.0
-2307.4042701 30.5888611461 0.873693258156 4600.0
-6586.07051889 -13.544569002 1.07868390375 5400.0
2288.61743727 -16.5633144358 0.752971783474 5000.0
-4540.60903814 -18.6894758692 1.05508386971 4600.0
-5182.45048066 -1.84783001365 1.11534873259 3000.0
2493.7060764 -19.3039230019 0.882767878632 5000.0
-5002.36309768 -25.006854682 1.03216333143 4600.0
6496.80033831 -29.35792591 0.965610595625 4600.0
-5774.49568279 -8.44349166006 1.26993418564 5400.0
-6040.69162557 8.81618496003 1.13115109306 3800.0
304.591459735 30.1711325472 0.887706890129 5000.0
-409.940545379 -11.9146383987 0.726602977026 4600.0
4973.19171244 -24.0310760095 0.953001887588 5400.0
4629.69131113 -12.1813164319 0.88309442312 3000.0
-6002.87679867 3.03980200402 0.984209764922 4600.0
3531.08591526 25.6243591264 0.859486295271 5000.0
-4934.50472553 -20.897178047 0.97193628711 5000.0
9252.07794417 21.0019157523 0.989484624399 5400.0
-7401.64594858 -17.2146289795 1.02004088716 4200.0
4923.88262444 5.66830927879 0.916325967526 5000.0
7564.99417783 31.5031944974 1.0146957562 5000.0
-1706.94414822 -17.6675810171 0.801327370266 5000.0
708.071326939 7.2853565206 0.725284584459 5000.0
3853.82954422 -10.2799494233 0.855776948757 3400.0
-7055.35486237 13.3937746865 0.994194161512 4200.0
3105.80223517 -22.7931657285 0.841733485437 5000.0
3047.12243458 11.0915295135 0.943679471058 5000.0
1098.52224916 -23.7776871384 0.711101533654 5000.0
2387.54780875 -18.6132723853 0.703657247071 5000.0
4189.23269105 10.7832527182 0.967712973507 5000.0
5985.96891039 -24.1130024603 0.88830181845 5400.0
5859.61769692 -15.8462659168 1.04193450973 4200.0
1189.31587735 4.47626774573 0.761126116052 4600.0
-5830.85557667 -15.6231929318 1.07629320315 4200.0
1326.80373758 19.2036525197 0.838348386975 3400.0
6748.24296298 23.6777260046 0.997227368356 3800.0
3519.6105168 13.7165624442 0.967376496141 6200.0
-2671.61960993 6.88934376055 0.857243876298 5000.0
-3239.65491698 16.3866471971 1.21791899218 3000.0
6329.3640329 7.79469667679 0.928696527214 5400.0
-1513.19041921 25.1986200058 0.937547385513 3000.0
8492.97093227 23.9967136863 0.959414111245 6600.0
-4166.08239602 11.9405083435 1.08185965776 3400.0
43.1664513463 -19.1577279224 0.755115164696 5000.0
4746.98847898 29.10728421 0.961994791278 4600.0
4375.31593539 -9.10436117507 0.885720038084 3000.0
-1590.76403103 -20.1714535074 0.788989784438 4600.0
-4389.67213071 8.37273962811 1.03276665515 4200.0
1325.16420627 -15.8014462976 0.736950628858 5000.0
5339.68784584 -14.0245584289 0.996341276317 5000.0
6168.73092742 -13.5136373193 0.981441758874 5000.0
3649.22579008 -9.77076874304 0.857386203288 5000.0
-1460.66241414 10.5243521433 0.765923041203 4600.0
-2144.76569082 -24.4088501936 0.769927504699 5000.0
3198.19155534 -12.52908564 0.836763966074 4600.0
4883.30283257 16.9891263303 0.951425900985 5000.0
2360.38513043 12.0094843121 0.82192421417 5000.0
-6063.53259758 16.2579876985 1.36698999753 3000.0
2884.80822189 8.69506608644 0.84498039752 5000.0
4236.32314797 -12.5712218744 0.897145856274 5400.0
-3308.21552313 -18.7617455269 1.01039620787 3000.0
-1914.81589723 -18.5464836319 0.812573867444 4600.0
-1673.47172793 25.7561814374 0.829696754502 4600.0
-1265.47047651 22.0841185047 0.834143357292 5000.0
6107.70578193 18.6494672667 0.975224543416 4600.0
-6020.55324458 25.828037791 1.00014146272 5400.0
3626.2164146 19.4190863074 0.76906669052 5000.0
-3212.90437394 -12.6744575593 0.858602089467 5000.0
-4870.08103027 -10.8752377413 1.06643511758 4600.0
2580.52084703 -38.4642223611 0.936833750452 4600.0
-4295.13701832 -8.91073709582 0.9478430848 5000.0
1478.38031279 -8.71982861069 0.755215242464 4600.0
1239.44480775 -15.8027078438 0.728169297971 5000.0
7117.9592927 -23.4974785868 0.905903217202 4600.0
-6075.08866814 -13.3819976108 0.97857202277 4200.0
1211.65938881 -21.646440692 0.769928300136 4600.0
3505.57927211 12.9937620773 0.965872968466 5800.0
-2667.2332857 16.9514633339 0.963237630027 4200.0
-780.302958878 -22.8532141129 0.753584041853 5000.0
3524.37323708 12.8910367324 0.807012697766 5000.0
-2268.31906226 22.1610444349 0.873399143676 3000.0
9345.71951067 15.1126706947 0.946068734818 5800.0
-3064.63928249 17.9318394424 0.866455205991 5000.0
-3429.37029052 27.8605539797 0.895421304867 3000.0
-5753.91672092 -21.7530542186 0.965978208977 4600.0
-5095.13925996 5.36837467788 1.11949686006 3000.0
-2449.1611712 -14.036493262 0.996772221816 5000.0
11281.3067469 17.4118935803 0.954862658629 6600.0
4773.90677436 14.997845867 0.908018253648 5800.0
3954.54942547 18.8563028915 0.845783419955 5000.0
-2185.56053018 -6.66874741959 0.963812804461 4200.0
-4671.64123445 19.3590958776 1.19687746749 4200.0
3513.62205149 -4.42685877148 0.889580148707 5000.0
-3404.88715332 15.2039723763 0.985543248932 5000.0
-5386.30525529 9.28815317358 1.16638749322 3000.0
-4037.75335943 -35.7770922382 1.09838087203 5800.0
5625.31352778 -6.27018249942 0.926549429038 5000.0
-4441.24273478 12.10708538 1.00035352819 4600.0
-4876.7988439 25.0248634144 1.09518321474 3400.0
-2315.42618124 -9.25193873843 0.755756646702 4600.0
-6969.93502187 -8.99514873351 0.984099297808 5400.0
-3037.43049592 -9.49511925433 1.15461260755 3800.0
2496.96774108 23.1819897106 0.976836417187 4600.0
-3107.6963951 -13.3955429562 0.832728313327 5000.0
-2942.06930102 7.07629518988 0.959739733285 4600.0
-4006.63026395 34.8581706334 1.03887312225 3400.0
-3414.26763831 -20.0715926676 0.923152958238 4600.0
-8365.79266368 -20.971589603 0.990896160731 6200.0
-5460.96917513 -10.2028591499 1.05965521381 5000.0
4188.36478191 -5.04706588904 0.961852757826 4600.0
4519.06229177 -7.40750382187 0.982913640965 4600.0
-5301.29852026 -7.89856477034 1.01512672414 4200.0
-4647.92858559 -10.2199051348 1.2794014727 3800.0
4148.34019484 -34.1581519891 0.920421292072 7000.0
-4613.0030457 4.64924613132 1.14220134964 3000.0
2547.93484845 14.2854268487 0.894296354493 4600.0
-191.540832441 7.03591159061 0.746641865174 4600.0
4815.61967519 17.4339926343 0.919966411323 4600.0
-5581.43131264 -22.2335562738 1.0834099367 4600.0
-2359.40246653 13.4608592371 0.748820252928 4600.0
-2311.99737683 -13.4914289784 0.944281191517 5000.0
3331.91603391 19.772399707 0.938816501418 6200.0
-3705.37435527 19.6730602723 1.13387388005 3000.0
3076.93820096 -11.5794176882 0.8970706368 4600.0
-3430.37688482 20.4282902703 1.03879932186 3000.0
2679.86064107 9.70811869195 0.862776003173 5000.0
1821.09277512 21.3467097796 0.926088622791 5000.0
2198.35657324 -15.2926980367 0.827014273787 5000.0
2017.74300285 -7.76886103849 0.786182375246 5400.0
5723.74852863 12.405033764 0.989676842497 4600.0
3750.34955956 -24.2295469497 0.981675990826 5000.0
-847.654784911 19.2601857669 0.927497811797 4600.0
-3724.62140389 14.1702043078 1.036878696 3000.0
-2531.50314331 22.003149854 0.894619155189 5000.0
-1472.04382738 -12.5301562755 0.760394814906 5000.0
-4442.63791562 -19.1383361399 1.44013722471 3400.0
-1075.58544477 19.3988509898 0.791222647064 4600.0
-1451.56941632 -8.72116603471 0.764775837869 4600.0
3690.75176151 -8.78784366844 0.888148874778 5000.0
1764.33800383 -13.7865298591 0.797864768009 4600.0
-5154.74180711 -11.2099258714 1.18347770733 5800.0
6140.03296117 12.2068526978 0.87898016124 5400.0
5776.1428985 -15.5173505279 0.913727289296 5000.0
3186.90785888 -16.1762999036 0.79348099312 5400.0
-4606.84337998 13.0821738472 1.01071576195 3400.0
4134.64602569 16.2858868446 0.854800099933 5800.0
-3456.00522253 7.33189864156 1.02888600568 4600.0
-3442.91746982 -22.7335248863 1.12159538267 3400.0
-4030.24286392 -8.39836962291 1.0225361651 4200.0
-815.003449458 -15.2010598312 0.780782504702 5000.0
5359.99459224 21.9288597011 0.971698387768 4600.0
7701.70335613 3.75345929062 0.947598833399 4600.0
2356.49850214 -14.217277439 0.783106369483 5000.0
5031.02657752 11.0907964597 0.891242787972 5000.0
7763.39082711 -9.91827859648 0.939443370208 3000.0
4929.68332585 -15.2846610058 0.905978421826 4600.0
-2086.39005113 -10.098354863 0.77478507969 4600.0
-2179.79054603 13.4575862305 0.793922788972 4600.0
292.959833674 -19.8713550912 0.777431539243 4600.0
-3458.6015336 -12.1358533728 1.11171678644 3000.0
2385.5029398 15.0858826556 0.709935260677 5000.0
3108.80283404 -15.544049013 0.923454301387 5000.0
3758.526088 -6.83087040453 0.927323450115 5000.0
3521.4054571 18.8106784817 0.941527591146 5400.0
-4137.13231206 -10.3523030987 1.1059110122 3000.0
6550.8036814 10.466909203 0.988989286331 5000.0
4415.84965848 25.5280938868 0.937564018744 4600.0
9082.56101986 -13.8649955514 0.931701617089 5400.0
-5098.60970998 9.97998563232 1.03716153657 3000.0
-5017.02191314 12.2743001183 0.989926709397 4600.0
6902.60446158 -21.2173154707 1.00429910729 4600.0
3329.16092887 11.1819679493 0.892438859447 5000.0
2933.54967453 19.2032394877 0.864849974819 5000.0
-2894.14196404 16.2600223725 0.958235686209 3000.0
5947.55258419 10.414748265 0.908992992782 5000.0
1445.49470096 8.60712233117 0.733960868736 5000.0
7195.27681717 12.4149002944 0.902109094921 3000.0
7303.31089792 27.8647687291 0.93538913972 3400.0
-4506.88221864 5.26955603364 1.03989943087 3000.0
-3290.95781931 20.1680705144 1.04875806091 3400.0
-3097.22464246 -8.10563691132 1.10413055986 3000.0
2938.6821928 11.6300035963 0.85858136927 5000.0
3513.36091206 -9.18845446108 0.87196699759 6200.0
3417.00873444 23.920029188 0.851360077062 7000.0
845.33609313 -19.2950116377 0.941726024046 5000.0
-4551.09623699 31.6673288147 1.10574657091 4600.0
-3474.19733572 6.59654233682 0.922870416723 4600.0
2282.69253417 23.0250841215 0.901641008841 5000.0
6633.67231145 24.9520831992 1.02703956357 3800.0
-2937.27677983 -33.6985715173 1.05203785096 5000.0
4077.09935876 3.23676083745 0.936799805222 5000.0
-3080.15121035 -30.6836742914 1.13740485394 5800.0
-2433.5748015 14.8853320293 0.995661993392 3000.0
-5625.4594492 -11.415379185 1.13076188559 3000.0
1806.72458915 -9.06565686068 0.770528696203 5000.0
2792.68589693 28.5237209785 0.873507990902 5000.0
-2736.4974782 19.2957834137 1.0016060724 3400.0
4347.85140674 35.7361880574 0.93327391622 4600.0
4654.12615836 21.3582866554 0.949647739491 3000.0
-1750.39555081 -15.2757183189 0.740410950182 5000.0
-5164.80748981 20.4388177669 0.978328700249 5000.0
2733.53033524 -12.7510136462 0.906607537296 4600.0
-1674.26501747 -12.0170537439 0.842672776402 4600.0
-422.933690708 9.40856048115 0.794502114797 5000.0
-4468.42665669 -5.91867006708 1.05449460527 4600.0
3100.25626888 -29.7475799398 0.726746990803 5000.0
-7096.01434794 4.09076487128 1.09748985604 3000.0
-5295.14487107 11.9435199644 1.1813131411 5400.0
-2948.16482805 13.6150119943 0.91611932275 4600.0
5774.57839277 -23.6986550571 1.07975748729 3000.0
4452.14885645 22.9134627115 0.927025535856 5000.0
-1498.9052166 -21.8032667164 0.85017517292 4200.0
-3009.38775872 12.3147355979 0.842929614322 4600.0
3688.31081831 -27.2818153475 0.835998248394 5000.0
-981.594172815 17.981553057 0.901630392573 5000.0
498.130715449 16.5479562406 0.80677024138 3400.0
6190.79389379 16.1121645185 0.906474817525 5000.0
4077.98309661 27.0620524931 0.980366877097 5000.0
5582.5189254 -32.4373374024 1.10171576438 5400.0
4993.75581265 12.8328889409 0.876530450647 3000.0
3820.54153257 7.3110495218 0.885819934711 5000.0
3875.99566928 -20.878934952 0.942746520002 4600.0
6184.05410248 -14.714551421 0.905209694207 5800.0
-3778.46200525 24.4955998898 1.00941553416 4200.0
7246.13920036 21.6024372352 0.954597120425 5800.0
3076.88601055 -13.8655185648 0.724372001476 5000.0
-2668.57115102 -8.86445772507 0.802697241274 4600.0
-6381.12895665 -13.1594044771 1.03730642621 6200.0
-2356.32221045 5.83416386929 0.92863267104 4200.0
-8643.8935559 -7.45394704906 1.30381565232 3800.0
-1913.3775006 -20.3694888056 0.755897897744 4600.0
-1588.306206 -12.5511928195 0.756816899135 4600.0
7991.21027925 -8.81885875221 0.941073023845 5000.0
4730.74575631 10.3513347352 0.911986948952 5000.0
-5847.75987255 -4.99930842479 1.10101729005 4200.0
2238.61261142 20.496932244 0.810659763584 5000.0
1352.17735376 -10.3017195593 0.738477646969 4600.0
1530.94782837 7.48707547851 0.744454552742 5000.0
-1647.42426606 11.8739995996 0.828635025297 4600.0
767.389554731 19.4455657856 0.807069680723 3400.0
-2801.25304959 20.4847526917 1.16184981237 3000.0
-9064.29665244 -27.0148476723 1.03281780038 3400.0
3005.70348683 -11.5153088566 0.825133354179 5000.0
2934.06240915 -13.2880894563 0.88529036873 5000.0
-2419.23567993 17.3547438528 0.836224031819 4600.0
-4251.61022604 -8.52658693373 0.990372616474 4600.0
1615.36810545 -19.7576006296 0.719892518952 5000.0
4451.47215475 9.63287255855 0.965855993455 4600.0
4212.50508155 19.8767936529 0.995762882601 4200.0
-3321.06152614 -16.0120820569 0.899174334616 6200.0
-5564.5176956 15.15165686 1.02211540633 4200.0
-1833.4953165 17.0722758105 0.814029222647 4600.0
-3746.24842955 -9.2320324666 1.00711769901 5000.0
3061.39859584 13.501633926 0.782637585599 4600.0
5689.10871807 17.0723811005 0.929818397547 4600.0
5127.58212907 -17.6689011412 0.899391336754 3000.0
2917.00190913 -19.0873843371 0.792031472215 5000.0
4083.12660059 -7.76344215115 0.906959575206 5400.0
2227.1114035 -3.02505325175 0.876747797572 5000.0
-7180.7999686 -28.6043236467 0.971664608101 5800.0
-3324.17036247 15.7324892911 1.1968463522 4600.0
5210.92450392 32.4135615682 0.980687923325 5000.0
-2548.98371404 -19.3190959267 1.36307761156 3800.0
1824.84901464 16.4427377673 0.81576919419 5000.0
1710.37883615 6.08193896617 0.751795667602 4600.0
-2226.33188764 -15.3712061422 0.781690910512 4600.0
5916.46486729 15.4345260956 0.894432596796 5800.0
4273.60796365 -23.4279156645 0.854733598218 5000.0
5208.88986815 -14.7465304159 0.909660446979 5800.0
4409.35103168 -17.7386746815 0.952338263352 4600.0
6736.37806655 -10.7237302387 1.0067259627 4600.0
-5499.6845109 -16.2126825697 1.0858566715 3000.0
2956.2948434 -11.24078865 0.831293237582 5000.0
-520.0191434 -29.900521635 0.734658890143 4600.0
1349.81595861 22.4293140397 0.900337192082 4600.0
-2347.07930908 11.7010221733 0.91815573211 3000.0
-2799.52889613 8.32342930205 0.806252158933 4600.0
3199.1366443 -14.9743594949 0.892231669437 5400.0
2849.71151653 15.390998398 0.84514051273 5000.0
755.225826906 23.4621245196 0.872033020986 3000.0
4112.05464586 -4.44057808351 0.906048256891 5000.0
-1383.73004012 -13.4168014015 0.877513874466 4600.0
3743.37730638 -18.0771016423 0.832073354495 5000.0
-3493.19501594 -14.5801919199 0.851712893126 5000.0
-1262.47522633 -22.3480994166 0.753000636235 4600.0
-4629.45288548 12.4451830323 0.964394093182 4600.0
462.460189951 -11.7151372334 0.72745347982 5000.0
4799.89709918 -16.5608322027 0.912105545981 5000.0
-6750.44513131 -13.9360554683 1.04032202154 3000.0
3948.06510859 -18.1279084672 0.971806010732 5000.0
2267.28745814 -14.9055116817 0.764848083473 5000.0
-3248.85961465 9.98772494758 1.04224302526 3000.0
-1530.38573508 -6.7448127193 0.814094316369 5000.0
-1748.78591682 -23.6771004034 0.723909435034 4600.0
-1508.53044241 24.6317862575 0.784280204487 4600.0
-1990.28507615 -8.68313395613 0.81147192796 4600.0
1086.27158111 18.5152206592 0.929481872783 3000.0
1307.13814098 6.68093346302 0.755476250442 4600.0
-4099.01715424 17.750232152 0.996433154552 4600.0
4537.06108 16.6182834305 0.899151547548 4600.0
2551.71309296 -8.30719088151 0.738008692016 5000.0
4111.48337933 25.2203246825 0.928925942646 3000.0
-6344.11663222 -13.8296557525 1.03381785051 5000.0
788.769230422 -19.9184955977 0.812743046854 4600.0
3329.53994295 -10.9955646367 0.839152095744 5000.0
-4794.5921728 -30.7193539772 1.03772543348 3000.0
5249.18469707 11.0845245408 1.00026780717 4600.0
-5795.22241387 -18.7637725116 1.02069972293 5800.0
2896.53879779 -13.6337236871 0.836207523674 5400.0
-4962.17384929 19.7224841087 1.01102065274 4200.0
3583.21021936 14.4246169595 0.791111715196 5000.0
-4006.14512215 11.7977743281 0.965251950351 5000.0
-3293.96024936 -4.69446802098 1.05478409578 3000.0
-1714.18269408 10.673478136 0.773599126699 5000.0
918.038802797 15.5820900648 0.745463322751 5000.0
1577.09769149 2.15593770459 0.73707457036 5000.0
-4604.82701858 27.165209625 1.06127379514 4600.0
2265.58678009 14.0432898627 0.706583455636 5000.0
1971.89449674 4.57822113469 0.712840606743 5000.0
2392.53550764 3.30186546657 0.747164944711 5000.0
-1142.14179611 -18.3413658728 0.989398334908 4600.0
-3067.589564 28.3701703135 1.03771603036 4200.0
6223.59268696 -29.938111852 0.919404963292 5800.0
2399.60213152 28.1830892182 0.78174394976 5000.0
3237.19532571 -4.14243856313 0.868483742805 5000.0
3065.37517144 17.4683977552 0.815500971405 5000.0
2367.59560086 13.1588221699 0.766601177359 5000.0
4558.99801671 -6.04497042675 0.901497278038 6200.0
-3072.59718789 11.1277079987 1.17643751558 3000.0
3156.64404895 -16.7251985761 0.956869707424 5000.0
3339.94253884 13.0400971548 0.910158746305 4600.0
3306.1113135 24.6796454598 0.944063731584 4600.0
1397.11893536 -10.4521182312 0.716695460954 5000.0
3361.80136481 7.50557501622 0.911639181358 4600.0
8582.29607821 20.4337973078 0.980271523717 5400.0
5808.95321311 11.0877267652 0.988141433741 5000.0
-2758.90172574 -6.6956411349 0.774582911283 5000.0
-3123.05443109 24.4873418994 0.949073283232 3000.0
6012.6125339 -15.9301740904 0.916835602514 5800.0
2423.02958061 -7.61592386139 0.902289862939 5000.0
-1340.24750073 8.82978953933 0.738427761808 5000.0
3628.92400996 -16.952086416 0.824717024089 5000.0
-4013.84234468 23.8868729366 1.14014845643 3000.0
5081.11434299 27.2794070935 1.01106328182 3000.0
3414.77910157 10.9398163284 0.849489593648 5000.0
-582.657657678 -15.3516984635 0.730031222637 5000.0
-7894.42696119 12.8431427466 1.00505814498 6200.0
-2608.9841207 -9.75737027431 0.7534811061 4600.0
-3278.9878414 13.2077796008 0.899058324788 5000.0
7031.75119705 -17.6807100128 0.96419248268 3800.0
-1844.14949385 -14.0649505571 0.909035851118 4600.0
-2376.77508885 9.33415586314 0.865093922879 4600.0
-4660.57161744 14.3277729129 1.05585924825 4200.0
4153.01448273 26.4459137235 1.05206006335 4200.0
2675.04599025 -6.89847369452 0.917203675517 5000.0
-6526.18979168 14.8777835842 1.54292572229 5800.0
-1182.93472165 -6.43666849216 0.716536467445 4600.0
-11464.7770317 -11.3114992242 1.03158389411 3000.0
3018.50333681 14.5595262964 0.856211183605 5000.0
-3076.80127011 2.87699965495 1.08603098574 5000.0
-2795.84057297 7.85200371891 0.998062359042 3000.0
3572.47831491 -13.5022605699 0.96520066552 6200.0
-6164.66316793 21.6719070443 1.05737212332 4200.0
-1935.27383868 -4.81399211617 0.761087023144 4600.0
3323.31369761 -9.58374373452 0.834112951173 5400.0
7065.42435416 25.4260337545 1.00758286574 5000.0
1626.45571127 13.1358598594 0.777418837034 5000.0
-768.525272431 -7.61966283854 0.731286180641 5000.0
-2271.33154444 -17.4824249122 0.881943065308 4600.0
-5423.08545869 -5.3184682577 1.20932267182 3000.0
-6411.05017464 17.4596593574 1.0164929403 4200.0
-3701.41279327 -18.5210974085 1.02095830208 4200.0
-2256.74594918 -6.39533729684 0.831942027152 4600.0
1728.89071255 7.81632313942 0.699452138376 5000.0
2535.91649829 -8.66113818899 0.849580611289 4600.0
-5547.04248758 -14.1984563002 1.06369205649 3000.0
6414.97159859 -15.1357099764 0.918766083912 5800.0
2298.37324117 -29.2662994758 0.947227904412 5000.0
-2177.82227991 14.9469685364 0.858374025665 5000.0
-5196.75834513 37.5049819694 0.940693410141 3000.0
-2956.24022324 -26.7577965777 0.802460616244 5000.0
-7511.51020199 13.6350523471 1.01526111079 3000.0
1294.73418284 4.78661637509 0.715416395864 5000.0
-819.940134565 5.4658725451 0.763840944955 5000.0
-2535.47471465 11.8466161852 0.932688318539 4600.0
5511.61808989 19.9234774681 0.980985918036 4600.0
-2509.14556109 -19.014676874 0.92449517887 3000.0
-3293.11593842 -16.0023350377 0.833140423513 4600.0
-5646.692655 30.0333928348 1.01034103377 3000.0
-2540.08415505 -14.789110962 1.11406680063 4600.0
1917.32221183 12.8314176747 0.794951927749 4600.0
736.655239104 10.5952640044 0.775776598569 5000.0
1196.64367882 9.94247757892 0.735618967227 5000.0
6514.32777893 12.5085874083 1.00189750019 4200.0
-2095.08456561 18.7376175268 0.828545990347 4600.0
4699.12984405 5.47108773682 0.902978559366 5000.0
-5706.37726242 -12.0770984084 1.02630853983 5400.0
