3822.29337126 -22.3771309024 0.906078518829 6200.0
2449.9187595 -11.1460684114 0.765441038449 5800.0
-6829.68288687 -10.9464792261 0.989228758846 6200.0
-5876.45894695 -7.22642363443 0.980754205361 5000.0
-4355.01479142 10.5346505956 1.03918622906 4600.0
-2484.20990266 21.666761429 0.836321532545 5800.0
3979.04856227 -20.9304928825 0.912001867423 5800.0
2834.79611276 10.6968822651 0.721655505435 6200.0
-3715.55439101 -10.4120584529 0.916148176773 5800.0
3649.65823416 -6.25083482858 0.925315148922 5800.0
4892.32909358 18.389691857 0.858061063488 7000.0
-4346.66957701 -18.6225537051 1.02559063563 4600.0
4252.24514619 -17.5402536516 0.833559502169 4200.0
-3880.70240658 -14.5412511695 1.12082613547 3000.0
7952.9307261 14.0344601002 1.00224994533 5800.0
1569.08290004 -10.2586932758 0.722042415228 6200.0
-4561.93207083 -13.4170551092 0.970733449352 5800.0
2673.40186875 19.2501632306 0.961038870894 5800.0
4521.43310638 7.41867395133 0.966126802802 5800.0
-2779.41570893 -10.2199731973 0.754612540095 5800.0
-4074.05653799 19.4552623909 1.02218410262 5000.0
1530.31485019 -17.6148546943 0.72043665598 6200.0
-2496.47005971 11.204796179 0.784406518628 5800.0
-6896.61296318 -9.95583123684 1.31121174222 3000.0
-4143.2935944 7.101924539 0.980847010933 5800.0
5778.64575977 31.5129065922 0.971248010731 6600.0
3323.53290312 11.8151610801 0.923838176682 6200.0
-2020.23024888 -9.93213320552 0.755926605813 5800.0
6768.75834642 12.5206759971 0.993191399901 5800.0
-7705.58313213 -11.5372880125 1.16688120554 3000.0
-3979.77272507 17.0436063042 0.94689674678 3000.0
2367.2782401 19.9128387041 0.908699154949 3000.0
-3486.72272431 9.14188207838 0.84536983051 5800.0
-4771.97257905 9.74462323838 1.04108109923 3000.0
-6423.29017999 21.105964386 0.980291292172 5000.0
2123.71887426 17.2298203348 0.784014679201 5800.0
1024.08569971 -10.4826094733 0.857748120443 5800.0
3873.7128298 19.1187837622 0.971715823819 3800.0
4772.70667045 10.134345707 0.957103544846 5800.0
-1758.86351027 -16.4446420937 0.721999033123 5800.0
-2386.05525569 -13.9895474457 0.763418665135 5800.0
5585.7674922 29.556411382 0.965878549416 3800.0
1317.25477333 7.62759609748 0.760181617267 6200.0
5874.02895972 -13.9209280894 0.999474866067 5800.0
-4517.67682411 -6.27915419572 1.13710578623 3000.0
4906.13908804 -19.9427038517 0.981063544794 3000.0
-2092.4606817 -21.5744475906 0.734534456671 5800.0
-1935.01004053 18.7225625539 0.876221757119 5800.0
-3312.55289239 22.394490966 0.85823229699 5800.0
-4334.20283088 16.2714926696 0.979086185369 5400.0
-3145.16854067 12.544742326 0.831427516687 5800.0
6690.66155742 5.88175565713 0.974529015916 5400.0
4346.8457842 -4.24525688675 0.8760096245 3000.0
8293.15955206 13.503085769 0.943255610723 6200.0
-2693.31512683 -19.8863527953 0.722247733781 5800.0
3320.07477809 -13.1347299276 0.919279133062 6200.0
3322.07171554 8.48917046601 0.85730852821 6200.0
2110.00239017 12.410527485 0.730730862062 6200.0
4223.3339931 -7.89846012744 0.988565691752 5000.0
-4938.60928497 -15.3806021321 0.945551481306 6200.0
2679.48116414 22.800236054 0.917634538092 5800.0
-1866.50304139 8.62248039223 0.731438629873 5800.0
-6606.70848423 12.9211630775 1.07828635522 5000.0
2123.86744159 14.4659776212 0.753228141365 6200.0
-2852.2135645 -15.9890651696 0.917817547598 4600.0
-3256.68369061 -15.4135115648 0.798043084081 5800.0
-4841.81962797 8.77058309459 0.989490315353 5400.0
7223.25760449 -18.74461584 0.96103674443 4600.0
3540.33019715 13.6040243255 0.893110752724 3400.0
-3399.35121388 18.0589122214 0.87638061847 5800.0
-1854.53407246 -26.2055106663 0.737535966741 6200.0
-2437.63027512 -16.2440971356 0.834573003952 5800.0
2621.05600364 14.3895321754 0.732295439399 6200.0
-6153.12412286 9.12993802609 1.15714602177 3400.0
2866.78546068 -21.7176814204 0.845614405307 5800.0
-2549.21580201 9.45648341884 0.760196839058 5800.0
-4753.63369931 -9.93061151151 0.931064891454 5800.0
-2112.84490966 20.239130921 0.861843261479 5800.0
-3681.95020586 -22.5616122812 1.08389511672 3800.0
5112.90116691 -13.9551991972 0.842993223274 3000.0
6749.4240658 6.64647531158 0.970404060384 5800.0
777.061756846 11.3268985296 0.665959313434 5800.0
1826.2333774 17.3225575451 0.855290747314 3000.0
-7651.35985747 -12.6380413403 1.05290492215 3000.0
1527.20444342 29.6956064213 0.811974817157 6200.0
1875.06688139 -10.5691822546 0.818538024488 5800.0
3268.44501408 19.6419945579 0.895437565651 3000.0
-3925.46886569 -19.6836019555 1.0787530201 3400.0
-1776.68409528 -12.6339118814 0.903939533611 5800.0
-2435.53690342 -29.5327140115 1.03914508828 3000.0
3961.95386942 22.2881065944 0.93322298257 6200.0
2245.17424183 -9.8690693667 0.744644521373 6200.0
2405.39959625 18.3178413211 0.804132338929 6200.0
4756.40795993 16.9861572357 0.949199502125 5800.0
-2025.84245945 -16.526808728 0.718461408362 5800.0
-5755.80888644 -21.760217726 0.995814341479 4600.0
-1357.9759597 5.80559027198 0.780976296797 5800.0
7282.83346291 17.1187258546 0.935229358608 6600.0
-1510.6764771 -11.7084275022 0.859413467698 5800.0
-1934.48009866 5.44563510569 0.721230444116 5800.0
4659.62865674 16.6761726861 0.891975237128 4600.0
-5263.671447 21.2624264545 1.05004155327 3000.0
3323.0263065 -17.0338021398 0.889978924324 3000.0
3439.48955063 12.7687558665 0.98992763577 5400.0
-2504.64662327 26.4335807268 0.980136251406 4600.0
2285.89825899 -8.78192311198 0.791249893133 6200.0
-1001.24719016 23.2424742164 0.758572806397 5800.0
-4779.16383568 -6.88347490288 1.17081776103 3000.0
1121.85895745 9.15965926621 0.696553529872 5800.0
-2709.76393574 11.5027329142 0.803588421849 5800.0
-3667.27552221 -10.2907805877 0.801290249415 5800.0
-4405.71866905 16.8217498294 1.03566803622 4600.0
-888.9827724 10.109943729 0.774784496367 5800.0
3944.96970896 -12.8717087269 0.912736798208 3000.0
-3656.0235665 -7.67506257581 0.974013383669 5400.0
-5957.291367 -5.40021575264 1.21370014827 3400.0
-3723.17408791 -21.247572909 1.02595594114 5400.0
-724.609786833 -3.99024599813 0.677834461416 5800.0
-1964.38776767 32.3239188367 0.892713236084 3000.0
-7663.62841882 26.5124200877 1.03345471523 3000.0
3451.78909979 -4.71770964416 0.839910259933 3000.0
-3554.73751828 9.6647187914 0.982051180714 5400.0
-1293.31116843 -7.05326856036 0.741215575911 5800.0
-3942.39875512 -8.49388682526 0.893071727896 5800.0
-2589.22790441 12.8217873639 0.782232518229 5800.0
-3245.13600419 23.8682202146 0.880614598631 4600.0
3072.15062608 -13.3337340252 0.840191914536 6600.0
4440.21559099 22.408913202 0.844604415887 6600.0
4055.75870536 35.7726854263 0.901034433375 6200.0
-5055.55711162 24.0460242667 0.979458105947 5800.0
2827.4505009 24.16208912 0.775298592747 6200.0
6725.36442741 -15.0244386 0.976487320588 6200.0
-1514.39228348 17.0778986857 0.904118415685 5800.0
5356.99285973 -15.1017644809 0.84633029209 3000.0
2995.56645652 18.8684146229 0.720843018196 6200.0
-3476.80887595 -9.83733659203 0.883129646146 6200.0
-3075.03437871 38.0363470237 0.96988696954 3000.0
7925.91785258 -8.68057345673 0.955201896443 6200.0
-953.465863039 -18.060561103 0.906571405842 5800.0
487.290600219 -16.510191061 0.824546329871 3400.0
4772.49368179 -24.414015943 0.922188437329 6200.0
4690.02816707 -19.0978665332 0.914696142762 5400.0
-3981.09508253 -17.4353939967 1.08430491869 3800.0
2389.6266786 9.3894263038 0.742809441059 6200.0
7106.97707936 -9.3030236201 0.995352183464 5800.0
-9624.36500536 30.0783501535 0.974344176706 7000.0
-3272.82717637 -9.26726159694 0.896861554978 6200.0
3661.97495933 16.2354163225 0.919863461826 3000.0
-631.099075838 -23.879230796 0.981134986364 5400.0
7577.42054642 12.1329027179 0.936360025173 3800.0
-2143.05159714 21.8463280789 0.879536857025 3000.0
1513.17361845 8.40844331224 0.679529367662 6200.0
4945.03671805 -19.8503481783 0.965810278999 7000.0
8112.2778665 -25.9026852834 1.00081437388 3000.0
5729.40171411 -23.7010529888 0.930326142237 6200.0
-1614.35639022 21.1932979194 0.82286681671 5800.0
-3188.52344708 -7.72587276515 0.71422531156 5800.0
-4462.47590159 27.3787608321 0.997267713789 5800.0
-2333.83478569 -8.33171389592 0.695884839613 5800.0
-3773.45957483 -9.84912630887 1.03105942179 5000.0
-4493.37347673 -8.14701799356 1.09479806527 3000.0
4085.95542963 19.7339342701 0.909491643484 5800.0
2655.66250924 17.2138609391 0.837211093679 3800.0
-5535.37396863 -15.1209599485 0.960008003652 7000.0
3262.95895593 -20.1075876811 0.739680876502 6200.0
1608.20712952 19.0100884518 0.686830562444 6200.0
2675.48555222 -14.5343731731 0.749084072299 6200.0
-3574.34288045 14.3786533832 0.855940115055 5800.0
4178.48345781 -23.1127246855 0.917709864725 6200.0
1251.05547724 -20.9709872672 0.80335626139 6200.0
1926.17348539 -11.6281214814 0.851087967198 5800.0
-2200.22931098 22.8678553227 1.08588098151 3000.0
2874.47942456 22.8879431586 0.826577501799 6200.0
3712.4558709 29.8691700442 0.977753384643 4200.0
5146.60494109 -18.8244242408 1.00450441191 5400.0
-4589.28161875 -12.8867614591 1.11118009369 3800.0
-1377.5599056 18.698332401 0.902953785975 6200.0
10109.6762784 16.0703912484 0.969819781247 7000.0
8515.68519441 40.4638263553 0.947316921886 5800.0
-1048.62000126 6.02009358925 0.790098824294 5800.0
-3045.78920113 15.6685654686 0.901475235396 5800.0
4795.66900574 11.4554689171 0.855009550856 3000.0
5188.03730294 -27.3498063397 0.963468150406 6200.0
1902.0605247 -18.8604103888 1.04152502614 3800.0
3342.76772739 -29.0162342877 0.922046284952 4600.0
-2750.21156407 -9.79603786036 0.82123554381 5400.0
-2061.91196037 -7.74832345952 0.795001062049 5800.0
-3611.63704988 -16.5230330319 0.885252280964 5800.0
-1308.06712347 10.0164391851 0.720624882157 5800.0
-4561.23179118 -13.9853699501 1.04069087165 5400.0
2863.32098654 -21.6832098408 0.809662189543 6200.0
2730.99021664 -5.61563630004 0.723768999651 6200.0
-3621.68984392 13.3276091102 1.01298244427 3400.0
-1244.10740426 -8.98400218854 0.713269617851 5800.0
-2418.08812364 -6.86987400315 0.760668584205 5800.0
-4956.67377738 -14.3803882012 1.34050446275 3000.0
-2401.75611963 17.8114350087 0.819236024155 5800.0
2425.31155206 -20.4663593511 0.818804528216 6200.0
2231.01645011 15.5184906541 0.787668807971 6200.0
3563.94170114 36.9277927894 0.980143706783 3000.0
1273.21588228 -10.9399950037 0.821178253622 6200.0
4699.53405403 22.4948600363 0.909226947589 5400.0
3506.19505657 -12.9449866431 0.803242225547 6200.0
-1625.86107251 -7.85423462512 0.82241853792 5800.0
-3074.82632061 11.8936184013 0.769750916469 5800.0
-3290.27847627 -12.446668961 0.807426841178 5800.0
1694.30999452 -10.7197985209 0.757428265847 5800.0
-5418.55775186 15.4053125622 1.00913936292 5800.0
1610.29005204 -14.0031374099 0.691915568247 6200.0
2391.15778511 21.8727370105 0.868341104778 3000.0
-2819.20881424 19.2925444241 0.883611382627 6200.0
-2852.64208621 14.2693748805 0.910061924166 6200.0
-6264.61087576 25.3095168987 1.03922135001 3800.0
7269.83134847 22.0864427646 0.9577814455 4600.0
348.630535423 15.5051695973 0.75224782749 5800.0
-8403.28146975 14.110844661 1.03725046652 7000.0
-4637.46647171 14.1653947689 1.04401823956 6200.0
-1018.52597293 14.0643275974 0.782129617812 5800.0
6422.32061246 -17.2196315016 0.986725889671 5800.0
8300.955025 -16.5880770855 0.957972365419 6200.0
-5260.59227029 -7.17675492069 0.969540277723 5800.0
7163.15249261 -13.799018049 0.981931900575 5800.0
3071.82619169 29.5462198517 0.787287880078 6200.0
-1245.67820562 -17.6328103721 0.745543872244 5800.0
-3745.62246546 13.504411039 0.906060379589 5800.0
2027.40151538 19.7564033298 0.848851635941 3000.0
2795.83446482 -23.8241144747 0.734876105529 6200.0
3074.37747976 -16.2550203882 0.839122042878 6200.0
-5731.27664908 9.81897052951 1.13283503265 4600.0
3424.56029274 4.94592646559 0.911215640931 6600.0
4011.22538533 -10.1961700768 0.960691493129 6200.0
7029.15371585 -15.7059858802 0.971783285752 3400.0
-4471.0871829 -26.473569236 1.06592841138 3000.0
-5524.96191145 -22.9300666035 1.03224193587 3000.0
-3250.56853216 11.9256237513 0.832555917928 5800.0
-7075.82871031 11.3820964957 1.21683861724 3000.0
-3389.06599151 23.5256499509 0.949209318811 5400.0
-4857.22601286 -11.857048158 1.09146189076 3000.0
4406.42980257 -18.8088672753 0.904191921396 5800.0
-7757.19928136 -13.0051510033 1.05481032546 5400.0
-763.459123203 14.4114992553 0.729685730461 5800.0
6021.55887617 23.5600269759 0.931895653101 5800.0
1865.98827284 -4.69512400653 0.708552656463 6200.0
6364.89093706 -25.6055611316 0.972347822967 6600.0
4416.23658997 -8.82266417372 0.953767039825 5800.0
-6467.57129961 -20.1491237475 0.984072006325 5400.0
-809.703392172 11.4792795684 0.73997223438 5800.0
-5393.59932631 -12.917096209 1.2177318824 3400.0
-3010.40926044 -26.3510687628 0.82767502041 5800.0
-4148.20077846 -16.425647437 1.00116125992 5400.0
-6667.96441993 -9.88322690836 0.992423965913 6200.0
-5143.37108998 -16.7290424601 1.04597285207 5000.0
638.820959548 10.8213231288 0.688091502283 5800.0
-2585.98201694 -16.3744822133 0.806465159229 5800.0
8292.97968475 25.1874176026 0.934793417668 6600.0
4524.68686841 21.6353917798 0.963760225951 5800.0
-2331.33524363 17.9089758797 0.684344880117 5800.0
-926.252062793 12.3274876562 0.692591968308 5800.0
2198.8616755 19.4733072344 0.837401472245 6200.0
-1049.9619594 21.3386782747 0.844219247313 5800.0
2267.86073982 11.8261627023 0.776079778675 6200.0
-8819.80904349 -44.3860418464 0.992792058181 6600.0
-3441.15846948 20.5109207592 0.948751070563 5800.0
1030.59866816 -9.8004098928 0.68382909261 6200.0
-3462.61077487 36.9318563654 0.982027301587 3000.0
1544.04744794 -4.58568113124 0.679088303088 6200.0
6294.93677424 -10.8702427973 0.878349041688 3000.0
2635.66169587 -18.154676558 0.986164349623 3400.0
7924.92611407 16.9631293622 0.934643675285 3800.0
745.268299403 5.82702235646 0.67417367701 5800.0
-4456.0623766 14.0111165679 0.970637586131 5800.0
7413.98564865 -15.7713969554 0.958602674096 3800.0
4824.19882706 5.75659476969 0.895099278665 3000.0
2166.75907666 -13.7679046524 0.7246214721 6200.0
-2680.72056072 14.8082195216 0.836245969712 5400.0
4304.54495192 -16.2353539516 0.877296734007 7000.0
-7699.03286393 -18.592123891 1.03029523543 3000.0
-2562.46419725 6.99885717133 0.729963212317 5800.0
-5816.14438491 -17.6939745483 1.03079464257 5000.0
-4652.29233734 -9.57747870379 0.99971662706 5400.0
-4865.66679113 28.4753443592 1.02390594574 4200.0
-2580.6851292 -8.43615684467 0.855577093658 6200.0
6868.03948005 18.8159190374 0.913367805134 5800.0
1544.27883669 -16.3797941682 0.733558841354 5800.0
5096.09515562 -30.325133368 0.93967325409 5400.0
1652.92498913 11.3920594157 0.746685401067 5800.0
-654.375124229 -10.9292526964 0.767595939981 5800.0
2327.24946456 -9.06476122697 0.705452782641 6200.0
1428.01090281 15.3980625783 0.82122298192 3800.0
2858.10598523 -15.3418924911 0.86085938583 6200.0
-787.062376727 8.31949001605 0.695195937022 5800.0
-3188.34381654 -23.6952616581 0.734892278647 5800.0
3370.67715345 -8.01011874895 0.846592191289 6200.0
-9192.95195025 -28.2390060715 0.973416551891 3400.0
-6308.64192722 -6.34714687317 1.02154352836 6600.0
-9140.00563983 -28.1439883144 1.44524919164 3000.0
-8303.04588973 -15.1348848687 0.979993076122 5000.0
-4507.92201627 -19.8593391832 0.981044325301 6200.0
1866.6390571 9.21141549847 0.746068082699 6200.0
10897.493992 20.0341321302 0.984760349413 6200.0
-2744.14132703 -25.4169873271 0.769425510481 7000.0
-5944.92125457 -15.6051127768 1.14100987834 3000.0
-2590.53074012 -10.1349390855 0.88587378663 5800.0
-1637.69053135 -5.80428458361 0.773237304281 5800.0
-2109.72097252 -14.8364290551 0.858074447021 5800.0
3094.62422232 -15.0091952651 0.850771297014 6200.0
-2385.5606527 -11.1058547822 0.685237521154 5800.0
-4275.60781638 -19.3638660476 1.03237129347 5400.0
-2771.11945081 14.7526109208 0.964218396701 5400.0
-2575.43381023 3.22087844311 0.728051715674 5800.0
-5220.78302952 15.0245979244 1.15333130427 3000.0
3988.3703398 -13.9661575293 0.918358888605 5800.0
4537.21319843 -8.67631449583 0.948996393389 7000.0
4860.41673622 10.2711475391 1.00072983525 3000.0
2044.5035964 15.8569715523 0.698257914856 6200.0
5244.58363675 -21.5758100711 0.946909738422 6200.0
-5321.39837516 -17.37681704 1.08035852864 3400.0
3655.41900189 18.491911031 0.861003253895 6600.0
1771.26084304 -17.6585687135 0.923616925472 5800.0
4232.09629358 -8.46731565914 0.888411511058 4600.0
3633.89272476 6.70136373574 0.920570485887 5800.0
6561.92767405 -19.0124694833 1.00286460215 4600.0
-1739.17824623 -9.6478552897 0.730252479957 5800.0
2924.66178521 -7.29764349935 0.828054314751 6200.0
2917.36455489 24.3289226123 0.912143606087 6600.0
-577.22368549 7.80814809862 0.707357610713 5800.0
-3583.99442776 16.4238812165 0.880841544031 3000.0
-4704.69704104 13.6828411791 1.03937906097 3000.0
-5895.0025241 -8.69119402321 0.942519082414 5400.0
-4857.00178032 14.5577363933 1.06280068449 5400.0
-5081.09323492 11.3390646189 0.989191080327 5800.0
-786.098626103 12.6396103467 0.728218045832 5800.0
5609.19948618 14.5910735123 0.978804957739 5800.0
-3601.77652419 -16.1859562639 1.05153158016 3000.0
4118.06383281 19.4300176851 0.92703945608 7000.0
-1624.18576153 -10.187269605 0.836422266792 5800.0
3253.29125324 -11.8157498846 0.748813056468 6200.0
-9896.18980914 -14.6976379707 0.993236343039 7000.0
-3806.83788265 9.94213414326 0.921578054882 5800.0
-4348.94498903 29.1834373479 0.963222197697 6200.0
-5572.21148935 16.2188983421 1.13717026045 5400.0
5471.02711396 6.64021737953 0.967991949318 5800.0
-1317.41275252 13.523993074 0.695899119379 5800.0
2347.96622904 23.2112093918 0.793029422492 6200.0
3697.27665644 -18.8633504985 0.917465224153 4600.0
1063.90515323 19.3297202855 0.687269907143 6200.0
-6543.23346976 -12.4950732856 1.02055724005 7000.0
5781.31353978 -2.63440869224 0.926320826069 6200.0
-2666.50971984 21.8901249981 0.822543332957 5800.0
-1641.09087037 18.4922282608 0.837930324009 3400.0
-2043.14365594 18.2323829394 0.743940162109 5800.0
-5435.00514163 -17.1953697755 1.11192626219 3000.0
4110.34992139 -18.3230994451 0.955411237961 5800.0
2340.61583791 5.31779373285 0.788270156249 6200.0
489.508165506 -13.6579928148 0.716660053532 5800.0
-7786.44932647 -12.7947665288 1.18723220779 3000.0
-1468.23275577 -7.97118264907 0.77783268736 6200.0
-2208.65941973 24.1907751388 0.844309419629 3400.0
-2488.92370033 20.2569620456 0.934918005716 3000.0
2842.76143053 11.2805913268 0.964649582912 5800.0
6380.83848879 -10.4532349628 0.877638571261 3000.0
-1974.8628412 -17.4932522596 0.723294157237 5800.0
-1471.27555802 22.2107489297 0.837102021988 3400.0
-3564.40406028 -17.3871747061 1.00151581297 4600.0
-3485.95401973 19.5410881539 0.918305823349 3000.0
4234.89265051 7.1181619647 0.959844156231 5800.0
4449.65469061 -14.3661363883 0.924992056167 6200.0
2603.63618281 -10.5503867582 0.818176324054 6200.0
708.70769572 -10.4982947808 0.764076082741 5800.0
-4501.93787047 16.1452571489 1.07655913627 3400.0
-3752.15780828 -21.2191013368 1.10515289465 3800.0
5321.19159674 16.0574625816 0.99367477259 3800.0
7452.70416705 20.0893725623 0.925665740743 5000.0
3757.33710394 11.629185877 0.931809750764 3000.0
4076.0775401 12.3666737051 0.927960678517 4600.0
5976.88321773 -15.6095051417 0.959582335575 5800.0
-2760.44959504 6.51314778123 0.821389898783 5800.0
5314.60095286 -15.2290281209 1.00320536415 4200.0
3715.9462805 -8.61787487069 0.92581879318 3000.0
-7464.5765166 -11.2394169597 1.05180448791 5400.0
-1745.43443785 17.9451735168 0.859135202926 5800.0
2972.58051369 7.18070016224 0.877293289948 6200.0
-2334.04493345 -10.1755123708 0.837709594835 5400.0
3413.96265123 6.15349138756 0.92550014665 6200.0
4306.78694959 12.32320392 0.954581231842 5000.0
-2888.36361806 -21.2265444194 0.79212917331 5800.0
4485.70870144 14.5966617609 0.937973337721 5800.0
-5756.39974179 8.77250996901 1.01950883127 5800.0
4026.91993287 30.9594330633 0.885952698578 7000.0
-2944.08510853 11.975666638 0.923124585244 7000.0
-4623.40486776 25.1437047541 1.02612024021 5800.0
-2268.81490743 -21.9321404232 0.729942949554 5800.0
2746.85255559 -11.6087782889 0.888043231531 5800.0
-3159.65727054 25.5037571858 0.814691218475 6200.0
2900.56243771 -5.50998099109 0.745965883731 6200.0
-1377.80438566 20.4659257488 0.996395008686 4200.0
2273.85007401 -7.60617933373 0.86007078468 7000.0
4490.40001321 -6.81428776799 0.857614800178 6200.0
-3582.47267323 -31.3186415949 1.00035708529 5400.0
-4036.49211164 -12.5720875678 1.1136831562 3000.0
-2544.19809324 12.5170357777 0.868916325183 5800.0
-2323.97992903 16.0135135455 0.80513691883 6200.0
4712.06746958 19.0978025833 0.974300948282 5800.0
-5074.81742046 -14.0392980677 0.99699508194 5400.0
1778.87869643 15.7016233248 0.759295648333 6200.0
-3520.96233448 17.569237964 0.90011376214 5800.0
-3222.92084035 9.7614348195 0.898156488663 5800.0
-1733.13922608 -17.3009118757 0.687100567909 5800.0
-5064.41829422 20.942510915 0.988729285852 5800.0
-5800.33950783 -14.899371723 1.08177008835 3400.0
-1822.52210849 -1.30252505117 0.773724156528 5800.0
-2219.35678196 12.2338609642 0.731454751303 5800.0
-4687.08369088 31.0333712608 1.00718722397 5000.0
791.472442968 -28.9836834522 0.977787620562 5800.0
-4899.9925587 16.8728382144 1.03543966468 5400.0
-3650.88079333 -18.1429236367 0.912457934641 6200.0
3408.22325774 -21.5542026082 0.831181691345 6600.0
2786.58051995 17.0090483712 0.941913957072 3000.0
-6317.01865801 -25.7311991607 0.966778018034 6200.0
2194.18503027 -17.9086691719 0.895868413929 3000.0
1939.92192121 11.306044962 0.731604125304 5800.0
2687.99648504 -19.192187869 0.902348946588 6200.0
4676.58516885 -23.2493697636 0.930930854874 5400.0
-11381.5667661 -9.06618455049 1.01682556853 5400.0
3775.74199023 -19.584929537 0.948483251351 4600.0
-1474.58421666 -22.9329428431 0.972300161859 5400.0
3908.28187063 16.0161188383 0.880210680149 6600.0
2609.53875244 -11.9901039211 0.853948699871 6600.0
-4237.18450597 -16.997144681 0.927820386822 6200.0
-5041.35663663 21.7098179278 0.976237953838 5800.0
4792.71822995 -17.57857957 1.02576724592 5800.0
-5487.28478849 17.1688956871 0.974684624131 5800.0
-5135.9510851 5.39857689423 1.04392716443 5800.0
-3670.88939711 -9.85592105481 0.861850830088 5800.0
-1635.72483444 -14.8893782613 0.7748148928 5800.0
1004.21283104 16.8316056563 0.70179328029 6200.0
2461.90776123 -9.04823897068 0.864748883228 3000.0
-5798.05422162 -9.89074602063 0.986713194018 5000.0
-8143.11468754 -18.3784876368 0.982677298932 5000.0
5584.18825735 17.7505438044 0.968468409938 5800.0
-1729.78721222 -16.0624941435 0.763672756007 5800.0
6563.39117857 -11.9971018273 0.970975084389 4200.0
-4535.32616528 -11.8082357044 1.03275479535 5000.0
-1235.05553115 15.2252001819 0.724137318625 5800.0
-2160.83791103 4.85972973427 0.728779508117 5800.0
2770.13822305 -22.066936564 0.761297618807 6200.0
-4903.50592865 11.4871230665 1.09108814533 5800.0
-2971.59604041 12.0189435846 0.801232083615 5800.0
3667.51034161 -29.1135532348 1.01044602606 3000.0
4573.95964942 -4.94645662979 0.897960611196 4200.0
-2985.11457853 12.4811019929 0.807008893545 5800.0
-965.584850196 -15.8118551303 0.821225461927 5800.0
-655.284157375 6.36191571508 0.722999244983 5800.0
-4816.99625105 -20.256930116 1.14672080225 3000.0
6723.0840937 -21.4418570171 0.97430207371 4600.0
-4733.60074358 13.0196491751 1.00460833104 5800.0
-3994.09826513 6.78013683595 0.936423535104 5400.0
2305.54082157 24.1425037311 0.789182029324 5800.0
2296.12262878 -21.3009546495 0.911973351288 4600.0
-2958.52073578 -6.03987764111 0.715734798359 5800.0
2815.90096494 14.8469315395 0.873168515854 5800.0
2579.10131471 -8.83579806134 0.742141339486 6600.0
-3910.91615322 11.4496302772 0.956951355124 3000.0
-2377.97853114 -8.19047521813 0.750673587837 5800.0
-2770.71038552 -19.5835490109 0.91140835772 5800.0
-1590.07698504 -9.67328092219 0.754962399478 5800.0
3140.15029057 20.1474214156 0.966128829132 5800.0
3182.89841652 5.8068461719 0.849079075301 6200.0
7616.22622769 20.5673749371 0.977150194599 4200.0
-6242.63291009 -17.412617405 0.956611588379 5400.0
6280.8372989 10.0289503828 0.900833660784 7000.0
-2792.43639624 5.23920083327 0.809565494706 6200.0
8640.13632249 11.1031225665 0.945781996103 3800.0
-5295.94422503 21.8175101473 1.01559306514 5400.0
-2967.14327429 22.7539399296 0.95079350855 5800.0
-1678.06019429 -13.0706217511 0.696434796837 5800.0
-11788.6279419 -7.71453475697 0.99110749269 4600.0
5056.87865888 -11.098948297 0.995987043363 5800.0
2185.09712235 -12.6128790477 0.846480554496 3800.0
4451.37657363 -3.51742174347 0.884661181254 3000.0
-3258.01468518 11.9683341477 1.00390744393 3400.0
-1872.61464388 18.1124637447 0.845100339372 5800.0
-3604.01411575 -21.7832841703 1.0615117516 4200.0
-4972.32530952 26.1559389747 0.996884960477 5800.0
-6356.85347528 11.5154773701 0.992132337527 5000.0
6487.30570833 24.8689745192 0.911011964213 3000.0
5030.27181559 7.93548513858 0.960378722382 5800.0
-7395.98785002 -13.3104806793 1.01213685216 6600.0
-3457.87570843 -5.54717258276 0.770711695628 5800.0
-3753.6506311 19.6296558217 0.934868494571 3000.0
4499.60526119 9.64592364165 0.961656210531 5800.0
-3527.08474296 -26.1396142083 0.80910378804 5800.0
-890.969515758 14.2193862161 0.720081031772 5800.0
3983.83386511 -14.3191274563 0.830044470504 5800.0
-3630.47070219 -14.6446524905 0.969378539764 5800.0
-3260.07351161 -31.8468373895 0.878987374317 6200.0
-1649.44707742 -10.3540705233 0.697488768281 5800.0
-4521.59739526 -14.1983671691 1.08155752042 3400.0
7700.79040339 19.1885911962 0.979614214547 6600.0
5546.09632351 16.5733359148 0.98728574638 4600.0
4087.26807525 -20.6284735511 0.920773483203 4600.0
-2612.54415355 -9.4479754657 0.778376437983 5800.0
-3716.14020483 -15.4098433081 0.9124024122 6200.0
2126.06454067 6.92691035445 0.722482942689 6200.0
-5875.39232934 28.7820917384 1.16559777804 3000.0
2827.70518336 -6.90961459684 0.905008258584 5800.0
-6409.33739823 -2.01375743916 0.94632235522 5400.0
-5300.32015869 -15.0006730714 1.10913655102 3000.0
-4479.38768946 -26.1691450432 1.03094678071 3800.0
-2995.66013791 19.6456401669 0.899403018016 5800.0
4572.26997918 -18.9950370652 0.93854162646 3000.0
-2856.48937152 27.8033714406 0.92694273538 4600.0
-5857.76374094 22.3919988759 1.02660932233 5800.0
3078.38139503 10.8279365271 0.866418206925 6200.0
-3554.70677086 16.9875213156 0.936637739513 5800.0
-4250.6040721 -23.6465880477 0.900561277004 6200.0
9031.49627151 22.0857610104 0.933180530401 6200.0
-1584.56552685 -3.80092524861 0.707163775053 5800.0
-5841.21768672 3.46333674045 1.07055407809 5000.0
357.046626215 -9.6987290504 0.726891002435 6200.0
-5267.02118168 -14.9949222892 1.09210531976 5400.0
4236.72723609 9.81445228682 0.96044815796 5800.0
4036.66931031 -18.1535779895 0.937193793845 5800.0
3364.8974866 -14.9560206112 0.795681902367 6600.0
5033.06898867 -12.2969310383 0.937574120142 6600.0
4102.90322147 22.818769687 0.86349545335 6600.0
-2313.17138821 11.4244503221 0.840135504398 5800.0
-4209.14936524 16.5471729878 1.07730947995 3400.0
-6781.92732183 19.818608222 1.1832398906 4200.0
3364.03186635 -14.608841648 0.976235858469 5400.0
4620.85492784 22.1452190858 1.01312424348 3000.0
-2715.81194885 -34.7245717207 0.756941835799 5800.0
-3707.79622605 27.3125062256 1.04854967015 5400.0
-2504.88335197 23.2812549654 0.901808970397 3000.0
8292.61634021 -5.69152826484 0.994233228591 3000.0
-1356.32055073 -19.9056558123 0.723917625418 5800.0
2766.37946462 4.8257742096 0.700615792335 6200.0
-3429.03723618 -15.0342360973 1.05009913574 3400.0
-6588.89203869 -24.3121279754 1.08378748461 5800.0
-3541.05600526 -9.10915990293 0.987975004947 5400.0
6148.19423484 7.9889670474 0.99219082491 5800.0
-2844.5410681 -18.8107301606 0.757700812768 5800.0
4815.49417156 17.9050320912 0.918460412703 5400.0
-4065.97282123 -5.73624779743 1.06804734064 4600.0
-2597.34757624 10.5920418702 0.776696301734 5800.0
3940.01941904 15.8672884915 0.879244313053 6600.0
3727.40188266 -33.308679643 0.904208952403 5800.0
-4456.91932221 6.12913263608 0.9657535468 6200.0
-4721.09591128 -15.2264617589 1.05123344374 5000.0
2912.165308 12.6063760865 0.761630423888 6200.0
5687.00156403 -5.8135489291 0.953091865593 5800.0
2582.86682967 15.7918868842 0.720894963989 6200.0
-5842.49141802 -22.557855886 1.10845371725 5800.0
-4532.59189359 -31.7206168643 1.00763714142 5000.0
5876.07159022 -7.33378759721 0.848103032139 3000.0
-2612.35402049 9.19081500379 0.767722819748 5800.0
-1975.6847775 17.7314830581 0.846774903924 5800.0
-6652.94652251 -13.4766291559 1.16882130144 4600.0
-2381.04662646 -14.4842354319 0.739216611739 5800.0
-1822.32201867 -9.26036689123 0.844061979005 5800.0
1990.75292463 10.6312898449 0.700761455159 5800.0
2821.85557318 -20.8409869106 1.0083336809 4600.0
4345.19252127 -3.39820577631 0.964588377782 5800.0
-1487.16528369 -5.43883444966 0.709299510011 5800.0
-3749.85156685 2.49476438162 0.860015173171 6200.0
-2436.73281199 32.2765617153 0.913374090836 6200.0
-4569.51731616 24.168390058 1.03999215515 4200.0
1541.03627283 -26.0563526779 0.717046977847 6200.0
-3021.10557266 -19.5393979058 1.01558436439 5400.0
2215.86885701 -9.22090846536 0.833929611879 6200.0
-4753.61573021 -12.27371506 1.0622448115 5400.0
3975.9157652 6.26999439611 0.929697329359 4600.0
4436.14907851 -12.5919088652 0.940688930522 4600.0
3363.30718423 -23.4963991848 0.909384176245 6200.0
230.749542699 15.8115063885 0.835253000814 4600.0
-1551.7512874 6.74929333158 0.763182148058 5800.0
-2312.93263234 5.27673446306 0.780867164505 5800.0
-1247.28494713 -1.94112888744 0.773432485188 6200.0
-5444.11400308 -12.0545849677 1.00580148319 4600.0
-2862.58696704 8.3454081064 0.84682241008 7000.0
-4454.32264478 8.62762252811 1.09666565863 3000.0
3236.02171944 25.9566945007 0.926072268849 6200.0
4302.47949064 -24.1012104402 0.896158319889 3000.0
932.337089289 28.3873027571 0.847964643052 3000.0
-1113.18383511 13.5290158955 0.691352273034 5800.0
-874.793934724 27.2494418533 0.735415052013 5800.0
3375.43787735 -6.12570015997 0.800249401358 6200.0
-3798.77815865 8.84535111056 0.888235198684 5800.0
2847.47409252 12.9206000467 0.763323860412 5800.0
4121.83142942 -27.4078079449 0.957927596093 3000.0
1703.91140914 -10.7777472558 0.780384566958 6200.0
5102.35721844 -16.7776469758 0.934822355377 4200.0
3452.80485423 -6.5791804854 0.874288766945 6200.0
6571.65238765 -23.1124465001 0.932910327982 3800.0
-5045.56547954 23.1573548158 1.09139975339 5800.0
-3667.67405845 -17.0348574094 0.861221533698 5800.0
-5712.26115165 20.8725727992 1.10721664082 6200.0
-8898.88715246 -12.4764346621 1.03535729625 3000.0
2643.24759134 -8.79609096215 0.860687490191 5800.0
3733.06424499 -5.89708463357 0.932907508218 5800.0
-4110.5853464 10.8869960972 0.979877278505 5800.0
-3681.44281272 -15.5991875919 1.08628045121 4200.0
-6743.86858408 11.9555346978 1.12621225724 3000.0
-3448.54510021 -16.0018721685 0.825747509718 5800.0
-3927.78443632 16.2155042425 0.998829333103 5800.0
3577.71031484 8.57363461064 0.811901829137 6200.0
-6029.69618733 17.5755761762 1.01767560252 3400.0
1712.55586066 10.7173021807 0.714793493415 6200.0
-2735.29504492 -23.823759807 1.00022034073 3800.0
1669.63303793 -12.9343576584 0.911850813897 5800.0
6198.79360389 -9.07462240209 0.96059429236 5800.0
381.74487322 20.9406319887 0.830831276741 4600.0
-4771.74635289 -7.85089682973 1.23497912949 3000.0
-8961.62378167 9.1070031083 0.975005268139 7000.0
7213.09296461 14.8511476904 0.933008473118 5400.0
-3383.6337913 -27.9055974839 1.0339515237 3400.0
-2706.77274101 -18.4799976132 0.894081257866 5800.0
2316.0798827 7.20369348604 0.72943280831 6200.0
-2353.69445355 28.0846107009 1.07412274403 3000.0
-2066.06225263 -16.7767581739 0.993970696726 5800.0
-3755.16808693 31.4094947038 0.922073305793 3000.0
-2755.35154268 -21.2245717697 0.913838446124 3000.0
6456.66314498 24.4001151575 0.943863883952 5800.0
-1692.57281096 2.79607183038 0.737253073553 5800.0
3542.8635479 9.03087600351 0.917651710153 6200.0
5777.78250858 -19.4126046615 1.02108703993 5800.0
2913.61342831 26.1949446653 0.837398173111 6200.0
-3958.61569576 -14.5973203006 0.959180331249 5800.0
2328.15581112 -24.6562228963 0.730881608182 6200.0
-1398.61065096 24.3581633826 0.786933809092 5800.0
4844.04230444 -27.9707279547 0.975265967891 6200.0
-4725.18639671 17.4726395672 0.987195119959 5800.0
-1737.54405708 -15.8808214753 0.742968826139 5800.0
2969.4434374 15.5822346763 0.941531765388 6600.0
3420.9212526 21.042346224 0.898861769208 3400.0
1720.63256348 -6.77051336234 0.707283663355 6200.0
-6266.93460444 11.2425639743 0.975307260406 5400.0
-4115.56893761 -9.02019353176 0.997376177184 5400.0
-4523.11894026 -20.3967202858 1.05619950647 5000.0
1553.9202878 -36.4708177085 0.762845824765 6200.0
2280.4716061 -8.68932555333 0.746903983167 6200.0
-3804.58869792 20.9010553618 1.04148416531 3000.0
-4241.13563177 -9.45332417827 1.13450573464 3000.0
3372.97119696 -8.42226028342 0.987255077813 5800.0
4205.3591579 22.6515146889 0.931892537593 3000.0
1808.64848095 16.3718749822 0.819960115156 3400.0
-5619.82910319 -10.1453128471 1.10206941971 3800.0
-6802.27767403 -17.0244832001 1.28139588131 3000.0
353.791518554 20.1570590021 0.769952776626 5800.0
-3573.55386632 18.9401434023 1.06463664263 5000.0
755.091027289 -16.4210032741 0.872938066171 4600.0
4383.7900046 13.26760693 0.974747036355 5800.0
3198.61179976 11.1451764478 0.815133859506 6200.0
2985.92949188 -5.94158867268 0.798334632193 6200.0
4004.04171315 4.06753253609 0.881668672383 3400.0
-3502.14239883 27.3856016291 0.956068140666 5800.0
-1244.84992301 8.09116169953 0.800123046473 5800.0
4414.27598625 -15.2185096175 0.932883804506 5800.0
960.788857061 10.0158228298 0.720582497325 5800.0
2516.27940745 -21.1554333872 0.716034257921 6200.0
-9299.36525294 28.0321623004 0.98068659396 6600.0
3364.88352387 -24.3237013538 0.829311429151 5800.0
-2718.60802703 15.415829069 0.804910797218 5800.0
1398.23482491 -12.2133489959 0.751363278088 6200.0
7102.71955273 -19.6052014747 0.952265612618 5400.0
2471.25342976 -20.2568560159 0.890157410119 3000.0
3519.99021248 -15.3616690504 0.991929741621 3800.0
2492.07530589 13.6185020855 0.708900985148 6200.0
2020.96110128 -22.5165808296 0.701928211689 6200.0
3911.48086159 8.92227243365 0.829517399141 6200.0
-854.053695046 27.8590260889 0.839026424363 5800.0
3493.04863461 12.9221409758 0.88011122447 3000.0
-3308.82441107 17.472227185 0.898811043464 5800.0
-1661.98479868 17.311354852 0.765203578545 5800.0
-3159.73965873 5.5598143979 0.802622793521 5800.0
-3339.57233211 -15.4023623417 0.933270887311 5400.0
2939.39575853 15.1352791034 0.865244417665 3000.0
-3645.71290022 7.29859671999 1.04703878372 5000.0
-2422.48724858 -27.4539533454 0.975127373774 3000.0
-4845.452467 16.3617253892 1.00083680522 3000.0
1906.44650525 -29.3623971548 1.03181784309 4200.0
-4849.97492829 -9.9693295803 1.11218600381 3400.0
5295.9703407 29.3968218971 0.973267687567 3400.0
-5139.83324149 -12.4482018442 0.985674665673 5800.0
1815.07847682 -3.12519640546 0.692478134471 5800.0
3928.08376656 18.358532537 0.901621587953 3000.0
-4268.48715301 -9.13323270154 1.06749832137 5000.0
-2534.27709857 -25.1163773146 1.02943065273 3000.0
7026.67186293 7.23933412572 0.91736605927 6600.0
4346.92094708 13.3364729424 0.990645661684 5800.0
3775.44187246 -21.9749812107 0.816480296535 3000.0
-2879.28244929 14.0806621524 0.937340320923 3000.0
-2160.44997166 -7.83845805606 0.850568721375 5400.0
-2606.77827574 -17.6142181586 1.02909960859 5000.0
-8436.64859181 13.6917927749 0.965545745436 7000.0
-8382.39517839 -19.4837131047 1.01126886699 6200.0
6030.95755293 -10.5301670092 0.945496365934 5800.0
-3947.91209414 -38.6407946602 0.989755764891 5400.0
-1884.29281601 18.0159256614 0.814762053565 5800.0
2853.09466203 13.5154099135 0.93562073657 5800.0
-2052.45404549 25.8046433198 0.880583148036 4600.0
-3122.1619 -14.7015856604 1.00188719954 5400.0
-5310.42400041 11.5397384596 1.10621246934 3000.0
2466.55094187 4.50216181469 0.814210420247 7000.0
-3010.37534534 11.7399368123 0.944643736932 5800.0
6318.72295959 -18.9534231716 0.964771603257 6600.0
-6185.21282599 -11.6125641576 1.16796471623 3000.0
-4241.97881964 25.8636998194 1.02664982043 6600.0
854.377850506 7.7958438628 0.660903898296 5800.0
-5489.27187963 -25.8866441327 1.58568912744 3000.0
5025.78089099 17.5549205473 0.922133088941 4200.0
3000.20429996 31.4480320105 0.923854482913 3000.0
8230.9654543 -10.807173703 0.953333014392 7000.0
6206.97444112 -21.5125961702 0.912369307402 6200.0
-5547.11353328 -12.7238333499 1.18588869641 3800.0
-6115.16123161 -19.9212150061 0.951757926872 5400.0
-5730.02112743 -24.1510639105 0.950780204586 6200.0
-2441.16180056 26.3379918956 0.874687801495 3000.0
-1413.13194238 -22.1002825933 0.753537290568 5800.0
-3005.79825505 -16.9125266909 1.05915146365 3000.0
3841.16371253 -9.8557993259 0.969663286027 5400.0
6157.91774324 -2.57853092366 0.974285293875 5400.0
5172.08653281 -4.18368565146 0.918878597854 5400.0
-2138.48617012 -19.6860754519 0.786150475264 5800.0
-4726.80554114 -13.4994908625 1.06495652669 3000.0
-8978.58290288 -7.56023838418 1.02038749461 5800.0
1513.9319917 -10.9824028443 0.709703796205 6200.0
2846.36715596 27.5139643732 0.991537633774 4600.0
-3626.68567652 -8.38439909974 0.896958303934 5800.0
-6441.06538019 -12.7559191979 1.08526201843 3000.0
-6292.09551879 6.74380325498 1.20418007035 3800.0
-5775.33345367 -37.6363714205 1.04533135907 3000.0
-3147.66044362 -19.2110917156 1.03611202337 3000.0
-3165.61405159 -21.2664568718 0.837964484348 5400.0
-4245.10784393 25.3046834248 0.982410547401 7000.0
1998.0160229 9.45841343558 0.709977758229 6200.0
-11120.7183741 -22.5138240873 1.04757133196 6600.0
1103.66985057 15.6338689285 0.861400114273 6200.0
-8324.75918958 16.8871732515 0.963402286556 6600.0
5226.47718737 -10.1103639135 0.863329436799 6600.0
1896.73469151 14.7028729901 0.843967790731 3000.0
235.666675834 17.8321889492 0.797530516958 5800.0
-995.347876953 -23.7308038143 0.909456343792 4600.0
-1618.89210838 25.6897832377 0.783458442779 5800.0
2305.06787778 8.44229494171 0.771756635673 6200.0
1840.79312033 -21.1422255129 0.687067457265 6200.0
4678.61401566 -7.8744747527 0.94443541159 6200.0
-5165.50228051 30.1483977987 1.02782641747 3800.0
-3640.4461679 31.0009505759 1.09096839457 5400.0
-11868.8044039 18.9598063908 1.00427094077 3400.0
-3687.04954681 -22.8101522446 0.752838244582 5800.0
10094.4928579 -21.0964809445 0.959033799047 6600.0
5605.38315949 5.69374464841 0.924540150756 6200.0
2138.79566947 -8.95636053407 0.847843266934 5800.0
-6541.49685528 -13.1328122885 1.11349958499 5400.0
2730.27757757 -12.4636155902 0.855952871011 6600.0
-2716.05098972 -16.8898460372 0.738286521067 5800.0
-2603.31123787 -6.36994053396 0.738479598089 5800.0
-4044.10491729 12.5999660029 0.950823426098 6200.0
5294.38871745 -10.0855068531 0.945374079133 5800.0
1509.80602607 9.13269038481 0.793590937443 6200.0
5599.28919397 -37.4664820157 1.02678403231 3000.0
2969.782522 -2.68309497118 0.88740865944 6200.0
2240.59748719 20.7668337993 0.904547623747 7000.0
-5969.98766759 -4.40716616735 0.962974588911 6200.0
-959.653448629 10.8379912739 0.721325127577 5800.0
-4084.42745078 10.9030289232 0.925363760626 6200.0
4414.46578657 -10.6431774922 0.930940770638 3000.0
-4536.96550711 17.604166998 1.0374655169 5800.0
2520.80788427 11.4410568225 0.70458378243 6200.0
-3879.7360911 17.0707829679 0.975712370807 3000.0
-2912.71444701 -8.74215292939 0.788052463286 5800.0
-1819.08044422 10.3141775314 0.876817991483 5800.0
-1252.52356695 -10.1183493768 0.753810483131 5800.0
2948.82297882 -12.4473252632 0.871060892817 5800.0
3066.89041037 7.61327579887 0.808030973366 6600.0
6310.78228718 -14.9836384791 0.95950202628 6200.0
7732.87719489 -15.4576439859 0.932803954813 6200.0
-1033.95638607 8.84442950207 0.662206258344 5800.0
2624.90420317 -10.6638048731 0.857507394189 6200.0
4728.50187096 11.6618531863 0.842495555122 3400.0
-4565.51074656 -12.5356221926 0.970636974174 5400.0
-1339.47618313 19.5564912332 0.840469377266 4600.0
3578.40837225 24.3995365128 0.960121011139 5400.0
-6793.78538354 -13.6599363453 1.08085785105 5400.0
-6294.33692823 9.63228772247 1.09355499312 6600.0
-5444.71089173 11.3566734752 1.2498701597 3000.0
1524.65108792 19.7834197224 0.701376324141 6200.0
-6374.82851884 21.1143785871 1.09256416922 3000.0
2808.12073197 -10.7060112632 0.893242176901 6200.0
5278.25902413 7.19922677462 0.931588256016 7000.0
-7293.19409818 -22.2729429793 1.00954695034 7000.0
-2849.06972192 -19.4199225252 0.868825487411 5400.0
764.587815871 -23.7115750376 0.821906357407 3000.0
3378.33215715 16.8320414371 0.811510714333 6200.0
4225.0693914 2.46726712293 0.859574579843 6200.0
-1397.18947341 12.7824282745 0.829805056093 5800.0
5467.93189201 -21.9624136045 0.902246193347 6200.0
2240.80710273 -16.3994896973 0.970816911357 5800.0
-2687.01842317 -9.54743341062 0.853420268065 5800.0
3870.01936718 -12.0600075997 0.97716919878 5800.0
4084.0027388 10.5355293605 0.992586303883 5800.0
2993.9083811 -19.3522229532 0.992391107923 5000.0
835.860820551 19.6972379892 0.833873119064 3000.0
595.11896974 19.6149753944 0.847354739675 4600.0
6059.1206795 13.6159390172 0.981152102858 5800.0
-2364.74208791 19.0059665476 0.687745021454 5800.0
5688.61747791 -15.6955533322 0.962784506098 5800.0
-1287.74961745 14.3551476851 0.784813669852 5800.0
1401.68133077 17.9378994705 0.738389199859 5800.0
3571.89056389 15.5180427544 0.90986848287 3000.0
-7598.01660105 -18.544444981 0.970338068267 6600.0
-780.266499614 16.4447805164 0.736339924933 5800.0
4838.27338453 10.1263270044 0.843167656666 3000.0
-5954.43031812 -2.84455658263 0.983376505963 6200.0
-3706.61490331 9.72049794482 0.984024893027 4600.0
-5556.80401323 -19.6281210949 0.997495489651 4600.0
4894.19935585 -7.68313169659 0.967985571177 5800.0
-2365.2398591 -18.8573454259 0.723985560586 5800.0
-1661.2769388 -11.343890033 0.83051517645 6200.0
-5134.16278682 -14.6490188461 0.992521152374 5800.0
-5345.33886667 13.9965774528 1.07429035418 3000.0
-6895.95461256 -12.7109725177 0.999267630161 5000.0
-6101.65908987 8.55050427946 0.973604813471 5000.0
-5791.9675285 31.9942753198 0.948911677151 3000.0
4981.81126107 -16.004783831 0.875086116457 3000.0
3535.84249102 -11.653249071 0.988493297948 5400.0
4826.53972005 19.96391385 0.96597141462 6200.0
-2893.10769827 24.8155961397 0.933717439375 5800.0
-4980.69835644 13.9014166288 1.03782970872 4200.0
4564.92581329 16.3593913177 0.942032092764 5800.0
-1292.28489034 12.3251763694 0.742557834041 5800.0
2249.96979214 11.4205347611 0.865799240926 6600.0
838.256815675 -16.5605917717 0.921748058813 5400.0
-4475.41369876 8.08957550133 1.05447079585 5400.0
-1780.13376305 12.3096947993 0.891920355842 5800.0
6341.41417779 -2.39579379584 0.996643692513 3000.0
-5370.83606724 7.65610009544 1.03513904262 4600.0
4087.57213641 8.97624035378 0.839507995947 3000.0
2380.23705565 -24.0520453939 0.97651157169 3800.0
-4280.32933586 -23.5697523525 1.00664819527 5000.0
3455.17190586 19.4901743101 0.939869676026 5800.0
-1982.62268771 -20.8857261285 0.70875830779 5800.0
6619.24977725 25.2557713679 0.919511291254 3000.0
5346.48848724 9.39888934775 0.839190916721 3000.0
-3487.18940413 16.2531639747 0.878172072824 3000.0
1595.8131582 24.1746390414 0.907105623961 6200.0
-5421.56441709 18.1511077595 1.08092746611 3000.0
-5329.69016297 -6.03320914355 0.996254912573 5800.0
396.672322274 12.5614478285 0.701305302058 5800.0
7864.09198532 27.1211229255 1.00176141412 5400.0
-6655.6792748 14.6469291383 1.05032580847 6600.0
5240.29577975 13.1930148449 0.847804260206 6600.0
3700.47501142 -8.92661882587 0.941909999859 5800.0
1602.1284949 -21.0631013379 0.71710797073 5800.0
-2754.03501709 12.8865265284 0.809188242514 5800.0
-2305.48284046 12.2106475969 0.766063732038 5800.0
1410.95140579 -8.35859834322 0.733053783421 5800.0
1677.24457177 25.8617180603 0.834335376801 3000.0
-6065.69506485 -21.8048705264 1.12664937172 5000.0
1626.58704407 -13.4365179661 0.737058008982 6200.0
2940.34234874 -16.802732268 0.89121461699 5800.0
-2070.37235409 28.6635111715 0.849785075079 5800.0
-1382.13907897 -17.5391199022 0.810613266424 5800.0
-5741.23236298 -11.7529596776 1.15782564452 3000.0
3291.89304444 -15.204572889 0.899450928074 3000.0
-3269.31097945 -7.23761726626 0.903464739169 7000.0
3075.65231212 -14.2529917274 0.761173567179 5800.0
3078.17442818 24.4374682541 0.948379753869 5800.0
3781.71435003 -16.3269567514 0.912691375009 5800.0
-4405.50225679 -20.6280861279 0.978595913234 5400.0
-3557.24086861 -22.803715224 1.0663376165 3400.0
-3539.23922996 -13.1321724777 1.02154019757 3000.0
3395.63280755 6.54962008297 0.814026362583 6600.0
4342.96528913 13.5758877953 0.956226720495 5800.0
1989.95947732 -20.5071231486 0.742059227611 6200.0
6143.12947348 8.8937097437 0.961498695627 7000.0
4919.16216186 -24.6060256934 0.964451555264 4600.0
1995.90806218 25.5258370959 0.853746950701 6200.0
1878.51794473 -15.2475714473 0.922132118401 5800.0
4526.1217949 -25.9129919947 0.902787335956 5400.0
2969.95589825 -27.3976721382 0.89798369677 5800.0
-1938.02327199 6.3201460398 0.713853548939 5800.0
-8416.48164676 6.6793119913 1.07850229087 7000.0
625.0880875 -12.3957003628 0.842742363545 5800.0
-6452.30662627 -3.41934468556 1.10913364765 5000.0
4314.50274896 20.4200125796 0.930719865243 3000.0
2101.41719792 -18.273902069 0.893446076835 4600.0
2297.86380896 -26.452344609 0.842233728259 5800.0
2882.32103991 -14.8973256699 0.781834803246 6600.0
5186.56347021 6.20051570114 0.946544856748 5800.0
-7297.57345221 17.5228045938 0.997031966421 5400.0
-4389.32205819 -9.1289914117 1.08768736506 7000.0
6732.74539701 22.5103747226 0.984162970948 6200.0
-3063.50802764 -5.56338037064 0.809229826554 6200.0
-3313.1533734 25.2074532085 0.856599516805 3400.0
4643.25851863 -16.9054613934 0.923715183672 6600.0
-4525.89617215 -15.4301598647 1.1973912128 3000.0
-8559.18012645 10.4269985142 1.02507761708 5800.0
3959.05084969 7.78587410875 0.846346765508 3000.0
-739.115105547 -15.1605738961 0.71067419902 6200.0
7519.65030915 21.7379077696 0.96858254684 3800.0
868.891469618 -20.6860776837 0.779992201702 5800.0
2862.15607185 33.8444195927 0.855827649161 3400.0
5878.87412015 -15.5554147534 0.919991683634 5400.0
-4934.93060781 -12.8328226036 1.09166884541 3000.0
2515.60731609 11.1410970712 0.840933224535 6200.0
-5152.24393391 -19.5804248914 1.0418769221 3400.0
-1850.57279066 -10.9213830923 0.842924555379 5800.0
3637.15641372 -13.1569723073 0.922571578973 4600.0
-660.145462869 5.39237757143 0.683960038316 5800.0
1565.12918149 21.1490595198 0.70943655871 6200.0
5731.42633253 21.9821427026 0.945160573909 7000.0
-5117.79835262 -13.449910595 0.845168842832 6200.0
-5946.28219304 -11.6718026866 1.18770965327 3400.0
7312.00998755 -21.9261155493 0.984350934747 6200.0
3174.93828674 -11.5415271589 0.956682537943 6200.0
-6846.75567512 2.61843883299 1.00366170789 5400.0
-2249.30094196 20.9755101816 0.944034110268 3000.0
-4577.86842984 11.4089267204 0.991256204165 5800.0
3862.98364822 15.1614890853 0.958420174752 5800.0
-1492.75146735 -8.10993819789 0.826858508714 5800.0
6437.18026961 17.2497833104 1.00032407427 5800.0
-2360.8144563 12.1323384041 0.802166431725 5800.0
3512.29941057 -6.15462787649 0.98383546418 5800.0
-5426.50414686 8.04113467139 1.1420296901 3000.0
-4576.04282726 -14.126171036 0.979068835897 5400.0
-6153.08498131 -16.9859511879 0.94225838149 5400.0
3878.58898378 12.7214639375 0.947856342272 7000.0
6915.57409642 -29.6513718914 0.974544816917 5400.0
-2702.72526193 -14.0245796125 0.738022120056 5800.0
2547.44421155 21.1693511954 0.978100241083 5800.0
-2247.00813843 -21.2553882786 0.721834602087 5800.0
-2794.13212416 6.69419159041 0.728141542137 5800.0
-1588.44674492 -9.59167581647 0.73636877421 5800.0
1095.41210076 -13.9120481245 0.696301153639 6200.0
3544.70346526 -34.3503210245 0.80332972793 6200.0
5213.05242217 -20.0614283959 0.889681157923 3000.0
-4050.36157814 6.42263915924 1.05593503951 3000.0
3957.96146972 -4.18472932287 0.926391621675 7000.0
4033.79607826 11.2948738833 0.913369826958 7000.0
3204.66408019 12.3436694221 0.849760907609 6200.0
6141.24369476 -6.23474630483 0.901947923983 3000.0
-7032.72860399 -18.1052775357 0.967169546933 5800.0
4188.17473372 13.4902057143 0.968693542271 5800.0
3911.83072409 -9.8158515699 0.978999286532 7000.0
2709.70924413 15.3807461898 0.74334680625 6200.0
7428.24210249 14.3219275657 0.927258865113 3800.0
3167.63910117 12.5551303135 0.769675216493 6200.0
665.527788875 3.80157113067 0.676510579404 5800.0
4705.10059026 22.4734132337 0.897171369821 3000.0
3570.16940229 -17.1712265656 0.928651126894 6200.0
-1711.92534663 -13.761841759 0.929116992157 3000.0
-2111.71543584 9.68052385316 0.781918072128 5800.0
-3751.0276526 -26.1548717166 1.05636247171 4600.0
4587.38351747 6.13967095425 0.845902423449 6200.0
-3760.9421768 -11.4844631539 0.773337085583 5800.0
6232.93312343 -30.5388912386 0.95341159774 5800.0
2041.61082074 -14.3248254988 0.753443445672 5800.0
-1163.24263911 19.1705185368 0.862831220262 5800.0
2362.68598364 -25.4938214812 0.729347545284 6200.0
5542.96291793 25.9956866285 0.99046816435 3800.0
5034.15575918 -7.01432017017 1.00079235227 3000.0
4808.99287574 -15.6413136916 0.94522395858 5800.0
5984.58527555 15.2002785436 1.00024495817 3000.0
7606.53268751 10.6759866354 0.982232143565 5800.0
-2148.1340334 -20.7820332099 0.728438556981 5800.0
5859.24976824 -18.5147706311 0.932358079016 4200.0
-5322.86004026 15.5622461325 1.15449577929 3000.0
2796.09761554 -27.8218886138 0.713418758223 6200.0
5373.36537664 20.8820090558 0.942479348935 6600.0
-3997.02723245 -7.82711359152 1.15410883655 3000.0
3010.67757854 15.7518407612 0.816798689085 6200.0
2381.46977666 -14.1410514645 0.82270624987 6200.0
-3001.49435069 -18.2436277151 0.748928525746 5800.0
1662.52730717 -26.1016956751 0.701454463485 6200.0
-1031.66073985 -14.6735030953 0.68329553261 5800.0
2295.37266111 -21.6491955355 0.724460242937 6200.0
2002.30610948 13.4584642501 0.733063119265 5800.0
1590.33421368 -11.1929469346 0.878141070304 6200.0
-3653.28958983 10.7418299308 1.10973546771 4200.0
-3144.46202474 7.75654394921 0.797251801376 5800.0
-2119.36359061 11.0367212946 0.696143968319 5800.0
-8240.94748868 18.3609765542 1.05493888458 5400.0
-2623.43798236 14.0513319111 0.852650023395 4600.0
5422.5901443 -9.59827244062 0.997431763389 5800.0
-5608.33196882 26.673793328 1.00781419205 4600.0
-4010.84511819 13.0293592789 1.10165134933 3400.0
-2563.78609308 6.2844615849 0.751086501206 5800.0
3137.84553227 23.2877622634 0.913905182967 6200.0
3674.92626194 8.57802635541 0.850919262926 3000.0
1940.95292428 8.74716385136 0.690987356451 5800.0
-5326.73748192 6.15941829735 1.04082784682 5000.0
-4569.75759105 -32.925120341 1.01992738659 3800.0
4839.25779733 -6.70072023993 0.977774736379 3800.0
567.869250819 -8.83808844283 0.675399403532 5800.0
-3390.53215894 -18.1482639452 0.902018524419 5800.0
5217.78557808 -9.97234183234 0.847074770401 3000.0
7161.07170257 11.7521724854 1.00054807747 3000.0
656.078624745 11.8127042436 0.663033851793 5800.0
