2261.11232765 -27.5956183101 0.806401997323 5000.0
-3743.93883585 -14.0005415754 1.05188577345 3000.0
-1804.77538091 -21.3602296109 0.777096651849 4600.0
-4722.12187079 4.99767110499 0.935046235738 5000.0
-4489.51779044 -13.2628537809 1.12221903342 5800.0
-5260.42361241 18.6882035469 1.05409300412 4600.0
-1362.41384589 -16.5038094054 0.802773673952 4600.0
-3155.87643165 -13.9627504924 1.19157627997 3400.0
-5291.49531304 -9.67173441988 1.19627130698 3400.0
-2904.81494588 -12.0030203737 0.892356889842 5000.0
1777.51994746 -4.19950379022 0.744925220945 4600.0
1313.4622032 19.8801453074 0.771163054448 5000.0
-8060.49971601 -5.36987116442 1.05854504085 4600.0
2045.51735307 -6.70789353572 0.721756918422 4600.0
1511.42640933 -18.9785775851 0.904666537354 4600.0
-7110.08580789 19.1160601042 1.26977398474 3000.0
-4627.10658917 17.5962105669 1.08877274825 5800.0
-3922.477819 -15.0148629382 1.00294220128 6200.0
-5596.74228823 2.63065956466 0.966884189707 5400.0
3132.38706287 -13.5193640663 0.706074311361 5000.0
-5763.9932453 -9.26296630371 1.24694208482 5000.0
-2436.37558422 -26.2187846541 1.11551531042 3800.0
1567.08749495 20.845134697 0.78671674538 4600.0
-2059.75083766 -6.82621293532 0.707606649455 4600.0
4105.13822736 23.4827836118 0.915027265375 5000.0
1652.92693263 24.766885509 0.817299566603 5000.0
-1663.72739333 -12.6792604777 0.813524034058 4600.0
1640.51174639 -13.8800105369 0.700437820732 5000.0
-3836.38255243 8.22138315765 1.07160612726 3000.0
7339.54106864 -17.260411654 0.976631993597 5000.0
-5422.57616407 -23.6875496974 1.13185150402 7000.0
-4761.28570253 33.5954475429 1.09849849684 3000.0
-1410.13793673 35.3132046784 0.797925679247 4600.0
1752.02704276 8.21626297462 0.728847381749 4600.0
2574.11073969 18.6978556817 0.695301732213 5000.0
-8024.77262727 -4.4271647611 0.994331190104 5800.0
-6212.99634599 13.9520137703 1.01191914018 4200.0
-3084.58981577 -7.49428731357 0.796327920964 5000.0
-2297.06236498 22.9671576251 0.893437976538 4200.0
-4530.24316813 26.7103968532 1.03176979186 3800.0
12471.832635 -23.2061414335 1.01968632024 3000.0
-4511.74258725 -12.6764434829 1.09420731522 5800.0
2760.42884122 9.20523741901 0.799095608237 4600.0
5506.50238825 9.52348074347 0.886074169792 5800.0
-4569.29899583 15.4020684755 1.1502681144 5800.0
-2660.84792244 19.7811080731 0.762366994914 4600.0
-7644.61704315 -7.16169346326 1.02374431701 5000.0
7105.13098742 14.8611968606 0.977997130202 4600.0
-5244.65731432 -9.9275681818 1.06241669589 5800.0
-3251.60618402 -8.75407681099 1.02732791281 3000.0
3461.455977 11.154049419 0.903767876733 5800.0
-6143.88633367 -18.6202760424 0.976010818428 4200.0
3060.63117839 -7.70493749469 0.716589250424 5000.0
-2539.29412674 -16.5368040662 1.08975636218 5800.0
-3318.25535976 14.5522258887 1.00024881064 3000.0
-4944.34793271 -18.4866659727 1.13774314162 3400.0
4827.46689254 -33.8866682418 0.968275623807 4200.0
-8122.33198659 27.8811088176 1.09857884074 5000.0
2137.622047 -16.3109476948 0.696181519408 5000.0
7497.30860026 17.302697697 0.922414938725 4600.0
-3439.01867317 -17.9340896624 0.901953989624 4600.0
-1705.57294391 15.0591611828 0.748349941216 5000.0
2999.43277688 9.72995945395 0.809060013514 4600.0
-2634.02306476 19.3606757807 0.752370385648 5000.0
-2223.98715096 -7.40151902151 0.7254722972 4600.0
-3321.12243563 37.0126484083 1.10257136188 4200.0
-2356.38754016 -11.5077134497 0.893512090045 4200.0
4105.78562783 10.5282597442 0.874928391581 4600.0
-3974.58566858 -27.4895032701 1.3142746793 3800.0
-827.261030284 9.92328265471 0.718985925772 4600.0
-3863.54647197 7.19281299453 1.03961313016 3000.0
-2229.38293442 -27.7251914663 0.728478763126 5000.0
4277.45163393 6.07058984816 0.978050149106 4600.0
-3274.57752348 -9.86156042045 1.02577461098 4200.0
6851.63323783 -18.4399200698 0.919934920505 4600.0
-2074.89574698 -8.74723226104 0.70217490027 4600.0
4354.19620768 24.5798878605 0.835801886101 5000.0
2823.19611571 32.247443617 0.965732905342 4600.0
4031.6172087 -27.9579098978 0.938416721007 5000.0
-6984.461815 -7.96539068337 1.22991068084 3000.0
5949.43042794 -4.58738969165 0.907813543137 5000.0
455.391529166 -14.5801330329 0.834406342261 4600.0
-1138.34689546 22.0082243844 0.804240116211 5000.0
-2843.18901272 10.6343614366 0.837603424282 5000.0
2023.42302742 17.3737008333 0.818009795105 4600.0
4346.43692886 -19.4502722626 0.911141506907 5000.0
4576.32606848 -5.05404197856 0.86198084918 5800.0
6629.56313964 -21.4539543322 0.980357662863 6600.0
1370.39276056 -8.29188168783 0.700595033114 4600.0
-2411.09759356 -13.3331425917 0.719268934629 5000.0
-2838.88599577 -9.70219260503 0.963628085075 3000.0
4871.93308939 14.2653482348 0.913526916718 7000.0
-927.684083084 10.785689367 0.704188088666 4600.0
-5388.33508897 31.3019322764 1.00884896677 3400.0
-4209.06205472 -16.6567917955 1.01355769376 4200.0
4152.33682962 -12.896934788 0.911833402068 5400.0
5353.38673932 15.8865024904 0.921029692576 5000.0
6839.06331598 -8.56713342413 0.954757314373 5000.0
-2109.95640085 12.5540211788 0.824329183431 5000.0
-8328.76339301 -16.3521495336 1.05392715524 4600.0
1548.55457186 8.77685278719 0.738649264803 4600.0
1940.06948661 22.0621286325 0.842428371604 3000.0
-6715.13454752 -14.0627757837 1.20447246498 7000.0
5310.74286362 -10.0193388805 0.995252469362 4600.0
-8558.82236387 -9.43985297285 1.01892447765 6600.0
-4195.50711729 -20.0440790094 1.09763713255 3000.0
-5618.23529052 7.38316845917 1.03003960481 5000.0
6137.50049449 -19.3286464818 0.990565884968 5000.0
3773.89442153 -17.1137500246 1.03484629494 3800.0
3048.17523958 -7.29892005165 0.682910088047 5000.0
2812.67365673 -20.6389197776 0.889672956003 5000.0
1719.29063385 9.58070168582 0.689743823575 5000.0
-1114.07037224 19.8257109847 0.781696503302 4600.0
-8588.46067034 11.855945951 1.08502597847 4600.0
-6425.33529763 -21.7420653285 1.04699261104 6200.0
-1358.7412459 8.96977764256 0.712192308871 5000.0
-2097.73267126 -7.44605444047 0.786472386146 5000.0
-5222.78173019 5.61278154118 1.01900916835 5400.0
-2106.31265456 -21.4904959081 0.961019403438 4600.0
-2329.86078327 10.5792226654 0.751189539421 4600.0
-2543.29060314 -15.1917706713 0.946929046432 4600.0
3879.9001529 -6.14199939217 0.78394018153 5000.0
-1676.28098601 12.5395233829 0.845225023862 4600.0
-4430.45328181 -30.5865936725 1.0426071619 6200.0
1640.78046666 10.9064370592 0.677623853193 5000.0
-1495.23111905 10.8606307728 0.709024140589 5000.0
-6114.9992797 17.2469122329 1.0487650825 5400.0
3895.12594716 -20.3892759287 0.915372874226 4600.0
-3265.32496052 -9.48088277058 1.02354577061 3000.0
-2148.30999436 -27.3400400598 1.01060446377 4200.0
1139.77405186 15.7059018513 0.831508056278 3000.0
-3623.34703587 9.09366019364 0.989569167457 3000.0
-1464.73843477 -17.6396839835 0.898757271261 4600.0
-4524.77687572 23.538662194 1.08900602629 4200.0
-2835.18147915 29.2370222717 1.0225950902 4600.0
-3350.72837128 -12.0628552095 1.08176234906 3000.0
2276.69630306 14.6261742014 0.786453002977 4600.0
4183.71060995 7.41929984218 0.828041075951 5400.0
-3269.01776679 9.31347051377 0.859711043551 5000.0
7950.02084529 -12.8926334409 0.927167047324 3000.0
-2229.0925521 10.2039413355 0.758515519429 5000.0
-6430.17623063 18.3973505577 1.22320777224 4200.0
-822.675768835 10.6152797758 0.723656020215 4600.0
2741.83175342 6.22238100051 0.807616720707 4600.0
1288.15759083 13.2993237513 0.728432347699 5000.0
3826.01337655 -10.2877674222 0.856853285746 3000.0
-5145.07159072 33.1077842698 0.998336258281 3000.0
-4217.14532736 -17.7451511025 0.857877508454 4600.0
-1276.15489005 -7.21522934039 0.696906680512 5000.0
1545.20560566 -9.82027520804 0.705378688555 5000.0
-7725.3296263 11.4859786285 0.984231763031 5800.0
6524.00924361 -12.3154371816 0.920520248345 5000.0
-7002.15880442 13.4750954876 1.01343517015 4200.0
3114.72129784 16.8702193696 0.773246811795 5000.0
5956.2213423 -8.6124166446 0.917274030203 4600.0
-5278.72535115 6.24289095437 1.07080224008 4200.0
3728.41697022 -12.6013462068 0.758590372237 5000.0
-5669.48930245 -6.10407375257 1.19310540419 5400.0
-4407.68510322 -11.5333453853 1.11375823506 3000.0
4854.43590199 12.2423066571 0.899373365215 3000.0
1958.31804856 -16.2869241936 0.887868446259 4600.0
4118.78891388 -20.9021457124 0.901906280355 5000.0
3696.46449508 -19.4352352631 0.948835371583 4600.0
4299.93009422 16.9969147313 0.807147907997 6200.0
2735.97259756 5.62167548157 0.76961741336 5400.0
-4846.62412621 -14.801049693 1.0054842679 3400.0
994.394783257 -4.59842292723 0.731674847486 5000.0
1167.018619 21.8261275423 0.735817681697 5000.0
2108.19444277 27.3945473644 0.875091290042 4600.0
-4766.36302881 10.9388240349 1.02954477287 3000.0
3484.97997493 -16.8053527807 0.778734216739 5400.0
-1528.6453089 -13.9065300722 0.719377370097 4600.0
-6014.24014661 -18.1009462612 1.05536695422 3000.0
7030.16484284 8.03853470449 0.90165418092 5800.0
4178.93667436 19.4743213109 0.916883557888 5000.0
-4964.31455871 18.3809109662 1.13362205037 6600.0
-5784.38766811 -24.533714129 1.02976681992 3000.0
3521.58411444 15.9815782556 0.735809325754 5000.0
1578.08952452 -30.2544465877 0.728139005643 5000.0
-1468.26645287 6.24910573549 0.707564932008 4600.0
-7468.75512303 -20.0950039923 0.978476839252 5400.0
2661.00979542 9.32923752125 0.812160064201 5000.0
-69.6477923674 -9.90919686959 0.704429991005 4600.0
8940.39585022 9.58152702103 0.957049531469 5000.0
-844.135737889 -32.0432490834 0.753987978038 5000.0
5729.29328942 -17.5168986919 0.927663676029 5000.0
-3359.72540412 10.1755360344 1.09419245906 4600.0
-6165.71718781 4.71134273549 1.06567877124 4600.0
-4821.65437864 -19.16963592 1.18189111778 3800.0
5762.8733745 -14.4625489835 0.906732787062 4600.0
-2164.29824447 -17.8998948183 0.733698466338 5000.0
-3436.68571533 21.5729170045 1.00351237062 3000.0
-1235.20161912 -23.7195240639 0.990274318179 5000.0
2020.37453622 -10.8487903225 0.759210237698 5000.0
5433.49546427 10.6434978364 0.894904954686 5800.0
-2742.59755724 -24.6905163746 1.34679182928 3800.0
-4872.20847918 -30.8672909068 0.895012684054 6600.0
-2584.13116585 18.8663023256 0.840682024672 5000.0
3576.68671505 -23.2754946988 0.853364336171 4600.0
-6044.67097722 28.3588456862 1.049875544 4600.0
-4348.74085415 20.1606046189 0.915770360731 6600.0
1326.84506004 -5.94735733361 0.710738191527 4600.0
4193.05423903 -20.8918222578 0.87546301507 5000.0
-886.726890925 10.030892725 0.692101745991 4600.0
2282.38528569 -7.44627322276 0.733268291448 5000.0
5144.13082707 -4.19268896775 0.908910871393 4600.0
-3247.07964661 18.1067826114 0.828420779433 4600.0
-4747.66714906 18.5663457166 1.07901503789 3800.0
-4829.44249649 -21.8325288942 0.947638325509 6600.0
-6953.72682162 28.2850101836 1.01917364164 4600.0
4617.45299445 2.2783442205 0.86214129684 3000.0
3910.47289774 -12.1062272422 0.882481841105 5000.0
-4457.89302635 -22.8935144438 1.22072301594 3000.0
-1989.69105054 -27.5551504285 0.705851095205 4600.0
3969.36055629 -15.5048714718 0.920574005531 4200.0
-3869.81055883 10.3194024872 0.893254650411 4600.0
3090.54105057 -6.16707868423 0.879886310912 5000.0
-4275.78097481 7.3487083976 0.986851315892 4600.0
2140.58677922 -4.97861439408 0.697564602957 5000.0
-2338.55474867 12.4764852654 0.793451407395 5000.0
8106.43761839 10.3958341163 0.939178204808 3400.0
-1679.20963894 8.64223553728 0.770702923948 5000.0
-4967.57076824 20.3591631893 1.0291216997 4200.0
3926.11035073 -10.8870136435 0.891566049266 5400.0
1569.1317636 9.02098794719 0.719581661 4600.0
5800.47972609 18.9703146468 0.899512722674 5000.0
-5813.12460576 22.825651316 0.882003283122 6600.0
-4824.32608938 -10.753172449 1.09761996016 3000.0
-994.403778593 -8.75001066229 0.700809257674 5000.0
3665.98041616 6.84645463379 0.90966763247 6200.0
6608.19954873 17.9241794154 0.904289405076 5000.0
-4180.09802718 -9.32088430637 1.26060818384 5000.0
5932.43534577 19.5832964173 0.904226081195 5000.0
-2626.34440913 -19.4016739721 1.13805005391 3000.0
-1992.00322903 11.1609483214 0.728461942674 4600.0
-1958.36954899 -7.78327199506 0.71031476573 4600.0
-2798.70157476 23.3855849801 0.875192774583 3000.0
2783.25261901 -6.15987694068 0.679395831547 5000.0
-3120.66232713 -11.7901471093 0.99324536883 5000.0
5283.66416619 12.8111494177 0.912788209337 4600.0
-5588.09874206 -24.53725515 1.04148324505 3000.0
2610.98213057 11.8167929029 0.824877875911 4600.0
936.540893274 9.12725628986 0.713759504854 5000.0
1682.93483829 -5.75968692503 0.711052544692 5000.0
3052.60489911 -8.16047897213 0.727462992682 5000.0
-7941.59790637 -5.20080698366 0.989989937587 6200.0
152.255522754 -15.247684922 0.720897126737 5000.0
-6524.33597831 15.8463068073 1.04063819867 6200.0
-1064.40789993 -22.3752075782 0.936980042415 4600.0
4322.5928244 -16.7341291007 0.970069985505 4200.0
-1228.88639512 16.8084600454 0.702943995692 4600.0
4286.00378399 -6.17857123274 0.832725640309 5400.0
4378.02251612 -28.2506634466 0.910723112957 5800.0
4106.24959975 16.7146584637 0.958303784797 3000.0
2096.47827853 -26.3025419554 0.935707443519 4600.0
-3031.02283328 12.6686612804 1.00574626419 3000.0
1636.01687035 -19.9060853115 0.72384803058 4600.0
6098.87308922 -16.0862860099 0.892610755413 5000.0
-4956.82479098 -10.3013980839 0.962983269336 5000.0
-4756.17223611 11.7579573031 1.13972787204 3000.0
2650.09155847 -9.6623826811 0.761372627263 5400.0
-2505.33429734 20.8318669373 1.02291396832 4600.0
-1761.97327402 -6.12520341886 0.72693343452 4600.0
2499.05491996 -6.85814832752 0.679743268964 5000.0
-2554.10092835 10.6786179048 0.885004895794 3000.0
8209.48427081 -19.6845118555 0.984994863975 5000.0
721.498350575 -12.3283520917 0.704201626493 5000.0
-4585.54204684 8.90024329596 1.00802911639 3000.0
2666.09500413 6.04384243853 0.789340848886 4600.0
4762.42265511 -20.9768016765 0.939283001962 5000.0
3629.84733998 -21.4225163417 0.930009556176 4600.0
758.56540014 15.0684975758 0.760412440698 5000.0
-6075.41694715 9.8597079348 0.992370925896 4200.0
-2974.21250845 -10.9417847742 1.02513638259 3000.0
-2812.11273654 3.986824302 0.761474153429 4600.0
2483.01263972 -21.6733282026 0.84767710084 5000.0
2283.95361952 -5.10522467914 0.82149205957 5000.0
3721.03686834 10.1594512337 0.804587866741 5000.0
-3140.67436754 8.40918306389 0.863106123578 4600.0
3242.63244498 -21.2676843637 0.783592721535 5000.0
775.439739307 -14.1766816606 0.707457243703 5000.0
2850.40961344 13.787284258 0.824148211944 4600.0
5475.20286337 7.5623702913 0.911966468315 3400.0
2374.04546089 -16.9466792916 0.833599907535 3000.0
5440.63079029 -17.5076093971 0.970568670729 4600.0
4580.12479427 -12.6810501119 0.986111173498 4600.0
2637.84052737 -15.3040062291 0.702087556675 5000.0
-2024.51921573 12.5463689306 0.737093079774 4600.0
4509.32089056 -21.5463957755 0.903851365935 5000.0
5847.18539585 13.1765583847 0.911552875012 5000.0
7271.44875314 25.7567988074 0.901442737522 4200.0
-3669.27552564 23.1050485337 0.975695286265 5000.0
-7468.10869417 -35.9446751124 0.983902924311 5400.0
-6665.6484663 10.9363943499 1.03769056207 4600.0
-1601.09061151 15.3879898188 0.780652637593 5000.0
-921.407275535 17.5196903492 0.917075512897 5000.0
-9610.91417937 -14.8398458602 1.03558865648 6200.0
2422.96149854 8.0809668287 0.849552247041 5000.0
388.290950198 -24.8073957777 0.715752347722 5000.0
2063.32743737 11.0910321584 0.681165273111 5000.0
6526.03219863 -18.7296145967 0.971317355033 4600.0
-2297.86433135 -16.1259812065 0.954586362389 4600.0
4674.56490881 10.8737241772 0.858236427728 5800.0
4099.89563222 7.28623246766 0.870936005416 5800.0
-4350.38547066 16.7202041726 1.04971606564 3000.0
958.971022876 20.4520504964 0.759731516269 5000.0
-4960.49636658 8.97149245145 1.02865990926 3400.0
-2010.35237862 11.8557169044 0.869020528725 4600.0
-2954.93952855 25.5400386634 0.918854095327 3000.0
6676.84096643 -9.72696653677 0.951106155562 4600.0
-8844.97785116 20.5670533168 0.988466017452 5800.0
-3098.86990567 -7.69611936392 0.892799456842 4600.0
994.47649907 15.2192770632 0.819690571833 5000.0
1232.17838522 -16.9272534463 0.700617779318 5000.0
-7923.12971604 13.7085577316 1.05889864862 6200.0
2621.73819557 16.9221416956 0.874278096709 5000.0
4021.13090634 -28.0774987628 0.838880242818 5000.0
9497.1772371 20.9882241886 0.976441440024 6600.0
2931.37498181 10.8627564723 0.7151902589 5000.0
-3240.83549424 22.8985335484 1.0370636588 3800.0
8103.67367002 -18.7337329184 0.912118379807 5800.0
3292.44420128 14.7816081544 0.821092720211 5000.0
-3882.7060814 -9.27618659311 1.06589414349 3000.0
8035.91513202 16.7524864397 0.929334274289 5000.0
3347.47736993 -22.5452813745 0.753986756687 5000.0
2661.43091323 -29.6235247711 0.857861945239 5000.0
-2117.37373171 -10.597453193 0.771530041115 4600.0
2772.18670947 14.1460276474 0.739754894698 5000.0
-1764.92885729 -9.00121862789 0.710705230638 4600.0
6083.99600814 -19.428861811 0.930123520568 3000.0
5161.19448892 11.1066677942 0.890094458802 5000.0
6555.70560697 -29.7952545473 0.972467983589 5000.0
6224.57766128 -16.2565779087 0.922776308209 4600.0
3263.12844843 17.7989374493 0.985501894023 5000.0
2173.08436769 -4.77934361607 0.782081491657 5400.0
948.623623955 -3.48799047335 0.719925788873 5000.0
1662.15998345 8.90728795553 0.734457446349 5000.0
2043.13284733 19.0082602861 0.953759236392 4600.0
6482.6338558 8.14686779726 0.996122250189 5000.0
-5831.4572099 10.9214963094 1.19366054224 5400.0
-2216.71399233 9.84195646619 0.733714878198 4600.0
-1497.84615708 9.85144033933 0.730532263352 5000.0
-2680.45129071 -12.1100341816 0.919904042964 3000.0
-975.302981201 18.8475015494 0.734924852656 5000.0
8237.24967865 -6.61259669557 0.949332375501 3400.0
-2908.67060961 -4.84705171148 1.05046163905 5000.0
4012.79990874 -9.5760057992 0.860794531461 6200.0
-1633.26669327 14.6054993311 0.805285984186 4600.0
-2985.75598061 7.31314668524 1.05192599163 4200.0
2520.73365835 11.1709006385 0.696877411771 5000.0
-4328.30567316 -11.2972065825 1.02230626438 5000.0
-2234.45005028 8.16342511114 0.715820343217 5000.0
1812.42318901 -8.06459743372 0.746484396708 5000.0
-2645.45298511 -18.0768801365 1.12527656704 5000.0
4944.43115816 6.1223721599 0.905192014257 4600.0
1425.46302265 15.2007933327 0.745436357254 5000.0
-4012.00166359 7.90094189642 1.09839972662 4600.0
-3788.60978412 13.0960168493 1.21987816877 5000.0
-2479.2528689 -8.93687453345 0.999423689856 3000.0
1795.03643259 -6.45888025006 0.746667727975 4600.0
4613.47016299 20.1004232645 0.841708370387 5000.0
-6615.13676484 -8.20172637208 1.02369260518 5000.0
2233.44521854 -11.7485521619 0.746033561494 5000.0
3644.47654709 -2.46520689757 0.828666666145 5000.0
9713.26213522 -14.3121877579 0.943827724413 5800.0
3975.7735135 -30.1627294928 0.907129607078 5400.0
4637.8545153 -11.8286331587 0.911254788436 5000.0
-8276.28799826 24.544026358 1.01679900866 5400.0
6210.42802229 -5.63586600719 0.945393499312 5400.0
-4557.32679476 21.02308635 1.03630456533 3000.0
4288.73365614 26.5022650741 0.901468719815 6200.0
-3634.30760292 -19.3491974781 1.0407645396 3800.0
4643.79844941 -28.1634001567 0.888966836518 5800.0
-4898.45688959 16.2256786144 1.05769233759 4600.0
2445.85981469 -29.8990855577 0.676845476616 5000.0
-4346.4869416 -17.0288158184 1.11382076509 3800.0
3361.53719868 9.5435076785 0.816029869949 5000.0
-1745.68775478 -13.0485729635 0.719435855189 4600.0
7145.9853495 25.1029316197 0.916808810113 4600.0
-3339.1394765 23.1878377128 0.858967884056 5000.0
1176.96495577 7.93601081845 0.693011364773 5000.0
3409.28191115 -12.8293688723 0.822582012044 5000.0
7471.5087031 17.0068980771 0.988463965211 3000.0
-2787.78469674 -22.1908872491 0.964193592565 5000.0
5440.25947379 29.6211559568 0.890662681767 4600.0
-4030.05718453 23.0773853564 0.971606130955 5000.0
3417.37180705 -20.3942253896 0.897099998391 3000.0
-1386.32452241 -10.6274175009 0.68318226798 4600.0
872.771995461 -24.1428347375 1.09349988692 4200.0
3292.53983421 -26.2529196868 0.828535085156 5000.0
-3384.68124123 -8.04660118918 0.849910212931 5000.0
3137.22498869 -23.7266071437 0.754103789238 5000.0
-251.227691707 3.8233009833 0.682958149948 4600.0
1923.25213233 12.4384674399 0.74422012323 5000.0
-1753.72226623 -3.61473622566 0.697174898502 4600.0
-4401.29318449 9.77546625406 1.02898302209 3000.0
-3299.27826139 13.1078856149 0.946762606988 3000.0
-1782.99595633 8.1421386048 0.755556560958 4600.0
4269.82981333 -31.8798108667 1.0302894881 4600.0
2660.58760358 11.9709379236 0.689041446976 5000.0
-500.283363492 20.6604740827 0.701082275281 4600.0
4277.21060126 -15.4751969356 0.876642028658 5400.0
1979.78217653 -10.1284634431 0.84072454936 5000.0
-3483.99647175 -26.0336664703 1.06109557492 3000.0
-2182.41240747 6.30048717287 0.732463311527 4600.0
-5124.36626776 26.4661532287 1.00638814886 3000.0
2257.04602343 -15.7018487468 0.902264880315 5000.0
-1279.7223313 42.6092743656 0.93068653704 3000.0
5232.68366358 -15.9420036153 0.877212531559 5000.0
-6431.80758794 -9.51162563993 1.20510877509 6600.0
-5438.28744662 -13.4992501524 0.977254331145 4600.0
-3089.84198522 -22.7711996347 0.839332406819 4600.0
-2777.00931461 16.943357648 0.840888339903 5000.0
2970.85094132 -15.4073353718 0.898069650563 5000.0
-4034.96224157 19.2721998008 1.01249234664 3000.0
-4095.95903998 13.3801112903 0.961322378456 4600.0
4798.26392805 17.0375847385 0.909219607567 5400.0
-1825.17573699 9.79162350907 0.71827536446 4600.0
-4312.55476346 10.0720338103 1.01540663219 4200.0
-4469.71029702 -4.7602765295 1.15680654774 4600.0
6048.42862192 -6.40967774051 0.925020971298 5000.0
2681.50781471 -17.1878811818 0.843710384245 5000.0
2699.48344761 12.4933166879 0.717016081517 5000.0
3020.71136295 -25.7362025943 0.751819504982 5000.0
-2039.97558242 13.5948762525 0.799306427696 4600.0
-3216.14164051 -34.6241069768 1.03537542095 6200.0
3309.35741148 18.5783513544 0.735710931881 5000.0
5640.08839432 -17.3632498922 0.939435429742 5000.0
-4513.5221188 10.7341737827 0.9016564889 5000.0
596.956374136 -11.6849952828 0.737906314462 5000.0
-4279.50191535 19.5895838506 1.06218987262 3000.0
2789.5945657 -12.7137814065 0.762535548466 5000.0
-932.263907828 -34.5965941734 0.895507809948 5000.0
-3543.8956423 13.7804986786 0.928214196874 4600.0
-3518.99860289 13.283054594 1.14010211571 3800.0
-3538.24725019 -22.765745017 0.911804702037 5000.0
-2187.75981388 -15.5347538073 0.705891917114 4600.0
1044.23759166 7.92815877398 0.70446457915 5000.0
1717.65252178 14.2774297986 0.740279771336 5000.0
4337.73576139 8.82212749281 0.868162024781 5000.0
2144.96432908 10.3357035806 0.684639614389 5000.0
8146.11886571 13.5781509975 0.980922453556 4600.0
5149.07476686 -13.4053776497 0.842913902845 5000.0
4600.21696822 -8.12805228747 0.840198588883 5000.0
1476.54101848 -9.25136304352 0.708649505251 5000.0
2804.15927344 30.3406738285 0.922997856017 5000.0
-3662.46149977 -16.2784421782 0.882480974669 4600.0
5124.6317451 17.4337700958 0.970557914441 4600.0
3685.53506908 -12.979131393 0.821939379571 5000.0
2010.93421615 -19.2696599823 0.96827065399 4200.0
-6209.17375008 13.9769848848 1.01526945643 6200.0
4389.18285275 15.2557108183 0.916469961031 5000.0
890.062989283 -6.09203417503 0.693481939365 5000.0
-4607.87889423 16.4210158791 1.11294647961 5800.0
-3708.65134273 23.9955111063 1.0310207835 4200.0
-6673.40715949 -15.0331299775 1.0257696116 3000.0
3430.09826385 26.7158514219 0.925572124302 5000.0
3026.31132445 16.497316109 0.93607396202 5000.0
449.392997936 25.9378920274 0.873386008866 3000.0
-2535.75964756 -13.8807820268 0.849353667903 4600.0
2574.30629787 24.224041248 0.784615503936 5400.0
2174.66015179 -10.2122665871 0.727990024575 5000.0
5521.02528306 17.5903679443 0.990235941733 4600.0
-4899.54067546 -24.5740933063 1.01160524307 5000.0
7653.31731715 -15.6626750794 0.957557806315 3400.0
-6091.72023711 -6.46045702684 0.991655461775 4600.0
1239.89186972 8.33548714921 0.822814308577 4600.0
6001.77431366 -17.6211733536 0.904847529511 4600.0
-4414.25491061 -6.7360471845 1.0295671696 4200.0
2755.85623797 16.9267524194 0.819900472724 5000.0
5954.50566467 -28.1485447986 0.932439681645 4200.0
1921.22225211 -11.6367993151 0.751160686139 5000.0
2506.33514039 13.7965385268 0.802647965925 6200.0
-1512.60253896 13.2552900946 0.744792951663 5000.0
-1463.28757745 -15.3022748612 0.759256070653 4600.0
2292.06797127 -13.8250079867 0.78650522156 5000.0
-2022.90503876 20.4382230741 0.871084438039 4600.0
3727.50178184 -9.688089773 0.885740836897 5000.0
5121.12256246 -9.78647106037 0.882725456698 5400.0
2367.61160706 14.1787503598 0.788339197227 5000.0
-3539.54727568 17.6170108849 1.18831157727 3000.0
-3236.70811409 -4.93426674273 0.882380821251 4600.0
-4754.01356085 25.9757407889 1.08544697155 4200.0
-3474.21534907 -11.0822585055 0.979407737441 4200.0
-690.052975646 -45.6105974301 0.85395181572 4600.0
1327.41698832 15.1604950068 0.767302682138 5000.0
-428.870630087 19.5637152711 0.742553516184 5000.0
-3296.98825655 21.4094006268 0.849078139152 5000.0
-3759.29436914 20.2771374285 1.03823219189 4200.0
-2703.94910664 22.9416605279 1.03916942639 4600.0
-4961.80263848 22.0946274527 1.13225443844 3400.0
6122.54236419 8.35187421452 0.914063765101 4600.0
1378.34787392 -10.4660495819 0.708329954334 4600.0
-966.944889261 -19.3163329513 0.929923511743 5000.0
-5129.73830722 -16.5835360367 1.37585458281 3000.0
4430.11427186 10.0022845663 0.965586365745 4600.0
-3263.67881875 16.6112810402 0.880510386297 5000.0
-2973.73166667 26.2576871024 1.00618971525 3000.0
971.8943125 6.45381253188 0.685385126873 5000.0
-4094.7309505 24.5094396458 1.12975975426 3000.0
-3484.4890998 -25.7112784692 0.93025560646 4600.0
1066.91015676 -11.7075858572 0.703692161763 5000.0
4692.59479016 13.0411487325 0.875094681323 5000.0
-6859.73493263 -17.6952053121 1.04418213898 5000.0
4521.55266267 -22.3083896562 0.780335755365 5000.0
-4560.47369803 20.1445374693 1.12992904808 3000.0
2272.95032278 23.753914928 0.905795959687 4600.0
2361.34342401 -24.0170557358 0.7672663465 5000.0
6897.53696455 27.5644989496 0.995370275962 6200.0
4447.11782137 -12.9096616617 0.992785705241 4600.0
-1941.68236571 -20.9312745358 0.764853682576 4600.0
-4326.44974525 -35.3874285635 0.995877460708 4600.0
-3227.93098965 19.8832522565 1.00736147463 3000.0
4348.25497552 19.2650920141 0.94324973286 4600.0
-6479.79212985 19.8537479301 1.02140679594 3000.0
-6264.31592802 -16.8825320757 1.0227806913 5400.0
1029.01821721 2.27792020999 0.665903715768 5000.0
-6653.22647122 19.3454565811 1.01586685237 4200.0
-4591.69016086 20.33141473 0.999733747395 3000.0
1886.77571202 -13.6646345527 0.748558306087 4600.0
-406.92592868 -11.3854769961 0.712951441422 5000.0
-2867.14037377 15.2523096003 1.00295842947 3000.0
-5898.47885904 17.6264454828 0.996300199171 4200.0
5498.37824648 14.6799779812 0.87040930252 5800.0
-1952.20403094 8.84967060977 0.764003770929 4600.0
544.383173289 -31.6532058362 0.749792431473 5000.0
-4706.23715827 33.2907392014 1.07811204499 3800.0
3179.51444296 -21.4596753156 1.0079765941 4200.0
-179.458302098 11.7290270497 0.766294470613 4600.0
-6481.62366841 30.3242343144 0.997154774654 6200.0
-4368.15303348 -20.2600838624 0.867282787092 5000.0
-5351.71070199 21.8476688219 1.05989863885 3800.0
441.575743003 -19.8785366584 0.715906533889 5000.0
720.140560433 4.52428574866 0.717795746508 5000.0
-2151.02612876 12.8554134569 0.768960622244 4600.0
5153.12283946 13.090869926 0.897706759225 5400.0
2122.82874449 24.8995490711 0.804596416604 4600.0
2469.94301454 24.3568084018 0.775600706979 5000.0
3103.86138812 -14.9456459642 0.886061350857 5000.0
3581.77093991 -14.5431658615 0.846331462645 5000.0
5378.68956687 8.24134931088 0.972600819607 4600.0
-3506.5304991 -11.2891244187 0.969397427344 7000.0
-3362.37896382 5.83627312308 1.00468780984 3000.0
-2662.7538501 15.3636882922 0.753563454276 5000.0
4085.70695826 27.3530948612 0.972274274791 5000.0
-4716.22088839 -12.2287748755 1.12894400905 3000.0
2572.54315864 12.844864749 0.793366297214 5400.0
4345.77806018 -6.81394421812 0.837686743617 5400.0
-1520.52553397 -10.7971995297 0.690948908094 5000.0
3644.31911071 17.5522936709 0.873708499355 5800.0
3583.81535069 -12.6679064919 0.877468143182 4600.0
-5803.19672457 -9.45212229812 1.15991827147 5000.0
5225.3904101 -10.912113275 0.891214415351 4600.0
-3446.75925255 29.1323453416 1.12659330645 3800.0
-5491.07187564 -8.48452263339 0.981230376533 4600.0
-8956.70589762 -19.187162025 1.00675552424 5800.0
-5365.85386959 -39.0083454685 1.01252407473 5800.0
-4482.27330901 9.86949561984 1.15328415193 5400.0
-1266.06556499 11.3374829683 0.71874889512 5000.0
-1516.53994919 -9.94359091562 0.74497256597 4600.0
-1360.88486015 -10.9143223869 0.704792857273 4600.0
-2179.8166794 5.38541622105 0.71448847522 4600.0
3865.36813146 -26.4411339868 0.946576235362 3000.0
-5927.47059265 19.4968324648 1.01893409403 3000.0
2065.00357136 -15.4308337836 0.681676496779 5000.0
-5262.08736716 10.7078659378 1.03834333002 3000.0
-827.254185233 -8.05472451829 0.718105954856 4600.0
2135.64430282 17.2840524424 0.722808062369 5000.0
2749.98603215 11.5564194434 0.693431711735 5000.0
-4684.38140843 -4.99874649363 1.13558471152 3000.0
5234.42216342 -19.7246589049 1.00193465658 3800.0
-6980.14108111 -18.560760858 1.26242776133 5000.0
2272.5056719 -8.15884490801 0.790168407982 5400.0
-4374.25251414 13.3679196308 1.12760613102 3000.0
2191.99422693 -13.449181002 0.733196819338 5000.0
-1582.85514274 -31.2048036716 0.735080166273 5000.0
-1259.30002248 -37.3108686528 0.731044080616 5000.0
7578.08472217 -22.114327242 0.93192573211 3400.0
6412.32506935 15.1687185262 0.9056798404 3000.0
-4180.07305974 -8.51441071743 0.997223152568 4200.0
-3601.01940998 -16.8945329918 1.15745797859 3400.0
-2557.23288182 -31.7156061876 1.01480868591 5000.0
-4894.2408664 -11.3086538309 1.31472797114 3400.0
-3204.82041586 3.13511571154 1.03439013622 4200.0
-6000.01761564 8.06047330209 1.0737392142 5000.0
-3977.34498846 18.2090066534 0.991218961659 4200.0
-5665.94523518 28.9991900472 1.02048352017 4200.0
-5357.34897597 -18.3371152623 1.08356939325 3000.0
-465.701356157 11.8457228952 0.735884219379 4600.0
-3923.33007059 12.1520372069 0.984267880879 4200.0
2173.66254742 -9.4528251602 0.723036099419 5000.0
-4650.99759566 21.5395691671 1.03010316928 4600.0
-3551.60494377 18.7048425377 1.01465673655 3000.0
3702.12683755 -18.8077596624 0.933002131381 5400.0
2149.40486899 11.9219454419 0.762791081417 5000.0
8189.24044798 19.1414184749 0.932867712003 5000.0
9574.59800888 3.93741492111 0.957417205462 5800.0
-4863.52740769 8.8724449255 1.02954797805 3000.0
-300.374890735 -7.51528441238 0.677035502243 4600.0
1615.36717971 -11.494785741 0.700824831209 5000.0
-3458.96061511 21.5261760944 1.03588630776 7000.0
785.788937023 19.209506238 0.706108887126 5000.0
5474.62665479 -28.1301225585 0.922398393117 3000.0
2531.46175116 -18.2215475666 0.81660690013 4600.0
-3454.99941481 16.4581431865 0.909704865405 5000.0
6640.94398033 -25.8874649815 0.914888563679 5000.0
-2703.64704636 16.6946523576 0.773927879564 4600.0
-5674.4107918 -15.6301978528 1.04918477204 3000.0
2160.68272914 23.1238923733 0.856848060931 4600.0
4703.14744165 -14.4014803309 0.962567891109 5000.0
-2963.05540991 17.7846068336 0.938753750874 4600.0
-4554.93351897 14.1211175336 1.13710556852 3000.0
-2517.29726763 22.2211605154 0.738769832475 4600.0
4770.29585566 -19.7503622267 0.886941362104 5800.0
-3435.54456601 -30.4623619977 1.1912979053 3000.0
-6022.56203208 -18.525861593 0.9974209385 5000.0
9892.79299778 32.3194673204 0.983818032709 5400.0
3504.51068321 17.1781039448 0.916795813213 6200.0
1669.91192851 28.8966515272 0.803220164026 5000.0
-4831.10545506 24.8133693667 0.987210124483 5000.0
-5884.94477309 8.54953891057 1.00963438216 3000.0
-1017.33387856 11.4743586636 0.726789120611 5000.0
-6080.75531208 27.4027403032 0.991461010131 4600.0
4368.21756677 -17.5560796592 0.922087746879 5000.0
-3674.56223906 25.9054476075 0.928719814281 4600.0
-4983.29907189 19.3091068631 1.13603797435 5800.0
-4424.18234562 -17.0236695113 1.12544236198 3000.0
5333.40387853 26.6849366216 1.00299598726 4600.0
3561.40055681 -24.9938214959 0.777586770971 5000.0
3740.42261673 18.6553113054 0.777738382164 5000.0
7836.6828499 9.9238172476 0.94396467735 5800.0
-5548.12137493 8.90830725689 1.03843111468 3000.0
-3554.46307159 19.5785628894 0.986619823168 5400.0
-1831.64369646 14.282857003 0.753271153384 4600.0
1335.00423297 30.8245503912 0.932736344624 4600.0
699.600676986 -12.7884301668 0.756167752542 4600.0
-3593.43303857 14.1564493208 1.01299380081 3000.0
-2422.63559038 -11.5981171874 0.754147201601 4600.0
-2276.07818114 -19.5301310275 0.835233746725 4600.0
-2393.55907414 -6.39949868821 0.978865971284 5000.0
-6597.69044083 -20.4186821428 0.983415529461 4200.0
4660.24653534 17.9444664987 0.933321399182 4600.0
-48.8820179823 12.6334667427 0.712661436188 5000.0
-2707.31419138 16.7007839617 0.877948473993 4600.0
3860.05844762 23.414006493 0.823184327536 5000.0
6463.06399479 12.6200068927 1.00437712492 4600.0
-3092.48355292 16.8432070418 0.807635680991 4600.0
-5272.96535821 10.0728918408 1.12415018933 3000.0
2262.21944602 5.01961035879 0.664290588944 5000.0
-3805.97622099 20.6140401992 0.993730449727 4200.0
3212.41185541 -11.4794548163 0.757360876987 5000.0
3457.38026801 9.37861234263 0.859579071645 5400.0
1965.77620539 -7.72165887885 0.677068211032 5000.0
2029.06408848 -12.5386226522 0.732312367964 5000.0
-6353.91584642 22.8346812162 1.04356326864 5000.0
1085.79251477 -1.95653653991 0.731058251137 4600.0
2344.76334798 16.5862313063 0.772317332426 4600.0
-1755.22101159 -18.3707137387 0.746579474441 4600.0
8014.31074286 18.1082436894 0.96975563573 5000.0
1253.93966205 31.29539273 0.840805837793 5000.0
2589.16747669 -8.62063958716 0.837718771208 6200.0
-2437.27802974 -20.973982718 0.907168103394 3000.0
-5455.76429475 -6.17417723469 1.14972632407 3000.0
-4194.28006606 -21.0108469996 1.00587817003 5000.0
-2215.47711663 -18.2454793552 0.753072657321 5000.0
4372.12634274 -16.4831207944 0.921921163925 5000.0
-1868.14167094 -12.8012437235 0.705538319779 4600.0
3825.35755348 -13.0960307973 0.92740899895 5000.0
4856.53605772 31.7358258093 1.00594990579 3400.0
3866.92105732 -10.1938644308 0.849085282472 5000.0
1903.1177314 14.5933875564 0.739819011151 4600.0
1584.45954315 -10.8826326255 0.763127832599 4600.0
4488.4238446 22.1554915266 0.878828229254 5000.0
8393.86414588 -18.3333384908 0.997493401179 6200.0
-3325.2702414 -3.5229432538 1.07117810407 4600.0
-1806.78716552 -5.15730937641 0.715324953102 4600.0
2420.93083224 18.2804879757 0.732690126078 5000.0
1542.65122972 21.5727114021 0.751402213797 5000.0
-4225.19765685 -4.55553688729 0.97259975632 5000.0
5604.09672842 -16.8160385225 0.925273088376 5400.0
-3168.76380336 11.5382032197 0.888027136984 5000.0
800.714612799 8.24447790583 0.699507976734 5000.0
-2505.6461637 20.0402947054 0.838834057919 4600.0
-8250.68949632 24.9685898396 1.12686704572 4200.0
-1515.22403887 -24.3716974475 0.715160915542 5000.0
1905.4202761 8.41954161463 0.674631780834 5000.0
7369.93676928 -30.2703860547 1.00180651126 4600.0
5523.59260358 8.85774406188 0.878441584935 3000.0
3531.30445383 16.2317975195 0.84468207569 5000.0
8095.69723869 -8.02696182547 0.945460220013 3400.0
1549.99864296 -3.79474551736 0.698281917667 4600.0
4396.27027084 -28.0189052767 1.05663096347 3400.0
-1611.40945998 -9.80507161661 0.705918260627 4600.0
2077.60061955 5.46716161759 0.794882857927 4600.0
-3470.21285466 -17.2301767399 1.07460644409 3000.0
4367.54939027 27.3394181534 0.842303596741 3000.0
-2188.03155385 -23.0914881088 0.782841507695 4600.0
-2884.09031596 -9.16730837315 1.05820877171 4600.0
2771.82205807 -28.0382199838 0.877927807917 5000.0
-3553.80525955 -18.0443094992 1.05423658435 3000.0
-1238.66051387 -12.5898477029 0.759350445396 4600.0
-2781.70397242 -4.46883440885 1.04291814233 5000.0
-3975.77222202 -8.98410465161 0.798858658645 5000.0
-4713.74036927 7.87179296633 1.24008642233 3800.0
7413.70000301 8.81371685175 0.920850899597 5800.0
1151.43796751 -16.8484168739 0.722315199023 5000.0
5277.74973532 13.4405680735 0.922808450678 7000.0
-5335.00704432 -11.3097216224 1.16153220636 5400.0
2031.2207991 -27.0381510412 0.921108239226 4600.0
2231.21110392 -5.6635924322 0.694505616568 5000.0
3287.07890477 28.6787799935 0.855738007558 4600.0
-828.277811156 -22.3265781152 0.729179294692 4600.0
1658.82517539 30.6118307484 0.835780292216 5000.0
1730.18860897 -12.9891805552 0.685277578756 5000.0
3319.31880481 -14.643772785 0.855757734817 5400.0
-2218.30813609 -5.83264227773 0.763828764769 4600.0
-4085.71952507 4.51435541907 1.08626507157 4600.0
-4002.34286655 5.19618244828 0.860902550921 5000.0
5847.64749406 -11.9906391313 0.958219197576 4600.0
-1854.8120945 17.64108094 0.706736459276 4600.0
-3657.86398163 15.7304108969 0.873262958717 4600.0
1645.96524341 -10.2059378573 0.672739052027 5000.0
7344.31346619 -21.2371090879 0.960934796087 3400.0
3777.44089249 -14.1399422057 0.939561051021 3000.0
-4149.53144839 -10.8412181307 1.06628746787 3000.0
8124.95456638 -18.6964400013 0.971174907072 5000.0
1882.96264293 -9.53625422728 0.68759195455 5000.0
-3994.36316787 -16.7146119384 1.00642810094 4200.0
-2657.06895471 17.4185061882 1.01207703046 3000.0
3301.43546483 12.7881167495 0.798552164066 5400.0
-3097.00656882 -11.9253877659 0.984071225801 4200.0
774.419675042 -20.5296359393 0.904434645437 5000.0
1667.90944077 -14.3599153008 0.837911603611 5000.0
6641.60527161 25.5843787752 0.984596753676 4600.0
-2121.4214423 -35.1741039508 0.71311463603 4600.0
-5997.14758711 21.2472879222 1.02626976354 3800.0
4369.95008236 21.9594096566 0.925048367486 5400.0
1864.77438755 16.3731019465 0.751937935141 5000.0
3668.75341414 -23.8782131085 0.98912589858 3800.0
3261.6392418 -10.0531865431 0.821087088116 5000.0
-5445.94283353 -9.5450865755 1.23585698359 3000.0
1837.34153123 39.4425633553 0.889664943516 3000.0
-3425.29356569 -18.396492658 1.06374532849 3000.0
-2061.75135187 14.1115445656 0.72149025393 5000.0
4685.27391014 -9.49603264541 0.959743227126 6600.0
7285.45581872 -8.78774850695 0.913926063661 5800.0
8273.26265409 -29.4072369104 0.931454255361 3800.0
-5602.70101218 -19.8502096064 0.905517682049 7000.0
2976.98059316 7.20821735968 0.720368725494 5000.0
4075.87832122 -10.4052471867 0.862991568221 5000.0
-3442.08988049 20.7758010404 0.97885728914 4600.0
-1703.60029446 -24.3226344795 1.00792052164 5000.0
5538.20719956 23.7371249013 1.00889208492 4200.0
-3999.139064 -10.392587307 1.10621735945 3000.0
-2965.40979374 11.9218347338 1.00102930869 4600.0
-1692.7828771 12.5177383325 0.728610219243 5000.0
-4368.20750893 34.7586572764 1.08620295734 3000.0
-2230.94005511 19.7998929575 0.724266254618 4600.0
6197.44814568 15.0784753643 0.977309980807 5400.0
8251.35936776 23.3163197264 1.00218578641 5000.0
-1602.04027294 9.00398782632 0.732974206727 4600.0
7133.3982338 -5.00351685968 0.980985338199 4600.0
6197.63965772 -15.8554654408 0.922977179521 3400.0
2159.3957507 -18.2421422109 0.834390509528 4600.0
-8421.93653228 13.5995773742 1.04433416899 3000.0
-5140.44582872 36.5963643744 1.00959371818 3000.0
-3654.58952208 24.2004104742 1.26222203701 3000.0
5402.92083487 38.1323817485 0.928449110298 5400.0
5532.68384028 11.7970425831 0.913316527402 4600.0
-5482.51494781 15.8297834309 1.05502717644 5000.0
3302.31125342 13.5928716459 0.876176038157 5400.0
-5104.61298573 21.9166417215 1.07262943777 3000.0
-2072.43670617 9.14334579689 0.719474067408 5000.0
4006.41495719 14.2934253147 0.817205002597 5400.0
4807.895692 -13.9327087294 0.91108066408 5000.0
6029.06214216 -14.2352739261 0.920511174257 5400.0
-3837.10390426 -16.6787177015 0.846578154035 5000.0
-1072.39024341 -21.5465764025 0.717939155429 5000.0
974.638196878 9.5082335035 0.698854620265 5000.0
5055.94723573 -10.4767334957 0.906535587183 5000.0
4660.39764834 -17.955679828 0.920182206936 4600.0
-2514.68426605 14.2147380871 0.735092902594 4600.0
-3284.83763991 19.1717370114 1.22651171487 3400.0
1469.86967452 -29.1643034541 0.983192688255 3000.0
3125.3503612 -10.6504911283 0.77485572259 5400.0
462.57468192 -11.3911567575 0.738543793236 5000.0
2519.63127433 9.37014474244 0.81474508007 4600.0
-196.419016343 -12.0063025749 0.701102010294 4600.0
-3589.78879295 20.2287114789 0.945403362174 5000.0
-3711.5417252 -31.3996401136 1.03341205256 3000.0
-2344.10352549 4.91703905978 0.721373711857 4600.0
2649.48491491 -10.6097761776 0.871682823339 5000.0
4064.19584602 -13.1923903259 0.971210211505 4600.0
2194.32535281 -6.87412112518 0.700455055731 5000.0
-1193.19894469 13.6894502016 0.724611540362 4600.0
6418.27804582 -18.5893120421 0.961482792725 4600.0
-918.660590869 13.5504016464 0.725239680868 4600.0
3977.3924483 13.9941104268 0.838254414378 7000.0
-4985.92140134 17.6142336818 1.48846619039 3800.0
-959.939500479 -15.3469647022 0.77638147418 5000.0
-4448.30586318 -5.3400760595 1.02680151888 4600.0
-4102.37717597 13.813576561 1.0974795539 5400.0
-4512.03779927 16.990064855 1.04497785304 6200.0
-6509.93625262 -9.10496758707 1.03125323832 5000.0
4170.59547249 8.93863336675 0.872545289278 5000.0
3271.88950207 -3.84104841392 0.950245123691 5000.0
-4618.12083806 -15.2760432336 1.01156989568 4600.0
4195.33103687 -18.9301645808 0.904378361132 4200.0
-7520.57906195 9.47738146552 1.29594623949 5800.0
-3776.44033108 8.18213624212 0.943047264111 5000.0
-812.112432221 11.0198429218 0.709208617141 4600.0
3308.03042766 -11.95435282 0.937395374741 5000.0
3051.72960239 -17.5307371485 0.908573354452 4600.0
5042.48744348 15.9693948984 0.959317754566 4600.0
-1135.1448089 -20.1293964988 0.761390847667 4600.0
-3603.83329608 23.3477174494 1.07506333635 3000.0
-2148.58956325 15.2937120534 0.738392618146 4600.0
-6410.58125605 -25.680911459 1.15655345022 7000.0
1959.62474531 16.457629552 0.781890241409 5000.0
-5668.71905219 -15.7622865931 1.00924169768 5000.0
-4629.18474062 -26.707954283 0.979854817529 6200.0
3705.03392767 21.3619716032 0.890286180095 5400.0
-3632.31915267 22.3928315991 1.20343748402 4200.0
1982.37693845 17.7593823832 0.740887946481 5000.0
2367.15572645 -18.1049015158 0.671565917781 5000.0
861.677210914 -18.2060213142 0.723249485619 5000.0
1426.3836422 9.94896561927 0.710326514853 5000.0
-5371.57911014 -4.65191074848 1.05581411722 5400.0
-2192.92514509 23.0189382733 0.810553098411 4600.0
-3271.0060552 15.0956179108 1.00224255367 5000.0
-8618.55284694 18.4989095333 1.45897567018 3000.0
-5062.28027675 14.1662898149 1.03821103688 4200.0
-2638.40359957 -17.713400376 1.01443337447 3000.0
4849.49781824 24.1531684314 0.893230504027 4600.0
-4357.17256749 17.5344363619 0.923902560023 5000.0
-2839.88034461 18.1533382168 1.1696748619 4200.0
2594.35487662 -11.9046670855 0.816803260211 5000.0
-7004.33067392 -13.7191779377 1.21641566444 5800.0
-2064.97141588 -12.5779629503 0.752983163496 4600.0
5539.64312541 -18.4891955817 0.900238998292 5000.0
-3030.94013272 -5.6208936056 1.03523639662 3000.0
-10415.0545129 19.3316266256 1.04914292878 6200.0
4391.3152667 11.3766003263 0.916377471475 5800.0
4144.55608138 13.4457730402 0.887062262973 5000.0
4399.39038061 -12.4971006414 0.869992964153 5800.0
4563.67304218 -21.0026812683 0.899184142692 3000.0
-5117.25864082 29.3499332792 0.963074587563 5000.0
5625.89834244 26.9950733837 0.980548519459 4600.0
-4456.32911137 16.1106774943 0.984142965441 6200.0
2064.22017563 15.764538627 0.826604580377 4600.0
-4856.8144987 -11.1763621532 1.12730082678 5000.0
1451.95056745 11.1886077742 0.738352764963 4600.0
4464.23785102 -10.612235596 0.88202885531 5800.0
1211.09970821 -10.6215506217 0.718195325878 5000.0
3317.87668642 -13.6054657281 0.801513128843 5000.0
-4527.50041525 -9.59042683553 1.12094387724 6600.0
4631.27744431 -21.4954311673 0.80401759067 5400.0
-2169.73003012 -9.76135296601 0.939632121999 4200.0
3407.0882632 -4.47478358065 0.752720624734 5000.0
-493.429688376 19.9523303235 0.764543043951 4600.0
3764.30180908 -17.8657363207 0.901311705656 7000.0
5724.9168209 7.36754660143 0.89735992315 5800.0
3426.49383863 -9.11493474525 0.821733451868 5000.0
-4033.14336345 -11.2959314285 0.981360749524 4600.0
-4413.10566022 18.8786723924 1.11189856423 3000.0
-3995.74257741 -17.8374201467 0.91788164857 4600.0
208.972705259 -15.4292918135 0.703029263904 5000.0
1739.3153262 14.8266542431 0.79480297371 4600.0
931.766183581 15.2295384844 0.712724280095 5000.0
8003.3912179 20.6807541611 0.974141369485 5000.0
3462.87912696 19.6136390065 0.920533497119 4600.0
-2271.32210303 -16.4397804101 0.766560873985 4600.0
2345.93297319 12.8085991328 0.719222519913 5000.0
-6228.99257638 -13.4472587288 1.02938126473 5000.0
-3001.43559169 10.7260235173 0.919448493935 3000.0
-490.462748056 27.9322027683 0.787188062072 4600.0
-6309.85893511 11.3918364029 1.11507212142 3000.0
2522.98912917 13.7489557237 0.938035049677 4600.0
-2382.46622565 -7.46674020786 0.741761353808 4600.0
-1234.7798507 -13.6281133454 0.784251086686 4600.0
1817.22304417 7.90482917296 0.687413676265 5000.0
-496.380115886 14.3810680481 0.717503672708 5000.0
-2094.96433621 6.66365636317 0.799226271656 4600.0
-2749.81275243 20.6107160389 0.941893011369 4600.0
2882.32904182 -21.8863061401 0.699498372232 5000.0
-4228.17277667 -19.7938593023 1.04666628915 3000.0
-2197.35247161 -7.6916441305 0.748061078153 4600.0
3064.31149587 -10.6060130154 0.7477246051 5000.0
-4515.87961265 -20.7330368119 1.08922971637 3000.0
5504.38509141 -38.8965504388 0.94740109428 5000.0
6071.22255532 -13.7933290242 0.900661718167 5400.0
-3277.00087132 13.3786412562 0.904280641281 5000.0
-5432.53136579 20.0093528175 1.05178815991 4200.0
1164.06761635 14.9927770967 0.728782486396 5000.0
-3656.84212746 -10.6304879958 1.06542469062 3000.0
1690.06292991 -14.2658356266 0.771908894817 4600.0
2663.4306779 -22.93543556 0.905655026773 5000.0
5153.15556311 -12.7638546657 0.86000339059 5000.0
-4047.50593746 2.1600318857 1.02530853994 5000.0
-1659.54906372 -8.42633569429 0.746873171107 4600.0
5362.38571998 14.7621553466 0.910910722722 6600.0
5491.07508209 9.99208266198 0.914455893341 4600.0
8302.13469578 -23.2811624212 0.940114549526 6600.0
-1524.21909136 17.6387565712 0.789757095709 4600.0
1943.89575682 -17.6146963918 0.788775526255 4600.0
-4350.14515993 21.6587528423 1.10435042968 3800.0
-3998.38772896 16.4929359897 0.946656726729 3000.0
2777.10211146 -26.6269720381 1.04890663647 4200.0
-4083.24041154 21.5500971468 0.811963286333 4600.0
-1982.60434045 31.3510792633 0.906649774391 5000.0
-6922.60999623 -13.8775809582 1.36379338087 3400.0
-5879.11621893 4.15917685257 1.02122784239 5000.0
-4095.02697526 2.03422135846 1.01971968027 3000.0
-2097.60179798 9.90793631667 0.720150586981 4600.0
-1394.69810376 -11.8127359758 0.716547827432 4600.0
-2860.1397073 -20.8933960329 0.762481833666 4600.0
-2863.76492127 -16.8415326965 0.721564287931 4600.0
2958.88243871 -21.6927290346 0.877148583459 3400.0
3918.61271734 11.6044955992 0.868003005962 5000.0
3224.5596474 4.82976983372 0.919055222067 5000.0
-5442.99340371 -12.8724761806 0.986676213321 4600.0
-4926.48633718 7.45139695806 1.1188235916 3000.0
-4360.21192743 14.9811829266 1.10315039022 4200.0
-1490.04478023 -4.73885595032 0.712526433697 4600.0
-5819.11223621 28.9091541679 1.02784478809 5400.0
5778.73347448 -18.6045794741 0.939631934019 4200.0
4242.52653203 -26.4874153177 0.898093742683 5800.0
1952.41948164 -7.75409378364 0.831821706704 5000.0
1023.10093246 12.8823870345 0.712500433143 5000.0
5974.6881392 -23.2439587233 0.931469986765 5000.0
5985.05499284 -13.0400823543 0.906637530089 5000.0
4066.60653255 25.2591218201 0.925548124876 5800.0
-3973.88261724 16.1204559398 1.36096019727 3000.0
2247.73853228 11.9585274964 0.68390455549 5000.0
2442.02353877 20.0232233446 0.76151956388 5000.0
614.218178122 -19.983279177 0.730593724673 5000.0
-1856.90351471 6.99341006934 0.704559619014 4600.0
-5387.63879923 32.2580697266 1.00459926569 4200.0
3247.13099302 28.5365257214 0.864256673078 5000.0
4541.79657257 -10.6879395576 0.903112659603 5000.0
350.128455378 -8.03688696625 0.729585261763 5000.0
1417.35777823 24.2206244055 0.734500106034 5000.0
2634.06781352 15.137215879 0.717940006754 5000.0
4110.16122715 30.6737006589 0.84393182702 7000.0
687.592409078 19.6433475385 0.766681835041 5000.0
4277.49405035 -15.9090951464 0.905463725926 5800.0
-3732.5920239 15.4271362972 0.998689688387 3000.0
1845.50465576 8.62982496364 0.766885789444 5400.0
-2144.8758218 -13.3371940112 0.922167783406 4200.0
-3454.22501646 14.7255473299 1.15855561489 5000.0
-3439.11673533 -16.7389019623 1.14747318463 5800.0
-2752.93099838 19.7511679373 0.939211122718 3000.0
4983.22965594 14.7889677623 0.916685028498 4600.0
-282.265149182 -8.58992110112 0.720645132133 4600.0
-1859.25966238 -9.8158267515 0.73652742351 4600.0
7462.77012694 -21.6781527701 0.931195095151 3800.0
-4879.93136432 -25.1243905294 0.998285341009 5000.0
3842.8882386 17.8906669816 0.934520101996 5000.0
1743.16218794 16.8060500207 0.778886400261 5400.0
-3115.97959359 -31.470712882 1.12546305837 3400.0
2856.62433792 -20.1167191397 0.948683597233 5000.0
2739.13384418 -7.33913573236 0.782430754001 5400.0
-3321.47759179 -14.5780012233 1.05630270214 4200.0
5212.27938326 14.4433176537 0.977239358787 5000.0
4503.71667756 32.4854752879 1.02739731042 3800.0
-2951.24836329 -12.9597903763 1.01665860753 4200.0
1501.4029109 -12.054313961 0.693633927914 5000.0
-5886.86647416 -6.9375058841 1.19933017816 3000.0
5327.93957149 -22.3446536808 0.916744775086 5800.0
-2791.99230154 15.9521529459 0.80776100874 5000.0
-4320.96837046 -24.0238803184 1.02668692641 5800.0
-3358.5420877 -10.3054652489 1.15867783812 3400.0
-3119.65110876 18.3946311143 0.991015359898 4200.0
926.250604697 20.7841901186 0.885681138129 3000.0
-3206.80713657 11.5093953621 1.00569251459 5000.0
2317.38313946 -20.313687096 0.719493900481 5000.0
4120.95871546 9.92085589118 0.780385506911 5000.0
-8610.94917157 22.3576001764 1.77584101868 7000.0
1892.84898315 -23.5467447908 0.757315302852 4600.0
-2340.29195863 24.4730952601 0.966224996642 3000.0
906.218560421 -8.97806964614 0.697667588191 5000.0
-2750.29848561 14.6871023303 0.97923752423 4200.0
7250.03717068 17.8605384949 0.936706181489 3000.0
5682.73230953 -16.2017519577 0.919863173244 4600.0
-1035.86548492 -21.1902953914 0.685967284401 4600.0
3058.92757745 16.4435718496 0.822674369529 4600.0
422.110668264 -15.1913201749 0.798366089026 4600.0
-2610.12172923 -10.8434743076 0.75476374534 5000.0
-1436.21905487 -15.0332286943 0.761019140999 4600.0
6916.07140078 19.5944562677 0.936810490897 5800.0
-2728.27022652 -6.4573601625 0.869693691734 4600.0
-2552.45304378 29.4602539362 0.879594619895 4600.0
3304.44087039 23.7414734004 0.947968382557 5000.0
3581.52716751 -3.95684069496 0.892890883753 6200.0
-2808.08021753 -23.923712245 1.00203381057 7000.0
-4946.24073415 9.54788599032 1.22687129222 3800.0
2162.90903274 -17.7185506436 0.724971176529 4600.0
6075.46821884 20.2019315805 0.970909152725 5000.0
-2329.70886795 10.798813105 0.755774244199 5000.0
-4591.0336664 -9.22467375528 1.0512469239 4200.0
