3068.88165904 -14.6389725368 0.906095060048 1
5924.06835435 11.4762042654 0.98392473211 0
7123.03877554 24.0593866181 0.983063459686 0
6478.23782768 -16.8143470722 0.953900715784 0
-5777.45599029 -8.38392083118 0.971580091929 0
-4626.96990401 9.65572149666 0.971405464872 0
1256.34073182 10.4824484123 0.821962545482 1
-1669.01730022 26.0417276067 0.872555361058 1
-7359.46622357 -25.9081241462 0.952836597668 0
4273.4887306 -16.0693641402 0.980686988504 0
3771.81128903 -16.7043090072 0.960220475189 1
5675.35161057 22.5998298774 0.957277962887 0
1391.03836667 19.0888480854 0.864202698908 0
-1738.45436807 11.2505957924 0.863166794672 0
-2174.788129 3.96259788578 0.851475071896 1
5318.59637158 -14.2375407852 0.959185405518 0
3211.63826598 -15.2263048598 0.870464716211 1
-4885.37672569 -9.3160343904 0.973078957924 0
-1426.92984837 -17.9373134127 0.962136656017 0
-5449.56781652 25.5168689662 0.986200592164 0
-2844.09972176 17.07087058 0.908502885688 1
-4263.29808979 15.1298312182 0.987040740789 0
3525.49271288 -28.69880509 0.819369996186 1
2578.89313474 -9.71118331478 0.871365384234 1
166.009227908 -18.8835427206 0.890490771055 1
6190.27942853 -15.0688908414 0.907627041332 0
3071.33726253 7.06674812088 0.930581645165 1
2043.05507259 -9.55262785085 0.787893013401 1
-6260.76392159 5.02601039884 0.973327976071 0
-1236.10465186 10.0174970404 0.83060791135 1
2878.31195732 13.2533551726 0.867294478595 1
580.836165821 12.4392919068 0.80800836774 1
384.50168055 32.7282090508 0.953785931874 1
3081.61102382 9.43997216506 0.952963041763 0
2897.79782596 6.22819203021 0.907823763513 1
-5592.32400576 11.8021924772 0.975395413202 0
-1718.34286154 -26.6077070193 0.807779083725 1
3823.85062869 21.4094635932 0.962009170415 0
8690.59144426 19.6824110269 0.958298461943 1
-900.524756472 -6.34867536034 0.836084530393 1
2518.14690381 -11.0363708228 0.778006894754 1
-6285.22995709 -17.8060157612 0.959335118395 0
-4655.02625642 -4.61640849879 0.98278980618 0
6301.17509081 9.16764542529 0.960586691535 0
-2757.22624861 -8.55576024638 0.960951569874 1
-5275.52070737 15.6638314428 0.985115209234 0
-2505.77077261 -13.4104965708 0.950016191809 1
-2917.33312779 20.1182898061 0.965018382177 0
-4795.35499539 -12.6646306402 0.986417785598 0
-2395.17424678 8.32853696451 0.880093500251 1
-5723.52533865 -15.4455179241 0.95610359243 0
3018.1379877 20.2070637937 0.974800011501 0
-4155.1873051 -9.9713779709 0.981507167573 0
2624.04640143 15.4887424843 0.868940002518 1
963.432661616 -12.603830526 0.914951476855 1
1259.82630726 -11.3400535723 0.842700898326 1
2063.94104512 -19.678417631 0.814287464159 1
4017.02133305 30.5719195614 0.969771206507 0
2521.92471427 -11.5547227221 0.821477955659 1
3865.02647108 -17.151984115 0.9288447662 1
2262.23679026 -15.8138261655 0.950713497204 0
-1701.81682805 -18.4343620621 0.850677591149 1
-4907.78714877 -12.5575636489 0.980433500917 0
-3835.38280779 10.5586075692 0.978487943629 0
7708.17060974 -21.7463632735 0.966248957622 0
-2794.79482012 18.0851301173 0.927927514372 0
-5066.07257308 13.1103367445 0.98446215816 0
5036.98207319 -17.1635608943 0.97292321703 1
-1796.61745973 -28.9987902972 0.975294688104 0
3611.79754056 -33.5548222727 0.938026871511 1
5425.96875674 -19.1000980456 0.979230014742 0
-1950.73149953 -26.1529483512 0.816977598479 1
-6373.51763681 15.8670940974 0.974112922524 0
-6141.33859952 6.93472667658 0.970000077589 0
6132.17828823 22.0106596227 0.95939118416 0
-2368.37193322 21.4180306826 0.826438205669 1
-6240.79463707 34.1406270897 0.981490147843 0
-2081.94898286 18.6811853325 0.812665841594 1
-4469.1483023 1.41024928329 0.96996961944 0
1584.4099652 -20.8696555729 0.971745426024 0
3844.15517364 18.6099576272 0.976857244836 0
-1551.73892356 -13.2355192508 0.958848088864 0
3067.50541304 8.696953767 0.955534426392 1
2290.2889141 24.5233296574 0.908496106353 0
7609.41711881 13.2515677553 0.95224870904 0
4560.81211454 -10.460483506 0.907992955677 0
3678.15308082 18.0138116986 0.960753841978 0
-1702.79906854 -12.1683776646 0.839304787249 1
-2381.49235057 -14.2038236122 0.877268432922 1
-1678.6655361 -10.0061364083 0.879955511556 1
8419.10431228 -8.83332133659 0.952467196916 0
5888.62362318 -11.8829741623 0.955779242334 0
-2040.66406114 8.51584556981 0.849997085823 1
-6715.78140047 7.30805801459 0.952430005782 0
-4691.38659253 11.9651883823 0.986192798642 0
3219.75382341 -24.337531766 0.981725720783 0
5070.32451827 -4.28554528815 0.970256032671 1
-8972.89371464 11.4718036236 0.942308363655 0
1732.05628616 -20.0711494435 0.964199957991 0
1949.64409866 4.67930656362 0.753316414603 1
-1999.48210682 12.9225404443 0.893571231249 1
-5941.2414022 -8.66653522042 0.973641175207 0
-1143.4494813 20.7818799621 0.956298654251 0
-1860.02659599 5.81698317765 0.938996326863 0
6120.63321363 9.97563223315 0.903556642292 0
5775.59091111 13.6527197478 0.95966789801 0
-2401.84074676 -13.4169034292 0.862257169559 1
-1366.99459788 -24.8054510399 0.865337725022 1
4863.3636105 10.8189835914 0.956243984791 0
5478.94994889 8.51536626422 0.95673199538 0
-5754.29200406 -16.4534688985 0.952635332493 0
2152.96968374 -14.0439100014 0.919943798105 1
4495.43788986 -20.7816566206 0.978356692992 0
-689.139139331 -19.0852868446 0.899887305212 1
-4464.66042827 12.5706382702 0.953137804865 0
5488.83568504 20.4386697318 0.983554285296 0
-1348.95062385 -13.1296391104 0.937946678325 1
-3261.60128228 -19.4693909961 0.966562507691 0
-3885.52881928 11.0932394625 0.955823403726 1
5520.17076977 -12.347463804 0.983816035262 0
-2667.84738521 -15.7528698556 0.968113073254 0
-3909.86239586 3.57464004888 0.963952411026 0
-2015.86335089 18.4004613781 0.957869316308 0
-4772.68178354 9.36297510243 0.973142375552 0
3698.88502631 -14.879168703 0.958144565166 0
-5318.42194652 11.276450016 0.961284061349 0
-2982.65912379 -12.673240605 0.97099998499 0
-3993.71406276 -7.04508427002 0.970033355773 0
3661.62479732 -18.0102370271 0.958257502222 0
5680.72050644 -26.2782364575 0.962553909038 0
2669.52309232 -10.8248008605 0.909799970694 1
-3313.22952389 -26.0290126133 0.97532723784 0
9765.91732196 -5.29806128039 0.954685233671 0
-7335.13930895 -6.24366104741 0.955223658547 0
4720.59391686 6.71865446001 0.958330158886 0
1731.99459106 18.7184876922 0.833320238618 1
3442.30122843 -4.38347301581 0.95838988835 0
6030.65469834 34.2372825297 0.986233200583 0
-2123.49248383 16.6175805167 0.971809919271 0
-5469.00254083 -4.07148534572 0.980783825742 0
-4148.34662264 7.16702131505 0.986365538485 0
2080.12571364 10.8292248244 0.780837244531 1
-2733.88599811 -9.32151094273 0.966962609063 0
-4424.29217263 9.91721810718 0.962946362955 0
2098.84092367 27.0344116765 0.858292985628 0
-3652.77921807 -20.3818871716 0.844537177905 1
4942.27360838 14.398101283 0.977117309718 0
2666.42448941 25.7442393366 0.884505588178 0
163.168563423 19.2614879111 0.96227832662 1
2088.27185778 -13.9965014919 0.82293329035 1
2114.74271449 -19.5611454605 0.921132949977 1
-4437.35212052 24.8039821984 0.973024626021 0
3827.94105702 16.9887185748 0.95829592054 0
7207.76154988 -15.7841760728 0.97649164178 1
-738.925004642 -13.9384599234 0.905051222096 1
-4056.19451422 20.5288661168 0.959830765045 0
4392.86635183 17.9024988652 0.97688564689 0
-2333.71927396 25.0785841641 0.924884480085 0
3136.76549642 -15.0279352677 0.942218623892 1
-2103.86944436 16.2675938697 0.865400928068 0
4686.72655567 -14.4252854183 0.977802197877 0
4897.71197627 24.1387501818 0.970357528707 1
-2796.22321279 -23.1904190899 0.913109216512 1
-2806.86324421 9.26335884014 0.967160741253 0
2633.0173912 5.57526474854 0.81325350794 1
-4824.79102494 12.7988789772 0.961068905012 0
-5126.60287756 -24.0276932018 0.973188652695 0
8483.86375623 29.4480319654 0.957113995731 0
1571.42688691 28.5564354392 0.928338709064 1
5994.59690861 5.50211552337 0.971689258629 0
7132.28073272 -12.5350314741 0.95583418062 0
4049.9454585 -11.5586082013 0.95896585501 0
1805.32258833 10.0706545566 0.801340254196 1
5241.2246764 -18.3808444889 0.950750145056 1
-703.69827349 -16.5476989086 0.880553039894 1
-4499.34318759 13.9245132835 0.971331013746 0
-6712.93317183 -8.37122568415 0.977021054138 0
2785.89784411 28.303297263 0.84501184019 1
1774.03304441 10.4579701434 0.862802260585 1
-4952.58721452 11.7860578586 0.953145782639 0
-5071.15510272 -7.99542929471 0.978810206164 0
4360.87147119 -17.1261098711 0.967855063866 1
-2745.19361926 -9.86477039369 0.963287675739 0
-2704.90435182 28.8483054567 0.978439085 0
6059.53201111 10.7198694531 0.96207975507 0
6794.93665453 11.7293089635 0.931983128027 0
2729.62394104 -14.8611052176 0.889117854778 0
1589.24449984 6.73064629571 0.834867802578 1
4382.26507995 11.3323694659 0.941333350972 1
2439.97508392 8.32737238053 0.884128328216 1
6764.52983456 10.154734426 0.970316815574 1
5644.06870512 15.8617743079 0.934497349973 1
-7915.32406868 -9.63341541399 0.975300555015 0
-1966.15655765 -11.0421775017 0.944672615027 1
-2261.03406315 -22.3436568258 0.978732400438 0
-2250.12494345 22.4053172064 0.926098456254 0
-3940.62239861 21.0679409645 0.974051898567 0
3944.62453893 -15.6367863914 0.93877886639 1
4354.32475867 15.7130999695 0.956410811907 0
4250.69590724 30.8999012072 0.979692563586 0
2992.73112481 8.06629409257 0.926729455762 1
6693.36942843 9.09013851702 0.959286074122 1
-3897.54660697 8.05876023885 0.965490574208 0
-2156.61957328 -17.2611637899 0.812592289 1
-5958.55861201 17.5893301228 0.97982607657 0
-3976.76793712 -28.7852263224 0.970168413902 0
-3397.48921563 10.8706200335 0.910517876969 1
-4109.73119115 -16.9128348275 0.965597676354 0
1313.89881239 19.1994858708 0.882571629413 1
42.0672366596 13.6112819923 0.795232764338 1
-1713.91364354 28.1561718816 0.883213321253 0
-1957.61179378 -16.2499475718 0.946247155901 1
-3533.99191734 17.5745855904 0.960108103768 1
5975.99186376 15.9818500215 0.957306700101 0
2968.10373821 12.3909103044 0.953145712788 0
-4673.48600024 -13.690500631 0.979711783474 0
5493.87010777 13.1180203166 0.955296323254 0
3874.70395369 -15.0287681728 0.871718373377 0
5211.92108207 10.9128183023 0.957175442716 0
3095.51588092 16.8434153302 0.8023224671 1
2005.39553919 5.95539270973 0.864420455344 1
2481.2261236 -22.7277813643 0.967991077704 0
6764.13645286 -8.12257106782 0.956040932976 1
-5996.3489755 -6.70188208438 0.977438661838 0
-4625.20257252 -37.9817294259 0.975673611068 0
1967.7044045 -13.4338444786 0.928325650883 1
-2404.7116306 -5.65253903676 0.958753802783 1
1803.12411787 11.6997948422 0.900637984109 1
-1139.74053077 8.46110212612 0.847839149872 1
3995.38427985 -18.145245166 0.963459148349 0
-7168.40308839 10.137750259 0.975494590576 0
3415.50794169 -41.9344295945 0.959228036351 0
-1289.30841228 -10.2118922118 0.832858745076 1
2937.06063496 20.0730115539 0.906776945252 1
2867.53344077 -21.6837291476 0.887760157814 1
749.441646638 17.7108079077 0.861865346878 1
-2763.27544155 -16.8767280629 0.971980251711 0
-3006.60057021 -11.2722190619 0.967022438744 0
-2246.46557732 9.79288388344 0.912191584536 0
-3295.45043057 -14.1785105428 0.900951134764 1
-2530.0077365 10.9460759363 0.97014398062 0
-4137.61115364 10.2255972607 0.975692424919 0
-4230.48054051 -16.0184646219 0.966260630647 0
10390.792049 -8.59200969813 0.953654535458 0
3592.03157806 -8.40896772643 0.860308936814 1
-2304.67634131 -18.9993398331 0.967288228419 0
1894.86474511 -22.2323392552 0.874998869632 1
-2241.65941722 -16.2508155865 0.92195079858 1
2938.12298328 24.3739647271 0.881186646619 1
9806.48248482 -5.92679987747 0.973135651198 0
-4887.10291844 -15.6308912514 0.98554262183 0
-3212.188971 20.3549697865 0.846635794182 1
-3224.34168522 14.9912185685 0.892417378642 1
-2325.36867239 35.6344810336 0.973023426794 0
3364.93471844 13.5788130238 0.879478453571 0
-1355.39468632 12.4906942881 0.864292121495 0
-3370.23559872 10.1291635272 0.971003088377 0
-3886.05948189 -17.5774475003 0.978880251425 0
283.25057274 -13.2067739321 0.864642073447 0
1296.00757171 -8.85171859966 0.850326396315 1
-3470.06549283 3.82544474772 0.967206758469 0
-7223.32118683 19.6709536186 0.983797707715 0
610.938169072 6.63792414681 0.803961448501 1
-6470.0970063 -17.9623966359 0.972943785793 0
-2488.52266874 19.6755304843 0.900427237384 1
-3112.27779042 -13.5976758085 0.971021460579 0
-353.231336882 -18.1692625916 0.958231790543 0
-5106.6193785 -11.5120239977 0.976152032081 0
5833.5989151 13.6588559224 0.934112213365 1
3922.63659836 12.9725259719 0.954972890205 0
-3003.46078043 10.5321664722 0.937010942352 1
-4607.28829006 31.9781227399 0.988550090408 0
5507.90231151 -12.3799360958 0.956598907873 0
4384.39223666 13.1226742692 0.97603663374 0
3531.88785724 -4.01144302041 0.942721130854 0
-6895.2417859 -14.1390719888 0.97341923748 0
-4684.91587475 -23.2026864509 0.97414932329 0
-1542.46813043 16.8389411322 0.878789283662 0
1291.98456595 -12.4118459617 0.777147095835 1
-5597.48920622 -20.4356029605 0.976427829012 0
-2993.25738467 26.8201408544 0.979363260812 0
-4563.84504349 -17.4196318223 0.952024205664 1
-2680.9367496 10.2683795512 0.968318299881 0
-3559.75863958 -8.37499414019 0.972062914933 0
-3231.86348255 -28.7403342737 0.983222432763 0
1758.6842124 -14.6849149882 0.964192883518 0
-1935.09260117 -17.7324205875 0.975387824854 0
7274.93684883 24.2045696192 0.956956309302 0
-3341.68476032 20.8614443664 0.967226477272 0
3804.46516011 15.0086436602 0.88092293298 0
-3991.07386877 -11.4917467992 0.961127434716 1
-2368.29321493 -13.0626661853 0.903735203243 1
4192.83990552 -19.5627088107 0.899788173222 0
4558.33825019 15.7140562866 0.919662110765 0
5337.83824625 9.31294111476 0.960987496461 0
-2568.00713054 -12.243183962 0.970974331259 0
-3851.2466645 20.6715797317 0.982719240092 0
5480.46110799 19.3303549705 0.960010007676 1
-2875.36894306 13.5332225175 0.908760110536 1
-10038.8072307 25.2745416112 0.964022871205 0
-8149.00239508 -15.3437329712 0.962697413807 0
-3566.77054356 -12.9311037367 0.917228475358 1
1320.41140161 -4.05780014418 0.81325737702 1
5936.43250479 -6.39201902771 0.898906654453 0
3481.19319409 -19.6843022719 0.841011219328 1
4999.48820575 18.1296271622 0.930516872133 1
-1137.31622729 23.6855955462 0.881292018333 0
6843.61722809 13.403753363 0.978821839436 0
1385.54872636 6.61446120408 0.849336204892 0
-8221.90670876 -20.6796087788 0.978403186942 0
-4239.18237067 -5.50762570286 0.969826427254 0
3455.92563241 -7.83753280414 0.955008731178 0
6693.00006562 32.8515789924 0.974358033163 0
-5412.1626542 -21.2149013722 0.966762577709 0
-7681.4763357 11.892954546 0.966080501493 0
-6523.5034446 -18.6760719437 0.971781903612 0
-4818.90628521 6.88604168521 0.970626044073 0
-7631.80566894 -17.6480838039 0.967433430923 0
5435.34589608 8.79271435619 0.95530841704 0
2615.00003097 19.4407194486 0.953479043592 0
-423.406675614 14.8328393266 0.857462982687 0
-2060.33563781 20.9627896208 0.962895610297 0
5153.09569629 -18.5949831782 0.94734163897 1
633.92093661 13.3080423665 0.802428515586 1
-448.33472651 -14.5860013591 0.824260364768 1
-4792.31845252 18.2726638393 0.990980582132 0
3810.78254076 6.26547911071 0.880960217765 1
-2470.77096473 10.901643838 0.81805311105 1
2804.16129986 13.645928734 0.903170188625 1
-3595.66628653 31.4906861138 0.98984382939 0
-1663.2258037 14.4146485878 0.788819827412 1
1643.12013002 32.1116995807 0.881859974508 0
899.130093933 -23.0590341944 0.780492089454 1
-2321.53143063 18.005644713 0.966874876064 0
-3272.91005956 -34.4475664085 0.943831568329 1
-6975.75508624 -19.3247988128 0.965436933336 0
962.012550877 -10.7283807094 0.83772772957 1
-1968.85810784 -18.677586062 0.860923730577 0
3729.13339196 17.0282326732 0.944973745755 0
-4893.00392037 22.1668664374 0.986567734787 0
3183.228452 -12.7542438111 0.94398119452 0
3973.01799463 -14.7592565411 0.947581588079 1
3964.41843933 -13.6673116625 0.957620407413 0
4409.84441285 -11.1480987666 0.940096297455 0
8977.85520383 -23.6167865312 0.944803228851 1
4301.71716504 15.2485452044 0.9377375803 1
-9974.15071596 -12.1044848737 0.979183082784 0
-6120.88950119 16.7263638622 0.979572609883 0
3860.50044168 6.37949561 0.939618428509 1
-4270.37976516 -9.50393888341 0.967954293071 0
5617.18763591 -10.4950485811 0.951123138372 1
4533.42904409 -13.5934196666 0.866750240967 0
-2549.56705808 -6.74252514003 0.966973764414 0
3792.90054768 23.6356806488 0.983588687928 0
-4347.38047508 -18.3603936796 0.984900770166 0
-3948.69633134 23.5064709262 0.893685293892 0
-3234.92021161 13.8806706093 0.965414242778 0
4976.05052107 -9.87635889685 0.930485009936 0
4991.8597896 -17.8426828766 0.980307802449 0
-3975.98397868 15.1265252699 0.974372913623 0
-7257.87561066 17.4733669951 0.973324684359 0
3570.04908043 -14.9211067617 0.935891531629 1
4516.18069671 21.6296178412 0.956538066877 0
-3950.5952302 -27.0955084586 0.976730571704 0
891.294427178 11.7109841945 0.815038481561 1
2944.14698775 -17.3513373051 0.960730956261 1
5124.93198843 -9.33271840177 0.914086541867 1
-6963.00242738 -5.62405832127 0.963440731119 0
2416.33761403 -21.6377438352 0.883889065951 1
-6097.83855586 24.459740289 0.963428563019 0
6489.01996448 -16.2322548325 0.931571031174 0
1905.43846836 -2.97111122827 0.838245047986 1
-3728.02857142 10.5561671729 0.972876094123 0
-7749.4251413 8.57345303535 0.952227266227 0
-4539.45530364 -8.89242220492 0.962081553175 0
-5162.790562 -6.33488115323 0.9753636386 0
4189.1223255 13.432118241 0.95754583309 0
1164.52543404 13.3092184519 0.841296246036 0
-1945.98774856 18.5830546992 0.900054691282 1
-5246.65824008 20.0943902377 0.992461067672 0
4947.08516277 35.7225934932 0.944921878882 1
6383.300508 20.8779012284 0.987287751534 0
3636.9279278 -19.7870771607 0.955837341201 0
-4350.85856607 12.4958530276 0.970190017619 0
6835.76228783 14.1026281891 0.933848730083 0
5691.04965823 -21.6961668773 0.960507280508 0
1778.61406411 28.406600659 0.926070368425 1
2608.16856606 -20.6921306956 0.949603357741 1
6548.31541739 12.6761964994 0.9773093274 0
880.214032007 -2.14653389771 0.839217219469 1
2445.63154428 14.9123362846 0.863107223191 1
1216.97113966 -6.04632353904 0.788146436613 1
2084.46328944 -21.5494581229 0.934414846614 1
-6425.23715501 18.6415046779 0.971193585785 0
2774.20135097 7.45613378497 0.855696299744 0
2365.27452031 10.249227248 0.864888554991 0
-3256.24118629 14.5344868539 0.975448868277 0
-7289.95292455 -24.4641875506 0.975845475708 0
6008.69080191 24.5046852245 0.944968766508 1
1231.31506274 -9.09501611933 0.832152719888 1
-1344.6096463 15.0391773738 0.878775327646 0
3897.1653728 17.5732367745 0.928899975225 1
2425.79569686 -20.2062330663 0.967585076243 0
-5802.91094922 15.757502417 0.98955959255 0
6022.30678308 -17.1259746592 0.91185803451 0
-6199.25605228 33.3932836266 0.979508058606 0
862.670251923 -26.3854852547 0.823282299138 1
-763.703486433 -22.3063551024 0.79398278283 1
1824.13134508 -5.42231023361 0.841771006119 1
5374.91709352 -10.126989747 0.952530000229 1
4434.43635323 25.2153812594 0.955568415217 1
5697.62488666 -8.27759187361 0.957568946816 0
-1548.14652576 8.19594607167 0.84075754845 1
-2919.38171973 10.6126685078 0.901288224212 1
-1836.82573495 -15.2144661453 0.854737072094 1
6147.70157722 12.8627958705 0.968255495952 1
-5289.03954279 18.1422239561 0.985453228228 0
7106.09737569 -13.2552633469 0.973577839124 1
2182.29579445 18.8286193647 0.872103766519 0
3891.25627153 7.50752189345 0.910312000379 1
-684.361701458 -2.79575875933 0.850125312523 1
-2809.68786002 -23.4294353631 0.90497163989 1
1598.29455552 6.50601622149 0.866945968569 0
5306.65572829 -18.5958589645 0.959352587339 0
-4204.96553475 -14.3490801826 0.973610517142 0
-2531.90219253 -24.1177737102 0.970456847781 0
-4083.38654801 29.3982471465 0.947036724876 0
-5946.190056 8.55651910586 0.97896237236 0
-3147.68551935 6.94660568037 0.96837573328 0
2806.1625516 -31.7702543921 0.940354688124 0
4845.23724467 12.5427925951 0.903706319925 1
4226.19804186 -24.3826931681 0.961883982104 0
4501.71863375 15.7996612066 0.943306502527 1
2780.83895276 -13.0158133602 0.882763508825 1
702.285821893 -25.9867671608 0.805587790284 1
-4305.20769892 -21.9467679052 0.967848970051 0
4816.61295238 26.4891771634 0.965526156985 0
-6513.70852559 -8.00313978279 0.971358272989 0
-7341.12111363 -23.6733053113 0.966011176475 0
3084.87500301 -16.8194320268 0.949194398994 1
3466.20203301 -9.27506368989 0.969975047888 1
-4172.04674835 -28.8119076916 0.975254406997 0
4473.28145808 29.9437977604 0.965339808524 0
-3559.37075392 -18.4176168206 0.973721422147 0
3463.03068399 -6.70630282724 0.956298800143 0
-2815.29997426 -11.5940099392 0.928871711912 1
3173.24169332 -7.97177588546 0.926546594938 1
4790.95005734 17.8079245116 0.956630614126 0
3626.28088901 -30.7961233391 0.92246024441 1
2212.34918465 20.937055227 0.807078642373 1
-5314.68437901 -18.402313848 0.963979084912 0
451.205840674 13.0939301299 0.759353849775 1
-8948.18464568 -25.3923856731 0.951529578611 0
4509.93708167 -7.06935890456 0.928124302834 1
-3074.44818363 -12.4199100065 0.963024486134 1
2989.84772579 -13.6359738279 0.928603007257 1
-2401.85267492 11.190964405 0.875523365168 1
-2331.40715711 -7.86367848187 0.951772065145 1
4013.54769235 8.6769123494 0.954976580482 1
6288.70722378 20.0754344911 0.935425976897 1
5689.17631316 -18.7446964746 0.984878978408 0
-7612.29352557 14.1835013277 0.978951522157 0
-6123.2803113 17.8546342566 0.970561906198 0
1546.94212853 32.3733947784 0.907295827376 0
7059.4072626 8.58842612696 0.952775799014 0
1918.74562224 -11.9494607137 0.841777890023 1
-4685.05506553 5.77909109386 0.960881684614 0
-3201.35665994 23.5904088437 0.971013859183 0
285.124572124 -15.1285472823 0.771867435553 1
-583.236765455 -27.0295805492 0.961854423003 0
1556.21138972 22.1949529094 0.785971279679 1
-6748.90516926 -5.16174456259 0.986584399475 0
4092.12115432 6.09393508778 0.956864865334 0
-6566.22447173 17.8322292526 0.965782800826 0
4634.97251874 15.6097407221 0.94892806479 1
-5613.79335531 9.7229563916 0.95670404597 0
876.452854004 22.3560283443 0.800102309246 1
-1706.79121039 -18.5650163752 0.970365502772 0
10793.2912539 18.1949493049 0.95851800842 1
-3010.61158129 26.5179749027 0.950762019597 0
-4270.84087373 -20.7393594107 0.981272470775 0
3995.35156324 -12.8693253152 0.968341006872 0
5126.71063591 -6.69027214805 0.940646006595 1
-4879.40931983 23.0759400565 0.983546487512 0
-2644.99971425 -19.2388703018 0.974726910742 0
7454.35893217 -5.49363699196 0.9650087653 0
2433.85810217 13.4976918689 0.821827209732 1
3660.7413176 23.9527274343 0.960523752437 0
-2076.69647497 -13.0943836732 0.825656424961 1
-2896.02970941 -23.3784178515 0.972279873049 0
6201.96549625 24.2972098966 0.978680640529 0
-4195.71754969 -8.01565871475 0.973686495627 0
7582.72547959 13.5333960534 0.94996737074 1
-5000.02620769 24.5252947489 0.964134516841 0
-1065.89211026 11.7092469346 0.796029077312 1
-4109.85799509 32.2223250598 0.979487218553 0
-3532.86149238 -14.7305259595 0.963699039783 1
6579.95558121 -8.52737013017 0.978978527217 0
957.784240655 20.7777326164 0.892052091966 1
-5317.86328265 10.7969648857 0.96311995012 0
3174.95391094 -23.0200753925 0.976796950547 0
-5217.43864834 21.948184218 0.90816361145 0
5896.13454671 9.15570292002 0.982265483036 0
-3377.51439875 24.2025959483 0.882703298905 0
-6537.05603307 -18.4891172955 0.957754848367 0
2017.0180807 20.4195313736 0.971085057131 1
4296.13892445 13.6905582208 0.974020428785 0
-5028.70270477 10.8105900869 0.961859078986 0
3007.02500725 13.5886310684 0.915048838879 1
-4495.06539826 11.9943710371 0.961835532092 0
-1167.15933551 28.5161331637 0.956991580366 0
1380.91330465 10.1277263687 0.877806116555 0
4684.19012702 8.34077489638 0.97441955326 0
-2967.01175803 -27.8885443591 0.923464721261 1
1350.26697405 -17.9003542969 0.852740970555 0
-7018.28373688 -31.8318246021 0.984303949392 0
1948.16848688 -21.7235313431 0.832215942444 1
2212.31124965 -19.0381301781 0.806819516724 1
-3821.02033446 -12.783782238 0.966754215919 0
5047.78743301 16.2028963124 0.956988160014 0
5874.8492943 15.1994951315 0.982652048948 0
-260.860702325 -31.372837784 0.955428593067 0
-4829.0322144 -9.88418489606 0.982498002983 0
4837.26422035 -14.5649393644 0.961840849412 0
1161.97126318 26.8169068433 0.908453913507 1
3017.13148214 8.50975765076 0.855441667989 1
1636.02975464 19.7271287558 0.879589280708 0
-6329.36040096 11.2336505481 0.976162817012 0
1002.83416606 -4.84822017114 0.81997254791 1
-1128.65205817 23.9173082535 0.898784278197 0
1490.16674764 19.6149111463 0.888430742635 1
-932.150899204 -13.8190968781 0.821296487869 1
6069.60903546 -17.0382896323 0.95867855649 0
-4934.13166698 32.0811805006 0.978463701628 0
2161.15690156 24.3826044782 0.960347195417 1
1281.79103362 -28.8990361782 0.840011374134 1
1807.60416286 -28.4599027091 0.888262039104 1
-2566.2662691 -20.1770271617 0.833390155475 1
-4536.57696577 -6.89411043456 0.98501999618 0
4580.32419159 13.7463363084 0.959370475149 0
-2986.38162598 2.67165339245 0.962696770728 0
-1021.31816403 -8.09984809534 0.849789256468 1
-1378.31121972 22.5844781301 0.876942880474 0
2337.49409146 19.9269837629 0.894122918831 1
3630.12838174 14.0203440102 0.965329287419 1
5426.39319516 16.8276900371 0.977166254658 0
-2766.39634852 -9.70365034469 0.957800236508 0
1497.04110111 -21.235089038 0.9229315422 1
1769.10984344 4.23540100538 0.799211276814 1
-4699.30021876 -12.5146755182 0.973798989548 0
747.24537202 -13.3629972596 0.803515245027 1
-2744.48642899 -16.3217499609 0.9003226179 1
3613.18009149 13.4807540111 0.953330600316 0
5561.58952001 5.38039012299 0.957450723508 0
-4070.19788086 -13.1455625396 0.968784539178 0
4986.56532896 -20.2012568931 0.895746844123 0
4137.10231815 -18.9534796234 0.982035968918 0
-2168.22744699 -15.4268002541 0.967622095801 0
-4676.0925525 21.3370259886 0.981416932277 0
-836.706105345 7.93462103364 0.768097959221 1
1878.40410808 17.3104266663 0.871072213439 0
-3023.57337305 34.957547257 0.897156698314 0
1824.73542897 25.4812948711 0.910614597406 1
-5278.24117463 -9.87895117749 0.97642816471 0
4210.9722453 13.4449858779 0.957922998115 0
2767.58863713 5.84439237222 0.860605007549 1
-3556.32012683 -16.730502264 0.97418512729 0
-2221.06214419 -18.0660528578 0.96874260356 0
7413.7605896 17.4904877311 0.936900996522 0
-2271.65066411 16.934740472 0.887134884927 1
-5613.61335477 -17.92419058 0.96800029851 0
-918.35268775 -22.8784782255 0.961963705251 0
-5277.34189562 -28.127963091 0.973624641383 0
-4256.71334597 -7.45198544784 0.962516398855 0
3900.78507747 22.1563574667 0.962172742678 0
-6534.32914421 17.930418366 0.972572696549 0
-2707.34785568 -22.7086255306 0.936682075005 1
5377.6009622 -19.618035336 0.911670179975 0
3351.47623646 20.9079457383 0.933872135103 0
-3151.11762037 9.44944412755 0.966127037151 0
-2920.66259833 -18.6224517598 0.926922830721 1
1819.23462733 -18.2768674424 0.85142260179 1
1689.29853151 -22.8010210876 0.769553452934 1
-3724.16290299 15.1157350692 0.950011292033 1
5269.38737426 -5.64159105522 0.982883378487 0
-1647.99348345 -11.8968989786 0.874684632483 1
3603.45992939 -10.1961810581 0.898857564793 0
3852.85759623 -9.01707122574 0.953228443236 1
-1630.70276229 -13.1617877572 0.857287671647 1
-5062.65542799 25.1053607025 0.976477760282 0
-5600.95155537 -25.3726964239 0.959816414173 0
-5785.44496952 -24.0868588969 0.974783769426 0
-5928.67428761 22.3378003358 0.966834030627 0
4418.37511259 -18.8993108803 0.981665395 0
2548.84906135 -18.7885269502 0.895276107865 1
3559.18907043 12.1199525698 0.850744813308 1
2635.38663292 20.0533713867 0.871492089548 1
-5953.95016784 -10.9427630385 0.958789154837 0
1396.07998002 -12.4257724447 0.746908042964 1
8789.9196777 20.7795059163 0.955605407831 1
7528.26525356 9.94255415621 0.975173107333 0
-1188.73871813 13.0919869642 0.835226557632 1
1997.23813122 38.67057319 0.876651840594 0
-562.504623497 14.5288322722 0.838968466523 0
3851.19929387 12.332484408 0.95293860312 0
993.415946157 -2.53540864103 0.809285466365 1
-4183.41667741 -5.23425840361 0.958844244619 0
3876.50421658 -25.7338526248 0.953223164689 1
7554.6260051 -24.9930086107 0.924321864683 0
-2955.43808777 -9.58115700354 0.972334671187 0
-2973.75901539 -12.9467021479 0.966183960865 0
2534.06915129 -9.05641080866 0.946415966523 1
-6028.40029004 -13.906478582 0.979421154055 0
1848.37776064 -14.2708212413 0.820144045588 1
-3336.15737598 22.4572243513 0.957492688399 0
-6215.65019912 -18.1173466341 0.962285938483 0
1493.67024406 16.0928977326 0.814085762755 1
-1365.51038844 -12.7059241405 0.885742978777 1
3159.2133565 12.0578444569 0.956587959478 0
-958.932455905 22.8049626457 0.877326618714 0
1761.43253389 12.7047351994 0.876673305486 0
-4283.89716054 27.8900395794 0.972863403316 0
-5049.61727345 11.5827381117 0.981310615011 0
4400.42122143 -19.4082276542 0.958276054537 0
-4024.02014703 -17.5971204475 0.977081615548 0
-3789.44250176 -10.3501391217 0.969666248501 0
-2971.35959381 10.0363460506 0.966709427797 1
-3168.01857011 -7.88328039179 0.967753086019 0
-7270.92649799 28.1381236306 0.959943156866 0
6582.01913851 15.0485629988 0.958865568181 0
3161.7982577 22.3711801616 0.870856018554 1
-2789.76578185 -14.3437254692 0.92170132171 1
-3050.64382277 14.209572056 0.972646427739 0
2198.77175303 -16.226240647 0.922589244429 1
1808.78021937 25.9674608312 0.91256841884 0
-3979.1198897 16.9034024702 0.982963785697 0
-4239.1699803 -31.8660283243 0.99002282111 0
3748.49217286 23.4376333555 0.871159245118 1
4674.75295788 -16.7348778694 0.885334254999 0
2955.4007237 6.31127836443 0.874402204784 1
-2298.37591898 -7.32570473581 0.830883060764 1
-4623.33386377 -9.43626481848 0.992185914262 0
-4926.19316526 8.06252625535 0.961158820772 0
-3971.98003271 -18.0376341523 0.953338199799 0
2579.64932845 24.0332808057 0.792221004196 1
-3322.07095688 -29.9837314025 0.960868027396 0
2245.97831557 -16.2263346964 0.781202345018 1
-4130.70756741 -12.8781522971 0.960253570419 0
3822.4276097 9.00815298166 0.956669156105 0
-1242.56056193 13.039607884 0.861130949081 0
2674.75249235 12.6317756849 0.844103695233 1
-6160.13367198 -23.8034655754 0.971208553534 0
4272.58826837 18.6842358653 0.979993199479 0
-6871.90259593 -7.02869050476 0.990913024799 0
-8177.52204091 -29.5483890025 0.956896690179 0
-5758.51639469 20.9389435991 0.982327850046 0
-5070.08410978 -12.6353215288 0.984588112186 0
2990.39140523 12.3017734248 0.813399387626 1
6378.00453557 -17.6369039408 0.907460637753 0
-310.151007621 -14.7054216961 0.812220327114 1
-6538.96219114 -17.7910985255 0.980045785395 0
1806.51476385 15.8746268905 0.896074598282 1
-4827.41752921 21.4724038258 0.975297894128 0
3183.00246131 16.6226444423 0.816385271427 1
-3719.950248 -16.0550418612 0.969570358369 0
-988.032016877 -5.45250410728 0.810261666743 1
-5506.77931806 -20.5685258469 0.979715034099 0
-4534.04375521 -7.27493261739 0.980488502679 0
2894.6629862 -23.8076743584 0.819001652022 1
5387.91405044 17.9233692382 0.959249327132 0
1956.29453345 5.42325253467 0.887252787524 1
-3227.8803211 -13.4153764438 0.965278641974 0
3298.04373746 -9.57022477344 0.84343644227 1
1980.21713026 -4.01096392535 0.825507120377 1
-3654.16358497 13.2360782098 0.98081446964 0
6885.78264098 -11.2203452809 0.976845849599 0
-926.772734209 21.3356769743 0.85072999171 1
-1450.38055147 -4.34053948902 0.844969965214 1
5476.67052036 16.6254646665 0.981594188516 0
-1520.6755692 10.140605466 0.862275388993 1
984.555535548 -15.9805353749 0.820364869397 0
1214.73692885 13.4792142565 0.838564939293 1
1341.12257086 -20.6804281654 0.915440884959 1
5390.8506857 13.1776783645 0.981919863396 0
6696.20962196 15.5014732877 0.9844523083 0
2842.56119406 7.13231772979 0.909076014716 1
-1001.33370502 -35.733399647 0.835356019439 1
4212.37773009 -13.6988235383 0.874261531388 1
-3457.2808883 -13.3133010195 0.974310465096 0
-1078.33886481 31.2932074083 0.887184288955 0
2243.52030743 28.0861197033 0.911923047657 0
2950.95782096 11.3822519936 0.89870802375 1
5691.31502715 -18.0344218573 0.96410531504 1
6516.58488879 -11.0446150244 0.967681683415 0
-2212.89313324 -15.652323859 0.861294951842 1
5839.64916581 16.510724119 0.983934267996 0
-6135.69953985 -23.2120599908 0.951583318759 0
5106.63331721 -40.4596932777 0.965292517084 0
3987.49649736 -33.6199706198 0.905911867554 1
7714.50910872 -35.9766139325 0.96995471094 0
2810.21135296 -7.81009239142 0.923989262547 1
-4011.93850469 14.289130219 0.964941124396 0
-2935.81832465 16.3969136331 0.931255415816 1
2622.77470429 -15.6298992499 0.913926452351 0
-2606.25500027 4.48917906349 0.87995232497 1
-3304.12030215 -16.9769033942 0.976716593802 0
5496.8774805 7.23519544423 0.981088784858 0
-6982.6437235 -11.6643469489 0.970018351607 0
6260.32094637 -8.34294417763 0.956271852395 0
-5418.19192762 10.3544397185 0.974563084923 0
5291.52282763 9.50878003333 0.959160311965 0
-3398.95510085 -13.9592072799 0.975304418294 0
-2439.35366287 17.7843857021 0.870722450882 0
5193.87308389 -13.4110105269 0.983702080593 0
-2244.84799645 17.2427559291 0.904259452564 0
-4609.19307132 -23.1008917845 0.961983665989 0
8337.11850127 13.4013602743 0.94260561828 1
7682.16187144 29.1987888301 0.982093485247 0
1939.95283141 17.4645507572 0.839785140372 1
4646.76878769 5.84350935926 0.958218628749 0
1078.47048154 -16.6736901662 0.951854784544 1
-4303.49079891 -6.66759421489 0.985963325082 0
4927.90030716 15.1140850894 0.894424435885 1
-510.398240963 -23.6975404328 0.843730860416 1
3973.61950187 6.73640938175 0.917213142127 1
2804.60140692 -26.4980017906 0.868549347514 1
1705.16750876 6.50241127367 0.850343760349 1
-5123.97782809 -18.3375632056 0.976178074661 0
-4768.33877272 -16.9393426138 0.967670418626 0
5396.8819717 20.6540508624 0.972292230881 0
-2409.89913687 -14.3395581557 0.863641471646 1
6263.10303735 30.1922058536 0.956247112045 0
-3863.55895707 8.9429263934 0.968498063072 0
7564.42391964 28.5614318896 0.959894042837 0
-7560.13356098 -20.2141310078 0.976342444599 0
-3203.53764779 -18.9819839 0.906764279355 1
-8323.10321593 19.145797659 0.970236351925 0
-1536.34475908 16.9343424234 0.870635296295 1
4472.11100349 -14.0139311264 0.975649962893 1
177.631887002 -25.086034321 0.785116076476 1
-4455.37133929 -22.9433234636 0.960552694993 1
-4077.13971296 -18.8882381915 0.979079279139 0
2433.26707084 30.3704284496 0.857204446194 1
-4297.88800441 -24.2899477347 0.956424369279 0
-7487.24077622 14.0537292745 0.96125401928 0
3848.51819298 18.0644704386 0.915676911698 0
2698.80597182 -23.682214636 0.84921215451 1
4476.98153817 11.9131321396 0.923858085155 1
-3137.67136131 30.3488888717 0.964877425681 0
2338.49471462 35.0679708862 0.906194358199 0
-3495.23441597 -15.4068565243 0.907429717903 1
2216.71331174 -14.1579637018 0.811513293163 1
-7122.49401969 25.4668920335 0.980697070351 0
6099.13707945 -29.0585188646 0.949601140416 1
1578.87077791 -14.2331569419 0.79469393381 1
3829.57934655 9.9443562215 0.907658189252 1
1928.10564107 -12.042462582 0.900363772236 1
-3232.26742424 -12.0721235192 0.973367946895 0
-1732.44539064 -12.3367190397 0.907285008959 1
-2766.86598024 22.4947003126 0.891337909311 1
-4750.42986258 15.6328657227 0.976065341611 0
-1613.03568252 17.8642932818 0.951494864211 1
4525.21227592 17.1758850033 0.948855969304 1
7010.34793388 -19.5047826904 0.962848684562 0
-7126.36039325 -11.80685238 0.960107414436 0
-7686.22099944 -21.9404390415 0.962257468074 0
3425.29635446 -13.0011221205 0.898786904194 1
6630.89517356 19.0107586123 0.923793304976 1
-5923.07349965 30.6941580752 0.987596483085 0
1879.26022129 11.2026750754 0.811957531127 1
-3269.84281809 -16.8301268584 0.90772961701 1
-8644.47175446 27.2177140354 0.976193677777 0
-10271.7639931 -8.54367736608 0.929884930811 0
-2455.86141055 11.0025026792 0.877668189543 0
937.641374454 -9.9628788908 0.87624989729 0
-4794.2787319 -14.1134034342 0.967241883637 0
-3046.95235391 -20.1042545686 0.85923687299 1
-3573.51580729 13.8291938431 0.975496078929 0
3239.22716144 12.3137041243 0.879477399451 1
-791.562539505 10.6437137037 0.80645923131 1
4113.30882365 -24.9329666392 0.975225989268 1
4117.26943028 -17.6125992736 0.966335397664 1
-4344.533891 27.5615595726 0.98690147086 0
-2162.76998147 -15.0145801874 0.927106688242 1
-3801.14680531 -32.7733472937 0.97732545773 0
2769.8095334 -10.5851878602 0.90749816851 1
-4004.1646405 -1.08762677308 0.973081750368 0
2847.60095418 -7.28134815411 0.890183909926 1
2736.3382532 15.5411662261 0.903518292998 1
-2906.49362214 8.61533963683 0.967011008206 0
-5522.90865128 6.68898250749 0.984844600704 0
-3530.32374415 -14.8079224746 0.980930460571 0
958.826996639 -7.84651473511 0.794757961891 1
-1532.32480186 3.29292405755 0.865318163381 1
-2071.85859215 -10.7850441001 0.872361911594 0
3422.22840033 -20.8707570047 0.977592961979 0
-887.311732304 -9.35574952183 0.82553082007 1
-4747.40621155 3.56509416634 0.961797447723 0
2508.92723785 -11.2344177205 0.95652920469 0
4548.0664573 18.9386003043 0.938256360453 0
2550.49864185 -16.4526153669 0.912118343354 0
-2706.11829452 -15.0784761492 0.966244608831 0
-3106.46971058 7.28295081186 0.968785902379 0
-2568.02151431 30.1678045546 0.890807088389 0
4372.9762076 27.2135665576 0.981272932269 0
-2587.59017818 -16.2322001154 0.968885840836 0
-3594.5651223 -17.6449076241 0.968382689164 0
4222.17507382 7.53443932737 0.977454450077 0
-1036.22957987 16.8891369633 0.86893274384 0
2754.52871037 -10.5247803384 0.873881237743 0
9943.57392899 -9.30544485329 0.961721777762 0
-1475.51633802 -29.5835957385 0.898306502473 1
1096.45937883 11.7491445673 0.833561881244 1
-3240.29645214 12.0448503081 0.963156174904 0
4462.78239564 -15.6381835301 0.927473067095 1
5454.2608803 13.4960391295 0.967036845953 0
368.757333532 -10.423059493 0.757958780689 1
3175.8928916 9.48494104828 0.956486577199 0
1946.47107432 7.20972662517 0.816115818475 1
5236.36941939 16.4339586903 0.9215675133 0
4501.47906004 12.0867576534 0.964737246199 0
-3085.99660278 -13.4909757952 0.965733156501 0
-6965.40099692 -33.7305369449 0.960413188658 0
-2865.32302067 -10.6445042696 0.86176089533 1
1895.41211808 -13.8180296671 0.860540691882 0
-5424.90692424 15.8898152119 0.977875983122 0
2254.28394428 16.0268178409 0.841887282455 1
5016.52950586 13.8098255847 0.958615260505 0
-2365.17345604 3.44830938241 0.865290369871 1
6394.10652128 16.2872534239 0.974728627381 0
6021.94647156 -10.4984430919 0.989124430102 0
5176.8252367 3.5225533653 0.939135208763 0
-810.376600642 6.38826809535 0.809455159517 1
-6980.63438754 -10.6526800494 0.9568425377 0
2639.00726098 -18.1777639886 0.845501921645 1
841.393157563 9.47792678885 0.86794299415 1
-6216.20894264 -11.3549367651 0.972729163102 0
-3094.51076825 7.99009929043 0.958605945788 0
-872.072111144 17.8553877806 0.878868583843 1
5788.36798507 8.77818844205 0.957462438144 0
-7840.58049923 20.1635181155 0.956285790462 0
1399.69258587 12.157073407 0.839840715855 1
-5403.23939822 -9.37203800667 0.975445914963 0
-4876.25841666 -32.6921863128 0.969286016293 0
1718.78879513 -14.3421282418 0.773907628834 1
4356.3252209 -17.7592418888 0.879909058463 0
-5996.30611728 -9.40439949437 0.971576371297 0
7589.62979278 -9.14232833071 0.921045416264 0
3731.53398412 28.1287428747 0.955174037803 0
6464.68804611 14.8519731857 0.895496404026 0
5395.99093054 9.13284405477 0.945453963151 1
-4567.72151042 11.3273066401 0.960051664801 0
-3684.90943957 5.84275671854 0.97358852369 0
-3350.37432439 16.3783901326 0.974490430488 0
2289.23443693 9.70753532888 0.950494782141 1
1264.3931205 -18.3434009085 0.90352058928 0
4471.19606863 7.88437066547 0.891025650138 0
2673.84240879 -19.3750374613 0.936356459832 0
-756.882121052 20.0097058964 0.910521873763 0
5259.49688085 7.59598485807 0.977866289831 0
3246.76839925 23.2529496857 0.956795498355 0
-1421.38659449 12.9768424816 0.871236595393 0
3556.33847317 -18.6825381645 0.9444998169 1
3216.98068032 27.3951672484 0.917987847815 1
5296.49329329 -4.54682642288 0.976249469439 0
-4463.86068578 26.2559767139 0.959328404301 0
-1859.49541166 8.07273120691 0.838781293738 1
7225.51006487 12.0751839361 0.97564089501 0
2328.9730548 -7.21596789789 0.889885498923 1
4220.60339421 -10.0103141496 0.959544285135 1
5266.24249282 -9.08087049136 0.939313735823 1
2088.68116373 34.6365588652 0.929374273365 1
4811.47276738 4.79482989328 0.978125335159 0
2554.01546178 -24.533278448 0.930721226268 0
3917.2253669 -11.2033725373 0.909527069699 1
4216.89320895 -13.6834530684 0.98267714462 0
-1870.6305184 18.5646174585 0.88939758779 1
1099.17379077 -16.3158245744 0.831036150294 1
2112.28300539 10.7686474178 0.851403995116 1
2940.88432084 -13.4015261237 0.849043294314 1
-1702.63463097 23.8425215854 0.902185170762 1
-8266.26890769 18.8489633046 0.970779021051 0
-3617.2469777 -22.5759274748 0.959252973611 0
-4200.50552851 -3.43651203146 0.987503848117 0
-3249.13355538 -26.3266692762 0.909489114521 1
1462.74272197 19.1343693082 0.873387971438 0
5125.23541768 17.5970188323 0.979719484795 0
3699.77095127 14.9696217302 0.901462431958 0
-3815.48750299 -8.50492083191 0.972543584929 0
-1777.57172947 -23.3834368486 0.825755513677 1
5788.06227056 23.2988061188 0.974676622661 0
1997.34659102 -12.9446508129 0.820376747306 1
-12271.3741147 21.6942676678 0.982801502685 0
3428.29713836 -11.8194793587 0.930984594675 0
-741.330631808 7.8809577328 0.799890359691 1
-2728.90637076 8.95246207325 0.868817973146 1
-2312.2247812 -12.3100445016 0.97106310311 0
-6239.3651595 25.6021589353 0.988388852017 0
-2893.70004523 -10.3368888133 0.969109696131 0
1485.49443766 -10.7918288055 0.853625567369 1
-1915.38088039 16.161046609 0.879109894552 0
-3652.09991088 12.32900889 0.964827761905 0
3185.63474903 23.8580212587 0.813740365396 1
-3688.00134414 -13.2242653328 0.980580870352 0
-3712.60795157 10.6325135681 0.975299847042 0
-5289.37585002 17.8026455537 0.982994723584 0
-4636.24288498 15.6602043768 0.987179460715 0
3633.92130338 19.4318784674 0.900863113698 1
-2292.06114436 16.9949555051 0.885810398428 1
-6316.71347909 13.1488069099 0.971664976147 0
4459.15454892 9.7514806336 0.890655988859 0
2466.9173466 -17.2138138959 0.843304274996 1
2224.94930182 -9.61340753364 0.777266101188 1
-3979.0744732 -4.54855664542 0.968369791772 0
-3972.24835803 15.3484160727 0.957070913391 0
-4564.66500355 27.3781358311 0.976461622784 0
5343.28670775 -25.326830782 0.982014457602 0
3885.84334696 -11.2482894169 0.972513386512 0
5148.22914127 17.0438962585 0.906260141424 1
-6220.01469479 -14.0228702308 0.971553644616 0
-3193.33366654 23.6362507379 0.897900555456 0
613.265949016 -12.069757461 0.884679106137 1
-3368.49440134 -22.0695584554 0.963703728136 1
-3503.81751906 13.3011200709 0.965411366403 0
-3089.47167257 9.46989735268 0.922597251673 1
5099.74046649 -8.87014224838 0.957902244582 0
3831.83156872 -13.0484692979 0.976401117336 0
4130.55367346 21.207998311 0.912324644561 1
2314.5850161 13.1782484536 0.843807809859 1
-5307.66801369 -14.6775763876 0.966124039208 0
3910.04502585 13.1411136206 0.960642386752 1
4407.809134 4.65861158145 0.928893921494 1
919.390181677 10.4917105026 0.830266178027 1
-7147.49014514 9.67028336442 0.96235159823 0
9910.31084125 5.00334115151 0.971715477407 1
6411.40204503 16.9201575568 0.914402942413 1
4054.08057746 -15.2035297858 0.953858469416 1
-3197.38965939 -12.8702443234 0.963568921275 0
3075.29097775 -18.8750706576 0.824778768367 1
-629.485208738 10.7622568959 0.85017997278 1
-6557.33107413 15.0135591152 0.965622399759 0
2764.79040243 11.7693637797 0.883558957038 0
5001.72421688 9.53866094185 0.954869658566 1
982.440156403 -29.7508201946 0.890252415949 1
8763.26995184 -12.5738519214 0.974936342088 1
-3189.88660532 -8.94105871988 0.969057189223 0
3044.45083354 -15.7940110073 0.766013565085 1
4261.31261342 -20.2760636441 0.858196182648 0
3020.65833024 17.8810457855 0.976597410104 0
-7443.32390347 -21.9599976349 0.975573282285 0
5413.68779202 -27.7221864073 0.891989441371 1
1665.46375279 -22.392975347 0.790886380313 1
-2048.37776685 23.2006092211 0.936383164434 1
-2808.488817 15.2956089619 0.943133779795 0
-2434.57983742 -15.8760923225 0.907339999959 1
-7680.67031623 9.16313178144 0.977955601636 0
-5874.35101811 11.3895025361 0.955740501421 0
2618.48628091 10.3691332891 0.87019542071 0
6308.18715231 -16.482897477 0.959033987625 0
2511.5797224 8.91912253455 0.860893137539 1
3583.13768589 -3.34898155551 0.93427659719 1
-5830.5525235 -14.7714220165 0.966671763513 0
6746.4582068 25.8504594747 0.956335747743 1
-3626.22294121 -15.2883990171 0.962465739346 1
-1487.35190237 9.56177904234 0.817589598478 1
-5472.18259751 -14.8436489016 0.958285196365 0
-2313.10359199 23.6708226475 0.863227216395 0
1278.76659427 28.8985820003 0.852966791737 0
-3508.24471383 -19.9574559574 0.8953871688 1
-2694.24685511 19.0242178018 0.975272695141 0
-896.165083007 -8.83488264071 0.8756794492 1
-3842.17778684 -28.8691019778 0.957874059882 0
-2266.82427604 18.5782774341 0.933581709291 1
1322.14634551 -9.01165525271 0.847134413284 0
7814.15461689 -14.3259922308 0.941093522317 0
5943.40899375 -5.53233328452 0.925906028669 1
-8303.18965882 14.010062101 0.945506285491 0
-3055.38041189 28.5911276058 0.957041214296 0
4206.674468 17.8001141285 0.983326945264 0
3841.82992415 17.7189869915 0.891832451514 0
4337.87869166 -11.6241591198 0.967488014168 1
-1807.24988724 23.1650410435 0.857877551894 0
4213.5371113 -12.6468080157 0.87235603578 1
-7594.3311571 12.9517077723 0.967141199036 0
-1269.78525985 -23.5722524809 0.827155595585 1
1175.88527199 18.5994633626 0.865089292683 0
3554.93560549 -32.0264114427 0.938264790913 1
-6037.96582201 -27.1174518182 0.966272264844 0
1296.17331374 21.49225901 0.864864643593 0
2422.46610831 -11.308939874 0.837860756828 0
1811.05495815 15.885962536 0.838160360223 0
4311.275712 -16.1269842579 0.962847533995 0
5538.172961 -9.18678666535 0.978648751008 0
5360.80904873 29.213087645 0.96446285602 0
2024.2398759 -21.6166663738 0.972290155821 0
1863.16244872 -9.27841786912 0.873055625547 1
-4139.7647946 24.5092493851 0.974784729363 0
-1738.75307346 -23.7466340563 0.910857107284 0
2316.94057013 -22.1529979411 0.888049141699 1
5053.5873852 -4.58766448099 0.927969250751 0
