-2111.45002902 5.1808427359 0.717129755924 0
2421.78616509 -14.8772113587 0.708913992837 0
5955.59298693 -18.9575826981 0.934340976319 0
-8827.4391408 -10.5699446201 1.01080085408 0
-2016.24465382 11.4774735421 0.815523758404 0
-3319.18276461 -26.336036486 0.796348737391 0
-2439.17685061 15.0216259329 0.758768896592 0
750.931870001 13.2680089618 0.68576728786 0
6004.86901959 -29.1316551257 0.97657490084 0
5023.38289917 -12.5908136491 0.895693657053 0
-1637.71328672 30.7399537193 0.955968233916 0
5530.07026545 9.36938201878 0.908953461029 1
-4653.90626072 14.1828852723 1.0264204238 0
6636.8741935 -21.40039686 0.946526769278 0
4246.13271571 -11.3302542624 0.973286520572 0
3066.03757053 -13.0848310934 0.759291078203 0
4010.53734315 -18.8497578772 0.985595401051 0
2790.41910449 9.12582271367 0.852930081342 0
-2475.58253926 -18.5761484211 0.810308479486 0
-6471.6346943 -17.219801033 1.11936760186 1
2244.95568914 -15.627306065 0.90845584062 0
5612.16437271 12.9409941652 0.840461996794 0
2851.78903664 -24.015514873 0.813600405686 0
-4043.579473 -16.0514760174 1.00013250812 1
-314.067504486 -25.318973451 0.70342201571 0
2879.47064209 31.15060727 0.925706698398 0
1276.91263773 17.895020391 0.83857594598 0
1778.42409204 -11.5498136536 0.688479898876 0
1361.25973863 35.0197172238 1.00657853901 0
-2245.06036431 -15.3900841608 0.723907841566 0
-2039.64979566 25.2933834417 0.825819908629 0
717.656996974 -18.7800158593 0.677231283155 0
2378.63865795 10.5412171966 0.688091893304 0
-2235.84950161 17.5693666975 0.801307155322 0
-4501.34406567 9.0292204962 1.03419446303 0
-6043.64160611 10.5864242484 0.98186107282 0
-2124.39251885 -11.4842615476 0.747484449428 0
4641.34884182 -20.3062845312 0.94758234779 0
5370.10818716 -13.6900993993 0.86233366766 0
-1600.80189963 -15.8240093232 0.699043441517 0
1756.10456575 3.54231733988 0.680184343347 0
5407.97019165 -17.1898279744 0.881053262776 0
2660.4629878 -11.1270135227 0.68235356746 0
4668.83574159 -4.25987178214 0.889196580583 0
4352.87151403 20.1599654123 0.91598140514 0
-5942.56316633 30.793478295 1.04473143788 0
5534.19538915 32.91347934 0.987490182989 0
-3081.98454238 8.42384654323 0.868889689721 0
-2705.76661323 -8.82792152497 0.792888651411 0
3111.81276662 10.3614183242 0.761387673559 0
4040.69125269 -18.8348730017 0.897557974694 0
2457.15693939 -8.50776700632 0.712296337152 0
3564.31275105 -27.0234228628 0.815643339827 0
4989.3927004 -9.37425832731 0.974338040465 0
-7081.06778788 -22.844077778 1.08781365593 0
2188.60968923 13.001345795 0.79028875621 0
1545.37582418 20.4499089319 0.890202813783 0
-880.119270396 -6.58082338701 0.714982109745 0
-820.430443558 -8.050218275 0.747495914774 0
8670.63574117 -7.17361293264 0.957135447744 0
-4470.61429001 18.8669180178 0.904870128092 0
-3572.52907551 15.008430741 0.999732830425 0
-2096.29165109 -7.17797938735 0.761667635589 0
-1687.37493212 8.50059222556 0.696240951749 0
7637.60989594 16.4224133598 0.933346409788 0
-5153.62223349 -12.3665745576 1.00727288804 0
-4194.0600212 -7.44169098898 0.977289521393 0
4868.61004069 -21.3973108689 0.869767653224 0
-3933.02836495 5.91007350254 1.03384446068 0
7044.2628453 -3.56724319473 0.967543218041 0
4873.87041114 26.2520502806 0.997718791276 0
2317.82328538 -23.1262196353 0.947337954111 0
3328.82529939 -19.3713264748 0.904768498552 0
7332.00755103 19.5699339053 0.982929201623 0
1942.44946622 -23.9788587134 0.752729255846 0
-2544.32932614 -16.9704581805 0.708051158995 0
1984.19339261 21.5815202054 0.873820501458 0
5521.10483901 -10.8830358351 0.957888790134 0
2673.99788841 10.3233262083 0.684995936892 0
-5275.16650143 24.7359012352 1.03545323539 0
-2143.51157378 15.7108357894 0.84972565824 0
6991.49338749 12.3792493678 0.965614750836 0
6081.73702632 23.4397969378 0.909553246523 0
4189.20824548 -20.2865907206 0.926192343372 0
-2380.24336408 13.5647429327 0.787830332367 0
-3644.50050458 -6.54388852185 1.06115497932 0
-4046.41878909 -10.6388122768 1.00009417953 1
-1622.7552467 20.7879031525 0.861424495806 0
6672.4439803 -25.4687802942 0.982641761058 0
-8621.14256013 -12.6428114778 1.11636407073 1
5758.56484735 -8.81578631351 0.987512368334 0
-6934.4775222 4.29415902933 1.06241713471 0
-2307.24394871 22.5282233234 0.878675046681 0
-3199.56122006 -44.997987776 0.739585364609 0
3746.73861836 -15.0645723071 1.00747397716 0
2237.93072495 9.53857550357 0.682884683959 0
-3423.54941487 -13.7427969267 1.13058190924 0
5961.69814186 19.2692918447 0.959709620758 0
4794.59483984 18.829512564 0.925545310862 0
1176.00844145 -9.94905454676 0.746869219116 0
1486.87223645 -15.5882212933 0.805153350875 0
3671.2824257 15.2294903032 0.855367324344 0
2735.25761162 10.743265213 0.729876095499 0
-4688.01532731 -11.2034003223 0.947306490626 0
2720.8752163 -8.04728410172 0.754648498254 0
2347.48284648 -23.4798346483 0.766788575999 0
-3076.71785634 20.2979415689 0.885103713111 0
3746.47660641 -31.2086367523 0.849493398941 0
1458.64471171 -18.4894489038 0.808866582985 0
8119.1028447 -15.4487281375 0.964266404823 0
1342.61872973 14.6740264761 0.716400472462 0
-3358.79567439 -19.6534334781 0.883049614591 0
2066.37778705 -20.9643746129 0.987487495293 0
-6277.82031403 -25.7184046807 1.01796206494 0
7314.4463378 21.1827460735 0.935751744048 0
3065.31701858 6.20874960496 0.7664090382 0
-1984.74420359 -23.8619623608 0.731485816614 0
3204.54342603 -18.1697942917 0.962960233705 0
1454.32985677 17.5679693578 0.80019828267 0
5248.3274238 -27.136963454 0.882631390803 0
5020.53686929 23.4664017196 0.920110156294 1
-2573.8587561 3.24347502572 0.752890930252 0
5255.41617422 6.16591555736 0.907733902604 0
-6520.12419899 -6.69437758888 1.12177782963 0
4417.78012547 23.0714638093 0.998092432869 0
3243.79399348 -17.1809840332 0.867780852045 0
-2108.79961957 -31.7509572217 0.852527849367 0
-3556.6650107 4.78172320049 1.06776265682 0
3819.75324317 5.84458945217 0.850891526803 0
-4518.87541653 -8.32962174047 1.11746066865 0
-3506.55919361 -15.1614516918 0.807084377421 0
-7477.04676201 -15.8264494385 0.971726925893 0
8044.65154243 -25.6621519386 0.93144767472 0
5687.32836746 13.7238931052 0.947361995574 0
-3480.49376286 -7.721789191 1.0087248415 0
-5882.22031261 -19.7242836168 0.954898887311 0
-2828.60629875 29.816881343 0.833686816539 0
-4745.18066502 15.3125053663 1.05633347939 1
-3001.30703925 -17.2298380917 0.849151529264 0
6418.41980934 18.3949882593 0.958323792967 0
-4481.98892954 10.1016958069 0.963644554863 0
-4627.03798524 -14.1093335078 1.03045440212 0
7435.38971 -24.9625460442 0.929547865424 0
-5238.12856184 -11.2099304298 1.27518538183 0
-5749.64059939 -10.663640042 1.20742631153 0
-6119.60267137 7.94721879849 0.96890221794 0
-4962.33009386 21.473816941 1.05091947906 0
2703.63128251 -20.8634997369 0.929329817249 0
1586.25374804 -19.76635833 0.795919178944 0
-5507.33451006 3.31123676587 1.14671591441 0
-1917.77109734 -19.9461217226 0.865429937476 0
-3691.66001379 19.9272807574 1.02562725517 0
1776.71165802 -24.199289931 0.969624086034 0
-3327.91480008 -4.89204566986 0.882689106086 0
2829.26549647 -8.58187218281 0.941986482663 0
-2836.5435572 21.1059438063 0.807886678685 0
3534.64425985 7.80382998549 0.743741236302 0
3331.59717451 -11.727439072 0.82748229407 0
4755.99688691 12.014172814 0.861421948542 0
-4018.84371507 10.32407988 0.925801266305 0
2743.69871768 -6.63688096907 0.69052607677 0
4114.56662469 15.4891102178 0.837843859661 0
-3687.86932933 -15.1800059796 1.17843598165 0
4868.84208159 3.09346928393 0.97596189848 0
1366.23322384 -12.4103522424 0.735326076661 0
-4984.43861205 21.0975329835 1.11860883008 0
4911.44019501 -8.17710831756 0.952649191573 0
1076.80079318 14.1927504104 0.74102899473 0
2489.39335329 12.9692019735 0.723701270725 0
-1266.87433473 15.6203195301 0.956788835299 0
2025.12596285 -20.4779673708 0.724582686678 0
5652.62759836 -15.0640943778 0.913442449717 0
3227.30032546 11.053569619 0.877903150575 0
3573.70229276 10.1022581945 0.893487434762 0
4804.51495136 -32.0953812717 0.882465818174 0
-6816.536667 22.2695489711 1.15871521561 0
6649.20888522 12.4990800224 0.955621911384 0
6085.2163052 -8.11050364923 1.00026134962 1
-2474.48856719 -11.4445979026 0.920200995566 0
-4863.55684655 -13.8580731103 0.973165087881 0
4706.48917006 3.99530877941 0.910048603015 0
4684.70960773 -10.865942161 0.918843036779 0
-3878.6330056 -7.29967855631 1.06269371326 0
-3570.11452507 -12.1450382586 0.756070312555 0
-3387.13111093 13.209422892 1.01823342366 0
-4890.50809479 11.6643806072 1.06372546077 0
754.737167267 -10.3260643258 0.729348264128 0
-1571.6681463 10.5579903876 0.688142973539 0
4950.10261503 11.6470523819 0.849103322021 0
6115.63245462 -15.410828054 1.00103397889 0
3307.53400512 -15.7926549026 0.826835031321 0
-2391.16971399 14.1064176598 0.944719939176 0
3696.31128441 26.760849467 0.926864471387 0
4401.2940103 21.5921161771 0.923599640174 1
-1836.15028049 18.647039464 0.801511114093 0
-1168.16164403 13.2240233574 0.733763038987 0
1211.82009392 15.1058239956 0.719477667377 0
-1144.38509293 16.2617336684 0.898192028511 0
2058.09674579 -22.2709322242 0.975052875061 0
3368.8819885 -20.4685292752 0.995516276478 0
-5217.33961612 -13.1339227128 1.04441074405 0
-4039.74091078 28.5162337305 1.18666137708 1
1741.2086683 -21.2328486139 0.690019210078 0
-1128.31146798 26.597223193 0.733407300461 0
-3332.80737227 18.7985873739 1.03060776124 0
2150.74394101 -16.2951802035 0.895708065573 0
2334.19101344 -14.7617435358 0.798247946868 0
737.03307905 -15.5331615466 0.859777747402 0
-4135.74106375 15.5679713956 0.977649878765 0
10365.1837398 19.3669151208 0.984435315389 0
1002.31969289 8.3738676584 0.761770223676 0
-1428.21251821 -19.9525806011 0.887916727587 0
-3251.67120082 -8.97165533463 1.02665750169 0
1698.18394374 10.3537971043 0.738831062554 0
4320.59865045 -39.7111545237 0.906156275775 0
-511.151906166 -18.023574899 0.965034691962 0
6405.79657139 15.7798087513 0.976855105399 0
1206.70607069 16.2458275962 0.777434145905 0
4139.62000641 -16.48783436 0.934116715767 0
3482.41082121 10.2482977648 0.927469570278 0
4115.25354295 -4.8661897854 0.910767691973 0
-1132.11886334 19.526162983 0.837402508122 0
-1479.59109814 -13.1503572337 0.664947869142 0
-3699.55216724 -10.8864853486 0.887696096506 0
3378.28075709 10.273321844 0.789184862028 0
-529.937148042 12.6308363101 0.718625144761 0
-5734.01582138 20.4988729904 1.03255094598 0
1213.24616913 11.7642737739 0.72483083069 0
-4955.45521814 -16.6121079288 1.06279244362 0
3349.627362 10.8302063693 0.899966727382 0
-3905.93138632 25.6782570485 1.08778848728 0
-5913.71029218 -10.769424325 0.977068406048 0
-1545.31925794 6.69190982759 0.738547053239 0
-3334.32860097 -16.9504957692 0.839055228441 0
-4842.05465922 15.46278667 1.05175247684 0
-4709.34809507 17.8279085855 0.989527291347 0
-2829.26160199 -32.2085330439 0.883928805713 0
3210.3744502 -19.3225430292 0.852910556431 0
-4987.51380069 22.8655239036 1.04164412197 0
2680.94299011 -6.67744154424 0.713890399106 0
-1302.38134994 -12.9035436766 0.784453360333 0
1678.3568829 -9.89988080828 0.795024111002 0
3634.59564681 22.5736154099 0.84982378678 0
-2884.54380896 6.66295813385 0.861499924091 0
6346.66293663 -6.98460347568 0.980544836145 0
2404.17566274 -21.2744162215 0.70359262747 0
-5141.55968883 19.9383764486 1.04642123248 0
-5869.10413481 -23.9232676871 1.0236980716 0
2588.96438692 7.76844654043 0.748612757631 0
3335.58115358 10.1339787933 0.940862215108 0
-2834.50687405 15.8874145786 0.786599755101 0
6548.96947236 -18.8613974946 0.927036531969 0
-5469.9960035 -22.0677428683 1.14512339672 0
-8214.06649425 13.4078687615 1.00138452414 0
-1579.81835144 -18.1683741985 0.698001439935 0
2448.45419763 7.30273201508 0.773312287595 0
-3155.82040307 -11.3718363131 1.08225085755 0
-3332.74285946 -4.48574575958 1.04923170264 0
-7666.4638391 -22.0849345876 0.999562778024 0
-5346.77604859 16.1208827999 1.06970226678 0
-3895.17982892 -7.65984358263 0.858412484166 0
-3467.84958404 -16.473134518 1.03814187926 0
-4358.90748014 -11.7083134843 1.03250658816 1
-1089.16900953 -11.1895953504 0.868972104698 0
3731.97238968 3.16795719197 0.881064783059 0
3381.4668063 -16.8444079203 0.989284643865 0
-4694.39343538 -23.350847949 1.07127910566 1
2716.0142534 -14.327063007 0.933262646569 0
-7002.77209507 27.9528790093 1.0077066347 0
2608.35566215 -12.7269162371 0.866876652334 0
6693.29554101 -26.2881242236 0.994632431219 0
4678.47327526 16.262910698 0.876449078182 0
-1694.37125446 6.89735824359 0.717053032042 0
3612.53098302 -32.5644121444 1.02075447393 0
-4536.13778919 23.1843265541 1.03860708862 0
2449.80700085 3.68341641808 0.700400658735 0
-2330.81476386 7.22644386979 0.825194151138 0
6499.29392154 13.7005890671 1.00188821528 0
-2878.91828403 16.8400105134 0.747053547702 0
2875.51598215 -21.9433934263 0.824533024432 0
686.3663656 -11.3094608148 0.827443880201 0
6241.93276554 14.3813001428 0.985525380308 0
-5905.12539568 -14.9152417099 0.996356097595 0
-5746.46273547 22.7876610737 1.00614735581 0
5126.33558218 -18.7301848987 0.915169272946 0
-4117.22610828 -5.24009921411 0.945983097994 0
-5041.21420764 -24.1931190411 1.04396093563 0
-4056.38140241 -24.3260001432 1.08026434297 0
4013.19629072 -20.3501623959 0.907421704513 0
-5783.73222118 17.544479437 1.08832907927 0
-3365.96638387 -10.2861395032 0.915003890344 0
-5179.83377521 -19.8193637495 1.06071300032 0
6780.8387248 -11.1445809424 0.962735644716 0
5957.28711477 -2.07427016607 0.966110407406 0
2685.08183847 -13.2552794667 0.881935230588 0
-663.664394183 -22.6606811323 0.688725895204 0
-4298.42326752 -3.41829330979 0.934840672665 0
3424.74602855 8.63606312309 0.752762181764 0
-2302.35846228 15.8968360617 0.754315473139 0
3906.8011752 25.2060909689 0.964734126596 0
1340.11309047 5.61115262826 0.681215673803 0
1596.80523191 14.525704194 0.777990860701 0
-4899.04774289 16.2280809719 1.10665620274 0
5889.13281531 6.57814028524 0.961801812289 0
-5031.32707039 -19.4162750587 0.882385163097 0
4155.2014219 -3.07230140895 0.971387736338 0
-4393.76222005 15.9964938002 1.01637067483 0
5481.58527894 16.6887970156 0.9356484914 0
3916.24799679 21.3490677681 1.0094003728 0
-1418.27025903 6.9530668184 0.743115920797 0
-4261.9689271 -12.0496747416 1.03480968428 0
-3465.6146057 23.1408433548 0.853062817362 0
-4952.62157059 13.3542889998 1.02809406243 0
-1763.80752172 -16.3515864159 1.09542685369 0
3248.51853145 8.11554197454 0.709036131804 0
-2554.45762442 5.52277229453 0.79231932689 0
978.628366504 15.5852871404 0.690509487206 0
3182.82543623 6.5971412452 0.713628073689 0
-1236.51068581 11.3679389289 0.816657129616 0
-2506.10400101 -18.298332552 1.0383125025 0
4901.15807318 5.58594857762 0.972106622869 0
2603.36040118 4.84436541062 0.773389540373 0
1923.83721214 20.4264055295 0.786406460497 0
1006.88419745 21.4272409313 0.862640903952 0
187.83161325 18.2605060676 0.710151445452 0
1197.67072643 -23.0008414037 0.703177355005 0
-5247.7888997 -22.798516493 1.077818813 0
3267.59844207 8.45912355845 0.750646613049 0
1265.46979975 -24.5179042167 0.962073380561 0
2892.94143423 18.8863387066 0.839970705293 0
-2716.29532266 -18.4654476283 0.999830653585 0
3207.08375464 15.536247559 0.843512637214 0
-1742.75039478 8.03184371881 0.809882330327 0
2763.06858969 -17.6267894696 0.95261632792 0
-5501.94687689 13.6100081776 1.15104799752 0
3962.58878334 6.82014628889 0.904421094018 0
-933.029270754 2.05527834195 0.699357117061 0
-1634.2755876 -10.1053647152 0.800396447612 0
-2863.09518016 20.0644032686 0.934051212612 0
-3427.36684 12.9626829891 0.989021204044 0
-4783.65503169 -14.5042191801 1.14445600767 0
1670.91381228 12.8926029817 0.690788909469 0
7819.69433394 -18.2164651835 0.949119637693 0
3451.41918844 -19.3381597795 0.970205944293 0
-3713.79528341 19.109681843 0.90071059186 0
5766.20010653 28.0901653399 0.909612667631 0
-2572.58035801 -26.5096728803 1.02235238553 0
2675.57369848 -9.96522564714 0.88091089819 0
3537.34696343 10.9826750985 0.86404728672 0
-701.593276988 -13.0529757597 0.908251195481 0
2066.08229433 -7.23377176485 0.678843913932 0
2617.58588783 -9.16600516567 0.814116423884 0
-3351.81081311 22.9886866057 0.958411645926 0
-5141.62966756 -14.7428257901 1.02816596463 0
4335.97700635 -8.73803603726 0.914612988159 0
-3296.97431179 17.2094853044 0.912521006994 0
-1430.34498255 -26.8371298416 0.804915792882 0
523.23618523 -10.4394036262 0.708711150903 0
1960.32708198 11.6238231019 0.676603535645 0
865.614078339 -15.7369384224 0.749291134047 0
-6341.24603351 21.2128826385 1.030939572 0
4732.54670059 -10.7976513377 0.909526898844 0
876.845881484 12.1890974352 0.716292129994 0
-864.642947901 20.778574396 0.66555145696 0
-7529.64881658 16.2802377921 1.00136617706 0
-5473.49035317 22.6290800955 1.01437628779 0
4035.75189641 -7.84001128955 0.883766400447 0
-5067.83307065 -18.932825475 1.06424787011 0
875.198851688 8.18833555257 0.748186896312 0
5282.09385583 -15.2412622757 0.95391823209 0
-3452.91524399 13.0584691329 1.00644517333 0
2057.49059459 13.2289044852 0.747381979474 0
2393.72786057 28.2213109821 0.869990826697 0
-5619.48627303 -16.4282190974 0.964685729596 0
4881.45867851 -16.9297632358 0.90647307531 0
-2805.50190997 -23.3103462516 0.761575523438 0
-5487.72673089 16.0500562077 0.947424375119 0
3233.72634324 -15.7244632793 1.00688342019 0
1726.59150271 -18.7793735546 0.804917162501 0
-2764.1845843 9.83150813353 0.826130528646 0
-1798.5353639 -18.3459214778 0.732365342573 0
5608.39459907 -13.4387702612 1.00017994455 0
4917.85432876 -18.5585767514 0.929130411057 0
-2478.44858952 -17.1650877493 0.835961783534 0
-7251.28631957 19.7535155713 1.00902533955 0
3814.09587112 -8.81690720777 0.89759996285 0
4526.62848777 -6.95189017106 0.890867391923 0
6846.02304144 13.7344148822 0.96893674128 0
-1327.83588012 -10.1830776282 0.804531079316 0
603.15776848 13.7579523714 0.79333166993 0
4680.77092212 -22.6409195864 0.953199535665 0
-5529.47848781 16.0209527844 1.0215201577 0
1365.24064339 8.09276019988 0.767930028988 0
-4380.93148485 14.2554710277 1.06513384219 0
-7360.88263697 -26.7911163423 1.3429106086 0
1196.92163486 -10.5037670627 0.769855208728 0
-6030.78940814 14.9756118754 0.975802472461 1
6339.96364562 -21.1209914588 0.931269171701 0
2957.31831968 -15.8040314396 0.712813253898 0
4760.89765823 17.9763599162 0.856497121914 0
2896.83522185 14.4824554312 0.929101521694 0
1873.7077826 -41.3369571655 0.853406435521 0
1086.53422026 15.1206659785 0.857190437845 0
3101.37923019 -14.0577677169 0.715487997777 0
2048.72823696 12.781792526 0.701302771449 0
1640.6833104 -6.99455996733 0.686081730077 0
1474.89976532 -5.78682839091 0.71165421769 0
-3450.98872109 -15.8978701223 0.813547046071 0
3698.04015929 14.6436445533 1.00169300513 0
7606.02341432 -13.836775628 0.965186415325 0
-3018.33166516 -21.4718314386 1.14446144958 0
4466.0283774 -21.2008031572 0.829707942584 0
-3831.08322063 -14.7578275965 1.03607423698 0
2408.11454776 -14.6909633792 0.900480252047 0
-5610.77186677 14.5670000056 0.990884165701 0
-4918.07595608 -18.8814707969 1.06603848916 0
3948.67028629 -16.4404638243 0.913461091292 0
2015.75818649 -14.1872789157 0.695897837637 0
8905.07444928 -15.3131287459 0.949548593273 0
2591.89032636 -5.01591330993 0.859405153176 0
-4490.6207834 11.455820283 0.942337547647 0
4058.40398381 8.26441765808 0.911984529563 0
-400.598057223 20.7644620825 0.900434472364 0
-1919.33071365 -5.89881785657 0.765172074189 0
-2598.94426829 -25.1174697484 1.10317321057 0
-4719.51459772 9.38152957515 1.12257593682 0
2927.15457357 -18.6593911632 1.00503965936 0
-3866.96738516 -9.46834666197 1.06831078062 0
5137.31736527 -9.80369719609 0.939080657976 0
5128.08435057 19.8572403502 0.996692601983 0
-8346.60656546 -28.1431278417 1.01820118947 0
2001.16454406 16.3625125634 0.693841343306 0
-4931.65488626 -17.076360246 1.10922258123 0
1515.93544671 -11.0356189242 0.676054257748 0
-1807.18803195 -16.9694966315 0.782085405941 0
-1759.49667655 -8.18307674385 0.790845653567 0
-4580.51886264 -30.6153493483 1.02760309515 0
4051.99005791 16.8888182969 0.841614660651 0
-1705.10540802 -36.9248100021 0.989817783266 1
1739.16114809 -20.0880482639 0.748607592909 0
1813.04879613 -15.526070967 0.695397822011 0
3829.31590912 13.3368631767 0.868295905118 0
1897.80474041 22.4522128745 0.711228057155 0
6822.1227615 22.9073895205 1.00156965839 0
-3763.31668204 6.74552377921 0.867831417985 0
6645.70494293 20.7801958154 0.930388118562 0
3448.42788134 -10.6319991971 0.85947229429 0
-5323.37948015 19.9804970468 1.0552898903 0
2120.73650079 -12.0309418998 0.896019368773 0
3991.24546732 27.4700372258 0.956839056 0
2339.15021098 -16.1953162724 0.712064576591 0
1165.4570589 -8.81629610897 0.813613744854 0
-2720.22815884 5.96971686431 0.765109075085 0
4322.63367186 -28.4521622273 0.94166331201 0
3942.78046697 8.7763556764 0.986080402219 0
1351.53900129 12.065513787 0.779512128875 0
236.360485573 -20.7836545088 0.90779753828 0
4401.51259726 22.5071521898 0.904942680139 0
4490.28072662 -16.1303650617 0.984912214321 0
-5832.71422148 15.9656138176 1.13005627224 0
-4440.94807613 37.8325471064 1.00776539008 0
1280.24631649 -26.634976783 0.759003459858 0
431.159646286 -16.123444206 0.778804341952 0
7788.6691656 10.217936098 0.962393693757 0
502.802209097 -15.1086858245 0.743371418656 0
-862.127526373 -17.0474437455 0.812741735895 0
-5682.10890253 17.0514733134 1.02564999249 0
-5441.5497903 -24.8938974585 1.08930085062 0
-5455.80404304 25.5207354933 1.02489910461 0
-4136.68920819 10.1305357322 0.982858386039 0
3908.9680904 8.09662078794 0.966554340312 0
-4261.48177374 -11.6703729851 0.855718063491 0
-2710.71980617 -15.9242130564 0.912923504629 0
6071.46824969 18.3063206269 0.966741480773 0
-6338.55569124 9.50271228349 1.11358043358 0
3321.40585868 -13.2674709743 0.82735273082 0
1504.65980315 3.32743901121 0.678646732109 0
-2980.60914088 -35.3643392729 0.936597489022 0
-5042.28824808 -13.472915046 0.896890845466 0
2868.11291819 -7.49382315779 0.745592346576 0
5118.11971308 14.5419011445 0.899612485982 0
-1574.98492304 -16.249484119 0.774219821162 0
2399.2269514 -14.1700405755 0.790409510463 0
2974.67359614 26.806746471 0.755846130397 0
-1775.51984749 -19.3799644585 0.749549912183 0
1871.16283433 14.767204439 0.821469604722 0
4167.55543446 11.5222988949 0.911000876269 0
-2389.47104962 -14.3065974445 0.719472258197 0
3795.34394084 13.5356936169 0.921325172151 0
-3960.9254224 20.9417986667 0.9342996935 0
-3019.08667526 -18.1004805108 1.01388269232 0
1204.45167463 9.83985823558 0.739590291165 0
-2344.92624694 6.66434199815 0.76391565012 0
-3278.08251425 21.2088074176 1.13036279786 0
4715.89031589 20.9207435312 0.987679907352 0
1186.73020003 -11.0292512561 0.772860052656 0
-1998.80514059 -6.88073289782 0.734813063871 0
2449.23613077 -22.9136237726 0.70912557558 0
6734.25913486 15.5432483637 0.899989312951 0
-5101.81401682 -6.60123342368 0.983529590435 0
4605.77015046 -13.7476220034 0.973027490223 0
-375.341337398 -17.624407388 0.906526229246 0
-9972.42769276 -18.1154671654 1.40952020979 0
-4867.75592446 -32.9650350845 1.08107157825 0
-597.752153341 -9.41378550085 0.664799830743 0
2501.70045909 8.9834949546 0.712575270438 0
2633.16899522 -6.04465868726 0.746163312055 0
-6718.63312125 -13.5865407334 0.960514290708 0
-6289.55463923 -10.8400791049 0.968350533347 0
5677.39186021 -11.3801357444 0.973164163639 0
571.412953112 -6.74850681756 0.679135872738 0
3182.76792447 -21.6025922595 0.712166713782 0
-3218.71927794 -17.4478235101 0.896972771709 0
-2046.32278924 8.10751793437 0.714240127398 0
-5154.68524197 10.9103624315 1.07321204427 0
5298.33360034 8.6555021937 0.947848067765 0
-7707.28680543 -19.993534519 0.95908158501 0
-57.5603459504 17.6338591362 0.763840890565 0
-1391.18795258 16.2988194993 0.743453879953 0
2157.71699903 -26.105453523 0.849121526885 0
-2970.22126651 13.2913910743 0.81636512428 0
-4513.55604575 -26.3235051251 1.10297899103 0
1669.46994248 -3.51925537832 0.696411400785 0
-5803.1451275 -16.5953407355 0.997349962115 0
-3296.41350533 18.1482844552 0.988312305382 0
1660.29772901 -13.4133635054 0.717686502744 0
-1488.97964937 20.3474020788 0.862481500902 0
-2630.61720548 41.7108517137 0.993432135472 0
-3405.60265245 12.9000759505 0.990566261892 0
-3442.53058078 -15.0695913821 1.02574589741 1
-1841.02921439 -18.994640206 0.817606851778 0
431.49413884 13.4457818958 0.807569336268 0
2469.69256886 12.0466052302 0.711491264588 0
-2329.19175781 16.5879998897 0.703309142074 0
-5695.45680159 -14.4236592192 1.04346609694 0
-3130.58624691 -33.0155392294 1.00298549692 0
3002.13611589 -7.22169964548 0.764596008289 0
2140.89936198 -16.8634958934 0.842596320903 0
-5733.40363792 -23.9365600965 0.985025881152 0
-4437.44630879 -23.4200195421 0.90301978262 0
-5062.25304033 16.466926412 1.03549788497 0
819.245147441 22.2207591456 0.820263153536 0
-4569.80989012 -24.852760326 0.864888948846 0
2856.58280304 18.4022471034 0.987284686814 0
9058.00326103 10.0388849348 0.93101272699 0
6354.00940442 -13.7541312596 0.885959428783 0
1557.63032615 -12.812458153 0.788851995277 0
-1774.3167306 10.5484298635 0.8316540661 0
-2398.13344336 8.43412045864 0.805518881553 0
-2548.05802979 4.41902072909 0.828045667651 0
5572.40683155 -14.7688341122 0.893751564289 0
6441.48837651 -12.0727133866 0.964062796866 0
-5688.95628603 6.34560732186 1.17132108919 0
-4475.43793804 5.44077807053 1.07709956432 0
3343.03578163 -22.2116585976 0.979854624451 0
-6298.75233298 -14.4844261835 1.0360834897 0
-8552.63792564 12.2990628976 0.98989839935 0
5937.35632914 24.3569780259 0.973259421124 0
-1974.32323867 -10.4882589018 0.85261483633 0
-3850.89799329 14.8779120802 0.911582911935 0
3740.3210424 -11.883394299 0.884558687707 0
919.002775352 -12.2039167529 0.773016605185 0
5974.85317163 -18.7181842717 0.969536713724 0
476.399146002 10.5661210139 0.714919308524 0
4935.21114442 21.7181767757 0.883532465895 0
2687.51283768 -23.9196392337 0.721005187237 0
-5350.56682295 -18.3422718577 1.04272688883 0
-4061.13249787 20.32996732 0.922393134626 0
3255.83611777 -14.8018223644 0.821263571486 0
3285.16193214 17.2001839056 0.846128853708 0
3964.73234608 33.7602690216 1.0350101776 0
4560.23347033 14.2584306544 0.901732168406 0
-4014.26741921 -9.92677081462 1.23209789529 0
1376.99575028 -21.8706944306 0.745154437459 0
-4429.97302696 19.8362237162 1.03651652458 0
-3934.11375974 -36.4208252586 0.967127744416 0
1924.05421356 -18.3188076275 0.81051453833 0
-5238.97638198 15.5933000882 1.00531713648 0
5952.68921617 15.8912278179 0.977903824327 0
1442.05888828 31.4108227945 0.870259091734 0
3728.34041735 -9.22527184998 0.934800202584 0
4513.50956763 -19.3862887915 0.867949321209 0
-5157.36248172 29.3159461533 1.03100771543 0
3940.15917031 19.5239979369 0.900542213441 0
-3016.61296101 5.96195878857 0.841339694208 0
2107.13380126 -12.1344758055 0.877499423802 0
-903.599611496 -3.80673914963 0.691306238716 0
-2348.24620866 -25.8264433835 0.734710567571 0
-4028.98976152 -12.9459729753 1.10900855634 0
-4722.64182288 -30.4827282432 1.03718677789 0
-4267.19103101 20.5182116339 1.05240109691 1
-1385.83223219 -6.3791709045 0.745442471495 0
4532.87121211 9.18554011019 0.963859781105 0
5858.41713172 -10.995583801 0.912700168872 0
-5745.23440658 11.0508657638 1.13089406313 0
-2451.00306251 16.4705754896 0.894962434858 0
1851.28665781 -10.3307527506 0.812833771289 0
-4379.19841084 -3.62912547563 0.948999326119 0
1530.44527295 -6.12249214466 0.77533139397 0
-2031.48430523 14.5436812175 0.926954124094 0
5644.38252331 -16.4274279919 0.889698938291 0
6515.35093943 12.0986209327 0.906303736526 0
-1956.68943508 -11.4903379361 0.731812228331 0
4147.65280967 5.29160903793 0.927029571082 0
-3213.70087151 9.16582666117 0.872215891865 0
-2270.63970049 -31.8210012955 0.72373222302 0
-4770.45660542 -10.586007044 1.00802944185 0
-4782.94290663 -24.0608601399 1.12009107746 0
1591.59120243 16.6181883496 0.792344326709 0
-7805.10886369 -22.6300942412 0.988549410491 0
3720.39154959 4.24416741698 0.905594460637 0
-3313.66310943 7.57546741867 0.909761719835 0
4025.09931116 -17.9377907643 0.956169731201 0
2249.92177236 9.06523438336 0.879152480641 0
-2844.42105728 -21.4026520494 1.01821933618 0
6428.23345208 13.1292283438 0.915988198652 0
2469.08740137 -22.5988820575 0.925479304764 0
3185.27972137 11.0774743374 0.849484720489 0
4682.70272758 11.1552889653 0.972862864208 1
-6118.44550825 20.1967498532 1.03079419858 0
-9382.14946699 -15.3815509636 1.06608593146 0
2590.81064118 -22.5396864979 0.983670059224 0
4307.28617513 14.9792484831 0.81464198009 0
2249.34103494 16.6637021296 0.794661899341 0
4141.52978123 -22.0761036195 0.889066161903 0
-3163.34592102 24.9135496801 0.980959034947 0
-2657.55237739 -17.1041325673 0.816283949878 0
3061.54745901 19.518018233 0.720811894584 0
5344.79476845 21.5695599302 0.977266009101 0
2701.25993995 -21.2421379551 0.706685119556 0
5936.96051135 -16.187986772 0.879611124674 0
-2974.75643277 -20.8759932017 1.10809083598 0
-2603.18486085 -27.6265446147 1.11407274406 0
-5702.66508421 -12.0263067394 1.01372513277 0
3665.03084181 19.5893630336 0.935476237267 0
-3059.71746801 -12.4100001495 0.75722086455 0
2710.54133363 24.2267353987 0.879320156218 0
2471.62275057 9.90764286697 0.791826513703 0
-1514.68515491 -8.01626438317 0.745169579173 0
1069.76984639 -9.17915753702 0.785687793023 0
-3331.34364725 -13.3423027043 0.741356483529 0
-7474.80039419 16.8488181599 1.24310953695 0
3554.9691058 -18.6337164099 0.780372521574 0
-3058.5934371 -25.7353706346 0.728651115638 0
2421.96713953 -8.96382203256 0.816059748334 0
-3091.45241608 -18.6869801895 0.831039280228 0
-6214.84731003 -16.2387997876 1.08140299718 0
6835.14077923 11.8577893245 0.956871031454 0
-667.003707402 12.3840199716 0.725973871516 0
-7155.85375409 -18.6314177755 0.957988043562 0
6453.18879099 7.64456239728 0.979981599728 1
-4768.99050757 -13.5021241695 1.09065596718 1
5154.51943815 24.8914859365 0.9141338948 0
5711.63614438 20.1634207887 0.935449912312 0
-5483.49555702 -7.18778805667 1.01057729312 1
3984.20594182 -13.6672180045 0.96320184476 0
4112.09470701 17.5210772085 0.886684883621 0
-1849.87232627 -7.33003581236 0.720475924629 0
-775.3608335 7.55037821144 0.711840586952 0
3268.89986338 -15.0919498415 0.847501364584 0
4259.80773653 -5.84300621541 0.887857604104 0
2434.44541633 14.3418778193 0.835809228947 0
-6078.78353233 -13.0911575425 1.03515171756 0
4847.82863977 -15.4073218437 0.952858954418 0
5540.99891377 21.5608075174 1.00220437124 0
6496.56449765 38.9525975591 0.97484347043 0
-2690.96075548 -21.3354465163 1.00395306357 0
-1209.22407016 -6.33189616789 0.701941491471 0
-1283.92374021 13.2136975065 0.866323220457 0
4056.32823779 -16.5573230681 0.931706179814 0
-1730.00733985 -16.8166000615 1.02180312834 0
4222.50442431 -19.080598448 0.937944768449 0
-2376.31314507 -8.95412591517 0.714820352341 0
6952.0510079 -9.15510885012 0.939038557806 0
-2207.63874209 -23.4665905114 0.718643085397 0
4378.991301 15.7501881972 0.923632152649 1
5831.9075898 5.93655407982 0.916472952605 0
-570.699319451 -12.0139562245 0.812394539671 0
-4135.35711929 -10.6533253512 1.04188824059 1
3678.82567927 27.0983946934 0.847209479107 0
2202.42226127 15.932544526 0.820666545192 0
-6018.75271532 25.9564532334 1.04085801493 0
1978.10153686 -24.4989720841 0.710390517015 0
-6000.85844217 17.0303737884 1.04925406352 0
-3250.09501966 -19.0243934757 0.968019525852 0
-8490.30561851 -20.1147947618 0.965867482769 0
-2932.39133507 5.8382760002 0.839167109247 0
2759.78088475 17.7897450594 0.872357734944 0
1216.14180479 -25.2907457859 0.741296964119 0
-4359.23087581 -9.73131704737 0.99381391859 0
245.576367103 12.1823848953 0.785362500103 0
-2271.25271363 -25.804163471 0.724431084357 0
5499.40298709 14.9022109371 0.879746753131 0
5850.28142551 22.7426409402 0.95548576988 0
-3711.55114235 12.4045484557 0.892098615095 0
3484.51572456 -17.5963984788 0.876731407814 0
-711.629328341 13.478665016 0.773194237191 0
2011.57148992 13.196856453 0.809032814712 0
6898.58787002 -4.16870915728 0.977638275573 1
-3139.65419355 13.1904866413 0.835502736879 0
3756.55658272 17.4278028169 0.950948341258 0
-2739.87874232 15.7250683278 0.829548483628 0
1671.97795785 -6.27023169264 0.775917109947 0
-2954.32047403 12.7182892678 0.930107454578 0
-1795.38235273 -15.1646228988 0.764489696391 0
4255.60244127 10.3947333126 0.922074249971 0
2764.9414605 11.5812354674 0.693995752212 0
7956.55172535 16.0909044684 0.961533028525 0
-4037.10899258 23.7359583238 1.04775868419 1
4013.20264701 12.783837141 0.828289240131 0
-6350.33028393 -12.1483808728 0.983497482325 0
2242.00235296 22.8539344084 0.698243211929 0
-4218.35217856 4.59165553094 0.895507186761 0
-779.341103096 7.00216339356 0.702975936498 0
3080.73108985 8.97297091374 0.840717226036 0
4389.21915727 15.2392191513 0.969717418157 0
3337.31731933 17.6976117288 0.965725181287 0
5164.46058195 26.5659988081 0.918238698848 0
2328.93183302 30.3628996742 0.946160317303 0
3617.16507027 5.90951897592 0.832664505618 0
1827.48587681 13.9716015796 0.728577509777 0
-1911.0928621 -6.27341679084 0.731415451605 0
3073.07253043 -23.5983548393 0.769686354899 0
6469.01159303 4.22345267362 0.969364507316 0
4892.5345393 -14.8906069418 0.918372362866 0
413.721632096 -4.58067848329 0.682140611278 0
-2073.17039857 -18.2118504 0.816464042778 0
4855.87150906 -7.39218235053 0.896856037622 0
-5243.0992164 -13.920117899 1.04421255806 0
-2983.72650065 -11.0152196058 0.762979249188 0
-6611.31556711 -23.621806995 0.960708181844 0
4270.72470592 -16.5507068228 0.909605355734 0
3156.92793214 14.6642463984 0.691864139779 0
2908.08117863 -19.1832036432 0.987582250107 0
-2759.11437989 -9.9938366027 0.75356821873 0
-3437.44821142 21.7778093756 0.927628808365 0
2235.6527896 -9.02081767902 0.736680947931 0
2071.55669949 -17.2182130181 0.681148596265 0
-3079.5502124 4.64569615231 0.720773783413 0
1270.15695938 7.24819710448 0.768968577221 0
6931.17559343 12.1026263103 0.987240152819 0
3136.33877781 17.3275122291 0.743279435909 0
1810.92738696 -15.458526394 0.790294598728 0
-800.376268996 -5.16771662584 0.709974145945 0
-3946.80460524 10.7697559453 0.976160073103 0
4024.3157457 -11.4645850515 0.964966536654 0
4390.69945273 30.685046742 0.978662563064 0
-4594.55238359 -3.8113300522 0.962120418284 0
-4729.92586323 4.10830546031 1.04546570709 0
3116.42376932 15.6509060688 0.904676381531 0
601.476841872 15.2710264938 0.708521375768 0
3320.14116015 8.53077781632 0.764702607411 0
-4030.96165286 16.8174280675 1.068433167 0
-2582.63885424 5.04839264069 0.846414176387 0
3619.6068968 26.6436752864 0.959298428432 0
-3817.80016853 9.20670439915 1.0388873105 1
-2591.57029373 20.04875313 0.835304743114 0
3195.23543354 14.0094039445 0.712328521975 0
-3736.72444512 19.042074512 1.02597575759 0
-373.976970332 11.3720811167 0.659284038083 0
2406.21345024 8.54026397819 0.726610613936 0
6972.40379868 8.99510458403 0.92632723273 0
-4141.91039622 -10.1832914608 0.947387405074 0
8407.4776022 12.4202800984 0.984528439472 0
5023.02100549 37.1404117053 0.976903352045 0
4804.21828957 -4.16844049794 0.971209664966 0
-2090.5301227 17.7179636291 0.769727197391 0
2229.91922436 17.9582533903 0.887399966391 0
-4358.14347996 12.1653370303 0.959706685425 0
-782.70584264 -15.4673351346 0.71535337068 0
847.143830504 8.47839438429 0.762597864593 0
-5233.34110382 13.648300559 1.15197448092 1
-3963.68600464 17.7148989999 1.02252554248 0
-1723.44102007 13.3173781098 0.666287254982 0
-2575.39237561 -10.0439166015 0.737069361611 0
2078.78198951 -23.2045842733 0.924590665172 0
3739.72455597 -14.3050703074 0.887841616912 0
4090.11638294 -19.5174821851 0.922307359785 0
-4632.0765796 19.5218529827 1.0284827597 0
-2197.69675839 -8.91021973482 0.781482405696 0
4191.92835066 11.6790370673 0.934112487122 0
-4216.55931406 -7.18659555942 1.08684000104 1
2469.52075782 12.3668507264 0.756004477843 0
2663.32372856 -15.9149850628 0.752702035407 0
-1037.44437743 -20.7580993768 0.993902578727 0
-8312.21924261 6.06484494717 1.0163333956 0
-3790.52400333 -10.6630663984 0.77912737377 0
-2280.94760236 19.0491811449 0.839055249106 0
-3752.82110179 19.0511832753 0.996292753177 0
-7194.2947356 -12.075723071 0.99520271218 0
-3147.77682815 -26.5196252405 0.75207865943 0
3226.65614176 13.0207164387 0.769609788054 0
-7978.26193975 -17.7209509675 0.974624855583 0
-2038.33156191 17.988186965 0.691214169577 0
6129.59749507 5.36446508691 0.91878462463 1
-3416.87721958 9.19723205197 0.907076272345 0
1141.25819067 4.90513578468 0.719399817815 0
5044.34235753 -8.03364037222 0.960712402522 0
2847.07688537 15.5933524408 0.884248094123 0
-4348.20229096 -12.0172554048 1.07933517385 0
3447.84263215 8.28095432846 0.846172721559 0
-7488.17545765 9.39193846058 1.27128502676 0
520.656442055 14.5825807102 0.713930730257 0
2137.22583564 9.90657776811 0.687059593244 0
-7105.97274983 -19.3675210984 0.957376136766 0
7315.37805219 -3.51485540754 0.929477571679 0
7232.74731924 -9.54815450616 0.950849715167 0
6052.62930622 -11.5101511738 0.973640090086 0
5100.830212 18.9955728364 0.924405408037 0
2770.24149993 15.5153100084 0.787997789183 0
3545.41147073 -8.17797401271 0.946504794149 0
4309.52151641 -35.4649544966 0.91889831104 0
-3373.97177311 -13.6907174302 0.999425935991 0
1828.7487444 11.4396292673 0.821594073331 0
3035.62552399 5.99815106317 0.694551974915 0
-5605.85998341 9.27016265327 1.1933915718 0
6268.27351576 -13.1399263958 0.946933754396 0
3459.52515643 22.6425649131 0.901865972758 0
1229.97472978 -7.92591412258 0.695405206242 0
5179.87200143 -15.155852015 0.948581918287 0
-5255.82467441 -18.2180673092 1.04897998924 0
1876.72605757 -12.3102762384 0.741352468472 0
5969.73537432 -27.2160215375 0.944389217129 0
-5547.05578915 12.9457086056 1.13904922518 0
5368.895613 5.96997113545 0.917158520748 0
-4246.99833229 16.7984775216 1.0158647793 0
-1477.37538093 18.1198145424 0.885323260792 0
-3507.13699857 -16.5330794121 0.943910497768 0
-8386.3423601 9.65196014119 1.07335223877 0
272.310147548 28.0124667195 0.817445900748 0
-3858.05312146 -12.457488801 0.922721006306 0
-2003.42145622 21.2175165056 0.892701296235 0
-2755.49744314 -12.9539828497 0.944773349882 0
1597.36086966 -10.3512069033 0.776279574852 0
991.223872931 20.9881149117 0.671446697239 0
-3340.19301799 -8.08544323395 0.818660874412 0
-5892.87001225 -10.9207472344 0.963757643231 0
1610.6858949 18.0829365861 0.843383425331 0
-2316.47335461 -26.7738482047 0.730964468831 0
-2882.29296861 -15.5787455291 0.791040099832 0
-4766.3101662 8.79531702964 0.961868977167 0
-1718.74166221 13.5529429542 0.881513777811 0
3664.359834 4.39619242398 0.921836526856 0
-7652.26166346 13.371674241 1.33019539271 0
-4921.76104065 19.3908429098 1.03169611763 0
1797.1984539 -18.6422239233 0.74514685014 0
2715.72428613 32.2651214099 0.884480823026 0
3608.5517483 17.8760836153 0.855379313713 0
-1097.15246224 -6.59158319073 0.710328561689 0
2102.64021984 -7.18896648081 0.720960193464 0
-920.923534277 -35.3581588017 0.83005306418 0
-8835.15876554 24.1458758993 1.03356426357 0
4268.29966127 8.53222305531 0.915083386662 0
-4479.4541845 -8.26415166466 1.13314959164 0
2413.31069375 36.3517231192 0.896036443948 0
-3346.52770469 7.1257174455 0.882779376422 0
-2582.53055474 -9.72754204258 0.869516271814 0
1839.49853376 -23.4823390128 0.753467699013 0
5602.28348182 7.03857583694 0.850395736114 0
7930.69674337 -17.7450035331 0.927007501905 0
2987.57880579 -15.992867696 0.863603054177 0
-3660.85540413 -12.9416203614 1.02728198505 0
1519.57341956 15.1129102551 0.736523969821 0
2197.56817235 -27.5218160676 0.880619728001 0
-5578.29650547 14.9281523341 0.90719056884 0
4647.23701122 22.3111563007 0.862468077736 0
-5382.07011661 -21.486800392 1.33547981644 0
805.535744297 -9.30999172496 0.755094363243 0
-693.783708323 -32.5930757064 0.696979191647 0
-5670.45952618 23.3384283863 1.02728734983 0
-2134.74010653 27.8473312533 0.855797295285 0
-2590.03176002 11.9778315648 0.810491582322 0
-881.695140564 28.6128739576 0.848642591562 0
2738.77521455 11.0984328835 0.934490516029 0
-2674.08505976 -9.33088962033 0.735934735839 0
-5392.98766484 -10.7417533209 1.20693470719 0
-5098.82135332 -15.3962041356 1.06212867478 1
-7116.96742738 3.36653093864 0.983416033954 0
9150.54841371 -18.4796235969 0.968998676066 0
-1309.08245463 18.2567045517 0.819159204834 0
10925.5623066 -17.0600313699 1.01449552081 0
-1762.94365882 -22.4759060009 1.03142687704 0
-4466.74746032 24.9555030217 1.00273028203 0
-7011.16763606 10.0892551947 0.973423831763 0
-5209.0221182 15.8674578633 1.00584322725 0
3567.42127343 -12.967068617 0.745693274457 0
-2350.07298027 15.8431000751 0.76410527771 0
6812.20382363 6.84459062477 0.908694711929 0
9690.160387 -22.7853540684 0.988508447123 0
3033.17451301 -17.5717861979 0.927075885874 0
-5545.11921542 7.26367902634 1.1818482654 0
4215.1837619 -13.1058826535 0.954104375083 0
-2581.70550426 22.1104335559 0.743849230596 0
3494.90858781 -7.35558598548 0.813715869318 0
5730.91744588 5.8281635633 0.909213591201 0
-1593.38821545 -9.56658528188 0.749480856583 0
-6171.66985572 -13.4525413427 1.04404010461 0
1265.68595716 -17.6121021496 0.9921827667 0
-6951.81138241 -15.1833006918 1.03768783498 0
-3468.89343626 9.52435240399 0.874081917727 0
4395.6564051 -12.089182178 0.877396372235 0
1093.90878753 -20.7033653333 0.706972467727 0
-2962.49902935 -25.5561213203 0.830156914263 0
-3517.2737447 7.48833161784 0.855092962483 0
1194.51091935 -13.396763249 0.711516044661 0
-5665.31033992 11.3898571754 1.17590122657 0
-1586.83052237 18.2130070872 0.740414459513 0
2003.46598042 15.3928809753 0.66987665461 0
-3365.28970754 17.501398432 1.03417503634 0
-7528.99975782 15.6526906628 1.00861198659 0
-2908.88249661 -14.9924531354 0.835849164058 0
5221.77517306 -27.5919332882 0.943675927243 1
2670.57935846 14.5754418487 0.709357967801 0
-5067.52892256 -11.6073822018 0.916798138217 0
-9366.62634114 19.5159832954 1.36300571107 0
-4233.32930985 -15.8243834527 1.03652998877 0
-2931.05064987 25.6251547735 0.850938525266 0
-976.280680831 14.1313162133 0.715482912865 0
3942.45059948 -5.62823042685 0.954997138001 1
8023.75453557 -12.4311680415 0.947699374304 0
7074.06188114 -24.6103672357 0.91793579261 0
6868.22355275 -14.5573399661 0.972289736122 0
-3369.74407977 -29.1483882327 0.998563067749 1
-3288.2462663 -14.1911000232 0.784471615139 0
1812.95658907 16.5165485653 0.834287115295 0
3524.56383515 -7.70614034047 0.874301224366 0
3210.77313573 22.8536379661 0.877503739542 0
-4741.36458073 10.8579570657 0.838157514906 0
3367.83865702 -5.11033713184 0.821964633816 0
-2935.55318726 14.8979186578 0.884749151665 0
1921.46447374 -6.50771572588 0.707459291965 0
-1473.23299497 -16.0563025351 0.719315908627 0
-5543.27417371 14.3122834496 1.09254667424 0
-2854.30744875 -14.347007487 0.852473813742 0
5615.78174024 -23.908708805 0.927728867316 0
6482.36663802 5.27384873001 0.911946925268 0
4578.69098593 -21.148864028 0.915038241191 0
-5278.76709942 -14.2614010484 0.846901747023 0
3716.03524995 17.4127305486 0.8033897175 0
5542.09494133 -11.388891098 0.966332309208 0
-1632.47290961 21.6270191227 0.920835352286 0
-3627.76333422 8.18538105091 1.02219432571 0
1247.16233395 9.13221312568 0.702947289358 0
3316.3883871 -20.9482018973 0.806177389488 0
-2721.10980214 6.08385192752 0.745326058171 0
-4480.77020853 -17.3109632487 1.15284625485 0
-2838.26062112 7.05374322759 0.758913257035 0
1598.05149401 -16.1125473657 0.684903516343 0
7508.03741671 12.412193543 0.984493630716 0
7744.20680517 -18.663209262 0.951936366526 0
940.80282826 25.3505639474 0.859560592756 0
-630.633134639 10.6375884336 0.724561288154 0
2718.93353564 -8.3610585071 0.769595620927 0
6088.87156562 -7.04689711178 0.9196084138 1
3320.92550134 7.00331320491 0.829054689084 0
-4889.73902769 -5.1681978344 0.954713047254 0
-2931.24734888 5.77548782574 0.78978599846 0
6802.99218734 6.79123710969 0.973236717567 0
1216.81399077 -13.1829685912 0.795558418434 0
725.645825503 10.9853057427 0.709805958456 0
1744.36816906 12.3869896479 0.852576254807 0
5915.66100799 11.873776245 0.948159409985 0
-9592.37102851 23.6708269516 1.12654777047 0
1994.11206869 -7.06834323716 0.691196574691 0
1370.50553122 11.4640461813 0.703286428392 0
5349.3704222 3.78194663635 0.904919638194 0
-920.689153258 -12.7388696222 0.720038392331 0
4848.96177019 16.1795245048 0.888003903153 0
5125.71959526 -16.5583557863 0.944641308849 0
1879.88836717 9.51415082645 0.722840089336 0
980.056120722 11.9351577823 0.765340919087 0
-7040.8076154 21.1314185015 1.02706002554 0
2819.38154695 21.0002927046 0.924995401276 0
2785.65357624 -26.2204792413 0.938877471652 0
464.189214143 16.3592197859 0.756764895028 0
-2373.3396032 -4.43729154595 0.727420231052 0
-7203.01642485 -22.2005062947 0.977697381387 0
-4069.85180692 -19.3955768815 1.06906954606 0
-3313.3777661 10.9741893643 0.997176343199 0
5389.87626471 33.3178391105 0.936600028696 0
2863.94005719 10.8228048052 0.798896541848 0
7918.79590392 -22.5406021867 0.974311443973 0
-3599.95407995 -15.8479003451 1.04141591373 0
-1725.16686181 4.13069929225 0.722790602753 0
-2684.46190645 7.96331583696 0.892096247647 0
2486.59703601 -24.3814085619 0.738876436966 0
-4328.63930671 9.66636288172 0.984440865826 0
11779.5277783 29.0121322581 0.971869488617 0
-3269.85417662 -10.7917878607 0.772163732806 0
-2691.49494724 10.9062864098 0.848264384632 0
-4081.19051785 -25.5163418451 1.09452332897 0
2107.09831531 5.93328277187 0.734028543579 0
3479.22621652 -14.2791494828 0.846655335357 0
1911.97781544 17.0999541044 0.919429965239 0
6830.90886421 20.9703678323 0.911412440233 0
-4972.28835975 7.16424449781 1.14415547294 0
-3328.54387551 -26.9381015848 0.741656108723 0
-3225.85782925 12.5113532186 0.819396291693 0
-3444.96756312 -25.4355990721 0.771512572912 0
1282.85043419 19.1042907635 0.687166033338 0
