333.938656481 83.5549042186 1.00326736868 9200.0 0.1
-1040.67195661 -21.3267541383 0.848110105324 2000.0 0.971794871795
804.778355911 10.9379637967 0.788454353353 2000.0 0.971794871795
-2957.04976692 -7.7391902883 0.96252628255 1000.0 0.664102564103
879.062606706 25.377688498 0.82917501656 2000.0 0.920512820513
809.86850317 2.19476244111 0.834597792268 2000.0 0.869230769231
-3026.86990083 20.1450343713 0.923401026117 1000.0 0.869230769231
-499.182835162 -26.5535374843 0.942103799029 2000.0 0.766666666667
2789.71671015 -44.9845424138 0.995822521866 1000.0 0.202564102564
3714.95365903 -20.7494644498 0.929175653918 2000.0 0.766666666667
2835.14540577 -40.499733273 0.982516585447 2000.0 0.305128205128
1480.79246953 55.2116806969 0.937259232192 2000.0 0.561538461538
1448.63832239 -38.1976135468 0.98419959816 5600.0 0.458974358974
-3836.50278658 13.9054983197 0.890848062383 2000.0 0.869230769231
-2798.76268571 -49.821271455 0.987856903764 9200.0 0.253846153846
-675.539870526 -32.6196521976 0.944126839346 1800.0 0.664102564103
-2136.27812074 35.4735749781 0.879008275411 2000.0 1.17692307692
-2169.54447091 51.7902852347 0.948069801511 2000.0 0.561538461538
3444.74003273 17.9813936809 0.989556616539 1800.0 0.305128205128
3047.99586197 -58.7828629298 0.984475972035 9200.0 0.253846153846
2233.89016769 84.6374249381 0.983232963613 800.0 0.1
1060.43918772 7.20164712465 0.958304366317 1800.0 0.664102564103
-1143.16425722 -3.35178539758 0.898361487349 2000.0 0.920512820513
-812.93548774 47.7620154473 0.971911488645 2000.0 0.510256410256
975.155951877 -52.6330695701 0.987106067752 5400.0 0.202564102564
-1636.0098337 -56.8522214014 0.9433027744 2000.0 0.766666666667
-225.935005913 40.4471986792 0.933625412016 2000.0 0.869230769231
682.457423546 74.5392895222 0.985909722647 8800.0 0.253846153846
-1292.26786587 -48.2410118647 0.992995902007 1000.0 0.202564102564
-887.600842974 -42.0858741913 0.937641609526 2000.0 0.561538461538
1053.72149457 -80.4039950292 0.993748181232 8800.0 0.202564102564
1490.85812807 34.372383016 0.899495899738 2000.0 1.22820512821
-1227.52964832 -30.627118134 0.916601489366 1800.0 0.664102564103
1787.68481655 34.2608667316 0.979125485829 2200.0 0.305128205128
3976.79171584 -16.6079312088 0.927313470728 2200.0 0.510256410256
283.557538236 -5.23036389384 0.905106605838 2000.0 0.920512820513
-92.7926785779 -46.6577499584 0.993407458696 3600.0 0.35641025641
-1171.40324624 -33.1541151907 0.970744583195 2200.0 0.407692307692
3406.01430529 5.97112381196 0.912367482021 2000.0 0.510256410256
4519.11420822 -2.87435889934 0.888971475 2200.0 0.458974358974
3160.27499939 7.35497410036 0.934338615813 2000.0 0.664102564103
3314.64538893 14.9617688755 0.915191829469 2000.0 0.561538461538
2650.12060373 -5.16627264327 0.912120176198 1800.0 0.715384615385
2025.96518429 -10.0231798414 0.962673839415 1800.0 0.766666666667
-244.68973935 6.77647109707 0.946293274107 2000.0 1.02307692308
-3085.71085423 -70.9164769078 0.97963526781 9200.0 0.253846153846
790.55487835 59.6181893267 0.984111103306 1800.0 0.305128205128
-2458.97997783 15.9006734651 0.869877885965 1200.0 0.817948717949
-3911.00702844 -19.4292121102 0.939175536896 1800.0 0.253846153846
1861.16563892 6.05921535178 0.853106942582 2000.0 0.817948717949
-2719.38731769 27.9788556811 0.954265199048 1000.0 0.817948717949
-1050.46506916 35.6407431881 0.906883984205 2200.0 1.12564102564
-1497.45147988 36.5201675471 0.916798600459 1000.0 0.510256410256
2253.72923722 9.43393659131 0.891162581978 1800.0 0.766666666667
-1188.13682172 -3.24276909172 0.966685251427 2200.0 0.971794871795
-3113.69276709 57.9093431491 0.977644037762 8600.0 0.407692307692
-530.140787719 6.09763405531 0.85745908247 2000.0 1.02307692308
-3577.40638854 2.09303062488 0.972018364888 1800.0 0.561538461538
2174.43334943 56.000814374 0.983574551609 800.0 0.1
-1027.31431881 -3.72785272656 0.864581798895 1800.0 0.971794871795
-153.79262052 -30.2175428292 0.975301728223 8600.0 0.35641025641
2555.33131113 -60.1433893219 0.997930410113 5200.0 0.1
-1173.03757324 27.6626559522 0.85801575394 2000.0 1.22820512821
-171.571109499 -4.3901951671 0.908051669751 2000.0 0.971794871795
-2422.06830775 7.87887865553 0.974170370366 2000.0 0.869230769231
4238.63179295 57.2679425849 0.951464940654 1000.0 0.664102564103
-295.116543885 4.34221961743 0.853643010992 2000.0 0.971794871795
3060.38700588 81.1325225766 0.998985294927 5200.0 0.1
-1318.83075841 5.66686263342 0.900437524341 1800.0 0.971794871795
3830.5988984 -7.00053536748 0.936572262878 2000.0 0.869230769231
2321.00024363 44.6617269805 0.990210837386 2200.0 0.253846153846
-1079.77139382 -12.8301651829 0.951343512089 2000.0 0.766666666667
-1700.43692903 37.9111021986 0.907137346424 1400.0 1.17692307692
3491.93056265 -41.8859881064 0.968317500771 1600.0 0.35641025641
-801.731549593 -63.6239931437 0.993556577641 8200.0 0.202564102564
1993.46702516 -13.8519053275 0.767520058188 2000.0 0.920512820513
-1306.84168299 -0.792873215121 0.963116270451 2400.0 0.715384615385
-3096.02899409 -12.1530444452 0.97165963065 1000.0 0.664102564103
2835.45532428 -29.0203255627 0.98699860773 1200.0 0.458974358974
3864.50497022 -87.7398135524 0.99851340952 8400.0 0.1
-2277.10021928 48.9749880642 0.931661376303 2000.0 0.612820512821
-1037.75299659 -30.1788769963 0.925717718791 1800.0 1.17692307692
742.601535824 36.1918369794 0.927698489318 2000.0 0.817948717949
-438.967051682 26.7438700965 0.904582316641 2000.0 0.817948717949
955.592209522 -9.84196754344 0.913187176686 2000.0 0.971794871795
-4438.4151337 88.5336973277 0.999203606516 8600.0 0.1
3090.52529401 -37.5873560991 0.887448755095 2000.0 1.07435897436
226.94330735 -24.3971854376 0.865557064548 2000.0 0.971794871795
1685.5865541 -84.5657985433 0.972108257415 800.0 0.1
-166.578222488 -31.2859312145 0.861224552979 2000.0 1.17692307692
834.802455929 60.4457861577 0.996625070109 800.0 0.1
332.209136441 21.2139966402 0.934564827477 2000.0 0.715384615385
-3786.71237185 -51.5677009901 0.948620284601 2000.0 0.664102564103
-903.432653931 8.77840414976 0.913304700561 1800.0 1.02307692308
1972.53790882 -23.2777594961 0.895832364249 2000.0 0.715384615385
-870.867758721 25.1549720216 0.852481672553 2000.0 1.12564102564
-2457.65262795 33.6606334055 0.969474562942 2000.0 0.715384615385
-1432.33249501 -13.1982729535 0.949391453163 2000.0 0.817948717949
-1904.08575109 -85.8768382106 1.00363291015 9000.0 0.1
-553.011981232 11.7042654028 0.862911990204 2000.0 0.971794871795
2893.64961268 -4.35865938964 0.974544869181 1000.0 0.664102564103
2159.89465735 14.8999592779 0.864663462813 2000.0 0.869230769231
-1618.00303903 33.3235471183 0.890834691673 2000.0 1.27948717949
2233.57900602 -20.495085809 0.894434562735 2000.0 0.715384615385
-3360.08571443 21.8231712547 0.933330092049 1800.0 0.817948717949
1292.01579308 37.8628651204 0.912424400753 1800.0 0.766666666667
3470.25831278 -53.1616634471 0.971519878054 1000.0 0.510256410256
2730.18156466 -63.9629495537 0.997505391608 9000.0 0.1
1420.23664633 -32.3092418397 0.982499164706 7600.0 0.35641025641
-3769.2377864 -80.9203829669 1.00004892707 7800.0 0.1
-2596.59668673 -37.0659167258 0.954541260097 2200.0 0.612820512821
-1614.77630682 34.1522654686 0.946882605007 1600.0 0.561538461538
-2426.54571176 -28.8192373521 0.96124457598 2000.0 0.510256410256
-1153.41010181 -14.9872935532 0.905234126736 2000.0 1.12564102564
-3302.95945057 18.6833271141 0.855493336228 2200.0 0.612820512821
-925.673360496 -55.8143611366 0.898791106068 1400.0 1.17692307692
-1735.95513915 -16.8342120656 0.930846569899 1800.0 0.715384615385
-1720.79737785 84.4462832748 0.998458747396 800.0 0.1
2366.76846122 -9.9369295556 0.860716430253 2000.0 0.869230769231
-663.208692414 7.88967980138 0.889398234512 1800.0 0.766666666667
2459.04578524 -52.0836128659 0.967655064723 2200.0 0.664102564103
-797.128925839 -26.2776554697 0.924033139311 2200.0 0.766666666667
1227.52255909 -87.8672629841 0.996632832476 3400.0 0.1
3524.11983768 -22.7266241395 0.92853279812 1800.0 0.664102564103
-2969.3202945 51.681578516 0.995062204481 8400.0 0.202564102564
-2735.2941132 10.8188406515 0.897419760609 2000.0 0.920512820513
1026.19479494 -76.8673688513 1.0009137706 8200.0 0.1
-857.6157348 -22.2160144555 0.883633543029 2000.0 0.920512820513
-2029.51625893 -41.957622238 0.920106108109 2200.0 0.869230769231
3688.82454563 8.30505009456 0.967215763427 2000.0 0.253846153846
1914.70051976 -86.4106703982 1.00367369504 5000.0 0.1
2458.28094627 12.0156358032 0.895803998299 1800.0 0.766666666667
894.59305912 81.4860998532 0.994675061979 8000.0 0.151282051282
-2778.04812152 -21.0671608873 0.972997615758 1800.0 0.407692307692
4257.7434142 47.9922360601 0.958731156044 8800.0 0.407692307692
-2719.83141908 -19.6208560708 0.939109465096 1800.0 1.07435897436
-300.12732862 16.5034779521 0.904809037626 2000.0 0.869230769231
-2185.37200955 35.9991233652 0.94488835314 2000.0 0.817948717949
1361.54015219 12.8071149415 0.905863660381 1800.0 0.612820512821
3104.33650731 1.12796190947 0.982319562205 1000.0 0.35641025641
-3633.95365203 -42.0662633211 0.896540936913 2000.0 1.02307692308
2101.6771802 -16.5154430437 0.913173016573 1800.0 0.715384615385
-3050.24075667 72.8772464009 1.0018810201 8600.0 0.1
-2403.53478412 -33.0355281449 0.923448497877 1600.0 0.612820512821
2905.34278657 -45.4848260639 0.986418147657 1400.0 0.305128205128
-354.063565232 27.3464072913 0.963860249456 2000.0 1.27948717949
-3345.66157549 -28.8834547282 0.917300402654 1800.0 1.02307692308
2897.15141207 -21.073995185 0.894459277508 2000.0 0.715384615385
3820.45470188 19.0974323245 0.988983598308 1800.0 0.202564102564
3036.13571998 -83.0336259056 0.984041311157 4400.0 0.151282051282
-1269.11333594 -2.64413379619 0.880403425311 2000.0 1.22820512821
2037.57233348 -3.07514799515 0.974187569652 1400.0 0.458974358974
693.819150306 -2.30263383412 0.783853747793 2000.0 1.07435897436
2559.07210153 32.1775004723 0.903526837144 1800.0 0.869230769231
1431.27555565 56.3277729418 0.975973483078 2200.0 0.35641025641
-844.223166915 59.3599097231 0.968495444706 7800.0 0.612820512821
-1921.84530688 -10.4528316327 0.853087161862 2000.0 0.920512820513
3946.14007284 30.5393105359 0.932149440305 2000.0 0.869230769231
2002.92161288 59.4098822177 0.98917711836 1000.0 0.253846153846
-2212.27724763 -5.52344626369 0.904446959687 2000.0 0.766666666667
-2764.53564539 54.732830111 0.969950422081 2200.0 1.27948717949
-4686.68974134 -30.7842137168 0.931707308984 800.0 0.253846153846
-1626.33911339 78.0123002278 0.998563106206 7600.0 0.1
-2934.63192704 -60.0632892819 0.960126016836 6000.0 0.510256410256
-199.960282896 2.24740939786 0.937002478584 2000.0 0.971794871795
2366.23151162 -14.6658552204 0.848613323516 1200.0 0.664102564103
3315.75751624 37.245234956 0.982609838657 2200.0 0.253846153846
-2915.80369252 -14.9287548861 0.893851614924 1000.0 0.766666666667
3489.33212234 -31.6676420963 0.923821409186 2200.0 0.407692307692
-886.037870234 -11.7181725529 0.913523037414 2200.0 0.869230769231
-1936.10623234 21.6460659198 0.79925830585 2000.0 1.22820512821
2544.20409493 -11.7203160193 0.966174908025 1600.0 0.561538461538
-1293.07702176 -72.2630767022 1.00160662021 9200.0 0.1
3948.14145533 27.8519339901 0.903870826337 1800.0 1.33076923077
1917.85344631 -35.9276649452 0.954167420997 2000.0 0.612820512821
-32.1159830826 59.2325349332 0.999936836551 5000.0 0.1
-3228.74098248 17.1403234977 0.839896761774 2000.0 0.817948717949
2026.69138484 61.0922448304 0.964953067648 800.0 0.1
3709.52906434 3.22533701724 0.845784448982 2000.0 1.02307692308
186.383205988 -19.9747847053 0.817676231573 2000.0 0.971794871795
-977.202277921 31.7068951581 0.959887832554 2400.0 0.561538461538
-1091.28644453 -0.44890654217 0.874475132352 2000.0 0.971794871795
3063.9827515 30.7253676166 0.989025224093 2800.0 0.202564102564
-1291.06558189 22.7233094435 0.930069482638 1200.0 1.12564102564
-2139.28944347 4.71521573769 0.90161739684 2000.0 0.817948717949
3543.45116077 17.1048945409 0.962969067038 8800.0 0.407692307692
-302.904478579 68.9533862321 0.916261319507 2000.0 0.971794871795
1924.44111468 -13.0705197035 0.773920652641 1800.0 0.971794871795
3456.69568396 -79.5648814366 0.997273006009 800.0 0.1
-2685.51182637 -38.5420042725 0.993398835531 7400.0 0.305128205128
-2561.96699415 36.9722544361 0.935475445105 2000.0 0.664102564103
-4088.66135513 13.2713307324 0.935750829776 1800.0 0.869230769231
-1451.60699005 -0.919825536272 0.925857543194 2400.0 0.920512820513
-3323.32435125 -40.9126377104 0.839308931878 2000.0 1.38205128205
-748.14504842 67.3711049951 1.00168724268 8800.0 0.1
2890.19855111 33.7470523638 0.980271288168 1200.0 0.407692307692
-1512.95819719 -15.1205642659 0.866206881835 1800.0 0.971794871795
-1839.77364514 -82.9193697606 0.984305252607 7600.0 0.305128205128
-2462.91679345 23.8863435729 0.966971254456 2200.0 0.766666666667
3431.68988318 -29.5614598428 0.962766159061 1200.0 0.305128205128
2435.0730974 18.3586810242 0.910766198486 2000.0 0.766666666667
2724.71733306 -34.2325762889 0.911559359075 1400.0 0.715384615385
1646.78599192 34.5097857549 0.925343193146 1600.0 0.817948717949
-3911.89329065 -32.0440703894 0.909601967329 1600.0 0.664102564103
441.292799926 9.33730979662 0.847967759426 2000.0 0.920512820513
419.454304734 45.6505516118 0.969470566431 2000.0 0.510256410256
1813.89852201 -3.30060372784 0.885989011958 2000.0 0.817948717949
-1697.66456717 41.6102918806 0.952002236561 1400.0 0.407692307692
-2872.07954697 -58.826153059 0.967790282769 1800.0 0.510256410256
685.478913314 -6.89686238715 0.947875861044 2000.0 0.920512820513
2606.95930863 -89.4026060072 0.997356001593 5200.0 0.151282051282
1417.01164732 21.2918227565 0.871523544282 2000.0 0.869230769231
3676.46801778 -11.7563179284 0.984141014399 1800.0 0.253846153846
97.8689300511 -64.9948917874 0.97779303859 2400.0 0.458974358974
1887.52857508 7.68833218304 0.831627612116 2000.0 1.02307692308
-1341.71213775 80.0115377253 1.00352253845 9000.0 0.1
1719.39313247 -5.10293818544 0.925401050876 1800.0 0.817948717949
-302.023601569 36.0673993821 0.932934173692 1800.0 0.817948717949
1656.08254916 -81.1465789589 0.982485295186 800.0 0.1
2779.93170172 -11.9892144166 0.896424437504 2000.0 0.715384615385
2774.90892105 72.0370478938 1.00252920298 8800.0 0.1
-1290.99318663 28.7731462609 0.868357943408 2200.0 1.02307692308
-651.02797904 -16.0954791183 0.921023574149 2000.0 0.971794871795
656.413979559 -40.0628774795 0.951324464765 1400.0 0.715384615385
1134.75706579 -14.6033056882 0.888203209544 2000.0 0.715384615385
795.012051086 -10.9633934935 0.836983617885 2000.0 1.02307692308
504.316137676 86.2249350318 0.994242832928 8000.0 0.151282051282
4663.22553856 -11.087989919 0.914778162285 2000.0 0.715384615385
2483.39027469 37.9679003627 0.864359071369 2000.0 0.715384615385
-1165.83673144 -14.8448593536 0.936919057624 2200.0 0.664102564103
4611.24429525 27.4084007304 0.927948710603 1000.0 0.407692307692
460.919342494 2.55497395076 0.857925324294 2000.0 0.971794871795
-1402.91507599 -74.9272052482 0.999796018045 800.0 0.1
-3263.39828796 24.6611923559 0.991385534449 1400.0 0.253846153846
-678.73920269 57.0377816163 0.971161622011 1200.0 0.715384615385
-1902.9570561 28.8680778355 0.960546283808 1000.0 0.664102564103
-3383.60894955 58.8624671686 0.996628089392 5200.0 0.1
-1599.73526043 -28.4936546986 0.89936000207 1200.0 0.817948717949
2311.21693763 8.51649964702 0.843575601172 1800.0 0.869230769231
-1108.91317187 -43.850326674 0.954484525505 1800.0 0.458974358974
2297.36593857 30.60156641 0.895227636431 1000.0 0.715384615385
-2187.90039402 31.5020746223 0.923470396124 1600.0 0.920512820513
-3260.69657971 -41.5537373141 0.936593236093 1000.0 1.43333333333
-2809.33348527 50.738949744 0.957071970422 800.0 0.305128205128
346.22561063 83.4570451916 0.988448047542 8400.0 0.253846153846
3983.7134227 -32.0226630476 0.945387905616 1800.0 0.561538461538
2721.41308466 53.7068396825 1.00041714929 9000.0 0.1
1027.14081469 31.7279676647 0.978064119787 4200.0 0.35641025641
3198.19305443 75.7013764257 0.996571297494 7800.0 0.151282051282
-390.461972503 -16.1801385703 0.831022751664 2000.0 1.12564102564
-3465.03312046 81.1029136225 0.983255789282 8600.0 0.305128205128
-2583.57882693 -42.5835427084 0.854513767666 2200.0 1.58717948718
-2984.89948858 44.5160614993 0.976880442169 1400.0 0.869230769231
1130.85275017 -57.7299167838 0.953838902127 2000.0 0.715384615385
2043.52844563 -3.57565981628 0.954157767548 1800.0 0.664102564103
-873.940650719 28.4929401764 0.851567148328 2000.0 1.07435897436
3529.74515083 45.4925837711 0.98804514323 8400.0 0.202564102564
3798.83014026 -70.5213275136 0.973858991323 7000.0 0.253846153846
-2128.19085085 -18.869608728 0.845697949144 2000.0 1.22820512821
-1637.61608782 -58.1108129306 0.999659912133 4400.0 0.253846153846
-1135.37233429 7.35061981511 0.967241992598 2400.0 0.612820512821
1425.99760924 -25.6157809767 0.976299928869 1400.0 0.458974358974
3658.86902908 -38.2677255974 0.961056832964 1200.0 0.458974358974
305.517315281 15.9925267879 0.83422099421 2000.0 0.920512820513
3165.47292668 1.18040248018 0.886686058485 1800.0 0.971794871795
-1541.04775334 12.3213239416 0.945488197975 1800.0 0.715384615385
-3881.40662607 80.5818822357 1.00066080795 9000.0 0.1
938.801386948 -19.3636297633 0.944053573508 2000.0 0.869230769231
1419.63451097 -66.3145378809 0.968728839249 8600.0 0.458974358974
2084.10866165 81.9038142166 0.998100710658 5400.0 0.1
2593.170893 -67.9103987906 0.99349954727 800.0 0.1
-2000.38533388 24.262446383 0.892031970271 2000.0 0.817948717949
3399.18621635 78.966368292 0.994196516762 800.0 0.1
64.620832843 -38.7001557019 0.959469359711 2200.0 0.664102564103
887.060436506 -17.8149638179 0.872497783106 1800.0 0.766666666667
-3309.35025428 18.1589086881 0.904496339313 1000.0 0.510256410256
-3476.49400186 -58.6396282286 0.991423494204 4400.0 0.202564102564
-1772.97840181 53.6888745056 0.885467223027 2200.0 0.920512820513
2253.58924065 -3.88298416945 0.925588391093 1800.0 0.664102564103
1941.41355792 -21.8172011421 0.865791429078 2200.0 0.869230769231
-2018.79940629 43.756251503 0.873368371308 2000.0 0.971794871795
-2653.11969961 35.3212882399 0.938274264593 2000.0 0.817948717949
-2267.00539906 38.1888875223 0.986785263435 1800.0 0.253846153846
-707.070104519 20.3072447696 0.878824642618 2000.0 0.971794871795
-3000.6267197 29.2448797277 0.896183037707 2400.0 0.612820512821
1981.93563897 49.9181811324 0.971290006101 2200.0 0.35641025641
1215.95310218 65.5804562372 0.997440924146 4600.0 0.1
-1531.53358043 16.0386024769 0.936275699601 1800.0 1.02307692308
3444.32970715 28.2827540758 0.960825942005 2000.0 0.458974358974
3225.71706548 74.1767635891 0.978140212099 4800.0 0.151282051282
671.165209382 8.23432334613 0.903837357189 2000.0 0.971794871795
-507.521246073 60.1692851936 0.983608978987 7800.0 0.407692307692
1907.75982731 6.36417517401 0.869401454634 1600.0 0.817948717949
238.57717736 -42.145135945 0.977187176273 2000.0 0.561538461538
2620.04381318 -23.5371527947 0.902942365888 2000.0 0.664102564103
718.040422653 -29.5853585841 0.849190666241 2000.0 1.12564102564
-3067.89824076 8.73576328509 0.981090982973 1000.0 0.407692307692
986.235783143 -63.6201232038 0.998239241501 5400.0 0.1
2171.74001982 -77.1273542157 0.989219741578 4400.0 0.151282051282
2048.88259631 33.15678978 0.974785299724 1800.0 0.35641025641
3030.48575961 88.8123494378 0.997418437977 800.0 0.1
1558.01388661 -57.9700321551 0.961766243184 9000.0 0.35641025641
-3660.54627056 -5.52169081641 0.843114595644 2000.0 1.12564102564
-2182.34372088 -37.780737966 0.91692289781 2000.0 0.817948717949
-2286.2645748 59.9152947442 0.971135698173 2000.0 0.407692307692
-2190.26800733 -21.4585461005 0.930806153152 2000.0 0.817948717949
-297.582011226 -20.0489697293 0.931989836228 2000.0 0.766666666667
-2861.92019167 1.59651390236 0.939528709753 1000.0 0.510256410256
-659.084955986 -51.6017636849 0.99114491105 800.0 0.1
-2298.10251777 53.1539583983 0.962980242152 1000.0 0.817948717949
847.928271627 32.7077676958 0.822295269537 2000.0 0.971794871795
-883.055547015 -26.4799218426 0.81688662243 2000.0 1.02307692308
1861.60057994 -26.2609957953 0.866312948711 2000.0 0.971794871795
2423.56919411 25.3594067875 0.91923324253 2000.0 0.561538461538
132.487264562 59.1301719965 0.957538148244 2000.0 0.664102564103
-141.55346886 -14.4662723213 0.891798642216 1800.0 1.22820512821
-2907.53693922 -34.645895432 0.874351870422 2200.0 1.38205128205
2761.78397795 -29.0639896318 0.905537403458 1000.0 0.715384615385
-3285.70715632 78.3574919317 0.972544932791 7000.0 0.202564102564
-236.413172294 -73.1945418872 0.992843478734 8800.0 0.253846153846
-527.232211573 10.9275675403 0.829623941537 2000.0 0.869230769231
-4072.50040101 -13.7441602118 0.846282333671 2000.0 0.920512820513
-127.742644611 -82.5942064814 0.981369759611 7800.0 0.305128205128
4.56338682112 15.6523117277 0.86511143039 2000.0 0.971794871795
3122.96480454 -35.3698622889 0.927835464594 2000.0 0.766666666667
-3518.64397867 72.2620990467 1.00103395159 8600.0 0.1
-2823.87525834 7.59431048806 0.904181844149 2000.0 0.920512820513
-1353.15925567 -71.9839739246 0.997906260531 9200.0 0.1
-2316.59901388 -49.3766239012 0.985496178541 1200.0 0.35641025641
733.510951875 -89.0617580428 1.00303922191 8800.0 0.1
-820.810091702 -14.9263399836 0.91198461583 2000.0 0.971794871795
-1463.19136556 11.3191718869 0.940499415161 1800.0 0.715384615385
1621.86368861 22.6808017574 0.923355687326 1800.0 0.920512820513
923.687554899 45.3565264933 0.948086187498 1800.0 0.766666666667
-1661.15990988 47.7087888802 0.99096017991 2400.0 0.35641025641
-509.351878574 12.1558009598 0.943096190055 2000.0 0.869230769231
336.198784194 -9.10531009541 0.894807038399 2000.0 1.02307692308
-2628.55667965 40.8208677915 0.962115953965 2000.0 0.510256410256
-79.379182089 19.4538757334 0.96149788759 2200.0 0.715384615385
470.125759475 26.6066731334 0.972396168983 2200.0 0.561538461538
2124.24248155 85.0203928249 0.994538891666 8000.0 0.151282051282
-336.553199598 22.8450749508 0.901602645928 2000.0 0.920512820513
3548.02263389 35.1276170983 0.951370211821 2000.0 0.35641025641
1716.55064876 -31.0216856697 0.886280531514 2000.0 0.971794871795
1945.79199877 -75.8705406977 0.988095524247 5200.0 0.151282051282
-3843.89349051 11.6109670471 0.963774253836 1800.0 0.35641025641
-3534.83158584 47.107026832 0.985057630706 1400.0 0.305128205128
-1616.51594706 15.8278596171 0.920031152504 2000.0 0.817948717949
-2674.54248293 -78.3827197429 0.998577997173 800.0 0.1
3125.87908188 50.4985025556 0.999901272732 8800.0 0.1
-2636.83064339 16.4288580628 0.926611278814 2000.0 0.971794871795
1836.12256796 24.5551349098 0.934971708249 2000.0 0.561538461538
3660.59515106 39.138820626 0.949448941665 1200.0 0.35641025641
3080.23227711 10.7317113106 0.843084774147 2000.0 0.766666666667
-709.165135776 -18.9797801819 0.902634922594 2000.0 1.22820512821
2885.87898724 -10.7254156187 0.937443279325 1000.0 0.766666666667
-3116.2561616 8.86394321562 0.906997794995 2200.0 0.817948717949
-3236.02590188 -16.8092346015 0.970926643402 2000.0 0.715384615385
-2466.087413 6.58389240982 0.938660438396 1400.0 0.817948717949
1428.15702748 -14.2669417651 0.906829553377 1800.0 0.664102564103
1781.76986785 -59.1416889985 0.921489596722 2000.0 0.817948717949
-231.327797812 49.4693578826 0.867344849167 2000.0 0.971794871795
-1200.81128619 19.613710092 0.878284776129 1800.0 0.766666666667
380.978430559 -7.51610045981 0.874926325825 2000.0 0.920512820513
797.269171312 -81.7791884531 1.00412911749 800.0 0.1
-4041.43438895 -17.2044769525 0.971973375047 2200.0 0.817948717949
-3497.47364106 -19.0181344313 0.877491924848 2000.0 0.817948717949
-2828.7995801 86.4103695091 0.999182515197 7800.0 0.1
1904.7114066 -89.7765051247 0.999763787441 6200.0 0.1
3512.29362217 35.3970947465 0.984677969873 1200.0 0.253846153846
-370.059053584 9.78981835657 0.89685250333 2000.0 0.971794871795
2222.47859455 26.8987580003 0.910045560217 2000.0 0.817948717949
-937.458169533 -34.2496779894 0.978744932708 1800.0 0.407692307692
2677.73317771 -47.9686435221 0.99479590722 1000.0 0.35641025641
-815.212471885 5.53314612017 0.89737686732 2000.0 1.02307692308
-1102.25689735 0.814445983642 0.900584665095 2200.0 0.971794871795
3535.22568877 -48.2341685141 0.941661360747 1800.0 0.664102564103
-1177.04150914 -47.6888222063 0.976158385703 1000.0 0.510256410256
-540.615911485 27.7110135826 0.792081611687 2000.0 1.02307692308
-1823.62785815 -18.6941038976 0.888642397406 2000.0 0.817948717949
-1943.54171541 58.5013074941 0.981591598096 2200.0 0.510256410256
1420.02419068 -2.86641427517 0.908576482608 1800.0 0.817948717949
1406.29457994 -89.8193416763 0.994879220569 8400.0 0.202564102564
-1215.98106365 -16.34370433 0.940973025407 1800.0 0.561538461538
4072.70771434 -15.5573056886 0.987495444179 2200.0 0.407692307692
2330.16318877 -87.0159596857 1.00263420018 4600.0 0.1
-2161.31868055 21.6887191096 0.920816732206 1800.0 0.766666666667
-1980.98798115 -55.8517544227 0.98625923614 2000.0 0.561538461538
-3019.98290664 -56.153303063 0.939024710584 2200.0 0.869230769231
2792.5922615 50.0244676524 0.947360054966 2000.0 0.664102564103
-2057.77855451 48.2580181215 0.977159021893 2600.0 0.35641025641
-1556.91559534 14.9622657076 0.912512147024 2000.0 0.869230769231
-3308.39562073 46.0692292165 0.979909529143 7600.0 0.35641025641
1224.56966154 -25.5075177075 0.858007339002 2000.0 0.869230769231
-2896.27778147 -14.2576102932 0.883223429485 1800.0 0.869230769231
-9.24111674012 -24.2083303676 0.884220627806 2000.0 0.766666666667
1849.99546077 -37.2682605619 0.974322791594 1800.0 0.458974358974
4266.04362958 -6.89080488869 0.964067905194 2200.0 0.151282051282
-3164.19477379 -33.3326459644 0.950800012293 1400.0 0.664102564103
2809.13739048 62.7556456872 0.997601026863 5000.0 0.1
3086.39112982 -88.8953492986 0.984805051683 8000.0 0.253846153846
3311.5025028 23.0637535907 0.970306117553 1000.0 0.561538461538
2077.39362465 -24.5573659637 0.972622251474 1600.0 0.458974358974
-320.327023606 -37.3424235007 0.928523801902 2000.0 0.612820512821
-138.043989854 -26.1662008868 0.883106326125 2000.0 0.817948717949
-2750.70655965 -60.4216975899 0.989092124115 1800.0 0.561538461538
1022.49421173 -85.3944678501 0.997356325887 9000.0 0.1
607.66136185 30.2310229965 0.978910598139 2000.0 0.35641025641
458.680436715 -46.5887535117 0.97816606908 1800.0 0.305128205128
1679.22512102 45.9156447935 0.983508185334 7800.0 0.35641025641
-4199.89282246 -27.3174958482 0.888380827902 2000.0 1.17692307692
3906.41529165 10.7002584995 0.926490979405 1800.0 0.817948717949
1202.72179888 -18.7723384754 0.903291953492 2000.0 1.02307692308
2199.2029064 58.724988848 0.974182287966 1800.0 0.35641025641
-3467.19839874 -37.8448964717 0.962674037797 1000.0 0.664102564103
-1526.30592755 -64.5574877565 0.984752566038 7800.0 0.202564102564
2638.40712412 -21.9145876416 0.874928743989 2000.0 0.766666666667
1496.39742549 -82.8606196457 0.998543847251 800.0 0.1
140.05994544 40.4160792809 0.910964556341 2000.0 0.766666666667
-1060.63206047 -12.8328158355 0.883302000928 2000.0 1.02307692308
806.234071525 65.3899747758 0.990546674918 1000.0 0.510256410256
3095.89409621 -18.2874088767 0.836972898188 2000.0 1.02307692308
-2303.20151808 -19.9486718035 0.901185682649 1800.0 0.561538461538
-2295.99958184 -29.2564686546 0.867201812033 2000.0 1.33076923077
-319.868648933 -28.1864194218 0.951743435582 2000.0 0.458974358974
-1102.38083345 52.6579951062 0.988097221631 3000.0 0.305128205128
-3371.21694522 49.7070513285 0.926236620752 2000.0 0.971794871795
1588.5445715 25.6713382861 0.951775838402 1600.0 0.561538461538
-3613.01155426 1.25838927103 0.923095420523 2000.0 0.766666666667
997.409766678 13.5528266889 0.859775038209 1800.0 0.971794871795
1602.7075878 -16.2850143949 0.993170609314 1800.0 0.817948717949
-2850.25314066 89.8639801789 0.990929208022 4600.0 0.151282051282
131.62118768 38.7548814071 0.937223868489 2000.0 0.817948717949
1412.88509619 -25.0943431388 0.936713991129 2000.0 0.817948717949
2024.00933176 34.9732243178 0.948352208074 2000.0 0.664102564103
395.681040741 52.9028400117 0.95783981779 2200.0 0.561538461538
3827.30977559 -6.81075716897 0.954130674303 1000.0 0.510256410256
471.948097905 -4.21440224075 0.920062754403 2000.0 0.869230769231
-908.573260868 -23.2551834844 0.942614243186 2000.0 0.561538461538
807.235464031 -72.9772953409 0.986131210103 7800.0 0.305128205128
-2657.92874243 -44.3767276091 0.935643333824 1200.0 0.664102564103
-1227.65909422 -1.8196300563 0.882114605758 1800.0 0.971794871795
-414.050071356 16.528199546 0.791031361647 2000.0 0.971794871795
-2091.48386938 -56.3209996902 1.00099699609 9200.0 0.1
2549.11730835 -3.38773076162 0.960284269303 1000.0 0.561538461538
996.469980425 -42.2541115472 0.9897841348 1800.0 0.407692307692
2841.05495434 -77.6799319815 0.989935058641 5600.0 0.1
1611.86345493 15.063265111 0.92339526216 2000.0 0.715384615385
-1849.85605646 64.2120182276 0.997194923101 800.0 0.1
1878.15093924 -8.64464897962 0.852632731278 2000.0 0.920512820513
-387.674600948 1.15054719663 0.843289747374 2000.0 1.02307692308
-588.465620737 45.6892616293 0.995296454383 4400.0 0.151282051282
-328.716160688 -88.6715247148 1.00014619951 7800.0 0.1
-3038.91450244 -15.5316682884 0.996612148285 1400.0 1.07435897436
2383.2072286 -43.9402780996 0.89166985495 2000.0 0.766666666667
-342.752051213 3.2269127787 0.848221505642 2000.0 1.12564102564
1448.01811894 -6.29872180819 0.869677021165 2000.0 0.869230769231
3770.96514127 -80.110553516 0.995444446819 8200.0 0.151282051282
2320.10811126 35.067540483 0.965626153067 2000.0 0.407692307692
2539.33899529 23.9519038478 0.916103760686 1400.0 1.02307692308
-965.801149514 -73.1247636554 0.997922482804 8200.0 0.1
-833.021733212 41.4057473797 0.897010753518 1800.0 0.869230769231
1745.41348294 -20.8752915391 0.978983027358 2000.0 0.458974358974
-2829.09083863 -81.106476163 1.0038008944 8800.0 0.1
-3404.67839111 61.9518822343 1.00113159071 4800.0 0.1
1390.63709849 33.3077518932 0.944880044328 1800.0 0.869230769231
-1524.2271575 -72.1152806253 0.996400494892 8600.0 0.151282051282
-3165.43939659 16.149049984 0.949476791393 1800.0 0.715384615385
3907.93612562 49.8567249435 0.963061666668 6400.0 0.35641025641
-3259.23977667 -13.7214869992 0.917346036648 2000.0 1.27948717949
1521.81013163 56.3576117363 0.965412848063 1000.0 0.971794871795
3777.68185253 55.1528650906 0.992482209051 2000.0 0.202564102564
-1843.92379498 -45.2295944579 0.918920160211 2200.0 0.664102564103
-743.816461595 -27.4686394326 0.94730112221 2000.0 0.715384615385
727.613838981 2.01419490436 0.854280043946 2000.0 0.920512820513
3367.09511405 -24.7625969014 0.921811558314 2000.0 0.664102564103
509.456633366 -16.1951538605 0.93737634304 2200.0 0.817948717949
1889.0179635 39.7398745868 0.992761963007 2600.0 0.202564102564
1049.83207259 74.1970467793 1.002863501 9200.0 0.1
-816.582110709 -83.8193945125 1.00013553939 4600.0 0.1
2660.25106464 -9.21059346068 0.865874561165 2200.0 0.715384615385
85.3833463373 -85.8896564421 1.00049751988 8200.0 0.1
-621.20562111 22.4019400872 0.948994520331 800.0 0.202564102564
-1131.7648728 -24.4886319808 0.949662510168 2000.0 0.766666666667
3283.80928158 -34.9728962144 0.972473607808 1000.0 0.869230769231
-3065.58780433 -30.3700792688 0.890545536479 2000.0 1.12564102564
3539.96695982 70.0674467359 1.00360862643 9200.0 0.1
3006.22210387 17.8112387071 0.902804010982 2200.0 0.458974358974
-363.083222414 42.9346847363 0.991679939712 2000.0 0.305128205128
2179.72877252 -8.64585228175 0.91888910287 2000.0 0.664102564103
1442.94005024 41.0577213944 0.994875384902 1000.0 0.253846153846
151.850141083 0.687658918084 0.801967890664 2000.0 1.02307692308
564.270112734 43.422538196 0.925938021667 2200.0 0.612820512821
3328.60107164 -25.876653892 0.954406585016 2600.0 0.612820512821
2210.06079355 61.2448806871 0.9874514909 7600.0 0.305128205128
319.120064971 -88.1531439725 0.993622342111 9000.0 0.202564102564
1388.4976513 -2.68872662996 0.954982434936 2000.0 0.869230769231
3810.87792455 -31.7115606476 0.929014482762 2000.0 0.920512820513
580.035154095 1.85479810057 0.837193730298 2000.0 0.971794871795
1187.37986189 52.4313970203 0.996140458469 8200.0 0.151282051282
3090.73470374 -60.7475715321 0.968759530936 8400.0 0.305128205128
1333.82666093 29.7058984426 0.949617744485 1800.0 0.510256410256
3201.3970233 -33.5962789524 0.914947178178 1000.0 0.510256410256
3144.55124406 -59.1155241085 0.99810880088 9200.0 0.1
-3425.42331132 54.5911816824 0.993242465242 8200.0 0.202564102564
3464.33705966 12.8792040265 0.949350944046 1800.0 0.664102564103
2912.93650729 -50.0241721014 0.934517062798 2000.0 0.510256410256
-221.354972509 36.7566258363 0.952924398041 2000.0 0.561538461538
3110.21221304 -35.9314592142 0.917824151531 1000.0 0.458974358974
2710.03642085 20.9696176559 0.97759000046 1800.0 0.561538461538
1786.5096312 29.9403630952 0.91213077922 2000.0 0.612820512821
-3061.98975026 14.8727962093 0.942886147208 1800.0 1.02307692308
1901.37215447 -35.9687097062 0.910974527562 2000.0 0.612820512821
-461.105940447 2.27354939756 0.871712576668 1800.0 1.02307692308
-2094.08393096 18.9387005616 0.891209021604 2000.0 1.07435897436
2895.84016046 35.6764258316 0.913344422465 1000.0 0.817948717949
-3533.48880793 70.1818498974 0.99562686911 800.0 0.1
3341.91971083 -29.6790915341 0.948038076822 1800.0 0.458974358974
-1971.86482215 7.2368834781 0.92706403231 2000.0 0.817948717949
-2806.87073534 -85.2707628281 0.992477708449 9000.0 0.253846153846
2828.95855468 89.6754054003 0.992700846737 4400.0 0.1
-3308.87985169 -62.7513790939 0.964635829882 2000.0 0.510256410256
3061.06806133 74.5853777134 0.998670700632 6800.0 0.1
2802.96794272 6.05617616009 0.846354976993 2000.0 0.971794871795
-1802.93004931 -28.7579287467 0.979199410815 2400.0 0.458974358974
3022.56821792 -31.0778579722 0.973772091205 2000.0 0.253846153846
3734.98893812 79.9228775385 1.00057870866 4400.0 0.1
-2897.59697147 49.8498984997 0.993427447981 800.0 0.1
1472.26837239 18.0167432211 0.908912433036 1800.0 0.766666666667
-160.537341503 -2.04193918236 0.905614370753 2000.0 1.02307692308
-3092.55856236 20.3197989551 0.833779245661 2000.0 1.07435897436
-939.044310537 -18.6421275652 0.928126319902 2000.0 0.715384615385
3771.69985496 17.5667995423 0.875041857798 1200.0 0.715384615385
-3601.68392611 66.1139257505 0.997455685042 5800.0 0.1
1541.41766676 37.2990078838 0.93424114434 2000.0 0.664102564103
-1331.79347858 -37.8844467633 0.972782521936 6200.0 0.766666666667
768.42264569 33.0136551182 0.901226156593 1800.0 0.971794871795
-3894.71569612 33.1653401277 0.961856126601 2400.0 0.920512820513
-453.751842241 -4.14373026824 0.883200318156 2000.0 0.971794871795
2141.52041418 35.5700130335 0.956883057296 2000.0 0.817948717949
-310.495005598 -81.9278063187 1.00442423349 9200.0 0.1
1131.14244806 46.8141157422 0.98210083145 2000.0 0.305128205128
-3186.39925855 23.0248930469 0.955062237921 800.0 0.253846153846
-1487.07183043 -49.2302072689 0.968091777988 1200.0 0.305128205128
3174.37026407 48.1189250029 0.926518993816 2000.0 0.869230769231
-263.311102824 -32.4287780963 0.967539280379 1600.0 0.869230769231
-3915.03047758 -40.5326072001 0.934523918201 2000.0 0.664102564103
-2099.86373675 4.19498954763 0.926685978026 2000.0 0.971794871795
-1624.05105636 28.6396209278 0.934715870893 2400.0 0.664102564103
2949.35404656 -47.1424833341 0.958227303149 2000.0 0.561538461538
2417.13285759 54.0761649079 0.960976021042 1000.0 0.407692307692
-1569.86732603 -38.2806019087 0.978335841144 1800.0 0.561538461538
-907.717937722 -23.3112470415 0.833648482424 2000.0 1.17692307692
1089.63917079 55.4842731841 0.961277203713 800.0 0.151282051282
806.391474716 -17.2353617358 0.907613214844 2200.0 0.715384615385
-3000.87930405 16.4112341971 0.969894897805 2200.0 0.510256410256
2057.62177907 76.9141146204 0.997203808311 9200.0 0.1
735.879097917 79.0519602285 0.995207865871 800.0 0.1
3619.79504886 59.5378614639 0.974200832062 2200.0 0.458974358974
467.315853192 -9.77242309417 0.792371179525 2000.0 1.02307692308
1758.14945955 -28.7281969306 0.928979670623 2000.0 0.612820512821
-1773.96301234 -45.3818012233 0.945944883702 1800.0 0.715384615385
-3485.77988339 -72.7941973322 0.989540403813 800.0 0.1
-1751.24505048 -15.1167809503 0.939101557778 1800.0 0.817948717949
-1215.0635397 -7.73378469662 0.956610611619 1800.0 0.869230769231
-2435.76034952 2.33969390354 0.829017421528 1800.0 0.869230769231
1293.314177 2.56039918308 0.947545819374 1800.0 0.869230769231
203.543403522 -20.4598743673 0.895094515555 2000.0 0.817948717949
-234.944091955 46.6072704412 0.922210311792 2000.0 0.664102564103
1026.20690632 -2.75156342971 0.885920280216 1800.0 0.869230769231
-657.93529981 45.3493340785 0.997927187521 2000.0 0.35641025641
-4662.87767288 -61.4052012719 0.954645015855 2000.0 0.869230769231
-3544.80314318 28.1382347685 0.908466829767 2000.0 0.920512820513
-96.8413138316 -38.6286780043 0.913337171643 2000.0 1.07435897436
-3152.436763 20.3320561445 0.940595637772 1800.0 0.664102564103
-4599.74884091 -34.3618653049 0.993470843072 9200.0 0.151282051282
-1196.55466518 54.0023768215 0.984647313399 800.0 0.1
-1742.83871936 -4.107037541 0.94445930129 1400.0 0.715384615385
2158.88617145 -5.9870696701 0.873640153548 2000.0 0.920512820513
-1169.93721521 -8.27522930219 0.825292928912 2000.0 1.07435897436
-2506.44029659 7.31700380796 0.93870299236 2000.0 0.869230769231
2883.51219487 -38.8272658838 0.992489871692 7200.0 0.202564102564
2922.78011654 -45.5719362923 0.979946375373 1400.0 0.305128205128
93.5582306389 -26.5298234927 0.943661200104 2000.0 0.817948717949
-2450.78574421 87.6007651378 1.00188139477 9200.0 0.1
-3385.69333039 -55.2173437723 0.957041102856 800.0 0.253846153846
3469.76538609 -31.7343243822 0.994193976088 1600.0 0.35641025641
-3163.10933176 28.3729504081 0.912406994022 2000.0 0.920512820513
-2918.70964188 9.4789583722 0.815726260031 2000.0 0.920512820513
-2994.20597548 -17.7003515125 0.948516819759 1600.0 0.561538461538
27.9655761283 -87.6110299976 1.00030979915 8200.0 0.1
2776.02355464 -31.8070561948 0.977574261355 1600.0 0.35641025641
-3319.73932695 -25.9578630265 0.905006465552 2000.0 0.920512820513
3743.70565539 -88.6727518214 0.992241422774 7400.0 0.253846153846
-3964.5838856 31.6154632966 0.973185829029 1000.0 0.407692307692
3346.40344229 -7.7099906672 0.865550361576 2200.0 0.971794871795
2333.3613086 7.16671131767 0.827598984614 1800.0 0.766666666667
-1315.80779513 4.15125766162 0.891704503006 2000.0 0.971794871795
2707.12421059 -28.9961461746 0.965694623551 7400.0 0.510256410256
-2489.673396 7.79333887791 0.966348473359 2000.0 0.869230769231
172.270698609 24.1291131927 0.816823704317 2000.0 0.920512820513
-3443.00677401 31.2830008387 0.831019221438 1800.0 0.869230769231
-2255.79898299 9.63555013584 0.931662094307 1200.0 0.664102564103
-77.6017364344 12.6077880131 0.902717725645 2000.0 0.920512820513
-2833.98388286 -24.3096146502 0.902086821014 2000.0 0.869230769231
1523.68525553 -21.8703318987 0.897718884226 1800.0 0.869230769231
-258.892738808 46.7897953534 0.960183966875 6000.0 0.510256410256
1905.46781568 11.6145281925 0.920510905925 1600.0 0.817948717949
2935.72452851 -1.5930429779 0.917118456258 1600.0 0.715384615385
-1301.03188252 -20.3346852091 0.840295859309 2000.0 0.869230769231
-1464.02884895 -30.9908732432 0.938466059461 2000.0 0.869230769231
-771.795183025 -37.2465001188 0.996122529774 2200.0 0.151282051282
-2334.81826845 32.2556125072 0.979905823292 1000.0 0.35641025641
1361.99142022 83.5333088878 0.991412726671 8400.0 0.202564102564
2834.73854954 58.3475440108 0.992512541327 2400.0 0.202564102564
-2148.57004706 -20.9959775505 0.883976680134 2000.0 0.817948717949
-1945.00336854 76.1735316964 0.991324415143 8200.0 0.253846153846
-2590.02600784 -43.5198060599 0.994067131263 800.0 0.151282051282
878.513018533 -31.0629125761 0.933147507257 1800.0 0.715384615385
1258.18084882 3.80174439045 0.939030632555 2000.0 0.869230769231
-2582.62519086 -48.3407105623 0.989100117425 2000.0 0.561538461538
-2417.4538478 -26.9778640656 0.906526763571 1000.0 1.79230769231
3342.47568996 -20.8116867926 0.915476393116 2000.0 0.664102564103
-4185.3781033 -24.1728389535 0.981592788623 8600.0 0.305128205128
1266.36194623 -47.9104241177 0.975046148574 2200.0 0.510256410256
2573.53905037 -20.6652764491 0.925472924613 2000.0 0.715384615385
3690.32492561 -27.3891076782 0.930164989541 2000.0 0.612820512821
-2660.91474612 14.2762091567 0.941731151332 2000.0 0.766666666667
4603.28436996 -25.4045634142 0.976463189917 7800.0 0.407692307692
-983.155881158 41.6044628081 0.991539060085 2000.0 0.458974358974
-3032.33150728 -18.477747778 0.927001137315 2000.0 0.458974358974
-1847.71794882 57.4723548547 0.975040958252 5200.0 0.407692307692
-1303.36296385 88.1702454269 0.989744901029 800.0 0.1
-3151.70789186 74.817518493 1.00146758718 8600.0 0.1
-2818.59209411 23.1769401892 0.948162720312 1800.0 1.27948717949
26.6816516944 54.2536554111 0.977099302495 1800.0 0.561538461538
3934.46509552 -42.1638288495 0.997929507437 9000.0 0.1
-2964.73667341 57.8718810467 0.969419812515 7400.0 0.407692307692
1658.13265176 -3.50342935998 0.917381378829 1600.0 0.766666666667
-3351.72575476 33.4189689388 0.893931275795 1800.0 1.02307692308
1607.7554785 -0.638102525591 0.859864970107 1800.0 1.07435897436
-1668.40918109 -19.4301000277 0.939442365861 1800.0 0.612820512821
3645.77900026 -22.7367193225 0.853152552856 2000.0 0.971794871795
-3348.11737526 45.2463668181 0.979346866987 1000.0 0.407692307692
-270.441066672 45.5769147357 0.977901353584 2000.0 0.458974358974
877.801261239 55.0884714813 0.922019576737 1800.0 0.715384615385
1101.80752521 -78.6309334677 1.00009641871 8000.0 0.1
2692.59160805 -20.4922165077 0.975267760509 3000.0 0.458974358974
1042.23236791 17.8149242093 0.856467755764 2000.0 1.07435897436
-314.931516006 5.25621088789 0.87537527248 2000.0 0.869230769231
712.607467086 -18.4914409238 0.967724315575 1800.0 0.664102564103
469.673117201 11.3290887567 0.90542746098 2000.0 0.971794871795
-65.5130831173 -48.2648188105 0.920534499648 2600.0 0.766666666667
-3252.61592374 -24.3882808515 0.907317263395 2000.0 0.869230769231
10.1528687664 -1.14100348738 0.871497291311 2000.0 0.971794871795
-1534.12467238 87.3048039359 0.997177682749 8000.0 0.1
-320.44010625 49.7525579554 0.983738702954 1000.0 0.305128205128
1400.47050978 -5.45071190435 0.913447070174 1800.0 0.817948717949
2261.68783328 64.590952205 0.971434256927 3400.0 0.35641025641
3236.61267734 -84.3400972666 0.997167632332 5200.0 0.1
785.700461177 -31.9531857367 0.978536305654 2000.0 0.35641025641
26.18160065 19.446610124 0.928780450171 2000.0 0.920512820513
2140.13661411 7.91259732072 0.931450156285 1800.0 0.612820512821
-179.464564564 17.9376669904 0.838673256284 2000.0 1.22820512821
1956.57877523 70.9092601394 0.995623624847 5200.0 0.151282051282
860.898453703 -85.1402587129 0.966217997777 2000.0 0.407692307692
455.466590453 40.869994028 0.873281482917 2000.0 1.02307692308
-3726.95992875 -76.670777909 0.999113864865 9000.0 0.151282051282
1442.02216147 33.7985447528 0.996412202966 1800.0 0.1
-2269.9479182 41.3857686171 0.950383117237 2000.0 0.715384615385
-2083.66887635 -20.6786796202 0.928821295019 2000.0 0.715384615385
-1804.23757584 48.9926094409 0.888473227503 2200.0 0.869230769231
1087.83817745 43.0881011739 0.952457179769 1200.0 1.02307692308
2314.03230857 -30.3892497112 0.892832581625 1800.0 1.02307692308
-415.548431728 34.1842853352 0.948395754114 2000.0 0.510256410256
-353.699749501 -58.4079364406 0.979904542284 1000.0 0.561538461538
-1841.14819063 -3.71569495578 0.806498856982 2000.0 1.02307692308
326.959770852 2.29554492665 0.813571435025 2000.0 0.971794871795
-1061.10246712 79.9802154504 1.00391974056 9200.0 0.1
-3405.35715592 -16.7722587511 0.948512204842 1800.0 0.561538461538
3039.07733693 63.596039504 0.995032277077 9200.0 0.202564102564
2168.37861904 34.914524488 0.958740598284 1400.0 0.715384615385
-2570.26686349 -1.41533704533 0.897842662791 1200.0 1.02307692308
1769.48122359 83.6061156538 0.99857663845 8400.0 0.1
-4123.98342124 58.8615356406 0.993302161894 1800.0 0.305128205128
3936.89619575 -8.56453673052 0.925596896802 2200.0 0.510256410256
3419.10959297 -7.21428928586 0.95893930598 1000.0 0.407692307692
3077.41989424 12.2803839184 0.850558710642 2000.0 0.920512820513
176.378580109 47.0718685789 0.990073666755 800.0 0.1
168.798997232 -68.176596198 0.990527442722 800.0 0.1
3543.93252987 14.3590074551 0.912220622009 2000.0 0.715384615385
-595.010315739 31.7265136935 0.960695854187 2000.0 0.612820512821
1332.20798479 85.8037252542 0.991910951977 4400.0 0.151282051282
-2426.50498139 30.792208946 0.907654841681 2000.0 1.02307692308
2816.56156253 37.6242678497 0.97902900531 1800.0 0.253846153846
-1183.03539792 75.0456872757 0.996158398269 800.0 0.1
2498.91006313 31.8752765647 0.98844311558 2200.0 0.305128205128
-1563.15850472 13.0123637253 0.943140473879 2000.0 0.920512820513
-3091.97002983 39.2718389476 0.906952568926 1800.0 0.664102564103
1865.74287601 -29.7666798462 0.964000866914 2200.0 0.510256410256
-1950.78635424 35.1848884755 0.966596759938 2200.0 0.664102564103
2394.63446543 15.5524640464 0.90629751094 2000.0 0.664102564103
3764.45043875 38.2138889688 0.96523859243 800.0 0.35641025641
990.793369238 -34.2492331992 0.961089719574 1800.0 0.817948717949
3744.07722338 -32.71220849 0.923722248573 2000.0 0.715384615385
-2630.7078379 -36.0581264576 0.997053140702 6400.0 0.407692307692
113.695390958 -35.1508847963 0.895722868438 2000.0 1.22820512821
-3459.80240804 70.6585081218 1.00297904018 7800.0 0.1
1676.81315688 38.8885599067 0.973014149987 1400.0 0.35641025641
-2633.59818722 -35.6190200717 0.966301614 2000.0 0.664102564103
-681.549896185 -18.5420306633 0.885205994483 2000.0 0.971794871795
-1391.89822177 21.6373335741 0.853354173154 2200.0 1.02307692308
-153.128538143 47.6349010546 0.969817434921 1000.0 0.458974358974
442.989382027 -14.9391258093 0.941789981959 1800.0 0.817948717949
1197.82437197 18.1973069689 0.938422747335 1800.0 0.766666666667
-2613.32186775 -50.0863998862 0.911606034804 1000.0 1.48461538462
-3605.46398558 -27.2270376651 0.979742555585 800.0 0.151282051282
-2469.59410036 -39.2186022108 0.991593375529 1800.0 0.35641025641
2233.31884871 -26.8243094541 0.914360359592 2000.0 0.664102564103
2981.27926055 -6.1453379253 0.924029642297 2000.0 0.715384615385
2760.04163323 15.1994596196 0.92407706971 1800.0 0.766666666667
-242.518178941 -6.97537812701 0.905580352828 2000.0 1.07435897436
3834.56903318 -16.481882513 0.914967708689 1400.0 0.766666666667
-154.556050753 13.6963305923 0.871557965261 2000.0 0.817948717949
3318.32834241 -58.8416186374 0.978414914053 2000.0 0.305128205128
-1689.40004928 -10.2694390042 0.920881312885 2000.0 0.971794871795
-1402.27005365 -0.903687115758 0.795618026472 2000.0 1.07435897436
3486.77998879 23.8439714764 0.945572944797 2000.0 0.664102564103
4693.93081321 55.5615268137 0.986970762594 8800.0 0.1
1012.25949415 79.1183246687 0.994858465753 8600.0 0.202564102564
101.199609047 63.4751735595 0.99818930095 7400.0 0.1
2857.08856885 12.7580334331 0.898117818163 2200.0 0.920512820513
-1756.10895907 26.7845059277 0.935839666461 1800.0 0.561538461538
1157.23368492 -43.3593193392 0.952040087119 2000.0 0.664102564103
320.576745185 32.4147105452 0.992710272539 800.0 0.1
3835.80790788 -47.7582463996 0.94847785151 1200.0 0.869230769231
2140.83844229 -32.9887750801 0.98385195426 1200.0 0.407692307692
-3885.73523894 16.497388044 0.887789164895 2000.0 0.971794871795
-1132.23903947 -58.9835876894 0.982237305969 9200.0 0.305128205128
1260.04974632 39.6413082369 0.972408959295 6000.0 0.407692307692
2883.99562735 -37.9449696533 0.91767793073 2000.0 0.817948717949
2607.31963498 13.5921471394 0.905472860802 1800.0 0.664102564103
355.676395727 36.6921059595 0.992220199078 2000.0 0.817948717949
-1275.76212862 5.14522748805 0.845190785965 2000.0 0.920512820513
-2752.61772591 23.32755886 0.92154089044 2000.0 0.715384615385
2230.52377254 -17.6269527018 0.921473534558 1200.0 0.817948717949
-1399.09504264 0.856098368444 0.829323525779 2000.0 0.971794871795
3484.01865961 40.1341600055 0.930788890646 1000.0 0.612820512821
258.385724891 -4.48210853404 0.959118952118 2000.0 0.920512820513
1890.62462431 -72.9374240029 0.998905517839 9200.0 0.1
-294.512253422 53.7252430997 0.992117114927 2200.0 0.458974358974
2664.86584429 86.2929018098 0.992357689356 8600.0 0.202564102564
2851.50561088 18.9327943275 0.925608947192 2000.0 0.561538461538
-2848.84841871 87.2786449616 1.00043397674 9000.0 0.1
3853.03381746 17.4498790583 0.873697954338 1600.0 0.766666666667
-3349.81731113 3.67306281235 0.972451600939 1800.0 0.920512820513
1000.58679628 -10.2072168072 0.913329137615 2000.0 1.07435897436
-401.609826571 48.4288090623 0.950686337369 1800.0 1.27948717949
-4033.38346565 20.5095896436 0.950334675172 2000.0 0.664102564103
-1733.56674028 8.4181214388 0.871472623321 1800.0 0.715384615385
2726.42947455 -30.7648619121 0.936522125589 2000.0 0.664102564103
2884.94370692 -57.4737461124 0.993777625747 7400.0 0.202564102564
711.043245152 -28.5406285503 0.92032255742 1800.0 0.920512820513
1572.4834092 -66.0741388678 0.981358316919 1400.0 0.510256410256
-3007.79555148 16.9756710718 0.946473303617 1600.0 0.766666666667
2073.58921827 38.6417650498 0.907208864185 1800.0 0.920512820513
3890.43378248 -61.2482481804 0.994433434188 9200.0 0.151282051282
-2026.277678 -17.1718765058 0.915311703932 1200.0 0.766666666667
2552.98139917 14.1433268403 0.887293200777 1800.0 0.766666666667
611.361223797 14.3758037292 0.804073535374 2000.0 1.02307692308
1597.04495278 10.7486358574 0.842874570227 2000.0 0.817948717949
-3136.41523899 41.0637364173 0.906517650699 2000.0 0.920512820513
-3704.96033484 3.89840292424 0.866979157615 2200.0 1.07435897436
2701.25237187 -48.2502234653 0.990642088686 1000.0 0.202564102564
-3651.17920902 -44.4477074914 0.936607187357 1000.0 0.971794871795
-1388.48047203 -13.4460955021 0.837125181598 2000.0 1.12564102564
403.278389747 -79.2826243133 1.00273731707 8600.0 0.1
-535.642036492 38.9771750642 0.924984550323 1800.0 0.715384615385
-3056.76533042 19.3418811033 0.967027744646 1200.0 0.766666666667
-2556.87815094 53.964123374 0.95878994052 1800.0 0.971794871795
-4348.98698147 8.75264780146 0.908325899049 2000.0 0.766666666667
1968.47743769 -29.9397620241 0.911908291927 2000.0 0.715384615385
3582.65103112 -44.3065663805 0.998530904579 800.0 0.1
3961.22860215 -78.6701986008 1.00091343994 1200.0 0.1
-610.693025042 41.0304443333 0.931817683721 2000.0 0.664102564103
1997.89488019 29.7716912142 0.855855515214 1800.0 0.869230769231
1348.77645855 -24.7799679479 0.960345207468 1200.0 0.664102564103
3602.89139667 -38.4877915298 0.883615243395 2200.0 0.766666666667
-2805.43843813 45.0852183093 0.985438125593 1800.0 0.35641025641
1015.70692401 3.74418294639 0.891230061955 1600.0 0.766666666667
2201.17465485 19.5158694205 0.92749730477 1000.0 0.458974358974
145.547116511 -35.4513749499 0.865291582675 2000.0 0.869230769231
2368.63555128 59.336855795 0.955363576532 1800.0 0.664102564103
-2681.4698666 13.9638454916 0.82717621264 2000.0 0.971794871795
-172.530647331 54.0799830179 0.999248430691 8800.0 0.1
-3134.10948084 1.16236266261 0.989923604724 5200.0 0.510256410256
2944.06513926 -2.7934321788 0.961242591881 1000.0 0.458974358974
2595.37149133 -34.9282475886 0.971845540306 2400.0 0.510256410256
-1576.57146104 -20.8284950411 0.950141236532 1800.0 0.715384615385
-704.514222519 -73.5711824807 0.984999646937 800.0 0.1
-3177.43745991 -15.9833855828 0.933695304033 2000.0 0.715384615385
2680.44692207 7.74448571402 0.97186299689 1000.0 0.458974358974
-1887.16058949 25.7304835715 0.855433652702 1800.0 0.766666666667
-16.8341552306 -25.594805813 0.933221606953 2000.0 0.664102564103
-2967.54352434 8.08094464515 0.939293106899 1400.0 0.715384615385
-3133.50546542 -1.58511030223 0.904486959784 2000.0 1.02307692308
994.454046612 29.4397881544 0.97064499113 2600.0 0.510256410256
-2813.63249496 18.6369424458 0.954391360554 1800.0 0.920512820513
2655.37849053 -30.4414527726 0.893788358533 2000.0 0.869230769231
-1889.29702008 -6.21433137306 0.927389216343 2000.0 0.817948717949
1738.85558991 -31.0058305226 0.90646960086 2000.0 0.869230769231
-2336.33963929 0.999432104296 0.872775246622 2000.0 0.715384615385
-3512.59307089 -27.7320477797 0.880281477048 2000.0 0.920512820513
269.288999292 10.3482784999 0.923897309072 2000.0 0.869230769231
-551.719716706 -38.2845944482 0.95969791589 2400.0 0.561538461538
-2923.40297624 -64.8265235648 0.998579177038 5200.0 0.1
3293.0530077 -21.0551765364 0.977306718978 8200.0 0.253846153846
-2911.68722152 -84.8287101669 0.999963952531 4400.0 0.1
-2213.96725238 89.1532999059 0.988777221043 8400.0 0.202564102564
2844.98854886 -1.97524815307 0.969609078384 2000.0 0.766666666667
-1408.20366824 56.4963877579 0.958743006207 2000.0 0.715384615385
-2918.49023771 2.21230279499 0.873840043443 1000.0 0.561538461538
1571.74640534 -25.3653880381 0.933512448841 2000.0 0.664102564103
-15.1257732996 -13.9444419479 0.819106552174 2000.0 1.12564102564
-1797.66170553 -11.925029106 0.889985835157 1800.0 0.971794871795
-1292.62413841 -8.43458620911 0.833905593897 2000.0 0.817948717949
3667.73632485 46.975482073 0.978189415983 2600.0 0.305128205128
-3138.075939 73.0255163363 0.996533478123 9000.0 0.151282051282
-3749.236729 -10.8419540153 0.911924756015 2000.0 0.971794871795
387.493105025 -10.8663576153 0.859392869818 2000.0 1.02307692308
3407.36497819 -9.80393372856 0.954210584491 1800.0 0.664102564103
-2380.29716703 -53.6995134754 0.952467991883 2200.0 0.612820512821
3575.75402312 -78.5834986447 0.999509730195 8600.0 0.1
3073.74867497 -39.380132813 0.930517419508 2000.0 0.766666666667
-116.99104276 -2.48273723953 0.853446699465 2000.0 1.07435897436
-1527.74267969 -40.395641549 0.969403185537 2200.0 0.766666666667
189.401967908 4.97360236056 0.9090494821 2000.0 0.971794871795
-1751.79620189 47.8905238647 0.932583323178 2000.0 1.38205128205
2199.32924956 18.4585250776 0.961576580951 2200.0 0.407692307692
-2077.88894114 31.8506739748 0.942654946704 2200.0 0.817948717949
1247.09550126 -12.1974062785 0.837414397514 2000.0 0.869230769231
3284.16454947 -84.1557868393 0.999604347112 1200.0 0.1
-286.646944777 52.6995165707 0.958490874959 2200.0 0.664102564103
-1510.28331766 -27.3072711867 0.841299819565 2000.0 1.12564102564
-2766.37911101 -62.7044378466 0.933112560163 1600.0 1.02307692308
1887.93978072 35.0693133497 0.972975447622 2000.0 0.510256410256
-593.70195083 25.7004639413 0.929062335013 2000.0 0.869230769231
1178.7733722 41.2168635483 0.981257722952 2000.0 0.458974358974
-2274.26849704 -43.2252221573 0.96104259522 1000.0 0.510256410256
-3301.87740937 22.5847509163 0.912367120443 1800.0 1.22820512821
-246.160205518 25.8297333201 0.946806948161 2000.0 0.817948717949
3533.91355795 32.3664623413 0.978512861642 2000.0 0.510256410256
2552.16162169 2.56953731872 0.922640910765 2000.0 0.766666666667
871.226182209 -71.1101057089 0.990348771315 7800.0 0.202564102564
-2129.69425863 -35.8334220604 0.94417575306 2200.0 0.869230769231
-1685.91826791 -18.6472063284 0.896727017854 2200.0 1.17692307692
2297.90494179 -11.8912882493 0.857430800867 2200.0 0.869230769231
2356.4605599 -39.5938401832 0.963425081483 2000.0 0.715384615385
-1668.93746319 44.1625045714 0.982960851949 2200.0 0.35641025641
797.409543502 -12.2944012036 0.968226842872 1400.0 0.817948717949
-1468.67119519 -85.1044518637 0.987128527521 800.0 0.1
-544.875511041 -54.1073437683 0.915483930853 2000.0 0.766666666667
89.2683498967 -39.4263292491 0.921164451288 2000.0 0.612820512821
2180.91603375 -58.2132359574 0.925476398084 800.0 0.253846153846
2441.73436175 -16.5472928397 0.878543569882 2000.0 0.971794871795
1411.24173456 -40.3572561198 0.879035364795 1800.0 1.02307692308
1697.39337791 -71.0529997692 0.977665546441 8400.0 0.305128205128
-2371.80132982 7.29346311772 0.937231904644 2200.0 0.920512820513
775.626054529 -48.5974876521 0.981527920837 2000.0 0.305128205128
519.591860948 15.8368705521 0.902105122224 2000.0 0.869230769231
-3041.40345696 -37.1276803537 0.979156032911 1600.0 0.715384615385
3267.80156272 52.9645670989 0.971156473415 1400.0 0.35641025641
-2738.42025288 89.01647787 0.996262798583 8000.0 0.151282051282
-1048.63963533 -11.9418807842 0.920062069136 2000.0 1.17692307692
2101.34528177 86.7849828343 0.993967628295 8000.0 0.202564102564
2884.84906104 84.238370493 0.997877724497 5600.0 0.151282051282
-97.1249472506 16.6380473231 0.821381007727 2000.0 0.869230769231
-1672.16918363 -42.3875145589 0.931983530277 1800.0 0.561538461538
-2944.57595512 34.2983469453 0.956513662268 2000.0 0.561538461538
2488.04757594 -88.2776365088 0.98966202003 5400.0 0.151282051282
2462.2550578 29.90298542 0.949617132625 1400.0 0.510256410256
630.023231625 -13.1764464494 0.881133674508 2000.0 0.869230769231
-2073.25683978 43.6212463031 0.979826311995 2000.0 0.305128205128
2961.29759302 20.2063110775 0.895332453631 2000.0 0.766666666667
-69.1784462369 -13.1732109751 0.854901061193 2000.0 0.971794871795
-2509.96883301 18.9001408706 0.906820142002 1000.0 0.510256410256
-691.607365309 1.32517594939 0.92293618597 1800.0 1.02307692308
-867.763186839 38.1656299481 0.904673339904 1800.0 0.817948717949
1613.80629444 54.6691857418 0.999665486343 9000.0 0.1
3176.68268537 22.0469559522 0.948325431237 2200.0 0.35641025641
-3185.9778322 -3.90484073205 0.953358201577 2000.0 0.971794871795
426.609531049 26.6477344338 0.909848454872 2000.0 0.766666666667
1353.39880807 1.07085953345 0.835915822171 2000.0 0.920512820513
2414.27010705 -33.1835230801 0.870742084504 1800.0 0.920512820513
2129.69181227 -4.04291025086 0.968621569872 1000.0 0.561538461538
-1539.3883574 -49.8650618029 0.965009656048 2000.0 0.35641025641
1055.89881171 26.7586630342 0.941711330024 800.0 0.561538461538
3316.2434428 35.1235454191 0.919756921342 2000.0 0.920512820513
-471.74079976 20.5432431476 0.854562034174 1800.0 1.12564102564
2918.70574125 -36.642050661 0.983767031828 9200.0 0.35641025641
-1147.83386314 37.9971097982 0.909276427998 1800.0 0.664102564103
2316.22541159 32.6396001255 0.963625619043 1000.0 0.305128205128
-3345.22851233 -37.1006360368 0.983320844659 7000.0 0.151282051282
1606.91172822 28.8707294089 0.953045640721 2000.0 0.971794871795
-2068.4635709 71.3440388383 1.00028336103 8400.0 0.1
-1467.96181592 -60.4243777123 0.998737159821 800.0 0.1
2338.3296787 -49.0305278866 0.991548945072 1600.0 0.253846153846
-2400.44215435 52.7988870131 0.963038973578 2000.0 0.766666666667
-3176.77686951 -1.53295582715 0.91240857954 2000.0 0.920512820513
1331.87795923 5.72172288099 0.856597634713 2000.0 0.817948717949
36.9022495639 -7.12580510863 0.956868373168 2000.0 1.02307692308
-2267.68807232 -57.0193554011 0.943757885494 1000.0 0.561538461538
1551.47159592 -25.2595967361 0.956756680259 1800.0 0.510256410256
3697.00665281 19.5460691536 0.885038862186 2000.0 0.920512820513
2269.35870028 -45.5535157175 0.990316011461 1000.0 0.202564102564
-1689.31565501 -47.6487748543 0.941606352106 2000.0 0.510256410256
3233.3843149 -28.3719324074 0.942422290033 2000.0 0.766666666667
-2079.54898838 9.35841295843 0.928869185656 2000.0 0.817948717949
-4120.96157386 -16.8202626314 0.913760359148 1600.0 0.458974358974
3189.86967955 47.625141563 0.943374358833 2200.0 0.971794871795
3354.79351807 -19.1233974978 0.961601730157 1000.0 0.510256410256
-3410.57506723 80.0731487025 0.984127056053 5000.0 0.202564102564
2905.66594648 -43.1781620915 0.970430268505 2000.0 0.510256410256
-1423.97607405 59.8929301382 0.951221449556 2000.0 0.817948717949
-593.999873783 -23.1085308852 0.984113317347 2000.0 0.869230769231
-3525.52910611 -79.5642512612 1.00190048842 8800.0 0.1
557.875016195 85.5539451053 1.00141176999 7200.0 0.1
-2209.5915195 -6.76179743463 0.974059881375 1800.0 0.971794871795
2646.33631211 -84.5618713773 1.00073109642 5200.0 0.1
33.1346440722 -88.6687645223 0.97712465589 7800.0 0.407692307692
-2248.95141921 6.79995255715 0.943226191562 2000.0 0.971794871795
1968.27275974 -73.7455762504 0.985533157389 4600.0 0.253846153846
-540.454538393 -47.6205057311 0.969564132959 2200.0 0.407692307692
-2800.8059678 9.04516379113 0.924811958464 2000.0 0.766666666667
-2290.40842213 24.1385088017 0.950620403717 2000.0 0.971794871795
-868.601368955 -75.8561355257 0.998276478554 8600.0 0.151282051282
669.089654081 24.6283291731 0.99575970503 2000.0 0.664102564103
-2625.56046806 -4.72864192427 0.86570345308 1200.0 0.715384615385
-1189.05689098 -63.0441086142 0.905703063507 2000.0 0.766666666667
2060.08388462 -47.1268953879 0.899180514211 2000.0 0.766666666667
-2093.152861 20.881038829 0.901804546294 2000.0 0.664102564103
-1250.24560182 -45.7126652401 0.964612743324 2200.0 0.561538461538
-1882.76610991 21.1994150804 0.852988118958 2000.0 0.971794871795
1759.68211105 16.1241806665 0.915780125739 1000.0 0.458974358974
960.351935596 -44.7030072043 0.877155993387 2000.0 1.02307692308
-1687.85736467 -15.1824141117 0.826029415685 1800.0 1.17692307692
1451.85338964 77.758451932 0.985721308358 8600.0 0.253846153846
3216.07311935 -83.0604793982 0.98587215972 800.0 0.1
-3019.62788324 40.7565157532 0.997252008254 8800.0 0.151282051282
-323.679497139 57.6205602072 0.937844494772 800.0 0.202564102564
2563.30844512 26.8190705877 0.975543180069 2000.0 0.35641025641
-3151.77585989 -48.1726060819 0.958894577969 2000.0 0.458974358974
-3235.13039843 -37.1060463169 0.959988760456 1000.0 0.612820512821
-3665.58761286 -33.2585845435 0.908353446508 2200.0 1.48461538462
-1861.08406501 -14.9782785616 0.918850863588 2000.0 0.920512820513
772.779235087 8.86236214646 0.932765286327 2000.0 0.869230769231
-992.863044786 -69.2959721196 0.997539478811 4200.0 0.151282051282
1803.01880421 -23.9643027815 0.915573189738 1000.0 0.817948717949
1799.75986425 64.7821295851 1.00174314993 800.0 0.1
958.166405453 36.2921344152 0.91154668366 2000.0 0.766666666667
-2879.74369533 25.75337982 0.989707087552 1000.0 0.305128205128
-3751.99590779 -31.7538610827 0.995572711499 1200.0 0.305128205128
-45.2298424078 -17.2623350818 0.995167694221 2200.0 0.971794871795
-3588.20095494 27.9549934538 0.894906591301 1800.0 1.02307692308
903.633393396 -6.08347387948 0.933065120381 2000.0 0.971794871795
261.605458163 -16.4734272118 0.850580940229 2000.0 0.971794871795
-812.1358068 17.5048791323 0.845671880815 2000.0 1.02307692308
1613.79011956 16.2140520991 0.979773948231 1400.0 0.612820512821
-1882.38832833 -12.3003634877 0.831043673253 2000.0 1.02307692308
-1473.67206378 -9.15285203953 0.872960508093 2000.0 1.07435897436
3478.71627788 -16.7350054029 0.972532660029 1000.0 0.561538461538
3941.82750574 -71.4032263176 0.988011302635 8600.0 0.253846153846
-4294.00446792 24.1937893713 0.979639451113 1000.0 1.07435897436
703.044068889 -38.6591656594 0.933775731586 1800.0 0.715384615385
329.529575277 -78.5398782629 1.00259257285 9000.0 0.1
1873.53558864 6.02490619959 0.906259882735 2000.0 0.817948717949
1624.0644943 11.2431826378 0.917526891669 2000.0 0.664102564103
-3723.75241498 33.6760631597 0.969885526415 8800.0 0.407692307692
3557.54964004 -85.4686866537 1.00100516606 4400.0 0.1
-1152.80635207 34.6201124384 0.998901722579 2400.0 0.151282051282
663.45687658 82.9342337132 0.99207130974 8800.0 0.202564102564
-2147.7429751 3.85185065997 0.911613807612 2000.0 0.920512820513
-1104.06448532 -7.32697858632 0.844555784526 2000.0 0.971794871795
1367.99534399 -57.4746874285 0.931684618664 2000.0 0.817948717949
2105.26761275 -76.4877985464 0.995364840936 4600.0 0.202564102564
-3027.11558741 -42.4948709167 0.926028479357 2000.0 0.971794871795
-92.4813512664 26.3955967423 0.87345388378 2000.0 1.02307692308
-1079.98548731 -5.53973332249 0.870744164076 2000.0 0.766666666667
-16.7694656787 -29.7991767666 0.890490263443 2000.0 0.766666666667
-1361.66165732 -3.13806402484 0.840566367621 2000.0 0.971794871795
-3099.00002031 58.4054179378 0.990849876491 800.0 0.1
1860.01935481 30.4408689984 0.958776166896 2200.0 0.612820512821
2741.01746875 -19.7842383601 0.9185132416 1800.0 0.612820512821
-2754.59314626 -0.949298827044 0.872605900837 2000.0 0.920512820513
2988.47496257 16.7706241378 0.914102779587 1800.0 0.920512820513
-3319.24698334 -70.618060811 1.00234772378 8400.0 0.1
-359.101743219 26.4614232527 0.983300869246 2600.0 0.35641025641
2116.53334591 -69.1653074014 0.997337176223 6400.0 0.1
568.890828499 -29.908243862 0.844187197592 2000.0 0.869230769231
-2497.5184769 9.90133483082 0.938026374017 1400.0 0.920512820513
-794.195640124 -22.6467583094 0.93717941307 2000.0 1.12564102564
2973.89986792 47.7476860092 0.98028394099 1600.0 0.561538461538
385.810045444 37.1847195882 0.925487310428 2000.0 0.561538461538
-592.564050389 13.8428403165 0.863062057996 2000.0 1.12564102564
579.248598485 40.847750216 0.975583476566 2800.0 0.510256410256
3588.74079497 -22.3569417389 0.935750601154 1000.0 0.458974358974
863.709727862 -55.9435930268 0.996264986618 800.0 0.151282051282
-980.766933416 -9.80348552731 0.939279920649 2200.0 0.971794871795
3511.7565308 29.9071881385 0.871030702785 2000.0 0.817948717949
3140.03645782 -2.38012758221 0.976432369859 2000.0 0.561538461538
1530.18605898 -55.2630418972 0.952730284319 2000.0 0.612820512821
-343.627445984 34.8792303816 0.90028968379 1600.0 1.33076923077
-3486.21334087 6.45581106859 0.9374377634 1800.0 0.869230769231
-1365.31725111 38.0250642114 0.983044366754 2000.0 0.407692307692
-1.37744817531 -62.9805149318 0.972419727522 2600.0 0.458974358974
3672.74623016 -48.9044070371 0.966296533694 2000.0 0.305128205128
-2448.9983595 -88.7790750717 0.994872961621 8800.0 0.151282051282
370.58200473 4.4573162002 0.967856288957 2000.0 0.971794871795
-608.801586871 12.1247866546 0.829763486295 2000.0 1.02307692308
-1844.47607286 -41.6598428524 0.878552878914 1800.0 1.07435897436
-729.640819888 32.5001384116 0.948919651906 2000.0 0.920512820513
1826.17781367 15.5726109076 0.856538218516 1800.0 0.971794871795
-1779.01975247 38.6840844268 0.992444255832 1200.0 1.02307692308
-3527.04270179 49.2348806056 0.987040998191 1000.0 0.253846153846
819.127960526 -4.13500494745 0.935428255573 2000.0 1.07435897436
-509.401838932 38.8774952468 0.99027262961 2200.0 0.35641025641
-3117.74280876 12.9235591384 0.966157766305 1000.0 0.561538461538
3112.49952246 11.4010664876 0.926361732274 1000.0 0.664102564103
-2528.13275014 -37.9715941736 0.880188556998 2000.0 1.58717948718
3543.83222893 41.99959078 0.97154608879 6200.0 0.305128205128
3401.53260618 -6.21370383569 0.926511512199 1800.0 0.715384615385
-2014.00581089 -30.2204905313 0.993004039087 800.0 0.151282051282
1580.44681712 -37.3688355385 0.974847628116 1400.0 0.305128205128
1087.92370398 7.87034679818 0.977889228641 1800.0 0.920512820513
-3565.08138037 -55.3357326924 0.985412399117 2000.0 0.510256410256
-3094.80580869 51.8260849545 0.985499582663 5400.0 0.253846153846
-433.346205449 -30.9985220344 0.891445360925 2000.0 0.920512820513
-1240.28562965 -22.4974388558 0.976801152216 1000.0 0.715384615385
2739.76435564 32.2445735383 0.942121761462 1200.0 0.510256410256
-2195.53681378 -83.6534882223 0.982356188711 5200.0 0.202564102564
2795.47748172 78.135783114 0.929676793838 2000.0 0.612820512821
1329.02374202 -58.5263560398 0.981102992657 800.0 0.1
1189.09618307 -17.8108304636 0.882643406626 1800.0 1.02307692308
-1920.88832053 51.4604389305 0.948973723627 2000.0 0.817948717949
1251.97321354 -37.642441677 0.913358380598 1800.0 0.971794871795
-1407.59952913 -31.6791364084 0.966863532352 2000.0 0.510256410256
4059.18920369 -81.783477799 1.00189981268 4400.0 0.1
-2603.80740426 21.0011973566 0.900228794114 2000.0 1.02307692308
-1144.40615556 -39.000974017 0.969466248075 2600.0 0.458974358974
3103.23357224 -38.0750777549 0.923000268133 2000.0 0.561538461538
349.661610444 -48.5776659133 0.926581438773 2000.0 0.715384615385
-2674.91435479 14.3420260946 0.94354980319 1600.0 0.920512820513
765.577180456 -5.78431336878 0.840853338607 2000.0 0.869230769231
-2494.77599569 -0.538911969574 0.891427017181 2000.0 0.920512820513
-995.550708661 -11.9429360844 0.879166826083 2000.0 0.971794871795
2092.81714543 56.5064178658 0.983944939201 1000.0 0.35641025641
-3022.5843494 -42.9180348347 0.991465257366 1200.0 0.305128205128
-161.615686282 4.17010229943 0.864051228367 2000.0 0.920512820513
2393.64317007 50.5689638046 0.994678800025 800.0 0.1
2988.121613 26.9822973879 0.95929721008 1000.0 0.510256410256
-345.108344601 69.1584673944 1.00449946664 7600.0 0.1
938.93576269 49.8319401111 0.918480677671 1800.0 0.869230769231
-860.390953083 22.3794864478 0.930884268077 2000.0 1.02307692308
1942.86073478 77.606320318 0.995433487528 7600.0 0.151282051282
1621.51750944 -31.3260057582 0.975146523057 1800.0 0.35641025641
-1939.28725151 -54.0436911781 0.911914119393 2000.0 0.817948717949
964.262481216 -82.7091847511 0.985722418002 800.0 0.1
1113.5780703 45.4574121926 0.99134082663 2400.0 0.407692307692
-1160.78539459 -59.9149899484 0.992766450461 800.0 0.1
-1680.29897774 -34.0404889705 0.988751970582 1000.0 0.561538461538
2788.10879465 -59.3454733285 0.990592553712 8800.0 0.305128205128
1523.88643223 -81.9261807775 0.992785381679 8200.0 0.253846153846
-3179.01968919 -42.5736219609 0.962816532499 6000.0 0.510256410256
1951.79869559 -83.967754377 0.976569319513 9200.0 0.305128205128
1814.31807642 33.0204105875 0.955096740845 2000.0 0.510256410256
31.6731195128 46.0904375448 0.964593332195 800.0 0.1
-285.45072831 5.74078385903 0.929563366899 2000.0 0.920512820513
-1523.03856212 -30.3659635328 0.90975284111 1800.0 0.817948717949
-1547.89623289 -50.5986887891 0.921895839071 2000.0 0.766666666667
188.441162598 -40.8469904177 0.961703441536 2000.0 0.766666666667
-2854.74016926 -39.6568074035 0.972685073778 2200.0 1.02307692308
-3513.04168593 12.5943955793 0.881131945793 2000.0 0.920512820513
-1867.65243369 13.4235079065 0.924717991241 1800.0 1.07435897436
-1239.90579034 -47.1640835401 0.959682235231 1400.0 0.407692307692
-1180.10596065 31.7451447341 0.9463860578 2000.0 0.817948717949
12.5178734571 12.7363994272 0.877545109693 2000.0 1.17692307692
-803.904667291 19.2595263889 0.934347312754 2000.0 0.510256410256
-2366.12512525 -49.679853466 0.986120918786 1200.0 0.253846153846
727.180407942 -61.9194001314 0.995553577866 5400.0 0.151282051282
-3181.8589549 7.77136607031 0.986532872793 5400.0 0.510256410256
2703.75397621 -52.7126341188 0.936613943993 2000.0 0.35641025641
2841.39919388 -4.90880366232 0.984366821195 1000.0 0.561538461538
1715.37104145 -42.6782742 0.920499773573 1800.0 0.561538461538
-3043.92371531 -32.4340131361 0.982271694364 8600.0 0.407692307692
-935.913975764 75.341432944 0.996265165174 9200.0 0.202564102564
2937.49023769 34.4401067356 0.926242999619 2000.0 0.715384615385
2073.02696571 64.9888409617 0.996863749235 2200.0 0.407692307692
-145.590952567 -23.1662544585 0.946039687463 1000.0 0.458974358974
2787.27420324 7.04664974873 0.937525451499 2000.0 0.715384615385
-4059.33262208 28.2009223602 0.947307910352 2000.0 0.561538461538
-2697.54333564 19.2502131636 0.970987569091 1800.0 0.664102564103
-223.701819069 -79.8029821896 0.999977146101 5400.0 0.1
-3291.88577825 -9.3329853022 0.867974323984 2000.0 1.07435897436
-365.69903888 -61.1020870264 0.948668225427 2000.0 0.869230769231
2325.82425603 17.7120696348 0.89550693107 1200.0 0.715384615385
-1338.9570769 -59.5064153554 0.98647362385 1800.0 0.35641025641
3311.76323424 82.6224010649 1.00329382029 9200.0 0.1
3203.57332362 -48.6683282087 0.975857082006 1000.0 0.766666666667
-1614.13600637 38.7123109249 0.915434465274 2000.0 0.869230769231
3630.30305562 -8.49355553429 0.906864533205 2000.0 0.766666666667
-2219.41260302 34.7310331355 0.881764795033 2000.0 1.22820512821
-2353.47183707 19.4761223336 0.98685072838 2800.0 0.561538461538
-464.288445521 22.0506578682 0.871797927457 2000.0 1.02307692308
756.497347598 65.9265757725 0.993576049248 800.0 0.1
-363.352416511 -23.9260795257 0.934054787556 1800.0 1.07435897436
-185.241012647 18.8395518862 0.925216897431 2000.0 1.02307692308
-2960.29414618 15.3204398942 0.949456814901 1800.0 1.17692307692
-195.367097133 -52.3139204634 0.974999498772 3800.0 0.35641025641
1816.24039845 -36.626535039 0.925701436144 2000.0 0.664102564103
2169.58042957 -10.5006345368 0.970905726272 1800.0 0.715384615385
-2924.39601161 -28.5050821799 0.922824835914 2000.0 0.766666666667
-1763.84841902 23.1594676584 0.956999891792 2000.0 0.612820512821
2660.65643437 -40.1548354393 0.953781538829 2000.0 0.561538461538
-289.993556426 -85.7171336324 0.978991687201 8400.0 0.407692307692
572.827829224 -39.8534687338 0.934696821617 2200.0 0.664102564103
-863.833249727 -37.7975745645 0.945686435701 1800.0 0.869230769231
3384.75624002 72.0918590911 0.995676020284 8600.0 0.1
2673.60458765 -32.4221666354 0.962718896986 2000.0 0.510256410256
-1881.03177761 25.6237974008 0.983923609072 2000.0 0.715384615385
-2997.58803291 86.5693903769 0.995394989834 8800.0 0.151282051282
-4623.46697632 -68.1467596775 0.995125664524 8600.0 0.1
1894.86461073 56.1035504207 0.996255612497 9000.0 0.151282051282
-1564.90485845 41.0528209904 0.875657150351 2000.0 0.971794871795
-1520.47883527 -83.6845665135 1.00583180047 8400.0 0.1
-2673.40742088 52.8500872123 0.956865841479 1000.0 0.35641025641
1288.22152338 -35.8463379168 0.969447066507 1800.0 0.561538461538
645.565739172 -36.3169353455 0.853847430814 2000.0 0.971794871795
2244.97455321 82.2820595346 0.994645924792 9200.0 0.202564102564
-2218.72773361 -87.8719017009 1.00225354949 8000.0 0.1
-2177.76138192 -57.3362853842 0.962030395601 1000.0 0.510256410256
-1076.91238764 -27.7659596601 0.945098495231 2200.0 0.715384615385
-1682.96517799 42.8101242272 0.863890803808 2000.0 0.920512820513
-497.835113608 -77.7491279972 1.00387982112 8600.0 0.1
244.205746296 -3.85844979857 0.884937209464 2000.0 1.02307692308
-597.258335561 3.61031673854 0.966016155193 2000.0 1.02307692308
-3242.75874401 5.2351428401 0.884860360257 2000.0 0.971794871795
243.635161808 -12.1641663456 0.974392956977 2000.0 0.664102564103
-1441.35142645 -49.9511030026 0.922669682165 1800.0 0.766666666667
-2865.05127987 -45.4515931995 0.933567784081 2200.0 0.869230769231
-1594.94675623 46.8843753089 0.974923479539 2000.0 0.407692307692
2231.18912558 22.2559280412 0.821386654342 2000.0 0.971794871795
-2274.36274412 -6.03905379037 0.904318575671 2200.0 1.07435897436
2417.88100849 79.1351418271 0.991571616508 8800.0 0.253846153846
-2996.66157751 -1.46642319327 0.87524508322 2000.0 0.971794871795
2404.8274339 -5.15879677439 0.978850073841 1000.0 0.664102564103
4023.62617841 -6.66226019054 0.908051954098 1800.0 0.458974358974
2426.6821854 -35.3072292054 0.966514408005 1000.0 0.35641025641
3101.36783148 -58.7865066057 0.982853097811 1000.0 0.407692307692
3275.19242673 -24.9329321096 0.937778004241 1400.0 0.458974358974
-761.350694123 87.1206096271 0.99226837512 8400.0 0.202564102564
1863.83391786 -0.849045863018 0.86946375056 2000.0 0.869230769231
3268.29614678 7.87721956436 0.8834372343 1800.0 0.664102564103
-2442.06877202 44.3211331025 0.972844536304 1200.0 1.02307692308
1468.48436051 7.77325602513 0.930831752498 1600.0 0.766666666667
-2123.67811514 -62.3054182211 0.972132915912 1000.0 1.07435897436
-3373.5798152 -2.74423305705 0.965362476977 1400.0 0.817948717949
-1875.04837172 4.61696960243 0.946743674762 1800.0 0.869230769231
522.061680444 30.9308389277 0.89035985751 2000.0 0.869230769231
289.006596983 -20.8984800242 0.975901123329 2000.0 0.971794871795
-1158.40031894 -29.7897513174 0.955785772748 2200.0 0.920512820513
-2389.72842309 81.4581024674 0.997904232818 8800.0 0.1
-1975.55580306 -65.022967012 0.933311339575 2000.0 0.715384615385
1387.5944746 -54.7324084211 0.949872396003 2000.0 0.407692307692
360.628672892 -25.6512685044 0.947506987414 2000.0 1.07435897436
-4681.57499204 -71.1755141002 0.969515364938 2000.0 0.407692307692
-1935.07707912 -3.47455135029 0.885877367327 2000.0 1.02307692308
-1626.66585861 -16.5150036224 0.971040335279 1000.0 0.664102564103
1343.24316912 89.105936963 1.00474841901 8200.0 0.1
-3100.39116416 36.4197039039 0.961312343201 2200.0 0.510256410256
-3353.45435665 27.2437040979 0.936952243394 2000.0 0.715384615385
2073.29750629 -1.80623020282 0.949182093479 1000.0 0.664102564103
646.913805167 -11.1539541952 0.86364735716 2000.0 0.920512820513
2639.29807736 2.2587811933 0.900348100762 2000.0 0.971794871795
-1006.10565492 20.8603767945 0.940444781458 2400.0 0.664102564103
4213.74009563 -15.7035664873 0.924205509429 1800.0 0.561538461538
-574.596567662 -70.0581693706 0.994742906135 2000.0 0.202564102564
-955.891115381 37.1424568457 0.917326712159 2000.0 0.869230769231
-1357.75933269 10.3269299975 0.940554621716 2000.0 1.02307692308
-2647.94591575 28.7131413057 0.934151188569 2000.0 0.561538461538
2924.81662872 -51.5961958682 0.97273605995 8200.0 0.35641025641
-723.810807052 -28.4278488582 0.888830755963 2000.0 0.869230769231
3195.29519954 52.4176301055 0.967525071065 1000.0 0.612820512821
-26.8153538569 -21.7806490611 0.865598705848 2000.0 0.920512820513
-3136.21680239 -27.5429931006 0.9742686002 1400.0 0.715384615385
-3357.29076457 -50.5688966607 0.940017107382 2000.0 0.561538461538
2212.24969582 -21.1320006478 0.906495965495 1000.0 0.766666666667
-621.026602608 0.707302749075 0.84553725082 2000.0 0.971794871795
-2265.77367926 1.76493525654 0.963896980952 2000.0 1.74102564103
1265.25959444 73.9214978016 0.993347580576 4800.0 0.1
-2893.46776186 32.8207019172 0.896012873291 2200.0 0.869230769231
-2658.0239409 -34.3034260654 0.996565697247 2000.0 0.971794871795
2583.70990912 -52.9834869358 0.994920489613 5000.0 0.151282051282
3467.71998381 60.8902043895 0.993607396155 800.0 0.1
1483.38137033 -28.5200281298 0.940926874247 2000.0 0.817948717949
-1076.10137078 10.3307690224 0.940573125417 2000.0 0.817948717949
2373.89385165 -8.20720547276 0.911770601851 1000.0 0.458974358974
2580.82990491 79.2189360507 1.0020149147 1000.0 0.1
-1078.54738701 17.0651716799 0.862525705022 2000.0 1.02307692308
330.183621877 -39.7857090247 0.908080090829 2000.0 0.971794871795
-1531.67444956 -22.3395763558 0.912032441496 1800.0 0.766666666667
-838.052278293 67.3186557445 0.965055860987 4800.0 0.510256410256
3294.73105323 34.4798141899 0.872899119781 1000.0 0.664102564103
-2405.93687118 22.5630682676 0.93456475606 1800.0 1.02307692308
82.7437891987 -77.3301581973 0.992305683973 8800.0 0.305128205128
3769.75169459 6.82915733668 0.971265339808 1000.0 0.253846153846
-1135.33247246 -7.36688149275 0.920973240278 2200.0 0.971794871795
-1802.52151996 52.7623936823 1.00260867641 9200.0 0.1
1175.2287782 12.5425878053 0.821722375718 2000.0 0.920512820513
3192.07140173 11.4591616532 0.837565854089 2000.0 0.920512820513
-3091.6934178 3.45176317056 0.956914637589 1000.0 0.561538461538
-3489.7918321 -19.2158808015 0.848573771131 2000.0 1.02307692308
-3807.08896003 -15.8637495308 0.974758154412 3200.0 0.715384615385
-1373.05208558 -5.99030221189 0.871512510714 1800.0 1.02307692308
1205.77828357 3.83843953218 0.85902709253 2000.0 1.02307692308
-1097.07125956 56.4152218442 0.983569171693 800.0 0.1
1425.10956927 7.86816708422 0.881524590696 2000.0 0.869230769231
3980.6559271 -44.9077949797 0.965429581687 2200.0 0.305128205128
3559.14387823 89.4845795476 1.00219356798 8600.0 0.1
2950.89217316 20.5189269945 0.909965860933 1000.0 0.664102564103
-173.26225485 46.835413609 0.993745002786 2000.0 1.17692307692
-679.678275671 87.4041349393 0.99955727279 8200.0 0.1
-3704.56904169 -34.0876587174 0.992363644896 7800.0 0.1
2286.44640005 -8.04890632279 0.94140894916 1400.0 0.869230769231
-3061.82656093 47.5696466355 0.920601900139 2200.0 0.664102564103
-2864.13569207 -72.8033551916 0.983259621282 7600.0 0.305128205128
431.72178169 22.6583900292 0.90415300879 2000.0 0.715384615385
1749.17815592 14.7203291437 0.846518015409 2000.0 0.971794871795
3153.44334158 -39.5688506146 0.969352371367 800.0 0.151282051282
-2941.04459747 -29.5372179608 0.908445106731 1800.0 0.766666666667
1954.75179146 -27.6292677849 0.899729060312 2000.0 0.869230769231
-1971.10002501 8.65284221268 0.823635871647 1800.0 0.920512820513
-376.139557187 16.8957621261 0.944922017449 1200.0 1.38205128205
-2677.14419854 28.1639092643 0.987355518394 2200.0 0.612820512821
-1363.21331674 -41.1242328905 0.983221938823 6000.0 0.510256410256
3720.28327844 6.5144405207 0.921001753067 2000.0 0.766666666667
2077.90668021 22.816396894 0.985254521917 1800.0 0.35641025641
4072.53546605 -12.1526729673 0.962459327013 2000.0 0.715384615385
-1440.94542864 14.1591008501 0.884054849114 2000.0 1.17692307692
2117.850962 31.1680388453 0.924811590594 1200.0 1.02307692308
-3362.73270529 8.30860586876 0.880477456443 2000.0 1.07435897436
-3075.98828164 -22.4399769847 0.913161768971 2000.0 0.869230769231
2762.1706552 14.8649970627 0.953596482886 1600.0 0.510256410256
-375.217294973 -11.8465428183 0.870260686027 2000.0 0.920512820513
797.134030048 -3.01371247033 0.915221902058 2000.0 0.817948717949
2106.99255019 48.1355444268 0.909372361039 2000.0 0.664102564103
-253.50224914 -27.8357244178 0.935653761219 2000.0 0.766666666667
691.816638213 -30.1978820825 0.967984537508 2000.0 0.715384615385
2074.19751985 7.14468343007 0.920258624108 2000.0 0.817948717949
-3378.53572839 3.94297342356 0.974057057381 2000.0 0.612820512821
-352.907489745 -14.4560186519 0.940629682933 2000.0 0.920512820513
1898.31390616 -57.7215848557 0.992381357796 8000.0 0.202564102564
-2783.10016716 -2.9842530506 0.933556412264 1800.0 0.869230769231
-2987.77003178 -5.74964308855 0.949640448884 2000.0 0.612820512821
-2568.09742887 -5.63379977569 0.88144726898 2000.0 0.817948717949
3377.6011484 22.2869132282 0.933010755518 2200.0 0.458974358974
-1473.33676303 17.5652689819 0.840640937063 2200.0 0.971794871795
-1340.74277032 -4.25045159116 0.921084367097 2000.0 0.920512820513
-3401.20034531 43.5845239025 0.987652973429 6600.0 0.253846153846
1427.77252666 77.6154596713 0.998844021172 9000.0 0.253846153846
1381.45760149 -78.2581225453 1.00226623985 7800.0 0.1
3838.0383294 -60.2181151348 0.996803317183 6400.0 0.1
2293.21239652 6.34268482267 0.944179784811 1000.0 0.715384615385
-1268.36564423 18.8200030671 0.829232319689 2000.0 1.02307692308
-3175.59993056 18.8406281465 0.951008482723 1400.0 0.817948717949
3963.90577876 0.459931167591 0.88646493984 2000.0 0.612820512821
-1071.57561952 -28.2524861585 0.949066917179 2200.0 0.869230769231
-683.665368392 -13.4010404608 0.885951101408 2000.0 0.817948717949
1342.47923458 -34.1873428955 0.977627064852 2000.0 0.35641025641
-3176.26463231 58.5174412721 0.994475477014 800.0 0.1
1598.0181025 -68.3796695739 0.960666021154 2000.0 0.458974358974
209.885961862 -88.1079258525 1.00233903886 6200.0 0.1
-3153.62643071 48.9734602868 0.972488803852 2200.0 0.35641025641
482.455664474 -23.1302717847 0.860498551389 2000.0 0.920512820513
2669.6746949 -54.8107616471 0.937059613361 2000.0 0.766666666667
512.794620182 10.0734934226 0.928667520982 2000.0 0.766666666667
-2367.96177057 25.3264060065 0.93801357804 2000.0 0.664102564103
-70.611784801 38.126148695 0.921402908213 2000.0 0.715384615385
-2476.91103575 -9.26918505808 0.876715135775 2000.0 0.869230769231
-70.1295474188 -59.7408693602 0.991192181473 7400.0 0.253846153846
2766.81218413 -77.4072136686 0.999575759448 7800.0 0.1
788.85966619 1.71508432298 0.938123625637 2200.0 0.920512820513
-1162.73557052 33.8349152454 0.931038649822 2000.0 0.715384615385
-3579.44125778 83.4161825179 1.0001335465 8600.0 0.1
128.507636831 -48.6288862034 0.970221252394 1000.0 0.971794871795
-3288.24861812 13.3954205647 0.882555916875 2000.0 0.971794871795
-3592.76686229 16.1979158807 0.938175393099 1600.0 0.664102564103
-1207.59237146 7.77544629586 0.848367394311 2000.0 0.920512820513
4491.0421871 -6.53813504937 0.966171863482 1000.0 0.612820512821
-589.553994029 12.8527463914 0.900735753384 2200.0 0.920512820513
987.868359518 49.9242956297 0.900471765753 2000.0 0.766666666667
-2804.56385087 -84.1038161968 1.00189449522 4600.0 0.1
1115.04968408 22.8246378893 0.940640365872 2000.0 0.817948717949
-2698.15354582 18.6794980457 0.931966011746 1400.0 1.22820512821
-1790.38309352 28.1364221954 0.833681377709 2000.0 1.12564102564
-1162.45219992 -10.8724830002 0.904145115507 2000.0 1.33076923077
3208.98124248 29.9572821178 0.962669901465 2000.0 0.458974358974
-2985.65580317 3.51974380761 0.909451285629 2200.0 1.02307692308
1457.49889351 21.9400678191 0.930534096009 2000.0 0.869230769231
-2898.40916793 78.6588391816 0.984961973799 8600.0 0.35641025641
894.141474375 -39.2743514116 0.977376622832 1200.0 1.17692307692
3279.6870987 -6.99922525635 0.827836472841 2000.0 1.02307692308
475.414233075 86.1848479724 0.996078318546 8000.0 0.202564102564
-2614.84240846 -4.20859840824 0.901224241237 2000.0 1.02307692308
2660.87386659 -15.1163569955 0.932935848315 2000.0 0.766666666667
-2126.09438409 -9.15466847426 0.946184873414 2000.0 0.920512820513
-1260.15925906 36.3324633699 0.880439695478 1800.0 0.869230769231
-3681.62636292 -2.16262103135 0.967855628285 7400.0 0.458974358974
-965.176038083 -35.5398609378 0.955476205406 2200.0 0.869230769231
3040.81391167 8.96853773748 0.952657952458 1000.0 0.664102564103
-2297.39795864 -70.8740574935 0.996889984584 8200.0 0.1
-799.29276494 -80.535606655 0.994998900211 8200.0 0.151282051282
2768.59491982 66.9873181566 0.986144086126 1800.0 0.305128205128
482.936745152 -13.196452135 0.914430186934 2000.0 1.12564102564
-1527.00486604 11.9979917455 0.920988532339 2000.0 1.07435897436
-1273.72627242 26.0454866258 0.972889640951 1600.0 1.79230769231
2501.47133139 -7.41455157351 0.901090867915 1800.0 0.561538461538
-2528.00821893 53.6113894775 0.983472074715 6200.0 0.305128205128
-3600.00683633 -1.54753700351 0.923623325496 2000.0 0.664102564103
-2599.18444538 -30.3786088402 0.946277100355 2200.0 0.817948717949
-1661.84170744 -9.49140083938 0.904965782428 1800.0 0.971794871795
4519.68208282 -52.2274473184 0.988099728334 1200.0 0.202564102564
-3614.73854354 40.6416207593 0.911120965479 2000.0 1.12564102564
2176.35606098 -26.9298993443 0.933073558055 1800.0 0.612820512821
2055.50392248 15.3709889936 0.918072676194 1400.0 0.817948717949
1542.99414336 16.767597681 0.811309915103 2000.0 1.12564102564
-577.225744241 -2.89942697712 0.892274724769 2000.0 0.971794871795
2662.55934476 -87.0366890547 0.997343675763 8200.0 0.1
-577.315100936 -17.8766240472 0.896837391482 2000.0 1.27948717949
1255.16276623 -12.9526461431 0.897927490089 2000.0 0.920512820513
4097.17450141 53.8791737365 0.974674963038 2000.0 0.407692307692
2560.283102 22.557369302 0.994935245947 800.0 0.407692307692
501.801119062 -3.59175409618 0.862140048287 2200.0 1.07435897436
3780.13295272 -54.3493679066 0.989383707206 2000.0 0.202564102564
-3054.95780106 -41.576708174 0.977916119177 800.0 0.1
-4081.51119577 8.48255026349 0.959010128772 2000.0 0.766666666667
-1242.49511516 23.5730820077 0.926154200061 2000.0 0.664102564103
990.083683786 -25.6447439805 0.938099057087 2000.0 0.612820512821
-2020.38204838 7.65616327289 0.921103865633 1600.0 0.715384615385
-3428.46051934 51.5536673278 0.980654760831 5800.0 0.510256410256
-4334.00269178 6.89365763429 0.949583022703 2000.0 0.612820512821
-290.399349009 -20.0781064111 0.944757800732 2000.0 0.920512820513
3864.6909595 80.6724091353 1.00009209176 7400.0 0.1
405.14595443 36.0583554487 0.935303031561 2000.0 0.612820512821
-1082.24023944 -21.3258524205 0.989404626673 9000.0 0.715384615385
531.574556024 1.69107330335 0.868802342686 2000.0 1.07435897436
2506.07235441 15.024868276 0.93239703026 1000.0 0.561538461538
1163.55435536 -19.7394626962 0.892454953109 2200.0 0.971794871795
1210.96237775 -13.1462038735 0.918174876325 2000.0 0.817948717949
756.673972584 44.5585453417 0.983785578661 1000.0 0.253846153846
-885.536847173 20.9239691078 0.951245508433 1800.0 0.612820512821
458.371210355 -18.0982872735 0.96901594751 1800.0 1.02307692308
933.030529112 43.6576801753 0.910876962145 2000.0 0.869230769231
-1200.64887667 -80.7423208898 0.99373510241 8400.0 0.253846153846
-1047.89491276 -55.5169087029 0.969779080108 1200.0 0.510256410256
754.784373643 -82.2403169707 1.00284215692 7400.0 0.1
-1434.7908711 -82.6164652707 1.00245970709 7400.0 0.1
201.066599418 -61.3126211891 0.997798953442 6800.0 0.1
-2515.16398244 27.4458813074 0.870693610381 2000.0 1.12564102564
3282.82250521 19.8452573578 0.948888158138 2000.0 0.510256410256
-1094.80890759 -39.8143323594 0.93548898817 2000.0 0.561538461538
4073.36404718 -26.085510753 0.857793675653 2000.0 0.817948717949
3701.34529874 -83.8305600602 0.994335523238 9000.0 0.151282051282
1879.61385432 -42.0768254582 0.976992462184 800.0 0.1
3809.36679847 62.6730765525 1.00246508896 4600.0 0.1
-3693.92794589 -28.2880827174 0.893867141313 2000.0 0.971794871795
-2960.3032271 -56.7483637109 0.966378753693 2000.0 0.612820512821
1565.69298025 -72.2186535002 1.00041479071 8600.0 0.1
-1761.52347614 46.7854985726 0.902482127997 2000.0 0.920512820513
2002.39815338 -32.7448350282 0.950220476837 800.0 0.1
1489.10875362 -79.6310674239 0.999784258076 9200.0 0.1
-410.340067902 25.4870788165 0.857796065697 1800.0 1.22820512821
-2704.12217241 -24.4041381819 0.939951844713 1000.0 0.612820512821
3414.20216496 0.955668651004 0.966057539812 1800.0 0.458974358974
2280.71617803 -29.1616516839 0.995966461915 9000.0 0.253846153846
1581.18175365 58.0371318593 0.985902423649 6800.0 0.253846153846
2301.77447029 86.4433339159 1.00198744249 9200.0 0.1
1485.85098816 28.325380699 0.957632085475 1400.0 0.766666666667
2178.66218502 -74.9933424247 0.995872706933 4000.0 0.151282051282
207.406338324 -13.8403093304 0.874590757166 2000.0 0.971794871795
-4723.89070319 3.92705670838 0.991826122815 1200.0 0.1
2461.65790906 89.7260680773 0.986924323043 9200.0 0.253846153846
491.060476632 -82.1250796276 0.988274651342 8600.0 0.202564102564
2022.32227721 2.22593355178 0.893239262765 1200.0 0.715384615385
1613.35463395 43.8421274558 0.947704513528 1800.0 0.766666666667
3637.87581086 -67.7502561477 0.991782697793 8400.0 0.151282051282
-1300.3690218 15.7729116537 0.957809858435 1800.0 0.817948717949
2185.50819159 -24.8597335562 0.938240696385 2000.0 0.664102564103
1058.32607159 -3.17111081581 0.889092988427 1800.0 0.766666666667
1716.51043752 55.4991136704 0.994578455608 9200.0 0.151282051282
-1544.8356011 35.6124035464 0.924456256233 1200.0 0.715384615385
286.22147158 -22.461659618 0.910566326672 2000.0 0.664102564103
3703.19197336 12.9146948509 0.983336569472 7400.0 0.151282051282
2830.67989191 -5.76891579114 0.920743722422 2000.0 0.664102564103
72.1934084065 -40.2292815293 0.974396758434 3000.0 0.407692307692
1628.49285909 87.1245896937 0.995594092351 9000.0 0.202564102564
-2738.65633891 -39.7316858698 0.920548405898 2000.0 0.817948717949
-665.264385344 14.8668936795 0.916954793101 2000.0 1.02307692308
-499.487291576 -19.9130552222 0.943020564139 2400.0 0.869230769231
-2286.2221656 20.7792040438 0.98407567262 1000.0 0.458974358974
3397.43899327 7.30594166923 0.954501986411 1000.0 0.612820512821
-467.140027766 -3.77377071565 0.837705177739 2000.0 1.02307692308
2735.49802553 79.7265977171 0.999703299903 8400.0 0.151282051282
2409.77167255 0.701166909969 0.92972363486 2400.0 0.817948717949
-926.159302077 37.0434007421 0.971521655462 2000.0 0.510256410256
-1499.76999106 65.3761269936 0.991790739718 9200.0 0.202564102564
3267.9654869 -28.721925244 0.970200114872 1600.0 0.458974358974
2164.52305927 12.627734544 0.967393852431 2000.0 0.766666666667
-4237.93505938 -84.4546849527 1.00004079688 5400.0 0.1
2977.19203467 -8.2182099102 0.859270002576 1800.0 0.766666666667
-1710.34861257 20.8331942715 0.974095749965 2000.0 0.458974358974
-3517.50502366 58.8085984756 0.99513280164 7200.0 0.35641025641
2412.41606559 63.6279506568 0.999290832989 8400.0 0.1
86.5762362019 -48.6785841972 0.97350876595 800.0 0.151282051282
2848.87267709 -2.63856967358 0.98325056021 1000.0 0.920512820513
1660.74819346 13.6184611323 0.932850219444 2000.0 0.715384615385
851.239010894 29.6342494663 0.975768213133 800.0 0.1
-3760.0482213 -21.8214752492 0.954868199547 2000.0 0.920512820513
1224.61546158 87.4210389304 1.00132432188 8000.0 0.1
-290.459695309 -26.3558616363 0.854515463046 2000.0 0.920512820513
2028.54264121 56.8740197682 0.945945061374 1000.0 0.35641025641
-638.990243679 60.3346165072 0.993628237243 7600.0 0.35641025641
103.766724193 37.0896787671 0.892553562647 1000.0 0.920512820513
1283.99663175 -5.07478060699 0.918784322594 2400.0 0.920512820513
-1669.6644693 82.0819698964 1.00220928994 8200.0 0.1
3417.24643801 -27.0911742834 0.890632234228 2000.0 0.612820512821
2904.68147616 20.5795434717 0.91722682606 1800.0 0.664102564103
3490.24946378 3.11411462331 0.9917831315 1000.0 0.458974358974
-2222.19112525 32.9397761708 0.990775210159 6200.0 0.151282051282
578.576771691 4.079600887 0.832709744677 2000.0 0.971794871795
-1680.569779 34.6079267306 0.92786136265 1400.0 0.869230769231
3693.35776545 -36.5706494593 0.99782894392 1000.0 0.202564102564
516.986196685 13.8304049029 0.891599886553 2000.0 0.817948717949
1577.0293295 58.1895809586 0.991880227307 9200.0 0.202564102564
2222.2378088 31.0800294506 0.901555707861 2000.0 1.12564102564
1119.05126 -22.5413815222 0.93164331523 2200.0 0.715384615385
747.439795053 -8.42520453308 0.812885286547 2000.0 0.971794871795
-1427.98196617 -11.2084221687 0.866802970633 2000.0 1.07435897436
233.812472687 45.0017900764 0.938053908322 1800.0 0.664102564103
-764.203587593 -46.4997195425 0.970818566173 2200.0 0.612820512821
2841.31938633 7.58592487629 0.941689722262 2000.0 0.817948717949
-567.30645344 -27.5490998113 0.97291755125 1800.0 0.664102564103
1779.3203823 29.5120898379 0.983603679255 2200.0 0.305128205128
3978.51243387 36.2185575002 0.938485053668 2000.0 0.407692307692
-2537.94610968 -34.0194201426 0.821107332554 2000.0 1.07435897436
-1447.37291603 39.8251058945 0.97642637756 3000.0 0.458974358974
