4681.59090178 -27.2948875298 0.797166557108 1
-1704.80957541 -15.0303260449 0.447460798362 1
1272.09910562 -15.191447114 0.614335390061 0
-4574.53785352 7.92968212598 0.798234751303 1
9469.51087882 18.7895848519 0.914652718185 1
-4950.84379311 27.1970821101 0.870627223737 1
-1374.36852814 11.7782541627 0.50183090588 1
2890.69388081 -15.8537772753 0.48701645773 1
3464.96278265 19.8639674636 0.84860292632 0
1150.17261367 50.783426899 0.887804404595 0
-4315.79832104 16.4712756303 0.785287029715 1
2846.29606631 36.1922156532 0.75995736936 0
-2858.8847537 22.2050950002 0.634500174442 1
-1546.93472697 18.5374908475 0.53119332131 1
-7672.55778677 19.2009250601 0.997537594509 0
-2088.52181169 8.45991018467 0.555445921379 1
4535.71942581 -39.4651316852 0.810069283832 1
3471.61536895 -18.9704884059 0.573964929432 1
3251.75999933 -7.74300922038 0.752851137083 0
-1951.64268271 4.28910727572 0.426103857354 1
4651.37431679 15.7310177561 0.712508977219 1
8075.54227883 -9.84149283622 0.960028102152 0
-4531.63499213 -23.2447130455 0.946125601496 0
-2059.36785371 -17.4960539276 0.705869161548 1
3664.77359587 -6.68899304583 0.599287952548 1
6795.64539682 14.2823148141 0.943532209278 1
2871.69533997 33.5966847619 0.73770083199 0
-6212.42840593 13.8062612019 0.950325732217 1
4710.3111243 15.0651426936 0.867514433563 0
-3128.2658467 13.6429456173 0.566341673875 1
819.07109058 -15.8255352126 0.518890996738 1
3259.45822119 -12.7636661386 0.539493519804 1
6440.96668904 15.5761243943 0.869469629622 0
6993.62287815 -16.2301511826 0.914684467822 0
-7456.81020578 -4.6912402463 0.969769955362 0
5791.98557806 -12.858949439 0.933306036121 1
-2373.03968402 -17.027230912 0.810801397007 1
3052.78082612 12.0784936393 0.552096658533 1
-2982.92934477 8.51304465164 0.634436387097 1
-4582.81743484 -10.1715408646 0.730572205552 1
2137.98127615 -4.32889655004 0.340842209215 1
6536.56570625 13.4791369075 0.988201129789 1
1317.10945241 16.1019345856 0.474771533769 1
-4962.87669222 -26.8808788901 0.91995507786 1
4490.82083308 21.040017207 0.667872434672 1
-1783.5546704 19.3391564535 0.606226076427 1
-4203.98921603 30.3710565105 0.832926201732 0
3243.88604789 19.7174804636 0.511099929357 0
-1396.96964738 26.191776398 0.782258517704 0
2374.2892038 -7.14002320374 0.402742911241 1
-807.712496622 23.8932189323 0.639450650693 1
3222.30076271 -13.1535071041 0.572483259055 0
-3617.76158194 -7.6180550915 0.492971798484 1
7813.81543327 -12.8731590276 0.903177491803 0
2268.54442544 4.83228061648 0.359160099012 1
-875.422741855 -19.3522585052 0.428761029386 1
2411.13498059 -6.35038714199 0.499301991595 1
2541.46240439 -23.1446882353 0.682970722436 0
-5705.87633458 -15.6350272064 0.972335265511 0
3602.74713423 14.3961602246 0.754871341107 0
-8826.89684083 16.6039183561 1.00260994824 0
-2625.99154326 -22.6982166679 0.722418264712 1
7005.45317938 -26.9110922899 0.956119143686 1
-160.15131205 12.403182087 0.343724147659 1
6588.99655758 -13.1240335839 0.842332613425 0
5561.75736961 16.2013698932 0.80326657065 0
7205.18181345 -14.0680484225 0.934336509088 1
1157.60564789 -20.9187553792 0.701986409354 1
6398.16437419 20.2587048621 0.979840327006 0
3267.74550745 -11.4569094073 0.470042562835 1
-4023.10437818 14.3912222291 0.807855301768 1
5411.67979749 -9.94683109763 0.779073654879 0
5988.73984195 4.2997050948 0.842212396445 0
2049.94171271 -3.92092460892 0.370441583359 1
-4137.06010763 -13.2532446888 0.880594502712 1
-3204.98228734 27.1978232258 0.776968433547 1
5641.03388599 -16.4719462439 0.906631525625 0
4817.29976255 13.8563563997 0.730493639372 1
3551.87454107 5.8974233981 0.541239765185 1
3246.95126263 11.2025038203 0.513095666702 1
1402.3116595 -17.8698458046 0.462431469214 1
-2534.57507472 4.51551944506 0.506801346579 1
2541.41749705 -16.1562448053 0.747494355135 0
-6260.73053254 12.4804031884 0.989649582219 1
-1822.67759781 9.79873905393 0.46451606759 1
2536.32456274 16.5853685558 0.608680837848 0
6115.25214023 20.3911875701 0.84616954736 1
5946.89521857 14.8538927549 0.774629170194 0
-2054.05563282 -14.9529437743 0.542570685021 1
2691.84745549 6.9625237235 0.588958580016 1
7942.24579788 12.9258176057 0.97180513633 0
-3162.34227194 -20.3689325794 0.786834701285 1
3765.40944129 -13.0446981174 0.650436256764 1
6074.20023254 -16.1819510997 0.945712082817 0
3585.53723877 -9.86283765273 0.50815342888 1
-7220.1252908 -28.3328081485 0.970650943247 1
-1188.32646782 17.3282502107 0.448323963289 1
4154.54538506 -22.6573635027 0.879756365013 0
-1656.49537156 15.2816635514 0.542126385119 1
-2168.45888966 -14.2377805656 0.600523536777 1
-3306.29569808 16.6815846501 0.697503870548 1
3041.69826439 15.4677038644 0.611214403323 1
-2909.79448728 19.0789681344 0.654564774899 1
3388.69030948 20.6294884044 0.871975867694 0
4591.73152172 8.18703277825 0.842865215208 0
-3709.2053974 18.1007437401 0.820477362728 1
-4283.4878664 -17.8782601809 0.717216274064 1
-3275.76597644 20.4107958548 0.767505931672 1
-726.496651564 -13.9914400724 0.404538847219 1
-4504.74726912 13.5893370108 0.845181954213 1
-2629.14416533 -19.6327037045 0.790362891134 1
-2231.43790458 14.4523943997 0.514285559497 1
3442.25691341 -15.7932169634 0.757681032964 1
-4208.27097129 -28.3387526985 0.782830444692 0
-1270.71897186 -10.9645704304 0.453385825254 1
-1514.35713985 3.64995892804 0.357740184598 1
-2797.09901237 6.70924424754 0.574177314897 1
5356.01324982 6.27578433787 0.884139996119 0
-8799.45698846 5.92575344814 0.991156440772 0
3982.97604625 -16.3885477304 0.833132109428 0
-4536.9492111 -18.7924915951 0.721774533649 1
-3425.82342982 -9.42443209509 0.549865524236 1
6675.4338609 22.8401616176 0.922605296947 1
-1652.3005304 17.0230340955 0.58754088541 1
2006.17522966 -10.459401457 0.416840773041 1
-2104.52970857 -12.0645567113 0.457746013267 1
-4457.4434289 7.16703580527 0.796202049192 1
3459.10943145 -8.33266949639 0.552504478148 1
320.798988039 -22.3847358138 0.55755259473 1
-2103.6097017 -16.2170124524 0.706180794039 1
-4560.57141182 16.4438770498 0.826993351449 1
2413.94241427 -21.1624722823 0.518450791741 1
613.89695919 -17.0439688293 0.363813075527 1
3091.98731337 14.1445172306 0.573046734816 1
-3052.47756059 23.5635860658 0.864963549914 0
2780.53795584 7.80705278211 0.523107989387 1
4218.32029264 12.6025229796 0.705139519203 1
4483.42677223 11.8401462132 0.708074941436 1
3007.93551586 8.37211344445 0.434590779215 1
4623.04428303 16.2700658499 0.908122559204 1
3489.61035712 -9.72784926869 0.601635906817 1
5104.89673501 -16.7345434879 0.863500049017 1
-1958.79768952 22.2738528087 0.60846739419 1
-2717.80219502 16.5063031364 0.651717740533 1
7874.28541828 11.8204677898 0.923025446397 1
-2945.36535412 8.12092903565 0.476187889158 1
-3304.32354496 -8.72482188827 0.544434651298 1
600.868298963 -13.8782086354 0.374304974433 1
-3359.25345664 -18.4411324604 0.772035668574 1
2508.32542331 16.7732019368 0.608487103522 1
7052.81334187 20.2742492169 0.853430742279 0
3072.62975503 23.9283680005 0.766333635865 1
-2040.29939029 7.43771666711 0.500057319612 1
5094.82852408 19.0919409718 0.854088543915 0
1907.18646999 -5.29152635394 0.375304060339 1
4006.75115902 -22.0612657753 0.793711176259 1
3454.39163021 -21.1890997948 0.686399480941 1
4374.60176429 10.0103118877 0.846887963934 0
-5278.23340883 6.05794359081 0.908948830081 1
-1326.99717522 -12.8515423269 0.49420592795 1
6611.36168056 13.0395655652 0.948872163206 0
2644.98070428 -20.8180626288 0.754307681985 0
-3828.26224902 -23.0512606636 0.624453879608 0
3288.6320015 7.97173434755 0.730313448794 1
4262.29373539 7.11880928668 0.718342217058 1
-723.61860782 -21.2538614253 0.477886912161 1
-939.665311292 -16.7540164773 0.336763073072 1
-1492.95235957 23.0949639058 0.618271179718 1
1607.73866262 -13.7457992089 0.41940053465 1
2574.97430668 -18.0603516982 0.670644054158 1
3871.84047036 -17.2666247087 0.61962816146 0
-4190.92952995 14.6532384949 0.734225206869 1
3040.03586181 16.021428249 0.52491561024 1
4240.60800884 -21.4736274643 0.663991433582 0
7692.72145331 7.59090281302 0.953744965399 0
995.463775731 -8.95791280172 0.314583927287 1
3369.28586515 -19.5357261921 0.672368556903 1
-2022.49082627 -24.3215896685 0.716731710185 1
1850.76960232 13.0551673475 0.501996852703 1
-4362.04154763 -15.6301879356 0.741678653584 1
-4740.04825394 12.6577446175 0.856664283656 1
-2176.3554482 -29.6936404154 0.934824154879 0
2168.63134115 3.48372188339 0.507042701451 1
-3374.12495723 -20.9153700168 0.847751017467 1
1313.07716205 -12.8659094647 0.456167949413 1
4677.52167435 24.0575201997 0.693526252839 0
394.958155774 -23.211630976 0.642490713673 1
-3537.41046281 -18.3074484463 0.897078103207 1
2683.90054243 18.6757998085 0.666393732777 0
-3347.11026196 24.4363740114 0.787920659063 1
2936.28152049 9.83115316739 0.517896241452 1
1909.93126761 -12.8328586524 0.435401189314 1
-5520.53901085 -19.3818101342 0.992781153575 0
-2739.75282929 35.8137519382 0.835437946299 1
-2578.34298089 -12.813695643 0.718840726042 1
1807.14526801 -20.7466997312 0.534711997792 1
-6792.45966843 -8.52639002979 0.989875891423 0
4140.38489523 12.7985162451 0.775798193523 1
-6811.14221836 10.7495624481 0.972709208158 1
1575.90292731 15.0697132462 0.468895337098 1
-1549.99304556 16.2539651354 0.479713316533 1
4457.03879739 36.1840659782 0.964587492513 0
4734.2313342 19.9221239953 0.642902756796 1
6111.21681311 -7.08910687061 0.957861869554 1
1967.63806855 -7.83564464257 0.424316673703 1
2907.01223536 -32.7232541622 0.758291182594 0
-1916.3324478 6.44160275069 0.463405802384 1
3671.30291217 11.6930284287 0.622594320963 1
2738.97250246 -12.4384218659 0.503931443971 1
-2492.95018724 -20.0660335934 0.693458525231 1
-2312.97637436 -15.3146638773 0.586154209355 1
-1346.10132119 -25.8386464683 0.807338349143 0
-1253.87134444 11.9103851497 0.338175842678 1
4632.75886519 -15.9588254684 0.892716887744 0
-7214.77253744 -11.8376863121 0.993340046604 0
-5285.88592329 16.1995232743 0.997422872514 0
3243.58104756 -22.8889060581 0.676030104615 0
1700.92962 -7.32346302628 0.28424706544 1
945.177221055 -25.7482208747 0.629808708924 1
-2742.96063006 -14.0365578388 0.643527925886 1
-6781.39132359 18.7239969609 0.995000946851 0
-3500.47822185 22.0183277016 0.821156408426 1
7086.80929071 -36.4957115841 0.96303415541 0
-1180.81883812 -18.2174286109 0.535767132976 1
513.928609895 16.5837323887 0.412379074088 1
-4074.33128856 17.8471526323 0.824244214651 1
-5744.90074011 -8.83883200728 0.886648521629 1
2096.92967923 -15.6647033692 0.594641039141 0
2775.82679547 -6.70065295838 0.433150796341 1
-3008.99474483 -8.37861836477 0.532611257346 1
-2106.28648947 -6.32304127727 0.406061346663 1
5003.40281983 11.9056205169 0.710960349005 0
-4014.79495145 -33.2242011699 0.748399154141 1
4402.02888602 18.0245713967 0.828239077409 1
-2825.8218171 -12.6493335353 0.650659832826 1
4777.53738386 18.5843796427 0.94253683081 0
-4172.64723986 24.3574630473 0.932382255781 1
2322.57500747 -27.3688144716 0.674911684858 1
-5475.14373824 -6.49791881355 0.899390462948 0
-3588.82977307 20.7646265334 0.692065611239 1
2322.36112349 -17.9140173649 0.593273516991 1
-3319.80637165 27.650883587 0.819675117046 1
3402.23848913 18.7944906428 0.611025425717 1
6924.13764137 12.8032796008 0.952271874961 1
-6225.13224359 -6.86155329551 0.994220003011 0
2582.83325245 -13.8568115063 0.623121155876 0
-5877.96838221 12.143236494 0.994573534788 0
3042.0842892 -19.3470247243 0.615407578592 0
1402.45020154 18.9162990844 0.555498602643 1
3245.77620052 13.4441473915 0.472039866781 0
-2235.36367831 11.5682140545 0.500865555209 1
2757.68502756 -12.3169993076 0.528429579028 0
-5475.00157875 -10.1554450155 0.995628891265 0
1894.34296851 30.3000281049 0.565555276056 1
-4221.38538721 -23.490002616 0.998309132803 0
4629.12110216 15.3650508838 0.810857193686 1
-2577.89939007 -20.4741374814 0.663235871209 1
-1856.02476578 -18.7854767888 0.51668797957 1
-4509.70589835 -16.6328190553 0.718812483805 1
-4138.18499766 14.194834068 0.681298892953 1
-6033.00094292 16.7292682204 0.98979519885 0
6166.15138592 -19.9955448037 0.930896285338 0
6382.91319829 -13.8548123722 0.946161079327 0
7282.51407344 13.1469121995 0.941187476464 1
-2705.69412194 20.5339074727 0.709644922777 1
-3816.95438873 -9.54618892122 0.634974999044 1
-6248.84344063 -21.7255258451 0.992110547324 0
2103.45382837 -12.7716944296 0.58602795826 0
-5280.36640912 10.9976674023 0.718965581473 1
2709.09522116 -11.9556071071 0.514068772852 1
-6222.6693731 16.9123146783 0.990589950961 1
-2566.0783091 -16.6268496163 0.609672392591 1
1790.25266426 -20.8299749862 0.672698726423 1
-4902.24551043 -3.7639365029 0.847936870142 1
2367.62575466 20.3711108561 0.633552689475 1
-1246.32243577 18.0550593268 0.554147607131 1
-4495.83237675 15.4166070183 0.806679228408 1
-2265.29595079 14.448164762 0.542766344429 1
-5385.30662301 -28.840325358 0.962279475019 0
-2221.9407468 -14.1152400217 0.579630668228 1
6644.06639839 5.79666242389 0.915797148012 0
1685.63155819 -8.80742422859 0.431724617032 1
1506.81531843 -4.99683431256 0.333246125189 1
6501.94869193 11.541869898 0.941908845634 0
1995.57769946 21.0088926774 0.580851859538 1
-2687.86368431 16.8389253421 0.634795171946 1
-2945.43401472 16.2546365379 0.627929995507 1
-4223.09649128 -27.7239155274 0.965069123459 0
-9551.71174507 -0.935457856911 0.989346587902 0
4993.36245936 -18.1506538278 0.902762535786 0
4016.93536794 -8.43012604847 0.590422030967 1
-810.28222154 25.9484202028 0.739496526835 0
-3091.38402703 -11.0698370949 0.665348841957 1
-1443.91970055 23.1155764546 0.668522830746 1
481.557508963 15.8362934745 0.422635343473 1
-6255.66018852 19.3909404301 0.986869628001 1
1148.7370627 12.8077322311 0.356127179628 1
5251.34675729 -23.0647649455 0.912392862856 0
-4758.60386081 -16.2933259554 0.756369872612 1
5806.86053771 15.6427988732 0.880013210034 0
4290.07168643 -19.6833522044 0.737525073953 1
-3150.27652956 -18.7032872586 0.692928176055 1
3263.92240054 16.1061764209 0.651437435817 0
1561.3732723 -10.3722760566 0.514395464684 1
5632.02147394 -34.674727846 0.78909017883 0
-1303.03369234 17.9043078501 0.477699623755 1
953.776559186 -7.13123545156 0.228630188078 1
890.336036086 23.2303945447 0.573088144914 1
1665.88752077 -14.7614608429 0.582651904981 0
-4263.99600088 23.9964599523 0.781938053487 1
-4937.8229282 11.3112230772 0.873157766488 1
-4247.60580168 -10.469124949 0.65007952066 1
-461.788919823 -19.6706181779 0.450284356815 1
-3234.60227848 -11.2113649124 0.588878078869 1
2233.74354494 -14.6751932665 0.698231181874 0
1175.58826683 -21.4856135195 0.598396824294 1
3483.60783571 -8.71356018151 0.833297644367 0
2801.10564627 3.98547695 0.453831886043 1
-3171.94742486 -10.8852804713 0.595002122751 1
-728.6386799 -17.0865830285 0.69524492571 1
1786.52477917 -11.7142507691 0.322817930477 1
-4970.00420265 -11.9216867587 0.790251085354 1
1968.44359076 23.5567408223 0.676675265496 1
4853.34012516 -13.8785165931 0.724968566831 0
-1365.38238366 21.258663542 0.527379202684 1
-7677.08922038 17.277592516 0.992351818056 0
3085.90811372 -13.281609518 0.495467179041 1
-3295.13801256 -5.33169734503 0.550962137605 1
-1065.85495854 -3.96978822104 0.342522565835 1
-4090.38436396 14.2436150753 0.705892237907 1
6519.09633114 -11.3217230793 0.928996828601 0
6070.12619548 16.1736419614 0.906141392025 1
-3866.70546426 14.7805504123 0.696256388762 1
-2230.65932655 -9.47203191607 0.521941612513 1
-3156.05978948 15.9824936409 0.697964720579 1
6170.39079772 9.69907163024 0.865014866672 0
610.614909063 15.0221794711 0.383724014782 1
-3651.44583651 -18.8223715363 0.886339895109 1
3076.0093794 -6.32471413656 0.581741985389 1
1697.15151227 22.4828981292 0.564771677903 1
-2120.48295678 4.07900002898 0.517439510692 1
2466.71759639 -3.35784581936 0.475108165906 1
6051.96537655 22.6352659255 0.947974564959 1
1481.2634437 16.4506842554 0.525589381941 1
-2705.80954095 9.08202922459 0.602495547412 1
3183.59904015 -9.93302914226 0.629668565138 1
3708.28104784 5.24724631728 0.697132751777 0
2060.74527103 15.7272688433 0.512048342828 1
-4753.18981982 -20.5698506094 0.881666958256 1
-2119.4430775 18.9769438504 0.56831505651 1
7947.89763833 7.4054659831 0.971863499798 1
-3824.15437433 -16.0172483237 0.584803760801 1
4505.32345027 14.9910538507 0.72899707656 1
-1764.8039543 -4.64964950947 0.382792057521 1
-3648.7285135 -12.2784802883 0.691198484571 1
-3293.29684659 11.6450606799 0.731791997886 1
1401.12570804 21.2268530224 0.530947360731 1
498.598065934 8.59109895673 0.26846807268 1
-7116.12496896 -10.3348685182 0.992077547251 0
5900.52096593 28.0520884466 0.953442342427 0
4843.47895968 -18.5196173594 0.69726516219 0
4336.23800471 -13.7282755644 0.871951190041 1
-1784.4206599 14.4664960785 0.535468139005 1
2165.8635861 -15.7994293112 0.565660577327 0
6211.54490561 7.5618850531 0.979046720461 0
-3515.24130156 7.98829688101 0.68018166451 0
1570.52182473 -13.1809996136 0.442791898385 1
-2352.20134099 -22.4916017326 0.812005560753 0
-207.303986486 -11.3063495456 0.264089283333 1
-3027.93738777 -25.1477315073 0.550618083751 1
3948.11965262 22.8010690423 0.745278857773 0
-3043.90728845 12.1794560367 0.555278674015 1
-6532.2700987 -5.77580622302 0.962303528308 1
2253.77530235 -19.1922385252 0.525059250779 0
5079.34939816 20.8051205188 0.838765462971 0
-3291.09015142 12.5459619879 0.665355951563 1
-2187.89452445 20.3505279613 0.771586332465 0
2987.37992902 -14.8847169683 0.488324225814 1
4474.09999993 -5.26759255311 0.769255195257 0
-4522.0864192 4.23615304431 0.72212004996 1
3811.37409426 6.59346680995 0.497164028564 1
-2914.36690231 -8.29391614111 0.549285735613 1
-7024.55703078 19.606671934 0.98277657952 0
4694.19594754 -15.0455092552 0.677802824098 0
506.664091285 -9.68698271825 0.287555103947 1
2838.69313824 18.0222529249 0.630909900798 0
2756.03803144 9.02352300092 0.505126996821 1
4873.52706227 17.0769750166 0.850026228243 1
6257.12750455 -17.5381401056 0.957223269533 1
-3746.25118982 -22.1311702039 0.863510133573 1
5286.31231527 20.2279753976 0.916338889856 0
5732.63604191 -13.9154784476 0.918295976698 1
-3656.08206858 -27.765608978 0.723632502876 0
-9273.91080852 -8.34032675723 0.988950336705 0
-6919.64857096 -6.02850913959 1.00256934629 0
2617.82647514 13.3376113253 0.608771740329 1
6899.38752237 23.8980780932 0.985976077167 1
1124.97187534 22.4952504201 0.538192534474 1
-5665.80777225 16.2035711568 0.900893916601 1
-3592.60880686 9.57989961987 0.531104820392 1
1801.96804268 -21.7475445453 0.629739300959 1
-3753.83809432 16.1340855228 0.8233297468 1
-1613.75617833 18.1797346299 0.613733552963 1
2868.50936181 -15.5948477252 0.603790698693 0
-4584.43323177 -8.57881816378 0.738578414661 1
-2423.17401351 15.1404712372 0.637521996688 1
-1534.9973183 -8.50545032478 0.404297797054 1
-5468.3166602 21.0383412492 0.989249783401 0
4699.17055698 -12.5216749506 0.869940967895 0
5910.46969224 -30.7313336982 0.965954727293 0
-1488.42580498 21.4272853454 0.749624213689 1
-3337.92040141 -30.8557074761 0.852837609942 1
3788.45107059 -13.5711056795 0.481862722362 1
-1037.11671423 18.9756978988 0.481621492489 1
1156.56473357 -9.30605366936 0.277400700169 1
1564.69290922 -28.9740797197 0.475587870436 1
-2162.84108686 25.3415845987 0.666081977357 1
-4146.00793159 21.1647173158 0.683448271202 1
-4126.04656551 5.77436507704 0.768759506554 1
-3056.90017731 -21.0007251192 0.690108130952 1
-1286.31724033 -8.59760146277 0.392835103819 1
3863.5734341 32.713123518 0.877801538813 1
-6102.70621009 -26.6347201907 0.915924947106 1
5219.1025221 24.9971490542 0.933670028731 0
9556.68368554 8.09589402714 0.945366516721 0
2521.36152731 -6.55154896086 0.491149020771 1
2041.7089509 10.5166237043 0.460586501535 1
2834.43611214 -7.96282307224 0.531544556795 0
2258.60415169 18.8919045299 0.496901809588 1
-5823.41765577 9.91167478429 0.998392407299 0
2382.62389414 -23.5576195923 0.857748086261 0
-6195.46390092 16.244940944 0.988287617085 0
-1342.08158862 18.2163538523 0.614563071081 1
1824.8637384 -10.5364422261 0.350933928369 1
1960.54923037 17.9828866455 0.568931431042 1
2125.5412005 4.81563325981 0.320898498226 1
-5445.56002331 -16.5060754647 0.92180114706 1
-4590.21543617 13.7727080095 0.946420028048 1
2224.47982889 15.3445041799 0.595982206383 1
-6098.26304306 3.77702692136 0.963129198957 1
-1938.33222122 15.4053605147 0.549885396875 1
2521.33871052 12.8373185372 0.430119468089 1
6052.15301211 -23.3005209877 0.824639795566 0
4590.14012137 -24.34300584 0.915584303466 0
3538.94801889 16.872611728 0.629467390941 1
1834.0100612 13.5184577929 0.418987432052 1
-3887.47894347 -13.6309831405 0.823698240924 1
2806.72721305 10.7783437817 0.531977256331 0
5973.21200395 -18.2591201659 0.791029857163 0
-1012.88684441 -32.450681253 0.781074029276 0
5994.6866741 -23.8907689772 0.821018280718 0
7653.64826094 30.6756666169 0.982009880517 0
6416.54525087 -9.2354044639 0.927295897719 0
-4006.7036157 -15.9771694397 0.59456744513 1
5051.95414393 -25.0939517532 0.925410258287 0
2485.95293949 -34.8148253569 0.800939629971 1
-5631.60486832 9.73576975442 0.954395525035 1
-4279.88172369 -7.9797827638 0.818119421982 1
-1587.02661001 23.8529565314 0.629409926825 1
4543.71907298 -17.6545190184 0.803310695253 1
4067.30012782 -10.8603706616 0.739341405338 1
-7318.21858755 -14.4266956491 0.992127766419 0
-1691.38482347 -23.5031401629 0.726347328524 1
-1107.50848763 11.4830974043 0.326529448376 1
168.550281204 9.19972454951 0.218836453802 1
-3326.65527979 24.9949235258 0.804467537412 1
4268.47414823 -25.1351467916 0.676641222492 1
3240.10654155 13.9810561589 0.558302709304 1
1109.75733391 11.607586408 0.390506087842 1
3600.06609361 -18.5975800153 0.593441966154 1
-4486.0357142 -16.4597939503 0.820821182363 1
1907.36308281 -6.14074244906 0.327500121398 1
-4806.45369525 -17.3606914257 0.899820779708 1
-4464.94937506 6.83638194908 0.712629590456 1
-1426.57107621 -20.2354671492 0.540126387324 1
-7032.40339219 24.4587293695 0.990604225448 0
-5809.55260281 18.5141747306 0.998072348408 0
-6410.82743587 -13.5434390813 0.994222231723 0
-3231.47285457 -14.1994244739 0.768800423123 1
-4341.83791401 -14.2279316612 0.684181535224 1
-1841.23818673 16.8166681793 0.550588571727 1
3306.37189992 -10.1015734835 0.723675478674 0
-4110.65565682 -8.69996996652 0.677741693816 1
1973.63888429 9.51868065399 0.466340097313 1
-2978.88597696 -11.6415913523 0.510699625604 1
-1623.58741835 -23.8463169893 0.621931893807 1
-2928.93368246 25.4692782563 0.787531981387 0
-4719.72385024 -21.1522525641 0.994307987627 0
-713.91847506 23.1627725218 0.630829438676 1
2802.80809803 -12.3034077434 0.46039971361 1
-1244.51237391 -9.03221633442 0.406101718795 1
-3140.25836828 12.8031920107 0.653204523476 1
5312.71794701 19.2124651443 0.811511878931 0
2331.30807326 -15.9801629291 0.606922511039 1
3373.20766271 -15.5560766897 0.555100906771 1
2471.99878478 8.28470944809 0.424008444759 1
3746.75890155 -23.6694841646 0.672260274569 1
-5007.92599376 17.5397403881 0.820355317913 1
2880.31919659 11.7830811984 0.509240600786 1
-1921.63401507 -21.9415204832 0.695510405273 1
