-5500.92663686 15.2096143251 1.01088275789 0
-3063.22394954 -19.599173305 0.658610572289 0
4225.99950989 16.7873709647 0.741691981653 0
2799.09578137 5.67401586455 0.507266055659 0
-4701.66317601 22.4259353944 0.949358117784 0
3271.43901953 -17.0800484593 0.764247830265 0
-1630.24001362 -7.88840284928 0.367264377953 0
-3950.45511865 21.8866656642 0.883361816462 0
2208.40029692 -3.27843072477 0.532842581372 0
-2105.51929266 10.1823637917 0.546214326707 0
-4355.1172232 -18.4622719431 0.881940324072 0
3250.62363049 33.0612053421 0.853423424166 0
4541.2492983 -17.9930211539 0.729203250843 0
-680.368353677 17.8853067058 0.530500884566 0
1685.1596277 8.92671655529 0.519599635729 0
-3286.21245724 14.6228644492 0.633923711557 1
-914.636885338 -14.639553032 0.623721116237 0
-2759.45232831 -20.1029723272 0.721409848841 0
-3927.58273566 16.990699344 0.849826681444 0
-1965.02434362 13.222397394 0.573310174246 0
-5134.68389112 -7.7547120035 0.851074422579 0
4952.77408402 -15.665494242 0.880773181595 0
2583.98954327 -11.1005164852 0.602146592981 0
-9422.84436599 10.9667005128 0.975437070902 0
-3944.56990723 23.1118457361 0.617908812523 1
675.4142145 14.1204076604 0.49609539733 0
964.283009594 10.9511826142 0.264965872833 1
-6240.14130647 9.94573999894 1.17985686135 0
4311.47637732 17.4965897009 0.818329848077 0
1552.77550588 11.9534480506 0.569156897376 0
-2312.51114416 15.249203881 0.665254705559 0
-2004.97007617 9.26289212901 0.492477270819 1
1067.47857603 -16.7658083928 0.573747310729 0
-8878.45554146 -14.9120253918 1.05435117238 0
-1735.01427869 -12.948165333 0.600584341303 0
-2618.78993891 -27.5546341655 0.63793707026 0
-2921.08323881 28.9822286193 0.893133281297 0
3225.23019391 -12.1525786907 0.606291143141 0
-1373.34553284 -25.2670261233 0.697523734832 0
2170.49708882 -6.61089945594 0.402472154751 1
5199.67735486 13.9446109603 0.971784109837 0
-2337.4909302 -32.1755621752 0.553907949196 0
2783.47552438 18.1468732689 0.550212057905 0
-1253.41062933 23.1964226019 0.47246843391 0
-3624.65871506 26.5445489923 0.897545623796 0
2644.60255587 15.160435842 0.570245753129 0
2710.0254841 -19.7373441806 0.673029011598 0
1646.96582052 -4.01527285897 0.512909022278 0
5792.07508741 13.8714691294 0.844555889804 0
-1445.94791495 34.9533987934 0.887505643257 0
-5512.99214894 -19.9244582879 0.938400315828 0
-7564.79285916 -21.7204481089 0.79770076304 0
7618.37160158 11.2648584288 0.970839391133 0
-2419.4166178 16.7946856039 0.63575367482 0
3842.27587882 20.7620463422 0.687425657304 0
8581.66209895 -8.68148741069 1.00433788732 0
3752.99377254 -8.87934104462 0.633570185493 0
2799.57948213 -16.9320392194 0.527959395981 1
-3656.39608933 -6.74032850459 0.762817512991 0
-2519.02886517 17.4833263686 0.761390663467 0
-3133.74511912 -15.25699911 0.662791944287 1
-5155.42483419 13.0139488798 0.981984107749 0
-9396.85500316 8.70526079641 1.12817773816 0
1144.28101221 21.2404109604 0.681209780907 0
1686.91292156 -15.9750126067 0.433012197349 0
466.618761095 -11.5058670057 0.281910859773 1
1707.71902724 30.0197976975 0.818221385975 0
3205.54911864 -13.1834461568 0.774666292951 0
2596.88921352 7.07125567606 0.609777667185 0
3163.86571606 29.4311892884 0.614153412788 0
-6103.73074076 -9.57273239408 0.924040409246 0
4916.8241215 13.5042669218 0.870172997132 1
-1443.04357195 -11.6793297928 0.51484992005 0
-4630.3541628 10.5001850029 0.873279658165 0
1918.68589174 19.6028885403 0.404981615499 0
2721.20165725 9.70152434877 0.528778953641 0
-3049.79051947 -20.8182145665 0.497829255977 1
-2324.10993659 -6.13040000688 0.489777720301 0
2590.37928837 -11.986186161 0.660943610913 1
2983.587899 -11.4327574817 0.678485729524 0
-3332.30563462 -13.3766807415 0.672999728902 0
2625.49240771 -12.6196282523 0.684803823001 0
-5755.20354706 18.0080894634 1.04007013577 0
-2604.39848103 -26.8446221598 0.679641992792 0
-5597.45294429 9.8127681031 1.0889909251 0
-4191.14565525 9.98786112311 0.889820877393 1
-2427.99782391 -21.4584471899 0.66956861397 0
8433.50663032 10.8029479889 0.973826221805 0
-2840.23669919 15.375550833 0.643718381542 0
-8316.2184537 -20.2115778686 0.9822516881 0
-1653.19192921 6.0997670799 0.46360138757 0
-2641.56888651 -16.3008947 0.680666439673 0
-3098.5261225 -12.1997922635 0.592931268083 0
3230.81590184 25.1942685436 0.765066308479 0
2650.64360744 -11.8960226215 0.489598204994 0
-3035.23805494 -18.7410620859 0.6726969747 1
7572.84324714 19.968102609 0.935921680681 0
-4083.10587261 19.514501149 0.750600088246 0
-4083.62710545 41.0601582207 0.946097529697 0
-7786.61221229 30.9051134356 1.08467674803 0
3864.09667613 -15.1861611121 0.594472163337 0
6703.30499271 19.5352935331 0.910742030472 1
-4673.34701562 -12.718801457 0.810819624181 0
4346.66574232 -12.3334697227 0.727131365987 0
-3567.96744454 18.9952296339 0.710503302503 0
6108.60467273 31.5691118839 0.906412427134 1
1549.262096 -6.59781816979 0.520818966279 0
5293.90725357 -14.9812237865 0.957980638298 0
4382.83019088 8.05924751787 0.826795280865 0
-5046.72172971 -10.8412075591 0.995352699846 0
2614.99227248 -12.5073151215 0.587613439236 0
1134.64985404 -29.0260505728 0.479497754411 0
-2456.21760808 -12.3743272975 0.620451818254 0
1357.30337909 -35.350718163 1.15844354819 0
-1938.22720768 -21.0940803116 0.478289889593 1
-3168.75663909 17.6566948758 0.648825854772 1
-4544.52268151 11.2472599536 0.926667547025 1
-7841.65361015 -6.82310330194 1.09272247353 0
-3185.96559147 -8.38443080332 0.607237026585 1
-3713.83563585 -10.0796351872 0.861272425726 0
3685.79146832 -18.8167879515 0.542369884676 1
2927.52923345 26.7384888452 0.692762062568 0
3861.45914299 -22.0839599948 0.671835803811 0
461.6305427 6.90637566305 0.249050377734 1
5325.75009994 -10.6144607207 0.94482250085 0
-5374.39332306 16.7519855038 0.919591098321 0
5162.14399279 2.26247696395 0.9378219817 0
-3767.53589569 -9.26496852128 0.746126394816 0
-1620.53807377 16.441557642 0.534408027208 1
-2699.12161928 -8.82624454901 0.495464706773 0
-3070.38428828 18.2248934424 0.840130312693 0
-4809.17255939 13.3731412298 0.7476314932 0
-3721.87196222 21.2260677621 0.88057854265 0
5205.80412416 -20.1329745935 0.939595521253 0
-5993.75733182 -20.638120688 0.898937982146 0
5510.25253633 -8.66545427308 0.832841587541 1
-1826.46795189 21.5414581697 0.634072936138 1
-3092.48953051 22.5801792228 0.769960143449 1
3374.17495153 23.6170748316 0.762820844832 1
7702.31786505 -15.778825084 1.01817960216 0
1025.22088822 13.7806964582 0.301010747165 1
3546.72018758 33.9498214606 0.747848886413 0
1569.15331655 -11.8509030551 0.575301017412 0
1390.35642245 4.85114168001 0.42959525994 0
-5262.92944465 -10.5095770928 1.02342926444 0
-5066.9191116 -20.1420469047 0.925669535228 0
-3329.25024142 -7.90666261184 0.667197491429 1
-2447.56766208 10.6816719298 0.681143180902 0
2424.27163718 9.40519821385 0.380885612757 0
6165.98265431 4.62960111835 0.923751019063 0
-4745.71157258 -16.0767571797 0.808230228112 0
4282.50591711 -18.2760418327 0.95082250225 0
-1701.35381828 16.8480636323 0.605370846136 0
-3414.7912142 20.1529198502 0.796097629735 0
4572.19052379 16.2297293349 0.909153456812 0
3380.56551971 -12.5651094412 0.538716654714 0
820.683019745 -10.0136301529 0.37261935244 1
-1337.8545393 -6.06756809416 0.399909642649 0
2846.58866518 5.43960368531 0.521425141455 0
2332.97340032 14.1011846227 0.591849196377 0
2281.41833823 19.7169894264 0.746463308521 0
3136.41766561 -6.05966311887 0.555622273014 1
2937.06756152 27.324188926 0.861380781585 0
3374.5429191 -12.8386117013 0.74847950473 0
5389.2203201 -10.1779528912 0.970476215616 0
-1881.86715947 -26.050912857 0.678124524625 0
3588.94150933 23.5983872162 0.586729399905 0
-4862.77029786 20.3620022353 0.886862552791 1
9441.02621878 -9.89331735626 0.993574466155 0
6770.70942699 -7.33652405581 0.93813470451 0
-3227.39185651 -22.6986955295 0.706050941606 0
3413.35054218 12.1773818679 0.638217656083 0
8578.72686591 16.5627625598 0.943984367253 0
1125.1710622 -28.8231288152 0.901214935565 0
-6639.00405877 14.0106619762 1.22835858691 0
-2946.73569362 -17.6003045026 0.903581568648 0
1434.97416269 14.7568783091 0.477299290504 0
-925.691017936 8.79757109499 0.405161101184 0
3306.94733494 -22.6527822677 0.632506835056 1
-903.81069357 11.7099400214 0.416786427338 1
5999.85806056 -19.2509976399 0.90534867867 1
2746.55640201 -16.8225322715 0.573824608669 0
-2440.84455562 33.4006017797 0.691361654764 0
-1172.1400679 -21.6462662272 0.433916730207 0
-4214.46771633 12.2726100013 0.791835511591 0
7291.24260959 -21.4518307058 0.878237739206 0
-1009.89613173 6.40768745445 0.384881857257 1
12600.3633723 19.4264757747 1.00206260065 0
-2285.94494624 35.0275723081 0.901036810458 0
-2612.27111618 -12.6519158737 0.487576040692 1
3189.72617542 -18.566045157 0.826810113299 0
-6496.95289114 -10.7743259889 1.13634088147 0
7359.49700425 8.22648681948 0.987461142308 0
-2205.14389217 -7.12933935536 0.511671520434 1
3459.09917679 26.5561455627 0.732012102651 1
7090.83863485 -13.4537829214 0.993752571687 0
2653.30518083 19.5693422165 0.677116097697 0
3486.76449121 -25.1126808876 0.559917070187 0
-2337.77914227 8.78137382271 0.573660161445 0
6208.81976044 -8.47836994662 0.968046692753 1
-2763.3882871 8.52781693373 0.523439748099 1
1068.05898952 -24.4752658622 0.415496520141 1
3527.38189445 -8.03119556767 0.71862587926 1
2822.84443559 -17.0430778508 0.566654334283 0
6019.27277795 -17.8129148674 0.816343074638 1
-5508.75363383 -21.6414981892 0.993237122418 0
2136.04675898 14.1407829702 0.394136656934 0
4335.33468121 13.9425431922 0.855292247641 0
-3640.05550309 6.49000066591 0.70381808819 1
4419.00449005 5.52088768329 0.74214051753 0
-1686.69777888 16.6828326324 0.609185395397 0
-4374.42941456 -14.2832356618 0.778445459478 0
-4582.33668838 17.2185162726 0.93847358175 0
4168.30996601 8.29132504548 0.666007942416 0
8138.49741074 17.7935073224 0.972627278381 0
4801.59243408 -16.3589103881 0.820977443178 1
-4657.78086 11.9367171029 0.82533529646 0
2595.29942299 7.71590838344 0.498761286712 0
5627.98446064 -21.3144522016 0.792986236667 0
3702.55403407 -8.38445254795 0.690105487718 0
-6213.0355728 -11.9152353119 0.99453833656 0
1475.41093058 6.14081890609 0.437259706507 0
3647.16399287 -15.065961437 0.760206312449 0
-4800.31814663 9.59567882298 0.88095819534 0
-2982.08400355 18.175423061 0.660509998748 0
-5226.26319027 8.39667368383 0.957487479171 0
2047.77507257 10.6390959219 0.520704230519 1
3743.95514777 7.93635012328 0.628993104375 0
5055.55157132 -17.1240735392 0.960700391601 0
4871.18640854 -23.0458196681 0.865358600772 1
-1267.53047189 10.6890927975 0.463931492045 0
-8422.54005014 -12.1481920585 0.97169405917 0
7227.91407587 -10.9994173631 1.00182997009 0
3413.19254869 -17.1001246792 0.661851810575 0
-5863.852128 -5.60285069611 0.895939692317 0
-1435.10009158 26.5383009497 0.758335603348 0
5372.27671429 13.5090377155 0.939460560181 1
-3752.76476789 -26.9094898092 0.859915226657 1
-2278.82632717 19.0199444211 0.762886495843 0
-2738.64446497 6.57249350729 0.492681797773 1
4076.6816271 9.7775864207 0.857640095935 0
4676.35352173 15.9188462617 0.836161882877 1
3293.1727741 11.5822136853 0.546547173449 0
-793.037106465 17.6821569394 0.620390481829 0
-3867.12229324 12.9977293128 0.77249051107 0
-6461.59649462 12.657606978 1.0132287254 0
-3832.01245015 -15.96600607 0.82431694176 0
-2508.62418428 3.91372893708 0.533039339254 0
4133.78832057 12.9791381934 0.582862617979 0
-5746.62116185 -9.14611212306 1.05927509822 0
-1854.85420857 -6.10935528113 0.477713915648 1
-2206.06682911 -12.6690695021 0.495189024439 1
731.166605973 4.77421922589 0.228512417757 1
-1507.03489779 25.3243372448 0.846122698126 0
10205.1831443 8.04263894543 1.00273218884 0
2420.48155785 -8.75217670256 0.565433030511 0
-3663.07794807 -5.82669217558 0.566661861596 1
4353.49087267 28.7992931125 0.758524114814 0
-2256.1912721 -14.3517872067 0.62659570319 0
-3013.22260399 34.0414186758 0.815802715164 1
-6008.34899621 8.70776759623 0.946069991073 0
5891.26738035 9.25766290702 1.01569384339 0
-3201.35840845 11.7120812398 0.545088102932 1
2345.36202644 7.81121240556 0.385057230926 0
1994.86329738 19.47564093 0.575947638298 0
-4962.25139603 -5.92328370102 0.912828145931 0
850.346880273 -15.3111939294 0.411705246426 0
-4982.85790216 -10.576125911 0.843857031785 0
-6517.67341797 15.3307167054 1.12781948659 0
1482.62297523 -14.6367392491 0.497696451474 1
2771.00065469 18.6971998498 0.589892887732 0
-4509.6156132 11.9658152456 0.868199974426 0
-2407.78480151 17.5595887552 0.681643572769 0
-775.448414216 17.2025210043 0.493088455343 1
-2121.16496571 16.8295565595 0.589709400313 1
5372.35916883 13.433682185 0.832995473264 0
6281.28939489 21.3172369827 0.984817351586 0
2970.43461317 16.2611723709 0.627716352719 0
-4713.3448919 14.6391751955 0.776675428433 0
3502.78155746 -10.3965155969 0.601858789332 1
2215.77471453 -12.2063710224 0.469450678831 0
2228.26380571 -6.54875779247 0.542104741337 0
-1481.08767876 -17.8491465011 0.520782495518 0
-1526.49593595 41.3366599155 0.918954005863 0
5570.49449731 11.2220720494 0.96822026302 0
5837.62313628 7.82226784494 0.841083845266 0
-3289.06591562 12.556411789 0.60895851685 1
3587.89311486 -12.5629467614 0.905687622917 0
3721.05051566 4.87715177626 0.653761507644 0
1105.29629067 -9.66930045283 0.598999641411 0
5646.2532046 10.492759761 0.871088196111 0
840.764884887 -19.5610182291 0.679240504507 0
-2152.25657183 14.2572061586 0.590836945814 0
3621.98054653 -35.0537988457 1.12049407862 0
-1201.24699686 -17.842812967 0.537436201757 0
2479.25831388 6.92433155764 0.499516598521 1
-3943.0737854 9.8200760618 0.797541561228 0
-1137.22935637 -5.66365398276 0.549490656087 0
-7271.15240968 9.86246513903 0.940702009217 0
-2176.93717594 15.3509529665 0.516799590729 1
