-2839.65540814 17.8374454804 1.03826967687 4800.0
3798.57797544 10.6144367442 0.823134294045 4800.0
3024.3311879 11.777467192 0.736251985435 5000.0
4263.40647381 -19.3519129706 0.890779744905 7800.0
3170.35550119 -26.6632148805 0.960098311084 4200.0
2811.12362231 4.15840197973 0.755510188821 5000.0
-4472.95030737 -7.4823160522 1.22630653829 2600.0
-4077.46429088 -15.1034643806 1.17626274905 2800.0
-4397.31741212 -6.98268473571 1.01263244419 2600.0
-7365.30112608 19.1210088135 1.14047988561 4200.0
5182.06461639 16.9143807012 0.81180643037 7200.0
5186.57444283 -19.2727870425 0.971778792193 4800.0
2046.19187037 28.5596424157 0.691599178014 5000.0
-3863.44981264 -14.3485183928 0.835747152522 4800.0
4761.12879899 -10.5821357845 0.896170621601 4600.0
-5797.30316228 -10.7314423942 1.0231123112 2600.0
-2761.42021488 17.5296864828 1.05823953982 2600.0
-4924.85163065 13.8828672624 1.0117324791 2800.0
-8868.24009716 11.3912009308 1.0709145287 2000.0
-6143.73225985 -16.805345932 1.08862525711 6200.0
-3658.66764857 15.4956394256 1.21956018099 3200.0
4629.09725625 12.8630442892 0.891616178621 7200.0
3198.46243175 -12.2056388655 0.848723352124 5000.0
-2402.16360835 10.9283703001 0.798796925876 4800.0
-4111.01996714 -27.2863284999 1.1361625998 2600.0
-2417.97839732 16.3721539387 1.01843088134 2400.0
5214.07207199 24.0483198176 0.973015188139 4800.0
-3646.0358094 20.576786559 1.37860026698 2400.0
2742.68047921 12.269684587 0.800059542963 4800.0
3121.92316596 11.9497620693 0.74677615257 5000.0
5579.96535743 15.107805232 0.949260533274 4800.0
2347.21089603 -29.8828385947 1.00295839257 2000.0
-3765.72085285 -13.3318047397 1.05597236888 2000.0
-3282.47695104 11.4626107796 1.19796254264 2600.0
-2017.62900021 -3.95793510101 0.776281770268 4800.0
-5021.74245411 -17.7538316201 1.12923528468 2600.0
2749.70513471 -9.29204233751 0.696159460577 5000.0
-3554.49587622 15.7233470665 1.02674791688 2000.0
-7153.01279163 18.6293458926 1.35296054706 2800.0
3182.63460742 11.9511765248 0.851109472226 4800.0
-6249.76085087 9.11347486838 1.25161435805 2600.0
-1603.76365506 22.5527469245 0.917524448409 4600.0
-2940.97679159 -16.6783379933 0.850039153553 4800.0
-3348.26597414 34.7158317627 0.969541616995 4600.0
-3426.91058201 21.8931076074 0.896710528802 4800.0
2199.04744682 -13.1647263628 0.835776796986 5000.0
-4981.98036002 -22.5802517719 1.21552101114 2000.0
-2688.98179177 14.2105092615 1.04447859979 2800.0
2941.14509531 13.1888945166 0.761091790743 5000.0
-4351.43376594 14.2788986558 1.02943665422 2600.0
4181.19376487 -19.2230706953 0.947302911104 2200.0
-4932.35580601 12.8150630022 1.02679549409 2000.0
-3788.59439512 26.1141892115 1.03450369375 4600.0
-1501.80737236 -9.7454279552 0.761781570614 4800.0
-3475.76809287 -8.55679445286 1.040940521 2600.0
770.821808245 -19.6762689063 0.699953278526 4800.0
5674.79563427 -13.6158587186 0.982855650646 4800.0
2978.94627061 13.2607779177 0.732914725144 5000.0
-6918.6005836 -13.3114737997 1.02730005636 2000.0
-4631.43536798 -8.23825327054 0.902727197519 5000.0
-3176.27260929 -11.0407630694 1.07034271095 2600.0
1363.40220741 10.0252716112 0.765068065387 4800.0
1632.76147806 7.04767480237 0.662791169428 4800.0
4084.21136049 17.7397037777 0.846921541419 7800.0
-2566.56074229 19.0853563742 1.11728181761 2600.0
8506.4484256 -13.9247056051 0.965398996819 7800.0
3338.75519626 -23.480431221 0.9162908469 5000.0
-2798.64068587 20.0870958026 0.979128876305 4800.0
2951.91918805 -12.8754353128 0.736315824115 5000.0
-8444.42883377 -24.2812829186 1.0332507517 2600.0
-5501.06717867 -22.4021391937 1.20192790885 2800.0
301.606524527 26.4691349072 0.88491487574 4800.0
-3504.36131866 18.0083958132 1.03343209159 2200.0
-1790.03157893 19.5777073088 0.920198070748 4600.0
-8486.83974796 -10.3337538471 1.0258245215 2600.0
-4485.47135084 -13.8308756874 1.00596581678 2000.0
-765.314259487 13.6745137552 0.785541636805 4800.0
4415.06572471 -7.49364781294 0.847363349289 5000.0
-5717.83494826 17.6863219378 1.03438181048 2400.0
-3075.1302593 -21.4144339555 1.02066591047 2600.0
-3354.21722653 6.33199949628 0.798854826695 4800.0
4684.71799285 20.7922920885 0.972630140894 4800.0
-2283.65020777 22.173884296 0.967447553347 4800.0
-3950.47195024 21.7998538327 1.12770172007 3000.0
1997.67127128 16.2347868857 0.749003798302 4800.0
4353.06403565 -27.3042904339 1.00043983141 4800.0
2706.02235921 17.4872862692 0.88861074547 4800.0
-5649.69580809 -5.05123809627 1.09786086381 5200.0
-5097.28890401 4.74723066065 1.11226427974 2800.0
2428.01695512 -7.54768492286 0.756528436888 4800.0
4285.0249217 -11.9311714357 0.915481233595 4400.0
-2569.04792483 -20.5966693695 0.748864342418 4800.0
5037.51076927 -14.5343242118 0.931831275965 4800.0
-7521.08465146 -24.5529890377 1.00865776647 2000.0
-2101.89823529 8.95164716996 0.68098302743 4800.0
-2365.56534289 -9.97794539703 1.01019962905 4800.0
2833.55087197 15.3391344754 0.749099563147 5000.0
-2578.39714204 -18.6337199387 1.00079192452 2600.0
4801.66515255 -19.8271201073 0.946541727711 2000.0
3696.05910729 16.5725186476 0.757000160291 5200.0
6368.2524763 -14.5290169605 0.915911594278 5400.0
5117.46960664 -30.0688935955 0.952680028346 2600.0
-6834.64831116 8.64216086579 1.05702757655 5000.0
-3421.58143227 -4.86472355072 0.889742978935 4400.0
-1824.94186929 -23.4435563147 1.13733162471 2200.0
-2406.91541099 -18.1569144844 0.72621240753 4800.0
1865.64923351 21.3144143981 0.771061760648 4800.0
3337.60824761 17.9885883328 0.734067785619 5000.0
-2630.95964285 25.7977005302 1.12314269687 2200.0
-5473.22977951 -27.4779178416 1.05595258874 2000.0
-2259.89023024 8.33375391679 0.780011759607 4600.0
4971.81650352 -15.4651828039 0.925681147941 4600.0
3600.34586663 -9.95445170674 0.770137618978 5000.0
4805.90589692 23.5735301574 0.939425080463 2000.0
3308.20323912 -21.8288398841 0.736888658209 5000.0
-3858.25973045 12.052667739 0.943085714115 4800.0
-2134.80200518 17.6818890893 0.850540672949 4600.0
3408.26748122 15.0318856124 0.776987813201 5000.0
5040.54747949 9.20333036897 0.890803925177 4800.0
-1944.32832617 11.5338292003 0.747493277269 5000.0
-3495.77939738 -5.18358802865 1.11307041353 2600.0
-2724.63704839 7.62635951696 0.781283343847 4600.0
-573.163558898 4.66909641894 0.703511224882 4800.0
-1235.05634445 -12.0963084695 0.754269879909 4800.0
3186.6188523 -21.2677885998 1.01605142784 2000.0
4113.73382484 -22.6738555624 0.971805820253 4800.0
2643.37035526 -27.4305524664 0.74765404376 5000.0
3687.4065785 17.1197288293 0.932342349276 2600.0
-7753.47588522 -8.07170600146 1.34202477122 2400.0
-4117.69711845 14.1220583839 1.05949772567 2600.0
3449.72618933 -14.0247500435 0.752771071543 5200.0
2440.07505807 16.8381553013 0.726565644242 4800.0
-3273.93520052 -16.0771805271 1.08538312959 2400.0
-3536.20988229 11.391113507 1.06632460785 3200.0
2635.90049983 11.864295556 0.688185114106 5000.0
-2326.42018114 20.0532127859 0.856516168413 4800.0
-3299.77664743 -4.44856105867 1.03172787576 2000.0
-1966.63314576 -8.47353183614 0.792865161275 4800.0
-5152.93319021 -20.6886694355 1.04204059926 2000.0
-2155.15689434 15.149043546 0.761807849388 4800.0
-4416.63504194 25.6111249055 1.0981802911 2400.0
2646.27365245 -17.0756474413 0.724568152025 5000.0
-6710.59887907 -20.3284198421 1.1346350572 3600.0
6915.61036196 -12.2353932293 1.0218326481 2000.0
2790.16355946 19.8872045153 0.794019212044 4800.0
-2397.359379 -11.0371255437 0.769213810388 4600.0
3598.30926942 -9.33654608416 0.972485160034 4600.0
3899.72907729 16.1261908411 0.820861729079 5000.0
1488.96652364 -16.6163050506 0.712446666567 4800.0
537.442714145 -12.1917621083 0.779362514449 4800.0
6423.67345059 -6.64902336856 0.98076514105 2600.0
-5070.57470061 -10.8077330413 1.1380409072 2200.0
-1548.08654138 11.5977493776 0.798482966914 4800.0
-2130.39671947 11.577611034 0.838368313029 4800.0
5652.14660162 4.83173710655 0.922409071204 5000.0
3338.40759881 13.4531123408 0.841138957399 4800.0
-10121.4783549 8.4884530129 1.01453031377 6800.0
-4648.9743181 -14.4811846958 0.973447919164 2600.0
1755.54195861 -22.8751591852 0.982601613742 2400.0
-852.126795643 -15.8450747971 0.750430502051 4800.0
4517.1641797 20.5428427741 0.956409706113 2600.0
1977.73729016 -11.6253506227 0.713921877284 4800.0
4553.62497862 -13.7785725878 0.897232859392 5400.0
923.322529983 -19.8109325683 0.695218520585 4800.0
-6829.91683161 -4.02551219833 1.07724175146 6200.0
1950.1715456 7.37085057341 0.687748384487 4800.0
5791.42081776 20.0051954547 0.903725523365 5000.0
-3624.37202118 -27.1982218301 0.870457114693 4600.0
-1182.32939902 -14.620067422 0.937704668402 4800.0
-3871.97101102 12.7053251605 1.01816818082 2800.0
4322.82405218 5.73777309811 0.940224810453 2200.0
-1519.54762047 15.9618543909 0.700065977147 4800.0
2171.53348512 -13.4143531446 0.813298826819 5000.0
4309.45009993 -9.17549366135 0.915725227692 4800.0
1798.0864136 9.34897303935 0.794655318009 5000.0
1797.63105587 -34.367248118 0.726619266091 4800.0
-2723.44650477 14.2355487013 1.18266613384 2800.0
3354.605837 -13.2609387051 0.973967019543 5000.0
3437.07943003 13.253675561 0.803546901045 5000.0
-4666.48222518 5.8538751439 0.97962939186 4800.0
1777.76185974 8.06279569028 0.679912723571 4800.0
2900.04341755 25.554492697 0.901711427218 4800.0
2081.30978572 -13.4828913307 0.696121791985 5000.0
4718.46611681 5.54334196968 0.964682071228 4800.0
-618.171175124 13.6984323017 0.719883827133 4800.0
7639.56117714 -32.7488617274 0.943168526981 2000.0
-6110.91425678 -17.8523719064 1.03376014878 2400.0
4236.30820797 20.4163037592 0.994152167169 2200.0
-1558.03909222 -26.608578557 0.893643314919 4600.0
781.727642999 -11.3087010587 0.737811281812 4800.0
3139.15132021 -37.2350232586 0.730719814506 5000.0
1457.13779478 -3.78563005317 0.66789518957 4800.0
2199.33306011 -9.19928401966 0.781701787129 4800.0
-2677.59724065 16.3926387554 0.772792532609 4800.0
-2702.48602438 -15.1195863557 0.778868487416 4800.0
-1240.17870075 -17.6946458555 0.725145435538 4800.0
1459.30938467 22.469102131 0.707976821381 5000.0
2026.70940526 15.937625457 0.712236179034 5000.0
-2216.28642289 -11.7246862591 0.806433601219 4800.0
1181.87490077 16.0948871833 0.849452720318 4800.0
4279.98859953 -20.4163652161 1.00428837427 2000.0
-2065.31091322 30.7396065583 0.777040979348 4800.0
-5232.83500898 15.3805150869 1.01370268337 2600.0
3242.44925082 -15.3783239537 0.757533327511 5000.0
-4783.71891466 -31.6348931955 0.984371253247 2600.0
-8981.50892606 19.5202544002 1.01213348091 7400.0
3947.10405627 -9.60660269957 0.891615196207 5000.0
-3979.00144798 -13.9025231654 0.820495756366 4800.0
3641.51267296 -14.7020578014 0.801938527231 5200.0
-7533.60985483 -17.0073630895 1.01557423497 7000.0
-3399.1875403 23.8183525174 1.11097873418 2000.0
3544.58622688 9.33733302803 0.870678233093 6400.0
2045.76086807 15.8884959855 0.689890871063 5000.0
1980.29122198 9.64481552007 0.718367099509 4800.0
-2034.05775443 19.4774082963 0.833384911777 4600.0
7690.85226866 -17.6868451211 0.976152119055 4800.0
5037.52584136 -16.0124995592 0.909202462108 5200.0
-1703.04451106 16.4998794482 0.865063227254 4600.0
-952.889243624 8.18138444905 0.738597657844 4800.0
4913.58344105 3.59141077212 0.960176005784 2600.0
-3366.5180707 -15.0943576293 1.06050769054 2400.0
3430.77060741 -17.7918384105 0.896685903988 5000.0
3482.30432911 -10.1744057552 0.782193360389 5000.0
4205.62695056 5.26563736031 0.904684206369 5000.0
-2100.30244023 18.4284934746 0.751679799661 4600.0
-5178.78396785 -23.3448903783 1.02044334092 2600.0
4198.83422154 -7.11815855552 0.89622875575 5000.0
1836.103694 -24.8489792708 0.754171130097 4800.0
-5334.81269529 -6.21061895206 1.05364573047 2200.0
3746.16919836 -13.853826332 0.963110077131 4600.0
4530.47513241 -7.18959941413 0.887148493977 5000.0
1967.86033723 10.8386585055 0.708521854933 5000.0
1933.03476587 7.97111309355 0.702578912854 4800.0
-7963.94081095 -17.9741402174 1.32459263304 2800.0
4091.21372719 -14.8045942437 0.826623377106 7000.0
1079.5212695 21.5706258224 0.887801912703 4800.0
-1947.21688135 4.84411392748 0.737786773811 4800.0
-4916.04423278 -11.4958748329 1.22470202524 2800.0
-6247.72176992 20.3011106726 1.19222663898 2600.0
1456.95123044 -6.80711923221 0.694959424305 4800.0
-2935.70619511 -13.1585452481 0.801397369682 4800.0
4560.22640794 17.5449947781 0.965900056115 2600.0
1575.9930353 -10.7318424678 0.729299944562 4800.0
-2259.6494345 -7.68469258672 1.08213760345 2200.0
2868.84257193 -9.62540679178 0.730087284154 5000.0
-4948.26677467 16.9914492048 1.01868734728 2200.0
2141.18216762 11.8007630563 0.697454374433 5000.0
2826.17272888 22.5678221932 0.766681562821 4800.0
-1950.26232944 19.2993183488 0.765257583246 4600.0
4684.35226774 5.9027338422 0.91178877837 4400.0
2945.62356036 -13.5384548748 0.759450811425 5000.0
2887.91832685 -3.43502441533 0.734619533039 5000.0
-6263.80414076 -28.4250357246 1.01100018336 2600.0
3998.59955316 -7.79049541253 0.857131897507 7200.0
-2977.04309869 -25.5675868471 0.91284991669 2400.0
150.31477669 -9.41387377015 0.681264947308 4800.0
1999.26296119 -19.8832274366 0.970782816995 2600.0
-5887.40923784 23.6661550539 1.01332091624 2000.0
-997.401421651 -19.5919745758 0.706764539166 4800.0
-2091.08820397 -12.0923782925 1.01344276144 2200.0
-3537.14397979 19.953329981 1.12651965587 3200.0
-4580.03994649 -24.1832496144 1.00319291633 2600.0
3066.62280035 -8.64321866442 0.774975150529 5000.0
-651.374989685 -11.1627078626 0.787283678962 4800.0
-4770.60889418 -22.2488874199 1.07059367567 2400.0
-3166.10061346 -9.15447156299 0.792893619985 4800.0
-3395.60292667 19.5834805673 0.983313230686 4400.0
-7525.0083191 -11.3328162988 1.05524243089 2600.0
-2690.69310643 24.3766194303 0.865560565097 4600.0
-4985.13575125 -6.91814092247 1.03522960429 2000.0
-2582.06202056 -12.5437142986 0.752294233203 4800.0
-3511.30455864 12.1119881331 0.902106344676 4800.0
-2092.91280976 8.28713321227 1.02091224348 2200.0
-3880.72413519 -33.9470817959 1.03516266232 2000.0
2111.89281222 -15.9531550079 0.730080036269 4800.0
5358.84249041 -12.5629117474 0.957423084445 4000.0
230.697398426 17.6621214042 0.787991355258 4800.0
-5287.89870313 -16.3678335417 1.0379293808 2400.0
-3452.27308591 -25.0329700308 0.819056792258 5000.0
-4103.77873427 -13.7630892886 1.02963431526 2000.0
825.364862176 15.7277007139 0.681465343407 4800.0
-2784.13880159 12.3874221546 0.798920545991 4800.0
-3137.32884714 11.1589143265 0.903875373025 4800.0
-1828.92805158 -15.9088347555 0.795127707467 4800.0
-3170.39600118 -20.2309542678 1.11572204879 2600.0
-1821.18950683 -18.7169520209 0.781377755223 4600.0
6629.37148457 5.11292847689 0.93610127047 3400.0
5175.5413925 -22.181015028 0.897830851834 4800.0
-3540.55786226 -7.73176640073 1.0264936238 2400.0
6635.17098524 -13.2265392252 0.932630382735 3200.0
-2295.9145951 19.1744170233 1.00010957165 2800.0
2810.25794227 -12.104444984 0.74209527088 5000.0
773.012165347 -12.3007224593 0.722576752403 4800.0
1644.2315296 8.04112909011 0.700313635262 4800.0
1158.56509683 -30.889514121 0.75834918513 5000.0
918.628539064 -8.69084896955 0.717390020934 4800.0
-2914.30040144 20.4625951068 0.982601415872 4800.0
5790.16040897 -23.5776738244 0.895653633035 4600.0
2341.14669623 7.96975337659 0.716635209211 5000.0
-2384.33942559 -8.11993687885 0.789831935217 4800.0
3119.01711497 -23.0343322899 1.02581854028 2000.0
-5639.46548077 9.80698035884 1.14725915131 2600.0
-3657.91743718 5.29019401997 1.07460264408 4000.0
1926.95680319 21.1060677706 0.719332454694 4800.0
-3440.79279137 -11.1731866598 1.06812354549 2000.0
-5122.55728905 16.0768834217 1.25795900597 2600.0
-2660.21502772 -6.67579205268 0.751482543237 4800.0
4227.97806474 -4.51508092978 0.973969538269 4800.0
7325.37652815 15.2687266109 0.963098632357 5000.0
-5168.80734482 18.9100858237 1.36031899385 2600.0
-925.288519927 -10.799347183 0.771485301807 4800.0
4422.01245791 -29.3512769277 0.833656656913 4800.0
-4505.94373207 10.2729516147 0.980305332418 2800.0
402.214384886 10.0764478546 0.725985205447 4800.0
-5553.76586757 26.2224972866 1.03886198527 2000.0
-3979.33874339 17.4442136201 1.0582181335 2800.0
3739.0176996 -22.0111694592 0.900375975566 5000.0
3687.35239196 -11.3684857803 0.898335702335 5000.0
-268.216695633 19.7442441151 0.747964707327 4600.0
-2048.19330904 -3.73635727677 0.748940776035 4800.0
3000.66080324 16.564097545 0.740374909717 5000.0
5850.3751188 21.7794777472 0.957594282405 2600.0
1476.4477058 -6.06404932106 0.687977969761 4800.0
-3982.31749429 21.9295695585 1.14765633355 2400.0
-5025.33989286 -10.2451573645 1.00359897536 2600.0
1896.52623668 17.6372387545 0.721323968986 4800.0
-7927.16740218 19.8189815652 1.11319653516 2000.0
6675.84559782 10.3641546325 0.924751314204 4400.0
-1934.81786109 6.53025829776 0.707111420062 4800.0
1060.93202652 -35.9730559766 0.786303177953 4800.0
-4232.90768789 -17.7157192159 1.01732815411 2000.0
4379.48855399 9.77895646273 0.889280273512 5000.0
-798.924803061 -15.7416257678 0.77748653244 4800.0
-1978.09702874 -17.2640219429 0.741280462107 4800.0
-5891.77825862 -9.52476456187 0.980224930114 2600.0
-2962.81751615 20.0867090713 0.885932663908 4800.0
6463.84554916 -37.9073522226 0.952075492009 2000.0
-4966.63638568 25.2018713493 1.01317856568 4400.0
3343.7714658 6.32936375694 0.78208620143 5200.0
-4561.35219119 -17.3326676535 1.11560081228 2400.0
-3882.38461355 -30.0493125449 0.962566254273 4600.0
-4881.09258355 8.19723196404 1.14992242766 2800.0
-974.391903334 11.4137781892 0.67554611488 4800.0
6874.04541324 -14.4007589619 0.983255239977 4600.0
-4912.80885248 18.8806973832 1.01248142239 2600.0
-4249.16699145 -18.4822002653 0.902647438788 4800.0
1731.79464843 30.9607489488 0.868919419575 4800.0
-4506.56191276 -17.7892644219 0.999834753384 3000.0
-3148.79297958 18.2453801219 1.09064584129 2400.0
4893.62575118 -15.9037090048 0.907892026478 4800.0
3390.49414127 10.3597479478 0.786598190976 5200.0
-5071.69420656 14.18006636 1.01821218815 3000.0
-2171.68949017 -11.0271505742 0.748990826276 4800.0
9822.94900502 10.4878125502 0.94384306797 2600.0
5577.65824149 -6.41051938384 0.930546327177 4800.0
6690.15018474 -10.9410255094 0.993972452774 2000.0
4279.17935132 14.4214205637 0.98004387237 4800.0
4909.65827314 16.1385055671 0.834421310201 5000.0
5324.91993961 22.1040913234 0.848339144507 7600.0
7223.84565959 -18.2803799879 0.928476309026 3400.0
4231.75284178 -23.080244487 0.996744168744 3000.0
-4518.56816063 -17.8181218851 1.05370474194 2400.0
5131.26545123 -22.596616412 0.93864799192 2400.0
2091.23228662 11.9098614829 0.69670617509 4800.0
-2444.72330489 15.8212790271 0.802467977773 4600.0
-5019.62179731 -17.035043603 1.03933840359 2800.0
-5731.43022288 27.753715939 1.07578080088 2000.0
-3814.99381431 -6.33312781542 0.910733204431 4800.0
1960.40202209 16.2006071886 0.689491280092 5000.0
-2517.89514332 15.3989358892 0.845459031194 4600.0
-6525.71965856 -10.7398009083 0.991052107767 2000.0
-5537.96911294 -9.16566742583 1.04145324167 2000.0
-6164.17711721 -14.958619582 1.00086796682 2600.0
-4940.76596888 5.79457751729 1.10438777985 2600.0
-807.277020338 -8.41585872165 0.676412055517 4800.0
-4572.80387997 31.688833844 1.10580175688 2200.0
4166.45640822 15.9753237732 0.907687498749 5000.0
4214.02415976 -4.534723932 0.935253732048 2200.0
-4329.89797317 12.2701948581 0.968434650274 4600.0
-5743.91968009 3.53053585908 0.997815056867 2600.0
-986.665221935 7.65876046157 0.700302699429 4800.0
4169.08022933 7.91633601793 0.908451451814 4600.0
1286.05382827 -34.5729400139 0.98295808752 4800.0
4742.61354886 10.0759096587 0.942108974867 4800.0
-5616.21577796 17.1896788412 1.26699141317 3000.0
5427.60746485 -13.7073953028 0.992639142531 2200.0
3219.6402933 -9.59426122303 0.906805237657 5000.0
4468.91519684 -8.09399691293 0.904887062449 4200.0
1639.80004747 -15.5469600394 0.71410066264 4800.0
-1455.2930522 -19.4074549469 0.698884773796 4800.0
4458.16622832 12.7246699668 0.96720172596 3400.0
-4338.90580835 -14.4517934956 1.22333561736 2600.0
-3576.92605464 -9.19767621484 1.09908068102 2600.0
-2863.0868817 -32.1493917138 1.00514917932 4600.0
-2571.45656346 -21.1847972949 1.03021053141 2600.0
4048.05054685 -21.1953638289 0.925122719163 4400.0
2229.39759679 17.6479961084 0.870100516767 4800.0
1856.9202882 -7.11444883764 0.734844473775 4800.0
497.746246295 17.5527625724 0.667122857898 4800.0
2210.12782404 18.9108024492 0.921590958525 4800.0
-2254.61418506 -21.2025080076 1.10995899797 2800.0
-2745.9960052 -18.0239953663 1.00334259104 2600.0
4153.61786688 20.2102223785 0.977190768686 4800.0
-3386.12899234 -12.9432245718 0.942965919009 2400.0
4767.74355233 -28.0448098159 0.907313685925 4600.0
4101.57984309 14.9799721005 0.792592537572 5200.0
1141.91595456 25.0330824416 0.852261574379 4800.0
-3846.3618084 -10.4034084168 1.06475104207 2600.0
-5272.50353507 7.70057060627 1.03966968826 2000.0
-2407.00260253 5.00796137994 0.824225443707 4800.0
-4268.92105716 -15.4204452763 1.00772511828 2600.0
2185.76143727 19.6906608994 0.715828642095 4800.0
2529.83862363 24.5527123037 0.826178011347 4800.0
-1921.13455849 12.5764499066 0.742691966148 4800.0
3226.42635202 -18.5016826352 0.996399970057 2600.0
1042.95616766 -12.4653941195 0.74173727763 5000.0
4560.63334663 -11.712353006 0.978087003859 4800.0
6194.4705593 24.9592196943 0.887495693422 5400.0
-4659.73349853 -14.8698366757 1.08914376396 2400.0
-1544.183856 15.4247183061 0.734537540272 4800.0
3875.75779145 6.74535464772 0.870038690226 7600.0
7103.83988883 -19.9380911091 0.999039551701 4800.0
-1178.1618631 8.13700854481 0.69006001935 4800.0
1423.2582906 13.4133938145 0.741970400749 4800.0
3440.68081142 16.158797456 0.89901378377 5000.0
2877.65859216 -14.5998578439 0.744623678602 4800.0
-2100.70312225 -15.401618863 0.736966140824 4800.0
-6316.29279406 -11.0940778733 1.26868677464 2200.0
1960.7421669 16.4392525253 0.710721840543 5000.0
4453.9172607 -14.5619817364 0.87736887534 7600.0
9564.62800467 24.9543445503 0.965779683134 3800.0
3347.68126641 20.3904266778 0.910937332432 5000.0
-474.925332364 -17.589388301 0.811316873059 4600.0
5323.61036792 15.6319003518 0.9387268145 4800.0
6532.72763 -8.30360580544 0.969030655647 5000.0
2708.21367199 -12.8762896207 0.75552130974 5000.0
1203.6330715 -13.2408249583 0.70052098369 4800.0
-3834.24602652 9.77091521195 1.10764595808 2800.0
-1455.87104934 11.7484661324 0.718971480354 4800.0
3810.93080841 -10.6546384254 0.92171299947 4400.0
3956.86846648 -14.841305547 0.82350643039 5200.0
711.623353256 -21.1548406754 0.690159553912 4800.0
-5616.50398823 23.3733866844 1.2350661702 2200.0
-5047.12901107 -17.5090819955 0.978796530037 2600.0
3585.39996695 15.5958779526 0.93238043852 7200.0
-1956.41311158 -4.27168181869 0.717910531327 4800.0
3092.93353751 11.6207255444 0.732647182315 5000.0
2948.15090018 -6.41506455719 0.752863203559 4800.0
-4313.63525558 11.6409645069 1.05005075779 2400.0
5203.1901712 -18.7138800818 0.90611744567 5000.0
2921.41265298 9.12222416295 0.722718989018 5000.0
-661.077660154 -14.9991774981 0.729782365401 4600.0
1665.46035108 -20.6639898987 0.998286365364 2200.0
2992.62451693 -16.7445571726 0.839096717292 4800.0
-3744.79429809 19.6658868552 1.10056872559 2400.0
-2276.48259326 -17.5186862309 1.01010388284 2000.0
3922.36467997 12.2219183578 0.833290657659 7200.0
1354.92923616 9.1122855608 0.719679130769 4800.0
-3202.56009299 3.7852248771 0.800170653391 4800.0
1785.62233165 -13.3484411056 0.759077911855 5000.0
-3246.93998862 -21.6597375232 1.01870471117 2000.0
2603.36512387 -11.671232805 0.738443467219 4800.0
-3318.87344168 -13.706580732 1.02586043195 2800.0
6416.68167399 -15.0000308347 0.930575171399 2600.0
5169.74001926 5.24306317705 0.904971778266 4000.0
-2546.02636594 -24.4504372133 0.74798636343 4800.0
-2066.43496955 -20.5966101646 0.858114359924 4600.0
-4249.32856801 -34.7230176129 0.924848648634 7800.0
-3145.15745553 37.7835661249 1.27913770922 3800.0
-4258.11180852 -14.3185573759 1.00466265052 2800.0
2689.58099006 20.4540803629 0.818093799163 5000.0
-2841.91576609 8.54525593618 1.07851916582 2600.0
4097.82708358 -13.7185892515 0.944075923171 6400.0
-3005.41594822 -3.76289557443 0.753670606797 4800.0
-1966.87989254 14.1222082913 0.805626992538 4800.0
-2118.98803575 -22.4103943093 0.810500559982 4600.0
-2637.35709907 -7.80717639584 1.05265987754 2600.0
-1661.17845817 17.7958929895 0.730728693513 4800.0
-5559.52465326 -12.9366928307 1.19176877838 2600.0
6097.51610233 -22.27710525 0.928852508188 3200.0
-1504.79319916 -25.5764484367 0.792982481123 4800.0
1902.74597778 9.04650133195 0.678491250617 5000.0
6143.76605431 8.2041851634 0.888618638171 7200.0
4261.95587973 25.4822015907 0.987241144716 4800.0
5079.32925904 -26.4852284115 0.849599836982 5000.0
2602.09642527 15.1687070996 0.691336233335 5000.0
1840.70661094 -16.514525917 0.818249805157 4800.0
-4462.54474813 -11.5192955196 1.03648825068 2600.0
2312.68229616 17.4242399857 0.856958221306 4800.0
-2098.63038906 20.9632300143 0.756377896947 4600.0
-1672.59960453 18.9942391557 0.850351259348 4800.0
-5861.08056705 17.896163236 0.97995395896 2400.0
-3620.73612643 -8.61667868075 1.09078513495 2600.0
2226.25228694 -9.18695227384 0.714371892601 5000.0
-5415.84979614 21.9141664268 1.19207899523 2000.0
4142.17591316 -13.3862308735 0.877428050413 4800.0
-4218.53188817 18.4411221031 1.02566781988 2600.0
-1056.64543899 23.6158047831 0.794191079726 4800.0
2386.41144745 5.99992216671 0.683294058369 5000.0
4605.93780205 -13.1445909661 0.775882946432 5000.0
-3064.70740623 -21.6750862209 1.06965630647 2600.0
3821.03351762 16.8667404242 1.03793245033 3200.0
3409.08091942 -24.6179867252 0.899223203398 4400.0
3935.23510201 -18.3017681066 0.90170768418 4800.0
2266.87603603 33.4216327508 0.927155288764 2000.0
-2810.68085717 14.298158594 0.851947017963 4800.0
5800.77460831 -21.9904912343 0.956676821415 4400.0
-4312.86530557 8.39713833014 1.03225783673 3000.0
-5924.18352823 -9.13749663628 0.986025235414 4600.0
3649.17758239 -17.0334494139 0.798751761407 5000.0
-5645.2086869 -10.7175668518 1.03277607261 2600.0
-2864.50352891 -21.6088767402 1.08881785363 2200.0
6431.66239558 -13.9777573062 0.988446649049 4800.0
1062.58378694 -12.9520130049 0.740258276723 4800.0
4221.17904912 15.3295188068 0.919335411956 4400.0
-4269.08932807 17.0797475736 1.02674112454 3200.0
-1151.43410584 12.475750111 0.699887348955 4800.0
2893.7859552 17.5419128688 0.830423524258 4800.0
-7158.30771501 24.6489594324 1.20310410773 2200.0
-5976.20756305 16.0435396138 1.00115851802 2200.0
3212.12463118 10.7517524269 0.793226547932 7800.0
1857.40723783 -17.7333084406 0.765166670423 4800.0
3062.97589468 14.6205846556 0.768042361872 4800.0
5561.9459447 21.8003029913 1.01850791726 2800.0
1463.07105865 6.60025473867 0.687113976436 4800.0
-7568.82935019 -19.8975244642 1.05510973244 4400.0
3218.65635396 -12.737642083 0.828692128268 5000.0
2596.80765615 13.9322205069 0.703207018647 5000.0
3412.03945566 -17.0725664058 0.939692789892 4800.0
-4478.88590444 -8.77630073019 1.0329359188 2600.0
-7602.95571709 -6.47440528306 0.977367006768 3600.0
2910.58766315 15.2604298598 0.818699539215 4800.0
-911.804456776 21.9536778341 0.783597259483 4800.0
3427.36926804 -13.9624707015 0.869882203963 6400.0
-4150.1848388 20.9695260018 1.05543297119 4200.0
-8094.09222261 15.1290642965 1.51638820081 2600.0
-3595.76334051 -4.58960301798 1.03481326295 2800.0
661.56132681 -6.89107454821 0.685743208756 4800.0
2828.43846911 -17.7531981237 0.708179274564 5000.0
-456.543065822 -3.57253742686 0.707953145763 4800.0
7347.23100237 -7.99168078698 0.997572230075 4400.0
-4463.71507305 14.864604496 1.14619469142 2600.0
5260.7294064 12.0837233636 0.953442854209 4200.0
1326.3321772 7.48431410978 0.700398717913 4800.0
2495.93353592 -18.5903927809 0.699557203414 5000.0
-2784.1720754 -33.6642012796 1.02644063921 4800.0
4466.26897323 -30.4640834866 0.914838303436 4800.0
5802.10542105 -17.7912801365 0.926108949447 4600.0
3668.23509541 -26.940506062 0.879142167912 5000.0
-3137.35036428 7.53682067375 0.840462010899 4800.0
-2273.83401 -12.1895334355 0.85438178875 4800.0
-3923.02862989 -25.6868985724 0.893131979752 5000.0
-3146.28342428 -6.6007816011 1.04704359047 2600.0
1385.89893217 21.9054100738 0.881527404807 4800.0
7927.63664291 7.48940211271 0.990587549284 5000.0
5009.15991461 -21.1426522662 0.904353864192 4800.0
5732.36948368 -20.4868529987 0.906166464328 5400.0
4132.8293507 31.8545973572 0.970637180119 2600.0
-3986.78956985 7.11552920384 1.20240974131 2800.0
-2966.61978279 25.1523761655 1.0227863724 2000.0
-4415.24325837 10.0711306508 1.28275039265 2600.0
-3304.52713256 18.0986209557 1.05968760068 2000.0
1882.24209462 -5.04293395175 0.684049090804 5000.0
3458.07577099 -21.0235491938 0.813261479622 4800.0
-5391.43050408 24.4072256808 1.00256698191 2400.0
-2082.59254456 10.4597095886 0.794284844728 4800.0
-5516.51973824 7.6761445695 1.06804723878 5400.0
-4001.97969069 -15.4000560446 1.03560224935 2600.0
3141.58173757 10.0913609999 0.691865716331 5000.0
-2572.98176583 -24.5132467616 1.09890819846 2400.0
-1428.19813249 14.4927434021 0.836042780888 4800.0
-3224.45482477 -8.63919828751 1.10060964414 2400.0
-1854.61040623 10.3366493662 0.776992487672 4600.0
2061.1133653 16.9701670794 0.778160388493 4800.0
-419.59693769 -16.7892038028 0.728457718517 4800.0
-2032.42539154 -21.7221262478 0.854070417217 4600.0
-4368.8160665 16.4129460381 1.05566265827 2200.0
-2674.5712877 -36.7039361947 1.04233443614 2400.0
4164.81883359 15.4106655402 0.972444777308 3200.0
2316.2957888 5.66898473653 0.745537485151 4800.0
1410.86958727 -10.7370512083 0.660462595153 4800.0
-5164.16431264 16.2365277269 1.0362470882 2600.0
-1194.51596398 31.0826366933 0.766450879375 4800.0
5842.19662077 33.0879388571 0.988349894264 2800.0
-7669.32019695 -14.6264317235 0.977190176867 2800.0
3963.97499771 11.7192681226 0.904975798141 4800.0
-4309.55896404 17.8061794554 1.00702980136 2000.0
3739.13853545 15.1955899345 0.823191885473 5200.0
-2359.56178578 13.1042152808 1.16390109952 2800.0
4840.99893108 20.926211812 0.813900579476 7200.0
-4719.19211445 7.76568104643 1.06607745481 4800.0
-810.870304303 11.8313662795 0.736160796413 4800.0
4052.61338227 -31.7259324291 0.999612687649 2000.0
-6805.94110866 -18.2511309901 1.44348720714 2400.0
1944.51926024 15.3407194794 0.818608099424 5000.0
3998.66402386 -6.51502090608 0.796468885976 4800.0
-3874.03922181 8.50920065895 0.866281780167 5000.0
-1854.90315378 -16.6675379103 0.854001492226 4600.0
-7886.51673062 23.1381447885 1.10008045716 2000.0
-7648.96903443 32.2096240194 1.1341056236 3800.0
-5538.74052355 23.1689597799 1.13878572258 2000.0
7780.41245348 9.87081190631 0.964210769557 5800.0
-3720.91319012 24.7958391227 1.0499650475 2000.0
-2915.88022815 20.0392982629 0.904394279588 5000.0
-6775.60996832 -19.8255183021 1.08366553106 2000.0
5634.03666844 -12.8259182155 0.908510479985 4400.0
1242.60267737 18.1482935532 0.820608384988 5000.0
728.616773425 -17.874402364 0.681923850276 4800.0
-3495.19152298 10.528893556 0.867592611655 4400.0
3175.52074452 -3.81986002264 0.746629908925 5200.0
3921.25101016 -22.9898396469 0.891566794766 5200.0
10401.538286 25.9784326392 0.968828134019 6400.0
-3140.5564339 8.08010823618 0.796347826693 5000.0
-3419.5444253 18.2920806076 1.03435763627 2200.0
4967.40421643 -20.7044286734 0.846373417408 5000.0
4548.43616071 -31.5082343491 1.02727331797 2000.0
4021.95360425 -15.6977810738 0.767869468198 5000.0
3397.26706079 19.5824941265 0.97134961477 5000.0
-1840.47734062 7.59665712287 0.742836723293 4800.0
6266.43206554 19.6812404876 0.973925258993 4800.0
-4104.27438727 12.5232101636 1.05176988831 3200.0
-3495.64951638 -24.0082667698 1.190823583 2600.0
-3387.13535656 -11.2070727845 1.16710200673 2600.0
-3298.2015049 9.34678649934 1.14754529069 2600.0
-3720.36458529 -10.3367829168 1.08881471008 2600.0
-4568.02282324 4.92871459613 1.0189990895 2600.0
4221.88948287 25.6953752773 0.907047389056 4800.0
1239.03319338 -18.2803428856 0.936570732496 4800.0
2997.80964106 -20.2515306305 0.799284694978 5000.0
3507.6319185 -17.166168073 0.90236280536 5000.0
-2964.46748689 -6.66104595498 1.08113152277 2600.0
-3910.70109844 24.3220461489 1.04349791992 2000.0
-2085.06232835 -30.4415427901 0.776475025795 4600.0
4768.75241733 18.3303419634 0.904260962873 5000.0
-1860.56257325 -17.0639591929 0.914425205254 4800.0
9708.23817333 31.1627538407 0.98226496442 4800.0
-4259.63247138 -20.8680463419 0.930811971614 6400.0
2317.14220971 -16.1438200778 0.714789997226 5000.0
2908.03207085 -4.02238613358 0.742530626264 5000.0
-6864.48969827 16.3495365679 1.01419396373 4200.0
-3592.95443824 5.94951030811 0.97617380553 4600.0
-4332.04412135 -29.7384368151 1.13422510222 2400.0
-1305.11559654 -15.2865338709 0.933770225032 4800.0
-3227.05503749 -3.85670407746 1.0689695591 2600.0
5537.41650807 25.9646869895 0.959061290931 4200.0
-9142.52911422 -18.5666495785 0.977154792667 5000.0
4791.85309727 -18.0289464984 0.917901579471 7000.0
-7113.72577551 -15.2582366767 1.42895793686 7200.0
-3751.67783468 -9.03688280774 1.03655528923 2000.0
5367.15480192 -2.03228181844 0.910672290604 3600.0
-2642.06277713 -25.9591110005 0.761895996731 4600.0
-6082.63364311 8.00254934386 1.03505580265 2400.0
4540.44538018 15.8684570116 0.905347897199 5000.0
5417.24956809 -15.2853549526 0.996820580838 2800.0
4991.14100729 12.7106097473 0.889317744209 4800.0
-2362.99965659 -19.0077595961 1.00016709472 4800.0
2765.17009246 -13.0600713251 0.903585604066 4800.0
-6161.60836512 -12.1013047271 1.09112178738 2000.0
1246.93420911 10.3145403443 0.681379350427 5000.0
-3568.19662696 17.4567176185 0.836830576306 5000.0
-3585.6164334 -15.3826187624 1.07533825381 2600.0
4335.32875568 10.5576645313 0.975861317271 4800.0
-4120.8067941 18.6945569676 1.00495687035 2000.0
-4673.87355791 -21.4766321968 1.01577301253 2000.0
-7646.27422334 -19.2597093416 1.55043761383 2200.0
49.8470498176 -6.45028096624 0.715306131884 4800.0
7162.16333578 11.5729687059 0.974317144477 4800.0
-6148.11644588 -24.5023742594 0.976796102444 2400.0
-6312.88738231 -21.7775897592 1.24023455914 2600.0
3113.10072398 12.307099721 0.767687099626 4800.0
-2975.91135027 -23.3076553743 1.09204980653 5800.0
-3298.04329672 3.36253261798 1.03206975867 2000.0
-3938.76371424 10.6343972915 0.965972508249 4600.0
3441.77981152 -13.166769493 0.837655487603 5000.0
3969.94295174 15.873584011 0.88568570606 7800.0
-5546.2105679 -21.6751515704 1.03912631707 5400.0
-1373.60251113 -13.0100031095 0.80151395932 4800.0
-4744.74403248 -15.4115792221 1.11730925115 2600.0
-2701.26370675 -4.66647026761 0.746935521329 4800.0
-5670.85287392 -19.1227781766 0.908551410211 6600.0
-4693.35416891 29.2057386413 1.00688161286 2000.0
-1079.89164943 -14.9028360337 0.838299034003 4800.0
-3345.48327499 13.8813259129 1.05944902233 2600.0
-2856.49120823 -15.8641558423 0.756073549357 4800.0
6659.36776835 -17.6561488876 0.987426794866 5000.0
4437.82841071 -15.3868577639 0.900707500554 4200.0
-4701.26407925 11.3618781999 1.13527067991 2600.0
309.438643466 -12.8941598083 0.810195111903 4800.0
8197.94727569 -10.3788705483 0.945913323983 4800.0
3292.6801199 21.1253458981 0.974625949539 4800.0
-1195.97841546 -19.4072950223 0.700133325632 4800.0
-8401.02089412 16.351023863 1.3670200168 2000.0
-3801.32002271 28.3237126441 1.02582176179 2800.0
3257.98651015 20.9989402904 0.875142263085 7600.0
2004.50972372 13.8493974731 0.706817404966 4800.0
-6604.45787413 -10.5173890554 1.02455532069 2600.0
-4776.86381542 3.20411865339 1.12364743116 3400.0
6380.54046188 -10.3182151255 0.929879875045 4800.0
3778.65581458 -13.0915478695 0.785089689769 4800.0
2342.13557378 26.2833426621 1.01210657939 3400.0
1767.04720605 -21.3030593426 0.707790438745 5000.0
-1473.09069955 -17.8396924592 0.691818976 4800.0
4166.9340948 12.7106118651 0.851259097202 5000.0
2737.25004033 -2.15849163128 0.689515656802 5000.0
-2920.38751032 -24.067391135 0.990031785479 2800.0
1077.523044 -2.56918267646 0.688611909977 5000.0
3638.22197733 13.7613653929 0.749298879434 5000.0
-7168.40654865 -13.6277925598 1.02724556106 2000.0
5050.17445317 11.3637395869 0.906270559652 5200.0
3668.219109 18.5952246664 0.729022934715 5000.0
-1311.31161352 18.2656575915 0.860087459125 4600.0
-5380.94480016 11.5307996662 1.0039968163 2400.0
5836.69280751 -19.4784794214 0.944512004129 4200.0
2245.24172386 7.26014444749 0.717537327318 4800.0
7171.29750087 12.043494116 0.982018774604 4800.0
-4834.54263137 10.658171679 1.24659395962 2800.0
-1701.96504155 22.6994308036 0.731599117828 4800.0
-3302.22017 -10.6964038292 1.12507593593 2600.0
5375.08772648 5.03818461392 0.908867234384 5000.0
-4426.25391372 9.9333754321 1.16715734132 2600.0
-1477.51146539 -15.4063374215 0.803147096367 4800.0
-6768.01765239 16.0429027033 1.01428275926 2000.0
-4845.68189351 -9.00419163525 1.07975700076 5400.0
2466.94182181 -10.3889203554 0.7146912885 5000.0
4259.11575534 23.4523594039 0.942298076086 4800.0
-2731.30250898 6.80583568723 0.806938920577 4800.0
4451.29715662 -8.37566664359 0.911768276935 4400.0
-2308.02465351 -12.9566735676 1.15343560005 2000.0
4332.3888703 -6.64506013334 0.935388463503 2400.0
1887.79133405 -21.808671199 0.953495579817 4800.0
7845.16783454 24.662721466 0.963128155198 4800.0
-3093.40370042 -22.1998999981 0.768966730696 5000.0
2569.77858024 11.0444019034 0.832968248067 4800.0
2097.18748628 22.5297694783 0.841251059322 4800.0
6902.19947375 -18.9231894769 0.994234223326 4800.0
-3845.474164 15.5612599757 1.11933313907 2800.0
4651.94271264 -22.7543801676 0.991734873494 4000.0
-2916.40783107 8.49986883775 0.733555082594 4800.0
4122.79585384 9.69237172372 0.903685924227 4800.0
-1397.47646283 -21.4783058557 0.721357949401 4800.0
-3696.26236377 19.8562592455 1.02973239565 2200.0
1978.77317372 -17.5013429888 0.807829855499 4800.0
-969.291116071 -29.506167964 1.21053140405 2200.0
4580.41300977 -28.1538022101 0.92743350436 4600.0
2443.87310153 11.8437065724 0.761805532016 5000.0
-667.477146912 -29.6477758784 1.3302964213 2000.0
-5498.21366526 -9.17171238946 1.056172284 2000.0
-2894.64701655 -6.2139433632 0.816030093085 4800.0
-3091.59864937 15.2121104872 0.762158654718 4800.0
3176.91230964 -20.8872434553 0.894131053946 5000.0
3852.37573555 -10.921645068 0.954952194823 4800.0
-3199.58551918 -10.6627474366 0.832623376636 4600.0
585.427613624 9.10319527127 0.689594036856 4800.0
-2781.03945452 7.53245510692 0.802374103584 4800.0
1225.15542098 30.2771130902 1.10395246045 2000.0
-3170.86681142 -5.31174909164 1.02659196747 2800.0
2162.3824336 -18.8813259322 0.884654080637 4800.0
-5609.10200368 10.0569125486 1.02399478233 2600.0
4258.65480067 22.7058377695 0.931291521896 4400.0
1623.10295655 -7.52707619702 0.701263982408 4800.0
5713.3194594 -6.92902315837 1.00402591615 2000.0
-1087.93759142 22.9584353056 0.904837564361 5000.0
-7308.60453919 10.7212535716 1.02276202144 6000.0
5979.50283534 24.709111694 0.91648251537 5000.0
-1330.26942066 -18.8002952514 0.994108993303 4800.0
-4401.19636676 -16.3306369809 0.984926008268 2800.0
-5583.11359882 11.63136122 1.10297954587 2000.0
-8357.64876266 -28.9701042382 1.07605315425 2200.0
-5297.92229344 9.38910541743 1.02767845503 2000.0
-5953.73924622 16.2821947725 1.14748082958 2000.0
4105.73264802 -11.6627264608 0.836691175032 7000.0
4392.87564539 20.613252469 0.818530409353 5000.0
3299.13859098 11.5792834768 0.894473799297 5000.0
-2167.34816552 8.68339338274 0.757712285739 4600.0
1668.64014262 20.5454682314 0.871499361285 4800.0
-3496.44182503 -7.84785583338 0.835902618083 4600.0
3925.92432204 -18.8658553628 0.989417245262 4200.0
2760.56390568 16.2781660671 0.870650057291 7000.0
-6045.11552282 -24.8231924013 1.30451080768 2000.0
-3889.4086103 14.5417198194 1.05363743073 3200.0
-2289.30800109 -15.0405494768 0.831008668628 4600.0
-6125.27799049 15.5298923178 1.10772224685 2400.0
7399.97082058 -4.9099492163 0.966868519681 5000.0
-5579.73208569 -19.6178227474 1.02132377944 2000.0
4605.47024893 -21.3548005627 0.988469677216 3400.0
7222.80427575 20.4497574462 0.978048424874 2600.0
890.181794371 16.0583083138 0.718796343741 4800.0
6208.81940423 8.99568192236 0.971858604544 4800.0
-2927.26032889 25.5253563335 1.07707917272 2600.0
-8361.49541839 18.4135061669 1.00485143939 6000.0
3137.06101846 -20.8532204674 0.875662830807 5000.0
4070.27782017 -14.2641725826 0.910240903457 3800.0
9163.10572582 12.9838704161 0.988991689562 6000.0
2974.07135998 5.28489471668 0.732742907656 5000.0
-6693.17177006 -16.700105862 0.994485813426 2000.0
-8442.26829041 -18.8327324679 1.5155887136 2200.0
-5728.98867166 -22.1401033605 0.977884287661 2400.0
8739.67510067 -20.108863517 0.992847019951 4600.0
-4101.74724697 -20.1807262552 1.65676471214 2200.0
-2372.965308 13.718064818 0.82517481668 4800.0
-1180.89380029 -18.1307763111 0.733524869781 4800.0
-1365.53038519 -14.5773158205 0.725195136225 4800.0
-3619.88633393 28.6518158341 0.982532443679 4600.0
5572.06960607 15.179815717 0.913429592648 5400.0
-1677.17393609 -8.8213490723 0.785885786686 4600.0
3386.23159674 -17.9023411499 0.958732885947 5000.0
2094.78582858 21.1167264938 0.715690755964 4800.0
1705.23081836 9.45158338055 0.738478126256 4800.0
-2665.65264218 3.50254725492 1.04561960534 2400.0
1711.46988236 -19.6926350062 0.734981290206 4800.0
-3316.40708397 -11.3765902311 1.16754643833 2600.0
3275.20052803 -7.98762476768 0.839348033712 4600.0
-879.126380043 -19.7768591984 0.704309312994 4800.0
3886.42017009 -24.4139496194 1.00046417984 2600.0
-4580.42318958 6.65481255985 0.979078206565 4600.0
1332.36042882 7.82484241291 0.709130906949 4800.0
3060.72567632 13.1525598661 0.76139199729 5200.0
-3254.06592649 -28.0567324992 0.805512602382 4600.0
2475.36681765 8.61657640439 0.683587886017 5000.0
4420.36642626 -9.8420105085 0.849318599995 7400.0
-674.92121133 -17.2714254875 0.946410619738 4600.0
-926.429476023 9.54432344439 0.732417626131 4800.0
4476.06168925 -17.1460026612 0.916829551688 4800.0
3924.89986376 10.6213126482 0.964748462061 4400.0
2407.6318434 -16.2827766735 0.694829037884 5000.0
8880.37985958 -25.0780420078 0.946416938158 7000.0
2365.02540487 4.5057455011 0.806202499125 4800.0
2954.36426905 -8.79991539395 0.784730654809 5000.0
-1103.31573627 15.7055351175 0.847355760939 5000.0
2286.5072394 29.3293986669 0.975186571372 4800.0
5781.39363129 -20.5609824602 0.959789998166 4000.0
-2272.1671108 -6.21044229066 1.01622702693 2200.0
2450.55264102 -24.923351665 0.757936669823 4800.0
-6144.17027801 13.6446750084 0.994587950863 4800.0
1008.57689485 10.2772495557 0.698720392377 4800.0
-4093.34463108 -7.41480559885 1.2176222877 2600.0
2813.017037 -22.2287859475 0.716960115446 5000.0
-4098.46337241 -4.50840078672 0.961214616727 2800.0
-3485.0331181 -12.9332847073 0.926931524819 4400.0
-3978.09087141 16.1963806408 0.985147233888 4400.0
-5517.10346793 -20.0099951077 1.24004647837 7400.0
-4187.69646588 31.9522066195 1.25664727703 2800.0
-3550.16394039 12.4911029022 1.06222128098 2400.0
-5896.38364926 -16.4404967741 0.99233202442 2000.0
4835.24183573 -22.1124692408 0.901692100845 4800.0
3196.59735978 7.98878834768 0.817501620643 5000.0
5412.42065123 -12.6372730081 0.981779455765 4600.0
-3192.53942188 31.1421723766 1.25223181871 2200.0
2456.07524995 17.7835878892 0.7487289828 5000.0
-3704.33486426 13.9502876066 1.0680745645 2600.0
3118.28165958 -14.8428029425 0.786963549061 5000.0
-887.887455354 -17.576943598 0.805008778266 4800.0
3373.43933478 -12.9196295411 0.8046544855 7200.0
-4195.93795797 -23.0482167352 1.06240119928 3400.0
4421.73160793 -6.81861629777 0.950577403725 5000.0
3040.62650063 10.2050512695 0.857215918773 5200.0
3836.95988853 -5.5971037192 0.817485133471 4800.0
5972.69909108 -11.9546113493 0.911209052184 3200.0
-3959.27692847 -15.244665707 0.991275240578 2800.0
-2028.6130343 29.3746354872 1.09772824672 2400.0
3797.21706728 -8.16089629023 0.774505553264 5000.0
2359.35008682 10.5140333844 0.671005803373 5000.0
3292.7958223 -6.20563988374 0.823087049572 4800.0
-2140.60826454 -9.90822409727 0.790198227878 4800.0
-3970.04088581 -16.9462549699 1.03859790593 2600.0
-1303.89564325 11.5066683136 0.74233440336 4800.0
4613.27100249 19.5864657604 0.97827284675 4800.0
-4069.86189924 27.1484040048 1.19551458595 2400.0
-6088.63470647 -8.65111846144 1.2727605963 2800.0
2884.05933759 -14.5485837358 0.79761543107 5000.0
2009.91277218 18.9291449044 0.767857996402 5000.0
4815.89236526 29.0027349035 0.899564227498 5000.0
-2005.15120629 -15.9736528931 0.876586741294 4600.0
-7440.60609283 -17.9137021277 1.02109885728 2000.0
-1971.10992435 -21.7890452834 0.771982625536 4800.0
-1937.47595648 -35.0874341046 1.12242570359 2000.0
2089.84589786 -2.31382865629 0.674151960574 4800.0
3661.49388101 3.25932218037 0.957744726764 4600.0
8494.53080656 -18.524240231 0.981766087856 4400.0
2645.19670479 17.6952341425 0.832692252986 5000.0
2808.22626811 15.1797857378 0.796472501293 4800.0
-1277.2004219 17.231891715 0.704816564597 4800.0
-1181.48087745 7.78983447498 0.774071528363 4800.0
4494.13052105 -7.77083140953 0.943202457194 2600.0
1590.52423112 -5.03730436108 0.734283081137 4800.0
6554.25370223 -7.71524187134 0.925779620856 3600.0
7010.32515471 21.4991722378 0.99336967806 3400.0
2328.02699383 16.6859091155 0.712166876547 5000.0
3553.84019971 -26.9219289032 1.03951155886 2000.0
-5757.81151045 -15.7367931808 1.00903570257 2400.0
3792.34762701 -4.2002620382 0.96112922779 4600.0
342.870407202 18.278612069 0.676977757117 4800.0
-1432.18126443 -8.51611770098 0.716893191541 4800.0
-1409.21331848 -10.3994968207 0.762266842267 4600.0
-813.75175762 -17.6501001727 0.772050151616 4800.0
3412.42827668 -28.2557016283 0.853265733823 5200.0
6220.55933076 3.78462071412 0.995587707406 4400.0
-3549.66634088 3.14260414293 1.10264979456 2400.0
175.858415926 -10.4177301924 0.812803534922 4800.0
1274.7272678 -23.006925286 0.705989438906 4800.0
-855.533926479 -10.4739322107 0.671901676273 4800.0
5673.54503125 -7.48297432598 0.949497454103 2000.0
3072.74379149 -12.0805689939 0.829389268078 5000.0
-1945.12311861 -16.5848181062 0.826405713737 4800.0
5458.47381198 5.77255584362 0.905602774804 5000.0
4714.11672793 28.6515201382 0.816164953093 5000.0
4637.17568602 -15.7941103935 0.893518004045 4800.0
-2151.12236546 -15.4409772214 1.03227910186 2200.0
-2359.69480979 -25.4727076153 0.834250002949 4800.0
3775.48155718 -15.554908142 0.917198494079 4400.0
-7183.82022217 8.93393843985 1.06560345488 2800.0
3193.70324953 -10.6471398054 0.809924720659 5000.0
1434.33938823 -21.7869974883 0.762534681496 5000.0
2773.33742867 -14.8686378141 0.762113034411 5000.0
-2159.92087008 -6.54322331514 0.732437128405 4800.0
-3526.47856464 -19.9465072353 1.07329772616 2600.0
2707.15144592 15.138590417 0.793701188988 7800.0
5195.53455799 -18.8587226988 0.99419061337 2000.0
5469.17290721 -25.3718279069 0.965511821354 4800.0
756.942439038 -17.9936591575 0.756069409199 4800.0
-3578.75826995 9.13106429016 1.16089457417 2800.0
-2563.4722462 6.3595835744 1.05745287433 3000.0
5597.05351803 -17.2814429333 0.991966972412 2600.0
3892.30305399 -21.6623805444 0.821669493243 5000.0
4884.51921812 -14.5806010414 0.890855425872 5000.0
432.536553724 -12.1950070468 0.72579961021 4800.0
-1808.62132284 16.2997382431 0.786097400983 4800.0
-4552.77725698 -4.30268924433 0.981141523432 2800.0
-2636.59548103 -9.94996789856 0.744443910999 4800.0
710.830774292 25.607525671 0.778989155359 4800.0
-1226.87528918 20.0963039449 0.7965064454 4800.0
3169.45509753 14.0457782205 0.776818510706 5200.0
-6900.32962584 21.7721085118 0.996289700385 2400.0
950.246157337 27.2990930833 0.705266301758 4800.0
-2137.29490561 -11.2832838518 0.722283407064 4800.0
-3541.9227025 -7.68989193605 1.09253756211 2600.0
1413.67171289 -11.9031065903 0.696782494721 4800.0
-2084.53359555 29.3728311519 0.931107816265 4600.0
3576.13960027 13.1375810223 0.932884540454 5000.0
2930.95843846 -8.57326497633 0.730523569903 5000.0
3148.35231085 -11.2969895848 0.741755705038 5200.0
-2664.4023106 2.15362016333 0.785305510594 4800.0
-9107.33826397 -6.40687633106 1.20421377919 2200.0
-3193.05385341 13.698556435 0.86202471686 4800.0
2794.9022381 -17.7259910411 0.746099392842 5000.0
1102.47884498 -12.6878911022 0.807437902145 4800.0
6151.00956134 14.3806437513 0.938705455745 5000.0
-5345.40060447 9.51981186763 1.05066669077 5400.0
6127.47623654 -18.8933712588 0.931948248012 4800.0
-3600.19949927 -16.9315676036 0.954366704653 4600.0
3099.80235572 -9.85869796183 0.816375823374 5000.0
-850.921572911 16.7682206605 0.736538690935 4800.0
6212.95568759 10.8091975637 0.97228280938 5000.0
1091.9253283 9.01424049982 0.68821681286 4800.0
2209.9696078 18.9260795669 0.707726500379 5000.0
5913.87243751 16.4145335601 0.895583000265 5600.0
5640.82305976 -18.3571886342 1.01547574055 3200.0
5087.69493203 35.9200938756 0.898877966282 7200.0
3499.78339553 -6.65407217013 0.874282152206 5000.0
-3317.51120598 -12.8345160868 0.777125008339 4800.0
3026.55504984 -25.5024905613 0.762465704096 5200.0
2183.47531094 12.2540864768 0.779418098224 4800.0
3735.15259548 -18.4043864538 0.931037322844 2600.0
1696.29764598 -17.2380126752 0.809459728845 4800.0
1081.97474151 13.9394965311 0.784165692839 4800.0
-1279.04079194 11.7661657711 0.73842522141 4800.0
-4997.91341742 -8.03904502541 1.03003968552 2200.0
3650.04328676 -20.2449807605 0.98300301689 2200.0
2694.20847014 -7.76896807673 0.714609422682 5000.0
2550.06368557 10.3071358052 0.746794354537 4800.0
2670.43934836 -13.9909424588 0.691167619933 5000.0
-1500.7449766 12.9860946348 0.785623042658 4800.0
-2870.39051664 23.6462460182 1.04230376919 2000.0
5691.34456067 12.1412676862 0.975982422931 4600.0
-5477.23938814 -29.0077847701 1.03119893544 2000.0
417.170343059 -17.7089505911 0.824558865269 4800.0
-3338.21562409 23.9028798012 0.981643985961 2600.0
3759.00986959 23.7144977795 0.936903758239 3800.0
393.178551434 -6.86546270783 0.707194157699 4800.0
-2793.91507958 -5.19182824755 1.04752642484 2800.0
7923.06287077 -11.2225275068 0.981887334115 4800.0
-4460.35624253 -7.24579593371 1.03089216274 2600.0
-4426.34276344 8.96961967852 1.06135716981 2600.0
4396.61342659 24.7650798409 0.933077913854 2600.0
1175.64874197 -21.5938852794 0.75774571684 5000.0
-3673.29056694 4.60497543581 0.889619785551 4400.0
2587.99539214 -3.41385752426 0.785471103879 4800.0
4524.95940726 29.7566501088 0.922848000225 2000.0
2773.92461615 16.3890603516 0.801989338353 5000.0
-5490.55733296 19.0840001803 1.01605330905 2000.0
