-2170.57942903 27.2449636783 1.03341156218 2400.0
-4203.35068287 6.79668615371 1.02992838512 5200.0
-4933.03179581 -11.6421918729 1.01504268186 5000.0
2661.50270787 4.30210319426 0.979137541443 2000.0
3797.90240589 -11.6553308198 0.958590187183 4800.0
2976.47136237 -8.00387403156 0.979667543284 5400.0
7099.02555874 -19.9426353452 0.996264593843 5000.0
1660.31221107 10.5280755839 0.996944692051 5000.0
3997.52079389 4.19254234908 0.986586056537 4200.0
5817.39405165 19.4806987538 0.893909959724 5400.0
-1779.3272373 -8.32617471332 1.06787774201 5200.0
-3326.35561856 -8.58823875945 1.05314192274 5200.0
-3748.99743596 -9.3005745143 1.00571466063 3400.0
1349.2749082 -7.62326109481 0.983175228761 2600.0
2430.89494213 -25.5467800682 1.08154179662 2000.0
-1386.43632033 13.3698532268 0.908094455778 5200.0
5044.04253725 -11.4751901428 0.982036969348 5000.0
-3605.84121954 -17.2743661269 1.30343407216 5200.0
-4752.12756227 27.1969987936 1.0363958311 5200.0
3636.93369379 -15.7905041614 1.01920162192 2800.0
3220.11103153 -10.2795627469 0.971049521736 4400.0
3080.09142066 12.4645862686 0.99292062763 2000.0
3525.22371169 9.93089621357 0.905744942423 5600.0
-1724.01415041 -14.0334840506 0.969511499112 5200.0
-1593.10146295 13.4336501937 1.05301474859 5200.0
-2637.4196518 -15.5236259395 1.02322891357 4800.0
-2275.62576605 14.870073037 0.927004516371 5200.0
5032.47653893 -9.73262544833 0.992976393827 2000.0
-4791.86432963 -17.4568866276 0.944072753017 5000.0
-5452.43104685 -22.4416473571 1.0015357021 4800.0
4108.70166687 6.13429778997 0.888549617111 5800.0
-3185.03768971 -11.4593929749 1.20498592583 3600.0
-4830.06158473 -30.3857952696 0.986978726549 2000.0
-2247.32771756 -23.6287051515 0.997340650643 5200.0
2514.06384816 12.5513420122 0.981971695581 5400.0
2419.1674147 28.513398201 1.10061884539 4200.0
-2960.81483135 -23.7792522208 0.971407660408 5200.0
5494.88576859 -12.6237678781 0.99060013768 4600.0
-2617.82477143 -3.57714548417 0.998148405188 5200.0
3208.36026086 -9.9955999259 1.00867539812 4800.0
-3463.47574739 8.66012440932 1.00445055936 2000.0
4999.80375283 20.1218073391 0.989420422431 5400.0
-2891.90278582 -7.28473898602 0.977545896721 5200.0
2151.13806652 14.7203800504 1.02952338944 2200.0
3393.88297933 -7.76037340757 1.00585654279 2000.0
2302.33420468 -11.5375482317 0.998072033822 2400.0
-4915.81851563 19.0384185867 1.0342239623 5200.0
4506.4690459 19.7940888182 0.998333013734 2000.0
1740.51071138 -32.1029393447 0.983052949812 5200.0
-3833.48129058 -9.476327136 1.07041944729 5200.0
-7035.17506847 21.5363631217 1.06891805725 2000.0
4960.93679944 9.41946634864 0.920737103822 5600.0
4862.43207965 25.5805971154 0.885420400182 5800.0
-2130.97478383 -3.9832199514 1.04500941067 5200.0
-4314.89500054 -10.5162240788 1.03762002134 5000.0
-1557.10602857 12.6622139725 0.922345151125 5200.0
4792.67910591 -26.5277689811 0.937329413838 5600.0
5908.46940392 23.5014038225 0.899341513643 7000.0
-4143.63571423 23.818996963 0.991597025316 5200.0
4764.21125865 13.8184570032 0.957842338273 5200.0
-1490.57068583 14.6943283627 1.03269914681 5200.0
-881.158518316 19.7999900612 1.1168790041 2000.0
2732.80010669 14.3215302163 0.945649940503 5000.0
3118.22500974 14.9894549503 0.962266646276 5000.0
-2994.30641666 -24.2391900054 0.983598579184 5000.0
3345.1720895 -21.3867476059 0.982598518275 2000.0
-5797.54126026 -19.7309044683 1.05811500709 2000.0
-6208.1056969 3.24408595746 1.20518347531 3200.0
-2830.61429605 -20.9566390353 0.996456208702 5200.0
-4826.98862555 -10.4952058826 1.09643837195 5200.0
-6059.0254054 11.3344010889 0.984531834478 2000.0
3834.68429111 13.9153878534 0.895402463005 5600.0
-2456.63916884 13.2683101162 0.987069536219 5200.0
5140.06143686 19.7426238813 0.991672630683 5400.0
2418.67682257 -13.275682335 1.02211699061 3000.0
-1965.43072158 15.6259722576 1.14832584252 2200.0
871.916382476 17.5525047002 1.03588904095 2400.0
-1926.05023572 16.4909153566 1.07610912837 5400.0
5140.96566004 -6.01067550455 0.985991213564 5000.0
-3699.98692485 27.5948658348 1.00302897083 5200.0
-3070.68740025 -3.13780649727 1.12254745713 5200.0
-2565.18990966 -12.2736027352 1.25975649248 2600.0
-475.228059953 -22.3784996224 0.920718363962 5400.0
-2561.98927031 -7.88067092679 1.07341185971 5200.0
4806.80391801 17.2840844787 0.893942508562 6000.0
7679.56590674 26.3955824682 0.964573095596 5400.0
1893.97242882 26.2966284834 1.05311665185 5200.0
-1844.68615184 -17.9596838281 0.943343251341 5200.0
-1363.14270685 33.9419315418 1.01253693347 3400.0
-6695.63841267 -20.2627915483 1.45814501881 2200.0
3047.98431262 -7.43247618796 1.00649759931 2400.0
-3711.39491971 -21.0872816646 0.994372536166 5200.0
6540.72453514 10.2228237476 0.908642236447 5200.0
-5532.83214675 -6.46278525947 1.06952527209 5000.0
3476.41487123 17.0210097029 0.990882805376 2800.0
-1680.08162095 14.8977856454 0.978064139525 5200.0
-6613.19046424 10.7242578442 0.973787420615 5200.0
3951.17495716 -32.9714137259 0.972250440968 2000.0
-5114.90231866 38.1023320036 1.01510955544 5200.0
-5314.28697078 -25.0124536715 0.945024568797 5000.0
3704.80436175 10.834565542 0.993937208795 2000.0
6245.94625784 -21.2189060318 0.976004431902 3600.0
-2220.04756542 -11.3412657475 0.944401318156 5200.0
1556.31455639 -31.6423828733 0.953515040365 5400.0
-2958.07225094 -9.69835753241 1.0870278829 5200.0
3791.82861698 -10.156180339 0.889130387954 5600.0
-4446.77182398 -9.2885584397 1.01673527637 5200.0
-6381.42408736 -8.75492155807 0.979980804396 2000.0
2001.25155819 15.2719959166 1.00436047149 5400.0
-3344.11719141 -15.4378953471 0.972024478331 5200.0
-1976.44448818 21.4127944929 1.0510021851 4200.0
-3888.09575976 -1.80294138538 1.11733696074 5200.0
3075.13891764 -19.6913843228 1.05282262571 2000.0
1842.89320131 -8.87858842966 1.01637559831 2000.0
-3385.24191286 -24.2481339472 1.05077171973 2000.0
-1727.97715077 12.6187958289 0.975677322446 5200.0
-3126.15445008 12.3312096029 0.990966011119 5200.0
4177.28899079 7.81783372913 0.996259177645 3600.0
1907.4306226 -8.21298980692 1.00120744733 2200.0
-9858.11607893 -6.42251607552 1.02930000369 2200.0
-1217.49891188 -18.4488205571 1.13436460766 3000.0
-5371.39951458 -26.3144372048 1.17514742104 5200.0
-4231.42260577 -17.6133714878 1.01122298828 2000.0
-221.859813464 2.55660059653 1.00324571875 5400.0
-3086.12642481 13.7278149788 1.10139748612 4200.0
7476.6598572 17.2645297037 0.985253290044 5600.0
6712.4137406 -11.1452135779 0.987893986188 5000.0
237.753111682 -9.05392470011 0.99580512803 2400.0
-2245.89239524 15.3281325682 1.01014415243 5200.0
-3183.66726023 -23.616451974 1.00037956705 2000.0
3727.49672906 -17.2591250484 0.987621805658 3600.0
-3279.85348764 -16.1540506019 1.17485199819 5200.0
-2374.66036603 -13.7184680843 1.05109444412 2600.0
2317.77200188 9.93594085942 1.01429206932 4800.0
1811.09828608 -15.3379840582 0.977137912342 5000.0
4230.54988834 -19.6725878455 1.00204625311 2000.0
-2323.06047117 15.7362617542 1.08865438604 2000.0
3583.06492416 -24.0137233617 0.967009650228 2200.0
6965.64552441 8.90823212455 0.981521644277 2400.0
2633.90026402 6.060461652 1.00500430479 2600.0
2948.39315461 14.4377987385 0.991696881733 5400.0
2050.29182753 -5.02499392896 1.03038983262 2000.0
-2229.82943336 -28.9499199329 0.991543544041 5200.0
1323.46310217 -27.5597715907 1.14273983175 4600.0
3625.25303004 14.3930563952 0.947873946081 5000.0
1850.6547251 -16.4168289263 1.03137647136 2200.0
-5177.7997967 10.4963687146 0.971550037044 5200.0
6190.08801998 13.7234041396 0.893105406818 6600.0
5114.47649805 -10.1795715183 0.908212664806 4400.0
1218.1111759 18.0978377557 0.985980486896 5200.0
