-7466.45941516 -11.9326812547 1.12114608392 4000.0
4924.63093885 10.3529038648 0.967675779719 5200.0
3423.0447678 20.7035120841 0.994993839111 2800.0
5510.45479542 10.354399357 0.959691183263 5000.0
-256.68726161 -5.53021302588 0.831510290905 4800.0
-3228.37839198 11.0576566358 0.882685166478 7800.0
-594.597806014 20.8603707299 0.930953690471 4800.0
-8429.5818478 16.0000907345 0.992220426887 3600.0
-2312.96841084 22.2296641694 0.913315312237 5000.0
-4159.09125977 -26.4860063312 1.09822923176 2000.0
6516.89428858 21.7921244808 0.960307955724 4800.0
2972.63761732 -20.3971849237 0.892681827876 2200.0
-2585.05899746 -18.0474313857 0.887429471525 5000.0
-2731.55668648 -18.1335680279 0.775446971886 5000.0
1818.43954812 -10.797396649 0.950848357696 5000.0
-5427.47978244 -7.11744208792 1.04066278605 3000.0
-7492.17178834 -2.54874885051 0.980368002993 2000.0
3574.83404076 -9.11782931597 0.909147686388 5400.0
-7841.46790644 -8.67507922987 1.10498528072 2000.0
4130.63979623 -15.6093439592 0.820836988146 5200.0
4294.4500608 -10.6084085125 0.932655856554 5000.0
3402.00136094 15.897774935 0.961162989178 5200.0
4664.29386037 10.8469369418 0.938397343119 2200.0
-4550.98990191 14.7146210261 0.996071120061 5000.0
6170.2971556 -7.04037955583 0.980989002942 2400.0
-5837.5694274 2.43289986145 1.13218924038 4800.0
1836.06360135 -24.3765963777 0.825831798571 5200.0
4537.6541216 12.1758842945 0.975189216487 5000.0
-6057.29242604 7.56204327284 1.47441628255 2000.0
-3096.20821019 -38.7810184868 1.07954992629 4200.0
6521.64986054 -9.60870277994 0.922350904841 3600.0
3456.74086142 -10.1819141653 0.948044503246 2200.0
5965.65534039 8.6144938605 0.983093929026 2600.0
1527.1040431 -21.1535705413 0.751194356837 5200.0
-2748.90074034 17.4723678672 0.793046603104 5000.0
-4766.14765695 6.25500459883 1.14561427194 2200.0
4619.52157196 -18.8715307702 0.896939840329 5600.0
-4502.39543228 8.88355284956 0.972524857588 5000.0
-4992.78928653 -14.6578589383 1.40858192808 2400.0
-2080.79688088 -11.0946412361 0.864500116433 4800.0
1732.15495862 35.8019831095 1.05651985786 2200.0
-1655.25777515 -8.48107335718 0.861278829555 5000.0
1882.45248788 18.0611408068 0.749132052447 5200.0
-1796.27298679 19.6250846797 0.860549220714 5000.0
-2630.54305184 -11.1944355915 0.98618935982 5000.0
7871.30873983 -23.2126341866 0.905530072781 4200.0
-9257.17462968 -13.4754329869 1.02908227531 4200.0
3672.17675055 15.3727703823 0.938707719122 4800.0
-4041.39381141 -18.1529901729 1.13368046181 7800.0
4590.40114916 -10.414421797 0.967381996418 2200.0
3619.06670294 7.1341442795 0.867706039823 5400.0
7311.51410947 41.7097664787 0.911116975475 6200.0
3158.80263222 18.9027008019 0.882364193166 5200.0
6261.52089688 -15.4639735067 0.930803299341 4600.0
7358.76985966 15.4335514468 0.910004503638 5200.0
2349.67523762 -10.3930303741 0.798323069232 5200.0
-5014.19212613 31.4673472211 1.02852202413 6000.0
1161.00800802 -19.0088421127 0.766971116035 5200.0
-1021.50876237 -12.8185139412 0.749313981418 5000.0
5918.99793935 -16.7347404962 0.8945012088 5600.0
4198.55671659 -15.9507452309 0.974111218494 3200.0
6275.04542943 -22.2808193535 0.993331794231 5000.0
-1952.0044162 16.3892430077 0.835916243855 5000.0
4546.09568786 8.20307265152 0.92574060598 2000.0
-1742.18844295 12.6551227761 0.804439462212 4800.0
3348.71861198 22.9850540921 1.05694778625 3200.0
-2497.42637443 22.5259309179 1.06673987379 5000.0
4962.48835471 16.8760538136 0.908626278228 5600.0
-5370.88562606 -24.5190597295 1.35785862476 2000.0
3702.21765329 12.152753297 0.960836882462 5200.0
-948.015073645 -6.06957983488 0.844435667112 5000.0
4850.07132164 -16.1629823793 0.988548660509 4600.0
-2611.93731355 16.8206498563 0.898934967914 4800.0
-7678.6966668 -14.3368612465 1.0770467139 5000.0
4003.3742445 -12.230213157 0.998851014798 5000.0
4273.89778396 -11.6385994172 0.905461382617 5200.0
-5515.63611336 -25.7202978413 0.992398774685 5000.0
2153.51264605 6.38225096568 0.789671304773 5200.0
-493.55981879 18.2745646197 0.775959299821 5000.0
3726.42243181 8.24580111035 0.931351418505 4600.0
5231.15089938 12.9960487233 0.877536388313 5200.0
1285.7441958 -9.46121983746 0.870144294753 5000.0
-4905.48420799 7.254860399 1.23924367359 3200.0
7597.4379666 6.98698272272 0.907531937114 4400.0
6438.05547426 12.1047783534 0.987911217337 7600.0
3998.44828337 8.3337198501 0.897762983438 5000.0
8842.45236442 14.7216977627 0.91508084655 7200.0
-3155.23031593 -11.596426487 0.879429928779 5200.0
-2649.42861641 -11.3277574955 0.873217678175 7800.0
1855.8017518 16.089391028 0.833700794028 5200.0
-2634.59411922 -11.9118071094 0.892788102649 5000.0
-1758.01827496 5.32089527279 0.7984398574 5000.0
4179.09295161 -16.861494662 0.92461827741 4000.0
4797.94351842 6.60010377155 0.958938290658 5200.0
746.035676417 7.38487695097 0.85772379485 5000.0
6251.53334612 -9.11293909561 0.980928028631 3000.0
2210.17614178 18.9726457011 0.811549761972 5200.0
-882.569837565 -12.7337260337 0.729945742978 5000.0
-3819.2712049 -25.7916864356 1.07894735213 7400.0
-1138.93832098 -20.9544076144 0.938205791944 5000.0
2706.46407686 -20.7839470418 0.809536681276 7600.0
-4791.60080783 9.91280669998 1.01496156045 3800.0
4479.91263201 -18.9978275143 0.906012294954 4400.0
2939.49462358 -22.3417940036 0.837136914343 7400.0
3568.23484866 -12.4282273542 0.950032819667 3000.0
5472.12789032 -10.4808250418 0.913746579015 5000.0
4105.21903417 -15.7592156635 0.895978960965 5400.0
-3396.90969257 -14.6546063517 1.07621822936 3200.0
-4954.23491633 -12.3801496813 0.984773233983 7800.0
375.732721194 -22.3043008558 0.958344244275 5000.0
-1082.81174509 -18.8915988301 0.774761975339 5000.0
-5171.84730359 15.9701750716 1.28455480334 2200.0
549.38920432 6.92114581998 0.772987939667 5200.0
4740.93407858 -20.0055169117 0.990102823075 2000.0
-3061.49470749 -14.2379847081 0.867906157813 7600.0
-3377.32831805 4.65992370612 1.12867180485 3200.0
3067.89928454 10.4926836128 0.94757881761 4400.0
-4659.68991216 -13.1230614941 0.968335383225 5000.0
-5893.17679951 20.7640916836 1.03429386963 2000.0
5849.87474146 -15.1804754676 1.00361731568 2800.0
7029.51150635 27.6517705777 0.985221432701 5000.0
4107.07832884 16.5483252759 0.961962006345 4600.0
3335.64159034 22.8758075067 0.902991749761 5400.0
-3538.00068841 -9.89181095419 0.988914380578 5000.0
-2312.97791616 16.5152525085 0.893953188214 5000.0
2074.03401709 19.3413006698 0.739834909504 5200.0
2810.19855237 -18.2806213944 0.815283961036 5200.0
5433.45168544 4.39784612918 0.899531206107 4600.0
-1911.37150746 -16.2652949802 0.777443018874 4800.0
4716.35200242 -21.6662788019 0.937632993313 5200.0
-964.571588539 -13.6692743924 0.822776562499 5000.0
-6685.97263152 17.2878830378 1.13267006123 5200.0
2673.60065519 -11.221643369 0.889623035601 4800.0
-2640.0936484 -16.9030499115 1.10411189709 5000.0
-3228.09396204 -10.3884005819 0.940849314262 5000.0
3536.2466108 -31.7609091101 0.934668025398 4600.0
-1553.52781502 24.7981962059 1.04634358073 4800.0
5429.15769709 14.3843965054 0.907505988159 4600.0
-3499.71003968 26.7338700821 1.01449878781 3400.0
-4108.20423049 -21.8085650109 0.983338851966 4600.0
-6194.96225345 14.3762754168 1.10878067074 2000.0
-983.803745219 16.5148911129 0.821041955789 5000.0
5004.94980486 4.09290944967 0.922791245436 4000.0
9155.08083494 6.33948506861 0.921372004282 7000.0
1219.49310622 -25.6603044644 0.91415312117 5200.0
3427.14957261 22.0083070439 0.929411537264 5400.0
-2317.83105931 3.3403985672 0.82549357684 5000.0
-3021.18514797 -10.1738303267 0.897442947759 5000.0
5176.35254075 22.4143920033 0.90310293632 5400.0
2909.41886545 16.1491761711 0.87666498384 5200.0
