-3433.08853183 16.9277082306 1.0269695143 2600.0
-4145.27420231 27.37974532 1.11886025436 4000.0
1518.08670094 15.5737420892 0.825241925862 4600.0
-2962.09747162 -15.216773087 1.20122082914 2600.0
4325.85572705 -14.5104666741 0.889461932555 6800.0
-807.78955417 -16.980116479 0.774891134083 4400.0
2548.85338864 21.0359806309 0.747775026869 4800.0
6577.88108064 11.9339023671 0.944072659887 5200.0
-5635.38367733 10.2260970919 1.0947731918 3400.0
-6136.96049564 22.0062433492 1.11867546424 2400.0
3341.96317528 6.62131432345 0.788443529689 4600.0
-666.936027063 -19.2694279707 0.750232375135 4600.0
-2025.65751163 17.4158498556 1.17008107626 2600.0
5557.66631459 -16.3450890476 0.940848116528 3000.0
6061.1208251 5.99315007785 0.917113207031 4000.0
2774.11970771 22.2674154781 0.880575379609 4600.0
678.889533503 -19.9180012823 0.966975761761 4400.0
-7980.83472268 -6.70348883802 0.983191000313 2000.0
5429.61597809 -15.851031171 0.994876343336 4400.0
5110.17671724 5.20191862478 0.981017281559 4200.0
-3816.75181647 21.211196494 1.15104436712 2400.0
-7164.13160031 -11.347779298 1.08220683974 2000.0
2764.44679665 9.08164201132 0.728891922131 4800.0
3798.67631311 13.8078392131 0.917393965115 4400.0
-6532.46245708 -12.1004709677 0.971887290787 2600.0
-1570.65914828 -35.0040208054 0.948118923849 4200.0
-5500.1513584 -23.0997498478 1.06401069367 3600.0
6537.81397789 9.08592771363 0.956973545424 2600.0
5001.11455895 14.6794809292 0.993886823293 2400.0
4556.66959317 8.36095497951 0.918657303018 4600.0
3015.02584018 -20.7653508447 0.99149029434 2200.0
3855.39256438 9.36059189508 0.829821588289 6800.0
-4306.35198272 8.92130166065 1.00814475427 4200.0
2640.98663523 -21.1232051053 0.812352352244 4600.0
2046.73680062 -10.3588513207 0.740963312911 4600.0
-7515.48646943 13.0701963981 0.983422020797 2600.0
-1581.83326615 19.1186581576 0.917498626154 4400.0
4807.47412727 7.02490136091 0.916572422196 4200.0
-4731.75632751 -9.78486534885 0.967290307281 4400.0
-1356.41133094 21.7776026613 0.914889054053 4600.0
9214.51743681 -24.4669809183 0.999688038377 7000.0
2194.0597456 -25.1551180263 0.788591822425 4600.0
-1429.21321896 -14.7733255259 0.827078265295 4200.0
-2917.49358448 29.4411849117 1.60533855057 7800.0
4849.17616863 -13.1590607153 0.917238347181 4200.0
-1400.11898932 23.4647107097 0.828817680259 4400.0
-2004.16033134 -12.9768040636 0.870330580884 4200.0
-1262.64917518 -14.5827208251 0.933562457943 4400.0
4936.78735737 9.88859189406 0.98700169812 4200.0
2443.74431572 7.32651950256 0.704141239434 4800.0
-2239.0712402 -19.5605239013 0.869977298432 4200.0
-1985.66710632 9.16549202349 0.857127352516 4200.0
-3834.85077652 29.9674674127 1.06075420976 3000.0
4884.52476629 -9.29343969851 0.926059874091 2800.0
-4922.18680823 5.26452584862 1.06195534209 2200.0
-1999.9014192 -13.1766133917 0.871274837753 4400.0
2413.28989232 13.4788642875 0.700401119103 4800.0
-5482.50602015 -14.295016136 1.15713635706 2200.0
-3103.19042899 -14.1861587888 1.06701839911 2400.0
-2080.30357431 -16.9933171753 0.845474369433 4200.0
-3321.1810335 3.78739103902 1.024507918 2400.0
3197.2937279 -2.51323806891 0.766819283756 4800.0
-5510.13310846 -25.2717905093 0.989028965699 4200.0
-6341.51740411 -16.8477042689 1.05940663723 2000.0
3388.43385818 25.1923455541 0.826950769537 4800.0
-4373.01050283 7.17393786901 1.19459027186 2400.0
-2051.47167433 -12.4428687629 0.889885996794 4200.0
-2373.26140599 17.3943124445 0.945616709664 4200.0
3228.89001149 -10.4917991455 1.01243225113 3000.0
2313.14615905 -12.4739615169 0.707604265125 4800.0
-2793.90502099 12.7979950142 0.857076388729 4400.0
-847.850164862 -11.5908508211 0.707636185476 4600.0
7478.77881094 -18.1138963037 0.938291083123 6000.0
-6067.76452982 -9.1190539203 1.00209290344 2200.0
-5161.57045561 -25.5722615928 1.01413636306 2200.0
168.657509669 -17.708070859 0.777558887313 4400.0
6305.28343547 17.5636198733 0.905378188769 5200.0
-7541.32653477 13.3200528041 1.19084708659 3000.0
2813.61057819 -13.0863753072 0.732620991576 4600.0
-1541.1042146 -24.4874743385 0.962288947851 4400.0
-8334.68213455 -9.68085529217 1.05159763787 2000.0
2989.08338219 -15.1262205727 0.789907072531 4600.0
3449.19375747 14.5544702338 0.737945050117 4800.0
-6179.78853945 34.8167306832 1.87075550378 2000.0
5399.78525477 28.4521009448 0.913539099893 4200.0
1615.04693543 -21.2749667802 0.802849257969 4600.0
3025.14512948 21.9208807972 0.813392756078 4600.0
-5263.60428325 -31.780074235 1.09462680629 2600.0
-3452.07225089 -11.168018165 1.16732899606 2600.0
3336.6051169 -18.5982257885 0.805481879917 4800.0
-2053.02419256 -12.6231320133 0.868748194821 4400.0
-3969.89555594 14.5189635655 1.06208938127 2400.0
-2688.39390747 -9.37512153509 0.764538086859 4400.0
5411.52804934 17.0282072081 0.961039326843 2400.0
5875.43513226 -34.7648451213 0.977263412899 2000.0
-2702.24407334 28.9960719979 1.16622568232 3200.0
3638.59124555 -19.1207114798 0.794301143848 4800.0
-6069.03870577 -22.6051478466 1.02500498558 2400.0
2549.38360119 -16.9236664077 0.743561386075 4600.0
-5911.89540874 22.2458477093 1.02204055805 3000.0
3896.24387597 1.73000124693 0.772850343235 4800.0
2997.34243766 20.4965349465 0.758821784561 4600.0
-4189.16580681 5.9158503951 1.09769928119 2800.0
956.205989103 10.5629531996 0.746504706178 4400.0
-7632.66457871 26.2128396186 1.0153913902 4800.0
1816.10403589 20.1909326164 0.736130980307 4600.0
-4099.44620905 9.20768108494 1.19654815683 7400.0
4629.28174599 -6.23429886875 0.800152262125 4800.0
-2977.69431683 6.42290311626 0.99437286819 4200.0
-3950.1709835 9.78442462366 1.03743860958 2400.0
2152.30149771 -5.14811363444 0.731549490929 4600.0
-1545.87369053 7.70323036777 0.83025783525 4400.0
5605.18723284 -29.4480909806 0.909922022218 4200.0
-4418.41235584 -14.7420017441 1.05768332674 2600.0
-2820.2546835 -5.51183925445 1.1142879915 2600.0
4566.14645356 -7.98553690782 0.888141203546 5200.0
-3940.8462414 -26.7642042832 1.02632286258 2600.0
-5227.5610018 24.6424691311 1.01065091443 4200.0
3976.73014064 -9.5765280403 0.883440663428 5200.0
1776.03916791 -23.4536529777 1.10120546056 2200.0
