-4510.98764816 18.3795419662 1.00711662008 5000.0
4565.87832873 -25.1127267031 1.00781303782 4000.0
2137.35110313 32.2529980008 0.922030205489 5000.0
4047.55655818 13.2295620156 0.966215575023 4800.0
-7188.80239478 -11.8747229958 1.41462702311 3000.0
2850.64632921 11.9814861749 0.902394882109 5200.0
-3937.19203799 -22.5327376989 1.13935898429 3200.0
2007.32202235 21.8776829225 0.846384339113 4800.0
-4433.67831167 -9.05129265681 0.978301145531 4600.0
2618.96651557 -13.6361975572 0.785060415176 5000.0
-4431.42050817 -4.98483466735 1.08693275903 3600.0
-7267.78378593 11.7081421754 1.05283839269 2000.0
-4105.47756411 -7.80173714851 0.945893741991 4600.0
-4566.60385803 -9.51634141449 1.15272342612 2800.0
3268.21357507 -15.5235499899 0.8997365949 5000.0
4111.06838325 24.4217138141 0.875355997855 5200.0
3369.91071867 26.6832932301 0.827891889067 5200.0
-4626.13013064 -7.67438442253 1.1305327392 3600.0
2904.08849559 15.4184838973 0.792428227142 5200.0
-7044.46940558 -19.3566328668 1.71166503628 2400.0
1748.80767702 22.1891385581 0.762048591707 4800.0
-1257.99761902 10.1844242327 0.807915628937 4800.0
8581.024245 17.5086752798 0.995966694333 5000.0
-4107.27164594 -25.502189815 1.00342870328 2000.0
1530.03677921 10.529470181 0.748576377204 5200.0
2678.16923148 15.6727596253 0.944779352629 2800.0
-4614.73677527 8.30617621313 1.20324976464 2600.0
-4271.35375155 5.75045013752 1.11241174713 3600.0
5316.6288512 12.4170429617 0.922510906374 5200.0
-4351.52409203 -19.4596992322 1.16446709436 2800.0
-4192.09548114 -17.5011383235 1.19941727897 2000.0
-3086.14597306 -16.5940479461 0.92943217388 4800.0
-2739.44416248 23.6442517761 0.979646671672 4800.0
1507.192543 -15.2684514107 0.742713831654 5000.0
453.709322306 1.3266984512 0.722512716857 4800.0
8633.60455398 2.57917610444 0.946162699851 2000.0
-6867.53963765 5.27779669193 0.982814683934 2000.0
-8426.29040273 -27.5516222434 1.21341175593 2800.0
2056.89474121 -12.3099810268 0.939255386808 4600.0
3265.93861375 19.9213755963 0.942643432029 5000.0
2837.11178682 21.8154652758 0.846972621559 7000.0
-220.074008304 14.5960061633 0.731439216954 4800.0
-2050.90378479 -3.86135731049 0.783137462246 5000.0
5647.50780351 24.3750921497 0.838005029143 5200.0
447.102369385 -22.8283232141 0.761319571706 5200.0
948.038388981 -31.0208975759 0.742791311577 4800.0
-6737.30587772 -5.34426334364 1.10709450238 2800.0
3422.10987826 38.1866244647 0.920610531333 2200.0
-4138.90843695 -13.3141315927 1.44700285473 3000.0
8542.21370336 16.2230865057 0.98884765458 5000.0
-3642.88801319 15.597506848 0.989334038501 4800.0
-3462.47917209 27.5140470008 0.985687220668 4600.0
4124.87844342 -10.9218507152 0.98831653925 4800.0
-4192.34864505 -12.3044038608 1.03988533499 5800.0
-3159.07722554 -16.0806468156 0.88841519451 4800.0
3626.89770158 15.0326872604 0.928432630712 5200.0
6073.17075301 26.2399101545 0.894206240421 6000.0
2537.62197216 -8.08209233169 0.860327197613 5200.0
-6388.29742086 -11.5432333274 0.976464596448 2000.0
2884.85604277 -6.06870066314 0.939147920892 2600.0
-3243.43018845 21.2101145664 1.07837397543 3000.0
6628.70792136 25.0246888799 0.993759748856 3000.0
7690.69062052 11.0674853465 0.90505356681 6000.0
-6188.35241915 12.5902412364 1.22526835917 2400.0
2537.42865099 15.741213655 0.967189460463 2400.0
5705.68440688 23.011625792 0.887937605225 6000.0
-4833.48100171 -21.9327515831 0.932983871531 4600.0
-2137.20259251 12.7730552484 0.936001382445 4800.0
6093.09670832 -15.481445153 0.917497640732 4200.0
1554.89662182 -20.0636480322 0.827873987972 5000.0
8031.89506823 -7.85651298052 0.917996289709 6200.0
3647.69525441 -15.2655867848 0.990333223006 2600.0
-2413.76165487 10.1818427141 0.754131197925 5000.0
-2393.60942291 7.23532916821 0.827308212056 4800.0
4971.09536198 12.3827318845 1.0154655033 4000.0
-5862.59822903 11.7697043552 1.08296376813 2400.0
-3325.78620857 -10.9148193019 1.09985677001 3000.0
3740.29753066 -7.36104070609 0.853788892523 5400.0
-3637.90229955 -12.3683733187 0.837534746499 5000.0
-4385.12821439 -10.6434836032 1.16450709905 2800.0
4761.03895545 27.9453069835 0.941140098708 3000.0
-2804.35979478 13.4110112251 0.813683732393 4600.0
-2870.39469312 22.2926071253 0.89136772081 4800.0
-3181.76750645 14.7857420854 0.887601704378 4800.0
-4727.30920791 10.5987529083 1.05269401601 3200.0
-4183.1967795 14.1266620617 1.23763203062 2600.0
1174.68178319 -3.32532804818 0.720169301137 5000.0
4599.50125637 -6.33149658334 0.924702230308 5400.0
-1650.65534821 -11.7627939718 0.814502117102 5000.0
-6630.19518436 23.8858153046 1.11450636325 2000.0
3193.29096446 10.9577503931 0.935762199067 5000.0
692.649457634 26.6098701785 0.975029147869 2200.0
-1550.19684388 -11.4353645801 0.768737013062 5000.0
1379.14625465 8.01406211825 0.79884536207 4800.0
-7567.34683476 -34.4765485086 0.979190490001 2600.0
-5155.90658196 -12.6907805828 1.05622925197 2000.0
-6840.81194109 26.7644089067 1.04383079269 2000.0
2915.64757394 20.1751991979 0.944838395243 3000.0
-4118.89839959 11.8386146574 1.12248928098 2400.0
-4093.70802888 -14.7637460227 0.980150805457 5200.0
5086.19129956 12.5685608673 0.958491759961 5400.0
-2029.86267003 12.8041175573 0.825673775992 5000.0
2210.67155499 8.85695779256 0.782294181901 5000.0
4235.98284109 12.9459640818 0.897134846867 5200.0
-2892.14279706 -18.8902485484 1.02943017235 2600.0
-2804.91976814 17.5991642892 1.00335610182 4600.0
-3906.63270475 20.6483554724 1.10312999772 2000.0
1303.1830082 -9.50556212445 0.742445099347 5200.0
349.523740503 -22.4318666235 0.776595792626 4800.0
-3150.6966237 -12.2368979552 0.889100819378 5000.0
-3641.78346268 -5.71182388 1.04936652557 2600.0
3291.63785771 -7.87673122725 0.89105529565 5200.0
3839.93311585 6.12763942414 0.932057401456 4200.0
-4212.29347061 -7.69549487296 1.08781174636 2600.0
-5398.94559037 -10.1751909638 0.978818840131 4800.0
6761.51855643 -19.5400608927 0.954375837696 5200.0
4684.78515931 -14.1039698722 0.957551347576 3800.0
-1519.361467 12.3034569653 0.859354278921 4800.0
3629.28990327 -18.2778474277 0.931971639564 5000.0
-2570.92266269 -14.2437509432 0.952560092178 4600.0
-5079.85022207 15.7157816197 1.00272665069 2000.0
-2154.13248664 -11.453488095 0.958614478406 4600.0
1358.73961367 27.9748852918 0.858440768705 4800.0
-4603.18461137 -11.816778597 1.03100576347 4800.0
960.933977705 16.3627025966 0.785650819707 5000.0
843.448237526 23.68855681 0.900141282693 4800.0
-1970.72352376 25.7469012029 1.14864978189 2600.0
2416.5439316 10.0175276536 0.743620244254 5000.0
1866.1732781 -10.4395958567 0.769912131994 5000.0
-2534.44876868 -24.3355316697 0.828994931624 4600.0
6552.91534583 -8.3603261086 0.910187753809 5800.0
3810.92641421 -6.80314180805 0.909780421799 4400.0
6515.12553017 23.744033698 0.963953388316 3200.0
-8366.98053539 7.14831444222 1.03189959311 4000.0
-4962.97025002 9.03640549901 1.23231852778 2400.0
3161.06183495 17.7762147601 0.922126137467 4800.0
-4904.9787249 8.00636948284 1.0235987565 3200.0
412.413028833 12.27962125 0.738214831603 5200.0
6950.98696537 -17.8344505244 0.92758796052 3400.0
3395.71841485 32.1561199744 0.832793245661 5200.0
7664.88803368 5.31476591355 0.948544407858 3200.0
1534.07419037 -13.3302435467 0.949947190233 4800.0
-3716.26863564 10.892927999 0.942563975006 4600.0
-4749.01037692 -21.2614696089 1.08084195335 4200.0
-4332.22256623 27.1006306975 0.992921457775 3200.0
7280.47187526 -14.7410750506 0.985780655678 5000.0
7816.43128556 6.89992691562 0.960910174263 2000.0
-2768.28463613 -5.37643319514 0.814106700256 4600.0
2414.46613598 24.3600617096 0.86806690364 5200.0
5198.24328489 -26.5048462684 0.900837346975 5200.0
-2131.35637862 -11.1900623317 0.816381455918 4600.0
-2582.67132472 14.9754061706 0.864796576408 4800.0
1472.41341765 -13.9509027494 0.761739268662 5000.0
5482.42536973 7.10116424956 0.972005250116 3000.0
-4420.48904358 21.1619417415 1.16848150775 2600.0
2400.65723411 20.3345834535 0.78440507282 5000.0
-7909.70363299 -8.69837064069 0.978249586769 4400.0
-4439.74879512 8.86418676408 1.07907360362 3400.0
6154.88815458 13.0870740291 0.975163024762 3200.0
-5213.36689703 -23.3239626453 1.13369424201 4800.0
-5815.32498023 -12.6854742967 1.01601757012 2600.0
-5558.09271756 -17.8961398946 1.10065057049 2200.0
-167.823061586 16.8594103577 1.03196284228 4800.0
-3983.11958061 -11.604406467 0.904254889551 4600.0
4853.10487137 -21.3211211696 0.976485152699 4800.0
3667.52961626 4.9183621669 0.936777559324 4800.0
3763.4930871 14.6324012601 1.0210159212 4800.0
-3438.89713458 -21.364223007 0.924017966922 5000.0
-4391.6536842 -16.3147133289 1.06670475587 3000.0
-6527.52346215 23.5877747308 1.09033829037 2000.0
3945.26130184 -13.3274954146 0.946790569566 4800.0
-5627.10809307 -19.090270697 1.04631592217 2000.0
1461.86160973 -5.12419220811 0.794070638226 5000.0
-2968.87187691 18.1129477049 0.896346881637 4600.0
-4603.41387328 -4.65798526435 0.97824235664 5000.0
-7731.80669016 15.8248867761 1.06672500977 2000.0
3103.47417831 -27.7136369794 0.964385399828 4200.0
-3590.44516372 -16.2104490249 1.00799192517 4600.0
-1902.13866741 12.5687349482 0.780694173883 5000.0
4504.40103579 20.0828296713 0.987756672026 4800.0
-5871.99878336 20.9112067785 1.01797475364 2000.0
2177.84492919 11.8186151757 0.918951470655 5000.0
2725.70059445 -9.00239062356 0.889066674967 5200.0
4792.44443996 -17.9992242101 0.917639189989 2200.0
8212.83798311 9.57076061878 1.00968589864 7000.0
3597.59335946 -12.5878103365 0.993888129485 3000.0
-7517.81849091 17.7754240427 1.02745188904 2800.0
-1719.90207286 -17.1691818568 0.970626430776 5000.0
-2734.93430967 15.2177835696 0.829867244209 4600.0
-2573.09557179 5.92156763952 0.844398832236 4800.0
-3948.53583939 -15.6776438355 0.946149263007 5400.0
-7127.77348237 24.7039609922 1.16401331309 2200.0
6857.79432437 33.9831171925 0.999016666914 2400.0
4028.97826082 17.2420276329 0.874127911823 5000.0
-5253.40459068 -6.83788185011 1.34135923633 2600.0
5299.52951081 -5.31914612922 0.899421057329 5000.0
-3058.16686612 -23.9374089359 0.842174087667 4600.0
3619.30692283 -13.2008559103 0.852236197132 5200.0
5552.16895996 14.8026220764 0.97243828967 2200.0
-3473.31751502 36.1671780116 1.0323629255 4600.0
1275.57608906 3.88078847189 0.73684726503 4800.0
-4612.54531853 -14.1600464536 0.969949080194 4600.0
-3557.26552641 20.9809196989 1.06685440659 4600.0
-3628.20236419 -14.3118994146 0.903120356627 4600.0
6492.27047205 9.30056427579 0.966027230332 3200.0
2921.17712028 -20.2146861001 0.839728235116 5200.0
-1129.18992448 27.567004249 0.845991258666 4800.0
-695.077216257 -16.2226472036 0.748249713664 4800.0
1549.12655177 -10.7364549279 0.719064287595 5000.0
-5243.76335812 -19.0537972343 1.14827748383 2000.0
-6286.71491601 -23.3900329474 0.961895990463 2800.0
-3076.85461793 24.7377556942 1.13203167373 2200.0
3228.33101948 -28.1456907512 0.828461591494 5000.0
6004.72914444 12.2025535362 0.879563060793 5200.0
3870.55332754 13.6777398722 0.972234830336 4800.0
-2340.38855406 18.4232910431 0.892496510043 5000.0
3839.69782379 21.0250837603 0.91555143338 5200.0
-3215.86806005 38.0240177036 1.13710663307 4600.0
-3041.8403897 18.3743342357 0.899369761588 4600.0
-1903.58338935 7.25741900507 0.800941894743 5000.0
-3307.20459238 -8.67598004766 1.2022752542 2600.0
-2761.19237308 11.7801578103 0.802683118395 4600.0
-2692.56578565 -26.229195467 0.772323439226 5000.0
4715.71989021 -7.12512756147 0.909406717274 5200.0
-3582.83707307 17.6431621096 0.849795418133 4800.0
-8590.60785422 9.31042533921 0.98327504791 3400.0
-6269.79517321 21.128591321 0.977256335936 2000.0
-4020.07899855 -21.8551110465 1.19601522673 2400.0
-5462.6783071 -5.49638349671 0.972819482468 2200.0
2566.98808767 -4.4972147078 0.878769920086 5200.0
6684.01808638 7.04054728004 0.996219028035 2600.0
5790.09161714 11.0785385987 0.932731037341 3800.0
7620.26009721 22.1068953043 0.945081338033 5800.0
-1945.79556525 4.96713664799 0.783803551282 4800.0
-5363.97818715 19.0329980173 0.991409571227 4600.0
4929.2433296 -18.1247134431 0.897633505895 4800.0
2637.49848745 11.8736802199 0.809251157833 7000.0
-6828.50805608 -20.349921202 1.68733878817 7800.0
1026.91936374 -16.720981174 0.868733748197 4800.0
-7616.06473332 5.29619847455 1.01432774026 2000.0
1120.81618855 20.4193451631 0.814251891503 5000.0
-8464.36769004 -16.9076547438 1.00438692411 4600.0
-3191.95830927 -15.2928486414 1.07703621547 2600.0
2469.86321516 14.0629503021 0.854654142159 4800.0
5184.28730048 20.2978636763 0.909525167467 5000.0
2510.90164547 5.06322346781 0.895479233808 5200.0
-7050.12003492 37.4037679851 1.09546985868 2000.0
1601.19015903 12.9417853933 0.807279829757 5200.0
-5012.54662489 16.8992073219 1.00430896328 3400.0
-7221.09293768 12.3891729578 0.980412471448 5400.0
5242.1802801 -10.6011924607 0.898580101786 4600.0
-3889.75122334 16.7130787312 0.957674467372 5000.0
1392.32339257 -10.907221414 0.830670147124 4800.0
810.201280795 16.2601712621 0.803412887394 4800.0
3467.41656307 -14.273165834 0.993660848516 4600.0
-5323.31415087 18.3720019503 1.22717643302 7800.0
-6277.2325431 -25.8321043277 1.07168229755 5400.0
-4779.21001738 -12.8887460502 0.98029170255 4800.0
7501.2732563 -19.0259453968 1.00443521201 2200.0
6264.34090114 -1.31254505971 0.903947729533 5200.0
-4498.40442652 -16.2227849306 1.54494973627 3200.0
-4881.66846371 -13.7722799883 1.00077150521 2400.0
-404.730562346 -21.270632136 0.809422046373 5200.0
1127.75888198 -28.8834398477 1.01898827812 2400.0
1837.99901499 8.78665975627 0.784814560992 5000.0
-2895.80446231 20.5694437245 0.858076798629 4600.0
-2993.59205178 17.7080152307 0.895198025485 4600.0
-915.371865944 11.3818343309 0.782906726737 5200.0
-2291.69664412 -6.40683702441 0.747638727335 4800.0
7309.13485611 -16.2890469503 0.983722067868 5000.0
6475.93247704 3.33257366257 0.93355519119 3200.0
-1814.72630419 -26.8039102036 0.801842389863 4800.0
-4587.87085041 13.0883951748 1.22426601028 2200.0
3439.22884626 -28.5666074775 0.888198185843 5200.0
7643.34736506 12.9530849752 0.958400037015 4200.0
-1930.65070765 -15.2638554263 0.882229855092 4800.0
4093.08973628 -40.5344321582 0.97788299211 2200.0
4544.3432518 32.8246773592 0.941923286162 4800.0
-2249.64966874 12.0295271877 0.717703234113 4800.0
-3056.76763544 -18.9268289673 0.905120430878 4600.0
-2660.09189621 16.5296441048 0.90010555054 4800.0
3080.62096758 -14.4922237863 0.829208773146 5200.0
7221.53957018 -15.924069639 0.990562631991 4800.0
3330.95748179 -16.2043930305 0.76052915619 5000.0
3207.90078684 -14.1322523313 0.802661818114 5200.0
5507.28215462 -26.3191715553 0.937467979767 4600.0
6892.96390898 -7.02717151265 0.986117255592 5000.0
-6539.97136759 -21.697795735 0.961321429784 4800.0
-1740.84339414 10.895093928 0.851549187478 4800.0
-4956.8918739 -4.39924403608 1.16693640555 2000.0
2328.08067377 16.4296320732 0.837792725022 5000.0
4069.51481025 9.45230704857 0.959576861153 4800.0
4706.0732515 18.1286626102 0.914212290768 4400.0
-2910.10862817 17.2528352775 0.909899740564 5000.0
-3852.0318914 29.2147817405 1.16545013105 2600.0
10669.8591325 -14.537625149 0.994770954754 5800.0
-979.870667759 -10.1567126956 0.785379163842 4800.0
766.871448195 6.51012507843 0.812379291118 4800.0
1141.22919113 -12.4776561491 0.72181064043 4800.0
-933.271055713 17.3215269504 0.853283842331 4800.0
4177.98838417 9.25390178564 0.906060348293 5200.0
4707.43516915 -11.6898443959 0.984583420071 3800.0
-4657.76013421 -8.55155352613 1.03803159433 5400.0
634.568432448 -12.6022971103 0.724165886753 4800.0
-3598.47332362 15.5742135755 1.01956820705 4800.0
-3716.10160553 -12.1396540192 1.11735116783 2400.0
-3290.3794769 -2.02244923433 0.88546711159 4600.0
-1141.86175655 12.3882909887 0.850792630519 4800.0
6432.32261538 10.9124544514 0.977881304432 2000.0
6686.94817477 16.8883050087 0.976391617769 4800.0
5754.26718841 24.8768945137 1.00683943527 2600.0
6686.75512353 -12.2278891082 0.981563131699 4400.0
-2777.694058 -16.0831484575 1.04703095495 4600.0
1236.02744206 3.14880908232 0.708106866824 4800.0
-4138.88178066 -30.6904637924 1.01307717898 2000.0
3443.12422536 8.43428545133 0.892559348563 7000.0
-6308.58303981 -25.7267063098 1.01536512694 2000.0
-4585.68035743 -17.3349296762 1.1481554684 2600.0
-3349.07167605 20.509772055 0.944521826741 4600.0
6003.08105833 -10.342904559 0.872869194939 5400.0
-4130.9754303 -3.16199126701 0.919781194562 4600.0
2095.90178453 -9.51996288701 0.840722672107 5000.0
-992.178568665 24.3755015095 1.02516148674 4800.0
2056.73618033 20.3981914733 0.761603547025 5000.0
-858.044160662 23.3135388896 0.954152812404 4800.0
4164.37428278 16.4683007751 0.90930519709 4800.0
-7173.96202872 -31.1389631555 0.983209228336 2000.0
6331.68334462 -13.5685765457 0.968434917333 4800.0
-4855.8989878 21.2719260538 1.02663797575 2000.0
8360.25247452 14.4801327732 0.976000253484 3000.0
-5717.43904903 16.9433728196 1.01372010351 2000.0
4014.04923907 -15.8943724287 0.897819156629 5000.0
-3398.02522152 -17.3771909603 0.994437161638 3200.0
-1424.17293282 17.0376361133 0.768867733244 5000.0
-3989.62469309 12.0890880099 1.12358356736 2400.0
4840.597506 12.6409619874 0.852544934267 5400.0
8094.6609713 16.3260795642 0.991337879148 4800.0
3644.1171877 12.4210094571 0.853899004476 5200.0
1607.36679962 10.1776872051 0.868230936961 5200.0
885.398867844 14.3407781323 0.849676898972 4800.0
8302.35433156 16.8240528024 0.979649990282 7200.0
-773.340445991 5.11360697723 0.700807211056 4800.0
5480.36170137 8.65768963032 0.969378638145 3000.0
-5785.25673499 -19.4065803369 1.0211623185 3200.0
4134.41755991 -2.1497397833 0.992074225322 5200.0
-4804.89097239 -14.1135616728 0.997609203981 3000.0
3289.07264539 -18.8360679556 0.865155608105 5000.0
-7876.45724236 -13.7697103532 0.979759921593 4800.0
-2821.60719871 -5.47899900668 0.828509352869 4600.0
1990.30617778 -11.4265839934 0.767306969561 5000.0
-2559.61098628 11.0704336678 0.795230797148 4800.0
3199.97536439 -15.1879452817 0.823650669678 5000.0
-8279.11970281 14.9386791718 0.981972554402 2800.0
1186.60426851 5.05454455622 0.752002530499 4800.0
-2610.74300056 18.1091477951 0.831068815547 5000.0
5075.94949694 -13.3896621031 0.93304775646 2000.0
-7205.22488339 -4.6084404318 1.04544776669 2000.0
-4543.28686544 -21.4040564404 1.1712737858 4400.0
3096.71090322 -20.1022565585 0.856176435331 4800.0
2341.64110375 -28.2149305901 0.73896380759 5000.0
8042.7312759 18.9685496742 0.992061615606 7200.0
-7463.29335178 -14.7158719746 1.12726673627 4400.0
4569.89854036 -4.60080178078 0.947507231067 2600.0
-6110.90977319 62.5837910362 1.22180879802 2000.0
-1060.73718013 -10.9123099815 0.899643346995 4800.0
-3329.62054058 14.4449887534 1.13080558219 2600.0
-1998.870195 15.6112737623 0.880113803782 5000.0
-460.005439567 12.4035438098 0.828032593794 5000.0
-2394.41780149 14.8407431663 0.902013345968 4800.0
-3982.14378342 11.9933647982 1.01645659567 3000.0
-2819.17044739 -10.8806732569 0.804927121859 4800.0
-1751.89108365 -15.5231861533 0.877078454328 4600.0
2331.71135296 -16.9151381199 0.778075296431 5200.0
2527.83248475 8.42381045447 0.790375762304 5000.0
-5307.98433069 -28.2813602516 1.00282470495 2400.0
921.48674777 -11.7408916737 0.860607780959 4800.0
3816.1412564 -21.4992378057 0.912675571522 5200.0
-5584.37326695 -16.7893463788 1.01603518284 2000.0
-4854.30993504 5.44673053997 1.23867405247 2400.0
-4370.3485235 16.6144955702 1.02881751161 3400.0
-6184.82075552 25.1743690199 1.02259386614 2000.0
-2153.48651001 13.5236689873 0.879827257165 4600.0
-2388.18122666 -7.64156759384 0.825315189266 5000.0
5569.56707362 20.1503329397 0.994473976839 2000.0
2850.75811573 -19.6907740001 0.840298906352 5400.0
4341.20948889 20.4989820196 0.929024230518 5000.0
3049.96077777 13.8607226349 0.906813880748 5200.0
-3159.89086358 -23.614027034 1.12285568098 2000.0
-3092.93386116 -16.0320778375 0.782298339365 4800.0
3160.6373164 -11.2801137424 0.879499284783 4800.0
316.657458378 -15.2691301036 0.725874384169 4800.0
-1428.65229924 -10.8240743943 0.863347955967 5000.0
-1206.04212617 -4.41344026812 0.811814941315 4800.0
-4493.41824383 10.6691098988 0.973288348686 4600.0
-3176.98948494 -11.3943353932 1.00963563591 4600.0
3925.38601881 12.8948843782 0.932404301776 5000.0
-4272.60367754 19.311998885 0.934159575529 4600.0
-127.86736853 -12.6069409357 0.924221828252 4800.0
4615.65025978 13.8715454392 0.888645298206 5200.0
3757.67537572 15.7527103288 0.967961892013 4400.0
2744.72084035 -18.9925914852 0.761857030445 5000.0
-2429.20408849 10.2638372573 0.754398514595 5000.0
-7435.92016857 7.10964636779 0.995530904095 5400.0
3279.11442317 25.9578664142 0.793360920644 5200.0
-3817.46891006 29.958628601 0.999980621887 4600.0
4638.13167823 18.3640429063 0.901726328036 5000.0
-650.391658779 4.71205519776 0.73979571441 4800.0
-5195.43648783 19.811817888 1.00255801009 2000.0
5107.4430043 24.0289679847 0.896562445843 5400.0
-2799.74038483 -16.4693555817 1.01100823528 3800.0
-1846.08609629 -18.0067199409 1.06635011714 2200.0
3643.54320923 9.63723283641 0.905688842551 5200.0
4018.33159992 -25.9958451274 0.889296525467 5200.0
823.017155209 -23.3444717159 1.2602479713 2400.0
986.70104868 -12.5634709814 0.7404481793 4800.0
5416.8206961 -14.8282625717 0.987359724431 2800.0
-6925.56945723 13.1375556611 1.2229604771 2200.0
-2451.5190486 6.63191919476 0.817834340093 4800.0
6485.63529792 21.7994127911 0.982565699558 3200.0
3560.61119719 -26.0299590276 0.854228424988 5200.0
3437.23693886 -20.6743109369 0.796140983582 5200.0
-7433.74996091 -8.97050595972 0.994268927653 2600.0
3636.34616719 17.0670150738 0.987394858502 4800.0
-3819.29983746 -14.9098927529 0.996852252613 2800.0
-4777.44130075 -12.0858859482 1.44832591782 2600.0
7178.33497059 15.39939089 0.97305241653 5000.0
3592.18644908 12.7730515728 0.925695566646 5000.0
2301.44449295 -13.5441581186 0.83991234509 5000.0
1491.53957505 16.3076733338 0.806148794162 4800.0
-5148.66882252 -0.943249344591 0.989608608682 2800.0
1570.39880324 -11.0941427352 0.842879553428 4800.0
-4604.09258445 18.7379452183 1.03699792374 5000.0
-5574.11866325 22.0719452251 1.28106326118 7800.0
3230.43075307 -1.93672283789 0.898615216012 5000.0
3969.34576152 -25.0861870195 0.999404675143 2400.0
5030.17731159 5.10298906407 0.968950656274 4800.0
6222.93257878 6.21831767345 0.902466575312 5600.0
1831.51396033 -13.8240723959 0.809782399822 4800.0
-4114.96131776 -4.65883343972 0.943399428706 4800.0
-3291.73357989 -6.93830105068 0.907585582495 5000.0
4732.80104404 -5.22569001912 0.962926599763 4800.0
-1006.85084553 17.8047560252 0.874023009111 4800.0
3214.97853855 -25.0185704566 0.846093961581 7000.0
2271.2554019 -22.0906530052 1.05680685969 3600.0
1550.54606438 18.0636073625 0.807391923408 5000.0
4595.22800819 -12.8370492702 0.883989093116 5400.0
4962.27404557 8.69215769732 0.98706780841 3000.0
-3868.22566335 13.0296905886 1.06564631985 3400.0
4205.96007862 22.0607715745 0.993507209678 2000.0
-56.5755671466 9.40055402629 0.729022369732 4800.0
-3105.19718396 16.2115918944 0.961162622114 5000.0
7703.4788112 10.2003896197 0.91000591857 6800.0
4937.92686734 -18.7717768847 0.908548847937 5000.0
-3449.7207348 10.7371824831 1.10020925209 2600.0
6174.93984017 13.0976831841 0.921174638073 5000.0
-2158.04272379 -26.2508201016 0.845707377527 4600.0
5088.75100913 3.60396862498 0.894366281892 5000.0
2066.59540193 -12.3243755032 0.772698220259 5000.0
-1706.05136943 11.716978965 0.763869833165 4800.0
4551.77886854 -15.9445855079 0.969391071958 4800.0
2433.89055241 -6.93809732767 0.782059334886 5200.0
5266.22621195 18.6429527514 0.892131813976 5800.0
1564.21752822 16.3437338492 0.756894419346 4800.0
-2309.84670391 21.532654824 0.912577766539 4800.0
3503.31274066 -13.1169819146 0.960211397261 5000.0
-1172.45190973 16.3906289393 0.854368346081 4800.0
6940.42132783 -6.30798997437 0.988537742138 4800.0
-6197.38385288 -18.0611152225 0.990632325506 3400.0
4302.69105279 -15.4486116825 0.893691473988 4800.0
-4159.21725158 19.0126413211 1.03078429324 3400.0
-6470.88296523 -13.5365434755 0.986994122085 4600.0
3402.69646503 5.26878009954 0.921072672918 5200.0
-3194.17318429 -8.83094491106 0.939514983061 5000.0
-974.212240243 9.14885360513 0.762200011204 4800.0
-3903.8843965 13.2314427029 0.855159213598 4800.0
-3721.08360708 -4.19596595666 0.925639656058 4800.0
-4864.53228386 19.4927535936 1.0025787009 2200.0
5535.69001945 16.5078312457 0.909195051752 5200.0
4754.01510501 -11.7869093499 0.947129091754 4800.0
-4465.30262447 -18.0429341693 1.00961002048 5000.0
-5893.38918494 19.6222202185 1.01692907705 2000.0
2582.18803279 -4.67830361768 0.907896386558 5200.0
4117.77329782 11.1148641435 0.945596485067 5400.0
4678.3426644 20.753134027 0.927978475025 7200.0
1023.75573263 -11.4016076046 0.819035922903 4800.0
-3918.66038599 -34.411933748 0.908692062951 7200.0
7820.11505426 8.76241650732 0.953623837374 7400.0
-3710.12583209 18.9264827489 0.955426953536 4800.0
871.943516596 -21.74077663 0.769615792224 5200.0
-5194.57156683 -12.8046719029 1.45305987754 2600.0
6216.00791812 -23.1370946039 0.962891679781 2400.0
5376.6211104 7.94828798369 0.975766905548 5000.0
2690.32063459 -11.5848431464 0.845968274057 4800.0
-1918.53620385 22.9954347196 0.760016590137 4800.0
-3960.63297918 12.5282292239 0.963886576134 4600.0
6555.45974977 17.7189903313 0.961275619688 5200.0
6012.21957675 19.2221786114 0.994492299699 4600.0
3204.22126729 29.4395593752 0.930836049251 2600.0
8297.80065172 13.8183365697 0.958302388188 7200.0
-2617.35516134 -3.74616742233 0.856310314906 5200.0
-5795.11290241 14.3862861461 1.20993891968 2400.0
849.090709277 25.3654605383 1.00017385324 4800.0
-5641.03725334 24.3426347594 1.21610369716 2600.0
-4683.40481822 -10.5629978169 1.40742616565 2800.0
-4731.75635321 17.1504473679 1.08803206582 2800.0
-4468.21313972 19.1543340925 1.06275385501 3200.0
3450.1117555 -12.8044928498 0.969739031458 4800.0
2612.01266882 -10.0331485306 0.866605468391 5000.0
-2946.52931536 -16.3111899873 1.06735176669 4600.0
-4824.15208433 -3.3522802762 1.21820696973 2000.0
1400.50616957 14.1208364774 0.904850617708 4800.0
-5309.77281393 7.87895935772 1.14632985162 2600.0
-574.998254966 14.6006049317 0.789791953356 5200.0
-6663.22869479 -13.4602977326 0.973785755401 2800.0
4541.08797931 -27.1936479501 0.895431096029 4800.0
1554.13839507 11.8652195918 0.768923551507 5000.0
2894.53714213 -18.692924192 0.739784049026 5000.0
2810.90966054 17.0924028414 0.800131237366 5200.0
2593.7124681 13.7267715688 0.754990312632 5000.0
1970.00749797 20.7596971284 0.755873448209 5200.0
3335.08499679 26.6806400766 1.02039126539 4200.0
-6523.71611223 -20.6118546002 1.07587165295 2000.0
3659.64806282 -22.0673461361 0.993910781714 2600.0
-1412.92051616 -7.29508396204 0.767272878775 5000.0
5792.0521847 -11.0104420355 0.984494070279 5000.0
3843.20733786 16.9175596961 0.991131193181 2400.0
-2800.02025978 20.180249747 0.950210130481 4800.0
1666.30640825 11.5470805793 0.827930872822 4800.0
6407.07549982 7.81497927852 0.975234221022 4800.0
4142.34122596 -10.2043571816 0.859479679705 5200.0
5444.751125 30.2444581727 0.897105594081 7800.0
3250.02977157 -18.3046630754 0.935453165256 7200.0
3687.85048301 -15.2956115207 0.924124412695 4800.0
4759.04576808 18.5541023404 0.897492971313 5200.0
724.670329245 -1.92672555187 0.770898270993 4800.0
-3123.52552352 -12.9961814807 0.822752689038 4600.0
6963.03140366 -24.5421270872 1.00228212503 2000.0
-3126.05001774 -7.96181067297 0.907355343846 4800.0
-3032.7742669 -18.5147113651 0.924506757674 4600.0
-4801.13441458 7.01289340409 1.00789485552 3600.0
-4908.95225855 -10.8488592599 0.935626658823 4600.0
4276.7820663 -28.296461828 0.938639576646 2000.0
-5023.49641679 34.8391776636 1.0746423135 2000.0
-4956.4249564 6.90528059061 0.952247973564 4600.0
-2200.54053315 8.86786348955 0.853040003379 5000.0
-3825.23998862 20.4013694383 1.09546932677 2400.0
-1646.42590899 12.9528822674 0.921254417556 4600.0
1548.32091777 12.4621088928 0.724547876851 5000.0
4103.12972138 -23.1219605917 0.970999010483 2600.0
4556.25821271 -14.4363728032 0.892819603073 5000.0
2496.00805615 13.5159896598 0.827173901813 5200.0
7132.01063245 8.24790806846 0.912874380879 5800.0
3642.19788543 22.706022663 1.09927112767 2000.0
-3960.72770771 19.2807988144 0.994208335946 4600.0
6361.74643665 -18.4223971293 0.936038510798 3400.0
7407.10853964 -2.09249291561 0.988081008658 4800.0
-5506.39191256 -16.0068038275 1.0891558074 2000.0
2956.26988117 13.8196614049 0.763424477321 5200.0
-5288.3423297 -8.07863936128 1.11129127872 2000.0
1619.00658587 -17.2076810791 0.932586803219 5000.0
3215.94071857 -10.8804125999 0.823154495962 4800.0
-1388.75544736 17.2891390665 0.884758067514 4800.0
3175.55347114 22.6866750893 0.919256888642 4800.0
4061.63830775 -23.551039159 0.963813925556 5200.0
187.61174235 -10.732704203 0.877502394965 4800.0
6596.65274277 27.280807309 0.965171853175 3600.0
-1668.02003747 7.98448004202 0.799341214937 4800.0
-1613.25475671 -12.3230466783 0.756084023614 5000.0
-2449.96558126 27.1103723788 0.977846267027 4800.0
-2669.41068017 -24.2169429258 0.797982050483 5200.0
4797.09199708 -17.7729327759 0.987772899515 4800.0
4513.42046207 13.8593748737 0.980556721056 4800.0
1779.16763425 -12.3016574163 0.817152577124 4800.0
3157.74149359 -6.50775955174 0.868083956124 5200.0
749.743083843 -23.5903785897 0.7196559345 4800.0
-3821.77483966 12.0112233314 1.10435156723 4200.0
-2647.60523342 8.99600520673 0.860773235276 4600.0
-1169.81199406 -13.2067293442 0.845244893033 4800.0
-920.74037991 15.3179728697 0.822511945566 4800.0
-2153.35443866 15.3780512044 0.819223690183 4800.0
-3188.83534377 25.0147420898 1.10088117166 3000.0
2674.35721195 -24.3829183176 0.804147642228 7400.0
-3289.96716555 15.1776468309 1.0822684149 2600.0
5991.56608723 7.74051404439 0.900253727757 5600.0
3710.58914382 6.60538221338 0.860860530376 5000.0
1173.36237563 -9.42228626944 0.701839191425 5000.0
-3509.69802479 8.65062835974 0.878315321849 5000.0
2810.58598638 -7.59001260885 0.84344050644 5200.0
-2997.78280145 -15.0460702335 0.835450339629 4800.0
-3952.11860984 12.4384820459 0.939403008837 4600.0
4723.72873826 -11.8684779053 1.00021924807 3200.0
3919.54572515 21.9908952969 0.873136502423 7000.0
3847.26330373 -12.505740283 0.97008291214 4800.0
8321.04339582 9.12412131402 0.99145493953 3000.0
4794.95480384 -6.16652697621 0.888624257657 5000.0
-5561.61907218 6.01562221564 1.27692414016 2400.0
8252.66424363 19.5288929211 0.952403737549 5400.0
4587.9997725 -21.7992080924 0.85568036527 4800.0
7095.3163768 19.2428753783 0.922495421075 4600.0
2337.36290184 -6.33419121041 0.811718354905 5200.0
5068.03394634 -3.74916684386 0.902812540656 4600.0
3788.46174205 -7.40171931798 0.941190515174 4800.0
-3148.94429664 16.7829793742 0.992882831749 4800.0
6490.74936947 -11.2720623066 0.974253727632 4800.0
-5312.49633796 -8.62393892192 1.04007924076 2000.0
-984.197989203 -16.4219567971 0.748995589789 4800.0
-2413.43512327 -16.0501714555 0.797989949593 4800.0
-1684.93103387 8.70000532631 0.808941954203 4800.0
-4468.40743674 -21.478453471 1.20481636745 2600.0
-7496.52286329 20.9309289115 0.983401221855 5200.0
245.406213815 7.58123688124 0.70625215703 4800.0
-4461.86096547 10.4651396607 1.00371484039 3400.0
-1962.22094914 -19.4111995549 1.03342819285 3400.0
-2409.73538405 -25.6847458306 0.761187061458 5000.0
5752.97090763 15.915885427 0.959779120878 5400.0
6533.76955026 -12.1350404042 0.97533142879 4800.0
1276.86890438 20.224918955 0.711301234779 5000.0
4368.80492256 19.3952679201 0.979694651564 4800.0
-3707.90876283 6.73500566483 1.04977257835 2600.0
1686.6681916 -10.3581035997 0.74756209165 5200.0
4191.82403954 -23.6990593194 1.01647615289 4400.0
2440.90446184 17.354830777 0.935017678673 2600.0
3175.82703587 27.1299436409 0.9236050692 5200.0
3228.7243037 -14.2982723805 0.864862632407 7000.0
-3835.32230635 4.64925958975 0.962100458098 4600.0
3149.75086437 -15.6731004692 0.814212398655 5200.0
5688.452756 -11.251157221 0.901390583633 5200.0
-6625.01577737 9.41758136423 1.03613455281 2000.0
6469.49502875 7.03984520519 0.915717803173 5200.0
7285.8261501 12.1430626069 0.984644131628 4800.0
-5386.39666552 5.16357271092 1.1514357802 4200.0
8318.32684982 -12.8537413419 0.993329834244 5000.0
-5690.89447986 12.4349817965 1.05696256256 2000.0
3417.39199226 -6.96509925115 0.938287903626 4800.0
4239.81560017 24.7286620434 0.99043404914 4800.0
868.495434034 20.1088490047 0.863060938902 4800.0
-6606.35285782 12.5548227541 0.962862847713 4800.0
2456.31145193 -22.0720860713 0.813143494844 5000.0
1332.70627 19.868483837 0.687716006038 5000.0
-6701.49263478 -14.4881135004 1.11144718391 2000.0
4447.68461319 15.0701285531 0.975335771635 5400.0
5067.02106749 -12.2398117941 0.959494362941 4400.0
-2875.63933215 11.8856021168 0.949916162656 4600.0
-5233.91731022 27.5017936742 1.08880316842 2000.0
-2864.8219318 12.0067896175 0.786021993144 5200.0
2991.79274293 -19.5517104286 0.777299234834 5200.0
4997.58389943 21.6551220416 0.898462380311 4800.0
-2482.66668292 -23.4168058555 0.797270271597 5000.0
-6001.35304806 18.5755777808 1.03283869538 4600.0
-4534.26207221 -14.9258809425 0.968415330494 5000.0
-4621.28765712 -25.50123788 2.11743357703 2000.0
1154.12666888 -17.4222187724 0.785387406312 4800.0
3423.62830308 9.20386658227 0.943584785074 5000.0
-6228.41075529 19.1421827968 1.0102586078 2000.0
1796.92948651 -14.5182299915 0.734986485125 5000.0
3033.2093442 13.5289907729 0.83596025048 4800.0
2389.33322943 -8.74561240088 0.944567395735 2400.0
2029.74598248 12.7861964202 0.832416810499 4800.0
6666.56649799 18.6108196369 0.914955140768 4800.0
-4752.82667606 11.462630124 1.04481966336 4200.0
-3232.34874618 25.0019262368 1.01418258981 3000.0
3933.0031948 6.31424306544 0.96055386865 4800.0
2190.81004615 -14.8243848065 1.00754712769 4800.0
6628.32477543 9.36806862352 0.985597960714 5200.0
2086.20246183 -10.903060997 0.846456475606 5000.0
-7041.60603475 -10.9540374484 1.02426210221 2000.0
-5423.2800179 -19.316387969 1.02576488883 2000.0
2925.49482737 -17.255783849 0.800303930329 7000.0
6340.96264245 -40.704981742 0.965190197729 7800.0
-3090.97370216 -18.2959699977 0.876203942553 4600.0
-4004.13169428 7.41989906368 0.968530695236 4400.0
4542.72224308 -16.7030709171 0.970093741522 4400.0
-5744.22999495 -20.8357811331 1.10438592005 2600.0
-5501.9991874 38.8741068448 1.08926226989 2200.0
3532.68107428 -10.1817475229 0.868913433588 5000.0
2688.91535996 -11.8269590446 0.947034523489 4800.0
4832.89975802 -12.2284178444 0.943424632216 4800.0
3064.35439368 5.38567180847 0.802806446883 5200.0
1189.26826287 -21.5875757504 1.01090385487 2200.0
-4268.24172578 14.4290887166 1.18080841015 2600.0
3848.14151248 19.7010522423 0.959149220722 4800.0
-2623.97350841 13.7755102094 0.817143802382 4600.0
3468.22008222 -20.0529604929 0.981266710007 5200.0
-2390.57168331 -11.1404005408 0.86621936498 5000.0
-2132.12271743 -11.6068679316 0.748352462539 5000.0
-2946.63444159 12.4660025117 0.828257786744 5000.0
5092.02969447 2.70112922565 0.971053700439 4800.0
-1625.02654935 22.8766199924 0.744848879398 4800.0
1457.87201483 16.4499033561 0.97075859042 3000.0
-4617.42262999 18.1009701329 1.07259632123 3400.0
6681.24346997 -13.0446758552 0.911107135203 3800.0
7220.00696396 -17.489751041 0.946098387565 3400.0
-2127.2966688 -12.0515918356 0.788850861911 4800.0
-3918.37808933 -14.1375932692 0.983875118132 4600.0
4980.27161065 -19.6935525403 0.936784814915 3200.0
6051.62566357 -16.0849524006 0.906179170912 4600.0
2813.41128049 9.26200163286 0.831114814908 5000.0
7810.58165104 -16.3266082291 0.916435310664 5400.0
3973.59874425 -20.7598744499 0.923894171354 3600.0
3308.04179198 9.81265066717 0.860589571443 5200.0
-1371.4175652 -25.2913773879 0.813401700222 5000.0
7536.01912826 15.8929191068 0.919342730269 7400.0
2327.52251509 -17.5226950069 0.967008335021 5000.0
-4881.68673181 15.1612757723 1.08449612034 2000.0
-5806.75544251 -23.6469104552 1.49355584365 2000.0
-3765.10688008 -13.8287115696 1.118434409 2400.0
-4635.12192295 -18.9502769788 1.01705709217 4600.0
-2378.7703749 -27.9385015516 0.84935507074 4600.0
4869.21773524 11.5046383648 0.961792021553 4800.0
907.055800951 14.836553674 0.794208541946 4800.0
4830.55505804 -15.1468631129 0.916569093892 5400.0
-5051.21412585 -24.9889427148 1.03097417517 5400.0
-2193.28958186 25.9227377636 1.18576174208 2600.0
-2922.17590671 -25.7107921924 1.09741551515 4200.0
-715.448694553 16.9065006728 0.980015650767 4800.0
-4270.64646109 -11.0117214674 0.965203453347 4600.0
4463.62024231 -16.9413292765 0.89438261002 4800.0
-2024.11022639 -13.9512847606 0.858402484787 4600.0
5440.93091949 12.3931732618 0.937135284562 5400.0
-4169.92019026 16.11802527 1.01297467091 5000.0
-5983.09661807 22.7618347566 0.997852906461 4600.0
7425.77281498 -15.9585381448 0.923367723384 7200.0
4703.98691676 -15.566117045 0.907603355495 5000.0
1223.47201088 12.4346877352 0.783367296029 5200.0
-7229.51784772 -3.63350549333 1.49527133969 2400.0
-5954.62175652 -18.8816914578 1.08377454674 2200.0
7194.97002168 -5.54694290611 0.991064039823 4600.0
-8141.81259153 13.3054038875 1.00554539172 7400.0
-2974.13032409 14.0093918725 0.768568882202 4800.0
-2786.44149565 14.7576946382 1.0400926173 4600.0
-6630.59533963 -11.5491022282 1.02410035515 2000.0
3539.52582306 15.5368887564 0.848026006779 5000.0
2183.1852329 -12.8722960254 0.765484823548 5000.0
-5742.93737979 22.8954802871 1.00914384609 3200.0
1076.55329649 -15.7291816111 0.946647914023 4800.0
-5966.08900616 -7.45068887237 1.17622637478 3800.0
1881.66306059 -11.6312394028 0.759443238647 4800.0
1669.46632137 24.2206439248 0.761977410363 5000.0
-2325.60858032 -6.46558321628 0.834947005388 5000.0
-3276.66761542 -10.7520387581 0.940459857721 4600.0
-5566.01177068 -26.258866258 1.0144323244 2000.0
445.504225798 -9.16788523673 0.780087653801 5200.0
-3046.49943613 -25.7820701039 0.858704884752 5200.0
-3225.54100942 23.6723464289 1.04578244442 4400.0
-1687.18108429 13.6962932851 0.871540946763 5000.0
3158.5198416 5.69498175352 0.854054453073 5000.0
6402.07516924 -17.9354480617 0.929403638293 3400.0
-5740.32600695 -28.9210103467 1.00726515541 2000.0
-2649.7048386 15.8645502889 0.804552917361 4800.0
6204.2627125 11.4651450266 0.988055316729 2600.0
-5150.36941959 40.9862913707 1.00108695475 2000.0
-2489.86321772 9.58624599095 0.809681173573 4600.0
5258.38056509 9.77855710772 0.982044338835 5000.0
-534.807909546 -16.4412640844 0.708409394284 4800.0
2047.45439461 -24.6759072233 0.905928356188 4800.0
-2290.57227232 -14.0736031198 0.952612567638 4600.0
5419.38727263 -18.4457133351 0.905769785552 4800.0
4090.81934871 -24.7636437267 0.855509916415 5200.0
3822.58893435 31.8375147891 1.10641708195 2600.0
-2054.25530466 -23.2441999265 0.742951934195 4800.0
-6675.29009607 -11.8218723032 1.11305327035 5800.0
-4028.70033961 -15.4367287484 0.837191047395 5200.0
2160.68896238 -9.00840576675 0.860661139931 4800.0
3042.37959447 -11.8365837812 0.817677800788 7000.0
2515.35522667 -7.88872879552 0.868654529149 5000.0
4332.14302895 -15.7428712863 0.920667036605 5000.0
-359.592595291 -9.82536709337 0.776751373518 4800.0
-4334.79604103 -29.9854157065 1.03290232647 2800.0
-4396.99941375 -12.3735983485 1.35101957996 3200.0
-3478.47926763 21.0203538426 1.09274658443 4800.0
-2195.16598385 -25.3839960049 0.777800194755 4800.0
4771.22110135 -12.3573607093 0.954740874257 4400.0
-4150.50219088 -12.7810386779 0.901655450384 7000.0
2423.16083829 16.5248142817 0.74533909393 5200.0
1414.82275565 -20.9413737368 0.765882730348 5000.0
3337.85013415 -16.7590791644 1.04653697439 2000.0
-4392.538397 22.2331905628 0.993196253809 4600.0
1149.19978482 7.9163645452 0.702428037557 5000.0
-3743.10043719 -18.3419890294 1.2569952389 2800.0
2714.11769334 10.0396369109 0.760473449287 5000.0
-4990.35679661 -15.1760267464 1.03385050331 2000.0
5192.36259949 23.7658162574 0.902430937834 5400.0
5720.9176685 21.0048931313 0.995748770591 2000.0
3581.28265196 -6.7239146503 0.943308381916 4800.0
-1720.39079658 -18.295454366 0.736542330482 4800.0
983.385419811 -18.4794652727 1.0284588552 4800.0
3172.51492351 -11.7128706598 0.830329289 7000.0
3555.54613884 -26.2845430056 0.903478241093 5000.0
2579.7660544 11.7581915307 0.707342431622 5000.0
3900.87140644 12.3958478637 0.929326968646 2600.0
590.360496676 19.7911254029 0.871645912505 4800.0
-5663.54277639 7.53279668063 0.97940521679 2200.0
2439.83804954 22.8095735516 0.781628756085 7600.0
3874.51581071 -21.2231988545 0.826285645154 4800.0
-4415.62595894 -18.0543584178 1.51452380186 3000.0
-5834.91089228 29.1099656076 1.30567720565 2400.0
-4457.02217819 16.1864521824 0.988971060398 4600.0
-3995.40450784 6.00429369998 1.07605429528 3600.0
2375.55346248 27.9552470082 0.792853129606 5200.0
-1995.26109977 -14.6729491106 0.867036826758 4800.0
7608.69868356 -30.1515321718 0.940934505745 7400.0
-4504.27022288 11.9760621519 1.0592926056 2800.0
4315.84423877 -7.517660053 0.848090462992 5200.0
-6212.10359629 -7.50731754816 0.955119344034 4600.0
3106.02272826 18.9308124138 0.863761667057 4800.0
4775.91121763 -9.027942361 0.93659976193 7200.0
6449.51701742 -15.2242162505 0.958597007724 5400.0
-1731.03631396 9.09091012017 0.789794206542 5000.0
7023.7292545 -13.2973990335 1.00038828213 2200.0
-1857.2660302 21.6300460215 0.874396765669 4800.0
-3545.34687452 12.3420297127 1.04119547151 4800.0
-2135.056256 14.370807184 0.780065604944 5200.0
256.340814978 -15.0270877026 0.860838508577 4800.0
4702.46460607 -33.4023523811 0.97581136494 2600.0
3225.51158313 14.3634947952 0.868139851645 5200.0
6998.48007996 -17.0224706315 0.97465673153 4800.0
2625.48381672 13.4692888858 0.819107417765 5000.0
-441.249599963 7.78690476145 0.785749323203 5000.0
-1235.51700286 -30.3615415614 0.74135845957 5000.0
-2776.01590709 21.8783434285 1.2696558248 4600.0
2603.01381314 18.1134316525 0.944686882225 4800.0
-3018.05334472 -12.280197269 0.998406628301 3000.0
-3176.57420425 -15.4614435859 1.31840741803 2600.0
-4391.70191218 -18.0180665703 0.934404942221 7200.0
-4854.61649642 11.0894085711 0.997769799645 4600.0
-1226.87551503 17.492407572 0.931475486239 5000.0
-2967.9955706 20.9757858004 0.988822937103 4600.0
-2610.33110934 8.7870344737 0.890629275619 5000.0
5762.77907768 -15.4865222257 0.990248079812 4600.0
5889.79469477 4.44356232959 0.904792900662 4800.0
-1210.08090059 17.3185714075 0.76263943134 4800.0
-4912.12925143 21.2864247211 0.995614824341 2800.0
1955.84020901 -11.0936342501 0.802213300783 5000.0
2096.33701186 7.50397273338 0.824088941187 4800.0
4060.14316074 -20.0726525799 0.949127378739 4600.0
6397.24732248 12.3227247665 0.968159742355 5000.0
2390.06039347 2.50485311145 0.800370551633 5200.0
-8001.63631904 -14.6930173722 1.49536283318 7800.0
2399.29464523 -20.4117175272 0.74883669424 5000.0
-4479.91798195 13.8465080348 1.07714308467 2000.0
-7618.99096635 16.9814996548 0.976752096 4400.0
2735.49642141 -21.1250717247 0.848954583818 5200.0
3329.72557494 14.6858675192 0.775678641749 5200.0
-4540.25455678 -10.6396423736 1.02858770416 4800.0
1762.4569176 33.9901532753 0.755589692173 5000.0
-3621.44642124 -26.8593782122 1.00363454417 4600.0
-2524.76970073 -8.4829630026 0.819878853304 4800.0
-3007.41364977 -7.28534358224 0.992664053003 4600.0
973.353696361 -6.49818727066 0.711487559194 4800.0
2124.26478359 12.2039037102 0.70924107758 5000.0
2910.95625311 -11.7772832485 0.875176452719 5200.0
-3779.05370529 -5.31905299557 1.0760388203 3200.0
3284.96989517 -18.8657103899 0.869878919561 4800.0
-4325.23602795 -8.17505477352 1.17385505915 2600.0
-1686.48315507 27.0035397085 0.84098335921 4800.0
-3639.88798795 7.28240692219 0.974678051636 4600.0
6110.98950612 -21.5052934627 0.937033903341 3600.0
3109.41576185 -13.7146929182 0.92323140833 3800.0
3652.41843331 20.2688545302 0.873838172994 5200.0
-2956.24512927 -20.4923909882 0.981257000991 4600.0
3393.2691895 9.79653418847 0.860190393799 5200.0
7941.8708165 -23.6660308039 0.97940111594 5000.0
1705.58326049 14.4194842922 0.978064245048 5000.0
-1377.06497575 17.2105883524 0.811380242715 5000.0
6334.39017353 11.3126931692 0.96283414695 4800.0
-207.008807183 -9.55902945885 0.799016228654 4800.0
-2158.89688964 -20.3866671602 0.759896303207 4800.0
-3196.11928608 -18.0476639153 1.06840214783 4600.0
-4257.53825609 13.2354479315 1.08798017722 2800.0
8028.60942206 18.465007206 0.910568880884 7000.0
-5434.71131543 -13.9666098578 1.20338074259 2600.0
3245.70390913 17.0216090478 0.811597022043 5000.0
2041.18019709 -10.9413525555 0.757566352931 5000.0
-7236.85203309 -8.66429446866 1.11582728164 2600.0
-3767.99384158 20.5232191782 0.9281997337 4800.0
-1613.02724293 -16.6360304574 0.756226040911 4800.0
-3499.12530335 -17.6556733634 0.920066214663 4800.0
-3894.27059222 22.1809621306 0.987194652737 4600.0
4936.16939694 4.24874071224 0.892556959106 4800.0
-3525.1362015 -17.2281315596 1.20331825941 2600.0
4249.40579185 -14.667810558 0.917142711455 3400.0
-1644.05498723 -14.0907342219 0.86347159955 4600.0
-3520.54614796 11.5159929418 0.852341114476 4800.0
-2954.44893253 -22.8105877735 0.79856530011 4600.0
-3430.50786923 9.98224310183 0.902798479697 5000.0
-5866.10981932 -16.9800129094 0.96810609988 2000.0
6212.74021994 -17.5046387168 0.972399028999 2800.0
3011.20693604 -9.21787380728 0.822080540273 5200.0
-7140.49717535 14.9097901235 1.04370731194 2000.0
-1084.7443412 19.3650677688 0.830471000138 4800.0
3844.46914425 3.7054385841 0.883588474682 5400.0
4262.30218668 18.9041087749 1.00006968657 2600.0
7669.72814954 15.0938515951 0.988842425398 2000.0
-2801.35584445 16.1776692804 1.12777936341 4600.0
-6896.21123409 -14.4500266602 0.967076973706 2600.0
2148.90079931 -24.2817031457 1.05008743062 2200.0
5647.46572306 -15.428924647 0.904791535924 5000.0
-1851.65671577 -20.9330002032 0.750009358508 5000.0
4233.22654655 20.2079951031 0.911552332173 5200.0
1614.04401447 -10.9147614211 0.929452943066 5200.0
1689.28433489 31.5745456309 0.940752120696 3000.0
-4139.68315277 15.8530159284 1.16791451292 2200.0
4357.71607302 -17.4478106358 0.98597797671 4800.0
5003.30545637 -7.94859484753 0.927313298137 4000.0
-7047.72704342 -13.5596282125 0.969241912592 2600.0
-3781.1556149 35.5198046583 0.929680596637 7200.0
1210.05989623 13.3555576764 0.855117317245 4800.0
2712.6012445 11.5978217859 0.767390963826 5000.0
5807.56691928 9.03835801978 0.966717847108 5000.0
-4691.41543424 -22.7837678933 1.1657847057 2800.0
3317.19610492 -15.5146424748 0.896688126117 4800.0
-10709.4581645 -14.3586649529 0.983098667267 6800.0
-2068.77462613 -23.4139721579 1.18829813863 3400.0
-3656.89605448 21.2761763106 1.03720735152 3400.0
4409.31420001 -29.194563803 0.876205527713 4800.0
1394.63815975 6.31564139697 0.756007383404 5200.0
-1612.25583817 -17.9182751121 0.954401428183 4600.0
-7472.43089531 -12.4734804377 1.03618100916 2000.0
-7259.99547595 13.3489587242 1.04621618821 4400.0
4494.21424772 -21.179012327 0.921469563637 5000.0
3933.50846903 17.8767708892 0.850437855449 5200.0
2175.6268894 -22.5433837824 0.734355179857 5000.0
7250.69850061 9.16760533483 0.984541023389 5000.0
2048.77182442 -13.822816797 0.675663139609 5000.0
-8243.27214152 -3.26837115172 0.979979790837 2600.0
-2224.18177679 -26.2581168949 0.778674259942 4800.0
299.540664221 20.7384977573 0.905334446602 4800.0
-2706.88294841 -15.7288228287 0.819469030719 4600.0
7456.79863896 19.1546165418 0.914353611947 4600.0
-4840.45203458 -15.2195244779 1.13657184017 3800.0
-2171.82087726 10.5094941097 0.799355937003 5000.0
-4289.28432956 10.4066448855 0.985772192973 4600.0
7514.4433436 -5.43557533612 0.924803007766 4000.0
-3896.94402336 -11.021837444 1.07179324331 3400.0
-6970.94697161 18.5031333775 0.983449266687 4600.0
3376.19667966 4.69748440647 0.897086144177 5200.0
-2212.12330557 -25.0105123131 1.01587505808 2400.0
-1211.97971872 4.50061886524 0.733203379993 4800.0
-2072.75300017 18.2617896078 0.877490550242 5000.0
-2520.21102225 6.13995351549 0.813683894162 4800.0
-640.806138482 8.24806712144 0.768329710141 4800.0
-2009.77162879 -13.8092100515 0.873268461064 4800.0
10565.3739876 15.643813067 0.999166869535 6200.0
-5083.15474773 20.5413502539 1.19106567352 2400.0
-2544.31442288 19.7809041903 0.850751500975 5200.0
7392.07800068 12.1240576365 0.976496604867 2000.0
2460.99573855 5.70900203218 0.889204312955 5200.0
-4532.7312591 21.0463962738 1.11939655627 2200.0
1795.30117717 -9.2372339673 0.839898939063 4800.0
3424.86198099 14.931777568 0.941666809185 7200.0
4701.74674295 -13.7346657267 0.98990633532 4200.0
1377.39926575 18.231153196 0.764143495074 5200.0
-7293.47258501 -10.805299321 1.12924561142 3200.0
6883.98484157 -10.146701767 0.986366599444 2200.0
-2974.62992132 -12.8861241288 0.869768613155 4600.0
5905.13301335 -13.8237221444 0.909719573843 4200.0
3237.4984498 -9.11736976547 0.828005302562 5200.0
3333.77657941 20.8026790258 0.965597292476 4800.0
-4276.60366579 -16.3352464424 1.16671115995 2400.0
2657.62459931 -12.4113461893 0.940556553979 4800.0
3289.50804534 -5.67527619005 0.840949272357 5200.0
-7105.27784176 8.6470316847 1.01518296729 2600.0
6926.79320417 -12.7329336804 0.973590442103 4800.0
1099.17535026 -29.6203169174 0.737745455615 5000.0
4666.05511267 18.5227961539 0.899773892498 5200.0
-4987.0261954 23.2934154193 1.07357232465 2000.0
-7055.99546307 12.512468737 1.03675292744 2000.0
-7084.37967468 -39.5994856312 0.975474578883 4000.0
-2442.76647915 22.699349432 1.01818170132 2600.0
-1522.1554489 -8.95142267692 0.823563023861 4800.0
-4784.43957733 12.5436748773 1.24595847247 2200.0
1733.00401237 -8.63304697848 0.760960166071 5000.0
-2065.49957476 -13.1080432055 0.895300460944 5000.0
-2478.86292032 7.29935628103 0.826711418642 5000.0
6812.91202177 -17.1531657269 0.965256308863 5200.0
-10526.1798811 31.3534399315 1.00920562301 2400.0
-3303.21728954 -9.67882372102 0.827551107753 4800.0
-4276.19742971 10.8424811802 0.99694131298 4800.0
2802.02403557 3.80198932477 0.845793987141 5200.0
-1701.31195875 -8.07257816108 0.806261435268 5000.0
-4252.89902939 -10.9126608117 1.12477728594 4000.0
-5270.05989025 22.8803227104 0.9866155973 4600.0
4329.67815619 -16.9738710491 0.995911731326 2000.0
1561.07029698 15.2790287137 0.749373746248 5000.0
2855.60207005 -3.97872960641 0.889798386429 5200.0
-2899.44485208 12.3591252234 0.869094351856 4600.0
4753.00275582 11.7450874477 0.9225477428 5000.0
3140.78383647 13.2430958785 0.928534199979 5000.0
4932.49575392 -11.0786745373 0.884962218306 5200.0
4880.44300053 22.1763468222 0.987205430608 4800.0
