2752.35051605 5.44927899105 0.842171583389 4400.0
-296.235203236 -7.42657722349 1.1206735281 4800.0
1500.7159581 -1.12655548217 0.868771417589 4800.0
-3953.16886089 8.95052860303 1.01048033268 4800.0
1407.75290725 23.2827598804 1.13467615248 4800.0
2155.94823517 -4.01478886879 0.934181039826 4800.0
5834.18901799 3.38322134512 1.39800025028 4800.0
-5.93911783327 8.84968320823 0.800420667324 4800.0
963.144814715 28.5081566041 1.04157744585 4600.0
3063.98467442 13.0433860429 0.886159785098 4800.0
5470.959317 -4.56406501772 1.12937112467 4800.0
-2703.63256746 0.995490025475 1.00546750559 4800.0
372.218398091 3.60204363138 0.813498546682 4800.0
-1098.1833013 -12.7112919257 1.25752655751 4800.0
-3173.99249588 3.8436383936 0.906125327082 4800.0
-8305.09616819 10.025396635 1.43642167637 4800.0
-3280.07033631 14.1791306399 0.792981090576 4800.0
-45.6379900449 -14.1001176839 1.3237476401 4800.0
-127.779107314 -8.51810368981 1.07004439746 4800.0
1741.65806991 5.9493218864 0.793512427529 4800.0
3886.13320547 -2.71109938888 0.900241170296 4800.0
-3594.15691856 -5.36438783773 1.26767764522 4800.0
-4262.60245658 -7.77009487682 1.40968720752 4800.0
-1282.11714856 11.514757763 0.844554267581 4600.0
-4361.87663242 -6.02174918778 1.56671348932 4800.0
1740.25331389 2.24542304604 0.825509580682 4800.0
9465.00686635 1.89406824658 2.4303560907 4800.0
3122.12021263 -20.1622909751 1.32737215389 4800.0
-2219.59743195 -31.0385427945 1.71858185726 4800.0
8872.98407137 -28.4423405404 2.18976519807 4800.0
-9664.87436552 10.7483586283 1.40793201615 4800.0
-6504.59053325 -10.7939102472 1.82675012146 4800.0
-407.407806159 3.44692908013 0.84508718987 4800.0
8296.91081084 -7.96742359525 2.0839610282 4800.0
-2213.42255302 8.63957214872 0.842514918961 4800.0
686.879273116 19.3314796567 0.982610580853 4800.0
13301.3297642 -7.81964645188 1.23649991537 4800.0
4618.93499232 32.7124620387 1.71639600761 4800.0
-2790.90582511 0.850697545938 1.05099126078 4800.0
4487.82531126 -6.52440631034 0.999706881226 4600.0
-1393.39660289 1.58779243615 0.866589854671 4800.0
-2978.77337579 -20.8289412036 1.4208233496 4800.0
-2627.7039846 1.22483393862 1.1315649088 4800.0
1273.56745334 9.6577892998 0.89511575141 4800.0
9692.95314386 -5.16527239211 1.22683783014 4800.0
3173.2092447 -22.6686854153 1.36381365694 4800.0
-1124.84308061 3.48712060516 0.837994373036 4800.0
-2280.62290393 4.33602565835 0.821343690079 4800.0
503.07142519 10.057356086 0.803004825414 4800.0
-3503.65353622 -22.7384687887 1.92448816274 4800.0
-938.473074817 -7.84901494268 1.08204129592 4800.0
-1513.56150733 3.998002141 0.891835631826 4800.0
880.160037822 0.927643345096 0.912358493388 4800.0
7667.32662147 21.8308171871 1.48930715829 4600.0
3841.61634166 1.80345555395 0.970700475247 4800.0
-2752.67945037 -14.2574688907 1.43264756776 4800.0
13029.1295415 8.59027126329 1.12911553353 4800.0
4729.56152149 11.0044421478 0.967269365449 4800.0
4702.61764563 -4.14448890031 1.02002699544 4600.0
-6541.53781944 -3.54631768574 1.88189385985 4800.0
-7862.5738533 -12.2247720907 2.53327382025 4800.0
2318.37487297 15.9042787025 0.872491737663 4800.0
-6067.44368015 0.0161192984985 2.48868447739 4800.0
834.077612482 -11.7209509375 1.27308036375 4800.0
3928.92703258 -4.50742407253 1.31479553255 4800.0
-7308.10742983 -3.54423145615 1.26674834154 4800.0
-1091.04874873 -2.58066038852 1.03963501694 4800.0
-2307.79915317 7.58065295305 0.80234971415 4800.0
-1851.95220091 -9.93563254529 1.25408110766 4800.0
3865.19836036 10.515408426 1.11246895118 4800.0
-1292.0173686 6.23273209749 0.858433154924 4400.0
-1249.10361562 1.35147537504 0.871359515992 4800.0
-2442.13997037 16.4959985111 0.858206750628 4800.0
-8456.32477386 -6.002940256 1.83810257733 4800.0
1756.99737308 9.91297058468 0.822321623421 4800.0
-8492.97639222 -12.0049783652 1.52230941003 4600.0
1890.08236466 3.32462422696 0.802999647317 4800.0
-2796.01942137 11.1958200501 0.785354191839 4800.0
8234.80968145 7.98910772 1.26509467799 4800.0
-336.787727785 -16.9456499957 1.29949280262 4800.0
1833.45240023 2.19419954789 0.895977900481 4800.0
-1435.86185242 -2.69720030599 0.95216024059 4800.0
5256.11595667 -29.8006667308 1.33189547415 4800.0
4311.84979563 -10.9247433972 1.49695812398 4800.0
-1930.87849918 16.2078174878 0.791202931353 4800.0
3621.0322145 -20.1084216332 1.56065604144 4800.0
-4224.71666599 6.41523914093 1.33182670045 4800.0
-488.218189692 18.0491471716 0.769916947262 4800.0
-4729.10174272 -14.5263935671 1.58184843287 4800.0
5753.83883112 -4.80182744984 1.10466015659 4800.0
11252.4402266 -16.1645590617 1.41074268464 4800.0
-2293.41109086 -9.80978280501 1.39500193553 4800.0
-2734.74071632 9.36514676495 0.897477193341 4800.0
-3504.39834704 21.1675242403 0.805935294562 4800.0
3134.59219086 -12.1377972878 1.12931829249 4800.0
4007.01518241 -30.6106613866 1.64948303815 4800.0
-4066.75970069 -1.87922840398 0.989730634039 4800.0
5112.61242934 2.43377311535 1.64640125497 4800.0
-10063.1311288 -5.15671606093 1.53177921854 4800.0
-1028.54045877 -15.2778064918 1.47443015156 4800.0
5494.28759003 -19.1224037226 1.38324403885 4600.0
-4860.09777842 -15.8074243085 1.3332061383 4800.0
-2052.0774295 9.46062557727 0.816424789684 4800.0
5114.3347116 -12.3874817843 1.35411240337 4600.0
7239.93724707 6.12118247387 1.22645484614 4800.0
5462.17732373 -4.48695878502 1.08225766719 4800.0
-4631.23166669 -12.3389164854 1.61922496761 4800.0
-486.461801924 -9.35850068755 1.1703567744 4800.0
-986.630780269 -6.47259341863 1.0959745914 4800.0
5670.53002387 13.3170882077 1.17817213082 4800.0
2267.83576081 -6.08996351306 0.969279175505 4800.0
1534.14231623 -13.2008422676 1.29228320062 4800.0
7866.24497835 14.4161085087 1.24094172959 4800.0
9628.2424793 -18.139070654 1.84352095913 4800.0
966.958092144 5.48488423543 0.804630627287 4800.0
12076.1183391 6.71687970494 3.00315327252 4600.0
3237.04062504 10.9716725755 0.974623549175 4800.0
-1450.87028595 8.45291036252 0.791647253199 4600.0
2866.24910248 4.32326731732 0.817285093216 4800.0
-2369.13667435 2.97264233396 0.945661823432 4800.0
2581.89156218 12.9001877671 0.821408360669 4600.0
5711.83197279 -20.8770219355 1.42650329163 4800.0
-3917.75282525 4.51805398097 1.1042560165 4800.0
500.895054158 9.91262712512 0.794233332581 4800.0
5882.46258809 14.8012702222 1.06306477035 4800.0
-1910.86953772 7.30927664684 0.854381712585 4800.0
-405.346199565 -5.74323194547 1.05707787689 4800.0
5827.3361231 5.69671480249 2.05818776592 4800.0
1216.42449723 8.84610118817 0.787907579085 4800.0
-3755.62235994 26.4481244823 1.05726448063 4800.0
6320.50305424 1.66997792118 1.1310680997 4800.0
3649.18109259 -14.0915576359 1.12737126461 4800.0
6639.17915626 -15.8279532834 1.37583513351 4800.0
-5477.31966367 -13.8488221089 2.10119354483 4800.0
1288.45191567 -1.23963526254 0.870828666642 4800.0
-333.734340936 5.62650933039 0.791976216259 4800.0
4299.10588733 7.03323982581 1.18637400816 3800.0
4237.64805192 -26.417284267 1.43737083787 4800.0
2316.96348308 0.631840801026 0.933147011306 4800.0
-3566.56325844 -2.21731307755 0.987319581249 4800.0
5910.77406861 0.631317207234 1.22184541565 4800.0
317.002718914 12.3253257191 0.849814988362 4600.0
-5771.87263064 17.1411363605 1.29261914389 4800.0
1248.42901436 -10.4320331226 1.12097836267 4800.0
-3219.00327969 -9.57929618816 1.54611252446 4600.0
2673.30002627 6.15267160895 0.98958552655 4800.0
10418.166169 7.35953806112 1.60447361187 4800.0
-2209.32222993 9.54344244366 0.861981882572 4800.0
1173.70103434 -11.1506756178 1.1039401041 4800.0
-4887.28840403 -0.13645555332 1.86497719928 4400.0
-255.015418606 -19.3996200549 1.28873816302 4800.0
3497.06051973 18.6698738495 0.959167572672 4800.0
-5041.46682884 17.8035359231 1.23388519734 4800.0
-6920.21195841 9.03169997675 1.51262816979 4800.0
-4083.89656252 -8.44561992191 1.34526566774 4800.0
1299.09790719 -13.4493194265 1.15448816127 4800.0
4415.58975766 4.79283817011 0.848612805558 4600.0
4785.50370769 -8.00335482174 1.08902415129 4200.0
-5195.51440907 -15.9961346387 2.00075574606 4800.0
-3393.90503649 -22.4767825451 1.75428691177 4800.0
-3639.05179728 14.5235139561 0.999737260149 4800.0
2043.04183042 6.01330037733 0.797223067565 4800.0
4201.48448013 9.43723672894 0.974971252369 4000.0
2109.23605628 -10.2931434691 1.10251986734 4800.0
1837.12573786 -8.75432203473 1.1379230704 4800.0
-5635.02249136 26.2248413163 1.38507219746 4800.0
709.53583837 11.2242365361 0.797641070352 4800.0
-4623.87946584 35.0865570776 1.32367445874 4800.0
-6776.3563348 -6.6680544272 1.45213358329 4800.0
3615.21812384 16.5074427107 1.56267704754 4800.0
9256.79074823 -1.09702051868 1.28621572286 4800.0
361.657626167 -1.1937613463 0.883566077947 4800.0
4202.6115779 29.5126108054 1.57283483941 4800.0
4385.6640524 -18.1017397365 1.30760432153 4800.0
-887.664151367 3.29547991501 0.902821994814 4800.0
2640.84853387 28.4399781373 1.21258146925 4400.0
-992.583550706 11.4565665173 0.799798840586 4800.0
3721.16946832 12.6599847895 0.94583787854 4800.0
-6141.41181888 21.3407856057 1.30147436727 4800.0
4801.70027335 7.86008782154 0.987620988121 4800.0
-8304.64582734 10.5436431003 2.92904861148 4800.0
2290.34891584 -10.7798674095 1.08650253333 4800.0
-1440.56259281 2.22149330842 0.865931443603 4800.0
1362.78922625 12.6067722563 0.951330581683 4800.0
-473.598961833 -11.2392336305 1.23351874785 4800.0
5240.19856377 7.99539366086 1.01706705939 4800.0
-839.99987002 -0.190045766571 0.9040581617 4800.0
-7906.62219838 15.1081435674 1.16346483428 4800.0
-9910.14394053 -8.78415317672 3.22950635563 4800.0
7630.1662939 20.5358208461 2.01249305771 4800.0
7435.98806478 -17.2595431956 1.41989375504 4800.0
2951.99412638 -4.58551790083 1.25258917135 4800.0
-799.02794875 -0.372591475076 0.904552500428 4800.0
-3727.29209977 15.315181748 1.21085273114 4800.0
10460.6683276 2.2742458476 2.02733922267 4800.0
-444.036782537 -19.179250154 1.47712519943 4800.0
468.223589231 9.54153412409 0.827374662211 4800.0
2654.13359813 3.48094744651 0.810041061242 4800.0
-4214.99820336 -12.6267060471 1.55856058754 4800.0
-2318.25522597 -6.04574254214 1.10211818547 4800.0
6610.59417243 13.0204746575 1.15568642798 4800.0
3457.89112904 -0.70060924307 0.902850756541 4800.0
3473.61381502 7.38591496114 0.981504879879 4800.0
5806.18290363 4.70702176534 1.11498773807 4800.0
-4558.98206787 22.3858370925 0.958531287912 4800.0
6298.98975804 13.0409093189 1.45979846531 4800.0
3847.98852179 10.3020554517 1.01852840383 4800.0
3324.67029238 -16.457049535 1.21178502166 4800.0
4376.43038899 -1.17989631942 0.895121120904 4600.0
-1733.84413925 -3.08695589983 0.971772757761 4800.0
-7188.23587993 21.0405189282 1.97795386596 4800.0
-1371.75016897 -18.2556906454 1.24137574236 4800.0
680.185136248 16.4454948234 0.77505250544 4800.0
-13576.1234821 2.66635927681 1.11640960383 4800.0
6828.80817817 -10.9075147577 1.25456991654 4800.0
-1148.73647202 8.18591661782 0.82865044401 4800.0
-143.901297564 3.15602031693 0.822405304709 4800.0
-670.103219355 -12.1420616017 1.13064167202 4800.0
9271.6914336 -8.70263105793 1.37275128688 4800.0
7241.65743068 -23.1384283915 1.33319983081 4800.0
