-8946.63003254 -10.942938395 0.861596697588 3200.0
2631.45205247 39.8231745937 0.939298402097 1800.0
-532.432052057 -3.45671720775 0.602007459783 1400.0
-662.642783625 29.7881946623 0.772232228545 1800.0
1062.28018024 -8.79194533125 0.62194116973 1400.0
-2469.14829002 2.9589195931 0.597894900272 1400.0
-2981.37434928 -23.3438475162 0.677367686702 1200.0
622.921961488 25.0948063948 0.769634274754 1800.0
2883.75621408 40.1112456847 0.821798930139 1800.0
-1079.00132018 1.10921807892 0.59618973321 1400.0
-9199.71975315 18.8816840725 0.988640200576 4800.0
-4795.63583817 -1.45732010716 0.625442829069 1400.0
-5158.01889997 6.00190256521 0.643516596566 1200.0
-1382.13836459 -0.893227743615 0.593387883298 1400.0
-626.13766259 3.31246496377 0.62073826439 1400.0
13016.6301127 -14.6088405028 0.997036997288 4800.0
-4484.5982185 4.38917342947 0.658876545354 1400.0
-1652.02166828 15.2482291852 0.715252226764 1400.0
5171.53125124 -20.3372246697 0.854336987077 2000.0
-3660.63444352 -8.82520832367 0.625134590604 1600.0
-494.620170888 14.9310845192 0.686210237311 1600.0
7309.44001597 9.57862672674 0.866423765866 2000.0
1464.23564428 8.97958413045 0.689902403199 1600.0
-4916.25530454 -33.6764199991 0.876711817298 3400.0
-10418.2986116 4.02476957722 0.955460689343 1400.0
4175.91490992 -12.5812016225 0.730716770696 1800.0
1182.51056751 -34.1081304165 0.714632798335 1400.0
2775.67814918 3.38904418641 0.675985316673 1600.0
-7254.11881004 12.7747056783 0.901141948379 600.0
-2454.35441819 3.38043407549 0.590676209536 1600.0
-293.992642363 25.8175555261 0.835359799511 1600.0
3441.51873058 -1.59532821859 0.72147263387 2000.0
-1651.82819281 -16.6704499407 0.645314723677 1600.0
116.03157229 -34.8724746897 0.757562723953 1000.0
764.891356412 -18.8597530689 0.623887771245 1000.0
1546.90034521 14.1469820116 0.685566327456 1400.0
6582.22610874 22.2336467817 0.900741884083 1800.0
-7933.63983009 0.831946524409 0.851440256662 2200.0
-5125.41069173 -19.3637548052 0.718234978206 1400.0
7623.93023583 27.8463178717 0.946089226758 4200.0
-2046.07994836 25.8118982399 0.811238777416 1800.0
-2287.44615052 -0.570754868459 0.596408128462 1600.0
598.448882492 -5.79016730494 0.606748155788 1400.0
-1480.50019031 11.8701939641 0.635261990684 1600.0
-10336.0482745 33.10254215 0.908050148594 1400.0
644.030611841 -9.4466061768 0.613812928634 1400.0
3425.53474891 -11.6770579208 0.704250641319 2000.0
505.505651522 1.38116408685 0.617448464651 1400.0
3674.80335069 -13.3975550488 0.711766561882 2000.0
-150.712515771 -18.8468291402 0.660519474375 1600.0
-3163.67771471 21.5590648828 0.778882063158 1600.0
5181.60846815 11.4274627846 0.80435131044 2000.0
-8141.70630552 -3.4144426138 0.850142906611 1600.0
-3597.51195214 1.50662264889 0.61751946429 1600.0
-7940.69575062 -3.43447657414 0.844155894731 1800.0
-4264.26810816 21.2648893317 0.784424715247 1600.0
1666.67555212 -2.40930984154 0.621839798851 1400.0
9712.18126861 -15.4226518804 0.939977571244 4600.0
358.591484548 -36.893585389 0.841308940587 2000.0
-403.188697426 24.4084143403 0.697340193271 1400.0
230.544609684 22.9914158588 0.786383666645 1600.0
-7547.95498292 -3.38131540974 0.845591843468 2600.0
-4425.10905171 -0.744770539619 0.585281213504 1000.0
7428.99433708 -2.32027794243 0.916521435278 2200.0
1236.81306764 0.231092762079 0.629577953158 1400.0
6080.51091121 -4.46105581922 0.773096740026 2200.0
6347.10752439 -15.6956998924 0.729193818539 1600.0
3841.5107623 -4.62042523573 0.702319832459 1800.0
3278.26632096 20.9722284784 0.845648803053 2000.0
1246.22355214 4.29920071082 0.630192061862 1400.0
-1239.94135885 -11.9694690518 0.618662995976 1400.0
4071.07847184 10.162355753 0.724256008116 1800.0
-11068.0620871 5.84213457343 0.931483452134 4600.0
3085.12102737 3.90940087508 0.643750732035 1600.0
-1469.66531431 -1.62973270934 0.589324857751 1400.0
-1097.29537459 -17.1542584998 0.650191807842 1600.0
7136.59009048 6.78794784252 0.795039274774 2000.0
-5107.54482369 -3.97214913876 0.704945023787 1600.0
8910.72967747 -1.34756696982 0.970620663454 4800.0
5627.64173239 20.3766213963 0.82789863255 2200.0
-1629.9046554 -3.59350829333 0.595792956137 1400.0
102.24858512 19.2745827172 0.748288095205 1400.0
4296.81330549 -6.42039204022 0.719566330688 2000.0
855.069801054 -3.7725832342 0.607306793163 1400.0
407.489153713 -34.0382696926 0.805209546715 1800.0
-761.167002743 -1.2623322315 0.60421635756 1200.0
6516.17687524 13.3100782071 0.800452111143 1800.0
-3790.88035065 8.74505352437 0.65956813789 1600.0
4412.46652588 -2.44390373732 0.769739169433 1800.0
3605.23776577 4.65171020275 0.723721398084 1800.0
-1187.83470888 -3.00153951967 0.600442230751 1400.0
-4575.45534368 -2.59776482767 0.649634208229 1600.0
-2193.3474923 -3.83507949621 0.60337333747 1400.0
-9387.61009637 5.62189703673 0.943240958215 1800.0
-4646.18411048 2.03853666978 0.600501259074 1200.0
-715.023645395 7.40745887503 0.653914315809 1400.0
-2651.19427398 12.6895342621 0.633844676257 1400.0
1068.04457033 -8.20656667799 0.61238548241 1400.0
-6719.97766209 19.8893201811 0.839748794713 1200.0
6413.93377242 -11.7722737021 0.906284953682 2400.0
3626.44837522 -2.49163103429 0.706383777161 1800.0
-4693.19170832 4.87916531326 0.655374875578 1800.0
4660.75806882 -1.06797781405 0.779815569851 2200.0
-6971.49195799 10.0010167999 0.825103364312 1600.0
3665.76595611 4.01925076059 0.716424979587 1800.0
8923.66015639 -1.48843232104 0.938484914896 2400.0
-5596.805997 -0.736104917334 0.735897034365 1400.0
-4214.12016009 39.3503341525 0.998734477788 4800.0
-4300.63584295 -19.0979524831 0.732453735983 1600.0
2126.5105984 3.07102288146 0.649112161451 1600.0
-2411.5860597 -10.3183061251 0.588255198142 1400.0
-1360.58064944 -14.7200735531 0.627878186978 1600.0
-6998.63227192 -14.4101586933 0.843949107372 1000.0
-325.709929778 -8.04387262991 0.60293004134 1400.0
-1501.45021322 4.2324006448 0.623430788192 1400.0
-562.950833165 -11.4836789261 0.608313827542 1400.0
87.0232811027 20.4381862512 0.697399509737 1400.0
937.539537522 32.8196842737 0.780006923707 1800.0
1902.82627641 0.670437927718 0.640649956244 1400.0
-3425.63377099 13.763596824 0.692276728216 1600.0
-7693.40750028 -16.0097077808 0.815911391096 2800.0
4480.85025794 6.12590453786 0.739009299815 1800.0
-2819.34471077 6.18728161557 0.604144235929 1600.0
-1312.86373074 -0.166973020216 0.593435272837 1400.0
3273.03297187 11.654235851 0.736443787938 1600.0
59.8964761429 50.2323796815 0.961939677271 3200.0
-4522.44923139 3.24849142445 0.607888744863 1400.0
1190.84376333 -1.14639952022 0.632079154132 1400.0
-1431.84459981 -7.71707994046 0.595069470665 1400.0
-5491.78984038 -0.0582917328364 0.683610795279 1200.0
-3339.78064557 -6.71564191264 0.584672816219 1400.0
931.271362053 -2.05964272547 0.603072903177 1400.0
-6555.85747742 -3.71289714483 0.801846717712 1400.0
3258.50353769 11.2914458403 0.709438533086 1600.0
-2306.5742919 14.5683495822 0.605999200015 1600.0
1340.97657346 4.73621629182 0.650417782683 1400.0
906.490464929 6.71337002562 0.642690886044 1400.0
236.214307359 -10.601023763 0.609265125994 1200.0
8300.96930198 0.143656535669 0.963555131305 4400.0
9022.11387429 -22.9695903955 0.968961556024 4400.0
1810.77930803 6.00550427556 0.646257790737 1400.0
-2367.3677968 0.016051538872 0.579150407133 1400.0
5410.37331512 7.36531300027 0.851257707999 2000.0
-4380.64549901 13.5079811005 0.651627168553 1200.0
27.645440951 19.2795310099 0.747118700453 1600.0
-2646.92422271 -3.27694365117 0.57574033585 1400.0
87.1453947825 -11.3695244424 0.612788926928 1200.0
-3284.7156558 16.2151487127 0.614261724598 1400.0
-7526.36288007 -14.6178791136 0.896565856092 3400.0
6086.23414241 37.5437714873 0.937458443719 3000.0
-3004.81999579 11.0491453894 0.656719752203 1600.0
-445.965725424 8.17260825018 0.646923424586 1600.0
-3279.25773783 -32.704511166 0.726671086896 1800.0
4786.63157751 6.15317666404 0.805948537351 2200.0
3372.39888376 4.78475591655 0.743983114646 2000.0
-7980.20800971 0.663554838261 0.857634550477 2800.0
1754.5122934 0.50427650399 0.644347739554 1600.0
2848.37712661 7.51177561894 0.702155026802 1600.0
8191.94345899 -1.91438339152 0.964766206946 4800.0
6745.94192147 5.73696607399 0.887480715772 2000.0
2925.87132835 8.34033378796 0.697066727769 1600.0
1171.93303283 -4.80482067202 0.62298633576 1400.0
917.241963459 -3.73878518972 0.609035102415 1400.0
-780.740789406 -6.76461476946 0.601507366758 1400.0
1735.76852188 3.8461656627 0.66180769272 1600.0
-1938.51192871 -18.9401353913 0.67541308366 1600.0
9415.54979611 -6.24408819207 0.955525885404 4400.0
-4450.67837983 -23.8637416875 0.72899981386 1800.0
5466.2580049 -0.606790454083 0.825075399193 2200.0
683.191376296 6.65999290049 0.647004405482 1400.0
1698.66640087 -11.2909973436 0.634958400773 1600.0
-263.677444448 22.214682295 0.672379136065 1600.0
-3603.17791819 12.5146500432 0.641925048983 1200.0
2.88901290372 13.2091528534 0.671393010674 1400.0
-7106.46973252 -3.26227101684 0.80243485715 1200.0
4617.74980336 -6.33396418048 0.711250665851 1600.0
-849.064839056 9.3492757505 0.659464446971 1400.0
-799.957136283 -0.874580466812 0.604174413309 1400.0
-3791.36236507 -9.42228244599 0.667876329222 1800.0
910.403499578 20.2049500877 0.74105627939 1600.0
3946.93399264 18.0606066853 0.811543710346 2200.0
2418.12270647 10.7092006679 0.687481522442 1600.0
9491.00903757 9.35685255739 0.944703261436 3200.0
2129.45286264 -18.9490456698 0.691384415467 1800.0
34.8939201137 6.58476293308 0.63455453353 1400.0
3665.04406534 -4.33521046285 0.710356539402 1800.0
-771.829686811 5.41573832652 0.629905058313 1400.0
-4404.40933247 -0.0506817624895 0.659632185358 1600.0
-4289.79901605 -0.712245703202 0.647314501635 1400.0
1889.72337158 -8.39137656671 0.618833548551 1200.0
-1603.37604069 -8.30756528902 0.618328092471 1400.0
-5052.67603594 8.65682647903 0.644490009036 1000.0
1204.72886484 2.46261596373 0.642435718417 1400.0
-985.442926264 -22.1609534793 0.674262006732 1400.0
-4068.95841188 16.33801683 0.723290714611 1600.0
3295.26498473 5.47630364375 0.745714505771 2000.0
5946.1520721 -13.8789570096 0.887742152126 4800.0
-5813.90170207 5.18979375619 0.726327403017 1200.0
-601.402034678 23.4080636711 0.780870182278 1400.0
6399.20758365 19.1849136832 0.956199226696 2600.0
1084.83174272 38.3256907704 0.864328016139 1600.0
-5501.94705605 11.4057329696 0.740135192945 1000.0
1255.71905198 12.271747964 0.690031465226 1600.0
7291.77693984 -13.7167840173 0.903084584907 2600.0
1456.91920302 -13.3181901585 0.643931727044 1400.0
1785.55311761 -9.06681410436 0.63012893606 1600.0
141.237001204 13.3062422899 0.66419405333 1600.0
-5753.97795678 -12.1279176684 0.73099219204 1000.0
5150.87489782 -8.35805451589 0.767157385157 2000.0
-5363.4879952 -19.3352849207 0.654454167882 1200.0
-3274.5727976 -2.44336304686 0.575456944337 1400.0
6296.5885039 9.0374810114 0.949488816828 2000.0
-1606.80636194 -4.12581562373 0.591281700422 1400.0
2073.60238073 -12.9106930082 0.669996838957 1800.0
-3805.09265227 -12.2565265357 0.62372017206 1600.0
3165.29293513 -20.1959622631 0.707545861177 1800.0
2768.48047548 -11.6249911394 0.610903097406 1200.0
-3896.85114758 9.84858830564 0.634284497701 1600.0
-9700.24926475 -7.06036643163 0.949724944048 4600.0
-5129.43153897 -24.4329792011 0.753211699621 1800.0
