2621.52318123 9.66231029507 0.393391231543 2200.0
-3290.56106068 13.6678364274 0.418811090422 2000.0
4602.48035159 10.8049514132 0.747247790791 3600.0
-5620.3164745 2.722721907 0.536494435035 2200.0
2542.29055139 8.24903119283 0.374629545007 2000.0
-5314.88393878 40.5518637651 1.12566828181 4800.0
-3385.88060909 1.21462717362 0.43287008003 1800.0
5472.93807694 8.59898254467 0.773183170685 3000.0
4027.72538242 -4.94751203383 0.550211827241 2200.0
1699.07723047 23.5543534085 0.808744037366 3400.0
1813.57570113 -4.41546805456 0.198974206063 2000.0
-2055.25095303 0.189282408317 0.166350404407 2000.0
-3863.69840071 9.09321636734 0.411494459035 1800.0
-1640.93786894 1.09609049889 0.152004403848 2000.0
-4820.03747971 -12.384999266 0.866022109815 3200.0
6860.82485878 13.6180591833 0.91174335989 3400.0
7012.84232924 18.1892389036 0.921865210128 3400.0
-6884.0006536 -21.4970407852 1.0225277893 4800.0
3383.51118154 -0.0303324338357 0.344754694975 2000.0
-2675.99856426 3.76345982715 0.241877317701 2000.0
733.828779976 8.41227724498 0.382392524205 2000.0
1245.48558155 13.8588423459 0.590395609554 2200.0
379.155874336 15.9054792659 0.343210013648 2000.0
-1037.6059894 36.9436096607 0.870624772154 2400.0
2294.33508181 -25.9320973009 0.697909086423 4800.0
-7307.75624144 0.562332364024 0.91126830458 4800.0
3850.33373379 -0.675386720235 0.336933732592 2000.0
4488.71074208 20.7250752841 0.905905447785 4600.0
-1127.77987096 -10.579556384 0.425068820776 2000.0
4680.94051688 -4.56189079318 0.446387382425 2000.0
2129.65981529 0.507812803562 0.197646454059 2000.0
3169.39176919 -0.743737648611 0.302402895499 2000.0
-283.040396996 -17.0750833769 0.622365444084 3000.0
-809.971171681 26.872921144 0.47974650898 2200.0
2868.89281625 4.69982427234 0.424965199271 2000.0
-6608.11237319 -13.3863227922 0.922470115507 4600.0
-1535.40100459 11.5795733865 0.384912996117 2000.0
959.944567075 3.24943852253 0.173654610675 2000.0
-4216.5047735 3.80640717346 0.412841069314 2200.0
5718.06586377 -15.0588295665 0.723474881703 2200.0
-1370.5568096 24.4630287912 0.796202935521 3000.0
-4558.68899286 -0.0411487394683 0.702470325032 3400.0
1128.68315491 -7.11689010888 0.293716503299 2000.0
-478.782549018 -13.7398438449 0.548568739177 2200.0
3162.69643821 -7.92509970773 0.413607299899 2000.0
11057.9476306 7.49544704452 1.06214786997 4800.0
1609.16836608 4.61808563877 0.278209692124 2000.0
9588.91857553 -0.341713778255 1.2328265185 4400.0
2877.61222019 14.4271765975 0.487306793481 2200.0
-651.014954017 -12.0670289941 0.530558280018 2200.0
-897.037489026 -11.7326773944 0.520102134049 2200.0
-10697.716149 -1.42585151739 1.02154578404 4800.0
7390.85451869 14.6498950937 0.894602087822 4400.0
-1921.52608487 22.749371235 0.732543564131 2200.0
5103.97306534 -10.1350901949 0.630589699684 2400.0
6069.2356646 -8.75867522916 0.852607898549 2200.0
532.359415917 5.50697239987 0.245992595244 2000.0
2829.11696299 12.0454351246 0.662456136906 2600.0
-1864.38841001 12.1180545894 0.403875019314 2000.0
-11343.4101697 -11.0249294535 1.07824202805 4800.0
1542.39793225 -13.2253035586 0.484299812867 2200.0
-6510.56560407 -1.80709761927 0.691089848212 3800.0
12832.3736896 -0.953386860338 1.02009855614 4800.0
-3674.79851568 2.36429569747 0.400366673282 1800.0
-5794.36556217 8.09954908878 0.821637777588 3400.0
-3546.62426091 -13.4510474005 0.679989226855 4400.0
-4009.58340053 1.47833457799 0.44591639124 2200.0
2723.10203455 14.239611837 0.710519606685 3000.0
-3299.26256482 -5.57967236278 0.439592259168 2000.0
-1158.26827835 -15.3251755548 0.609846425489 2800.0
2058.6278467 -3.45788454865 0.175747914825 2000.0
-2866.06676188 7.31351247751 0.319328350645 2200.0
-2970.89598733 -25.6365442191 0.789085563974 4800.0
2922.34876416 13.3906211996 0.569979062583 2200.0
3793.45200876 -19.7679907247 0.629814611115 2200.0
9559.26714995 5.50633473553 0.982013807631 4800.0
3435.37535543 8.09248114045 0.465236161106 2200.0
4308.2220627 14.3300826657 0.768503852486 3000.0
-475.108897118 -21.1210023964 0.674941782843 4400.0
-2011.34700778 0.612098471593 0.192867233413 2000.0
4872.42803852 0.197695486246 0.607986399024 2200.0
-4197.56928117 -31.5891767943 1.01875230641 4600.0
3389.66154109 23.1061703866 0.612100890747 2200.0
5438.59704681 -8.30118508084 0.73076762046 4800.0
-1.29164537115 -5.47193514288 0.249885076447 2000.0
-2991.39856195 -8.59511631268 0.51279768103 2200.0
3606.33557425 4.9520504446 0.436541197182 2000.0
-1206.22283391 -4.58134506597 0.212167078228 2000.0
-10744.510768 -8.17941528081 1.02606168749 4800.0
1851.131422 14.1820577101 0.484820574913 2000.0
3633.3069092 4.30907383014 0.428958468206 2200.0
-4162.18695765 4.27206459424 0.44078469575 1800.0
-2383.60128679 8.93206328873 0.359073421801 2200.0
956.115178089 -20.1170467883 0.648959228103 4800.0
4484.44411632 -8.58284844157 0.487488039177 2000.0
-224.862470439 -3.20085120308 0.178239685037 2000.0
259.538763489 -17.366072649 0.62891083738 4800.0
-348.612849344 0.461186856642 0.0935577331044 2000.0
-4991.87316562 -0.632869390843 0.716617282866 3600.0
7687.75455993 22.0765994896 1.0294529974 4800.0
-4553.63901844 -30.4794391915 1.09098308678 4600.0
-2198.49766886 14.8655156419 0.458443110473 2000.0
6181.16467322 8.14846994001 0.908488279644 4400.0
8012.21129164 -19.7995429749 0.945612347767 4800.0
-8802.19819993 22.6120906516 0.956168750008 4800.0
6359.50165913 4.36947069321 0.83313703647 3800.0
-3671.71424477 -0.700867671693 0.426882050764 2000.0
-6998.33351985 8.08215843325 0.930109889283 4600.0
-422.270508909 0.161119476569 0.0489078451584 2000.0
-10778.0823266 7.00882001405 0.969236284462 4800.0
6637.90681379 13.8533778852 0.961075545824 3600.0
-584.277120205 25.9126957316 0.791112955115 2600.0
3014.47590933 12.9972236495 0.602005831762 2400.0
-3135.34864149 5.0458060228 0.32478561523 2000.0
5075.76930775 15.2733858875 0.886884171148 4800.0
10069.2815909 -8.61269248636 1.02013130728 4800.0
-3577.65883273 -17.1137041964 0.766875647334 4200.0
3732.84307527 -5.22179560792 0.409183846461 2000.0
-6092.16679655 -8.98522083534 0.781101535144 4400.0
-4374.36306899 4.18359798415 0.721810790715 1800.0
1749.72439787 -9.53140950592 0.328501300908 2000.0
3817.68846786 9.04314969812 0.694799163397 3200.0
2336.31394851 -10.2676167879 0.36543474305 2000.0
-7488.73216789 0.475633881792 0.862863368789 4200.0
-9182.86840067 21.0230173431 1.36605517652 4800.0
-1787.44087459 13.6069396105 0.475352335913 2000.0
-1788.92834604 9.56459267445 0.326851394666 2000.0
2332.5440872 -0.49385177857 0.202951555629 2000.0
14250.2639565 -21.2828393301 1.92340234837 4800.0
-3617.66659812 8.5294143311 0.428758177777 1800.0
589.562789524 21.4410414659 0.633210096775 2200.0
8138.55853274 22.5395794706 0.941299518862 3200.0
8014.95710862 4.74432054156 1.04722120077 4800.0
6074.09401441 -3.1858736098 0.751495722495 4000.0
295.201549624 -3.35401392529 0.18660894452 2000.0
6348.66929585 -9.75995803058 0.815829201626 4600.0
4872.24196061 -17.481680172 0.659908005169 2800.0
2444.8596938 -6.31591752664 0.247722380293 2000.0
-2567.12119189 -8.16880507091 0.414298679189 2000.0
2790.28611788 -22.9627776991 0.70693337134 3800.0
-6434.55613514 -2.61536537296 0.797913893751 4200.0
-5624.3312318 -29.9416988522 0.911132189464 4200.0
2946.67247947 7.07075789875 0.370508698476 2000.0
2882.28089628 -21.7961800898 0.689984621097 2600.0
3918.64803487 -2.5432767718 0.391547881016 2000.0
2003.61707184 -18.6769820368 0.582482090682 2200.0
-2047.02328321 -22.7207060888 0.667966333557 3800.0
1280.10165117 -20.6412896583 0.655098195351 4800.0
-3765.10154724 4.39145711325 0.437497146636 2000.0
-4832.65047517 13.9771450728 0.79707834598 1800.0
-771.947554495 25.8724591906 0.703755548562 2200.0
1189.08481293 10.1867684819 0.29257976873 2000.0
-176.31848665 -10.9576205028 0.456313695313 2000.0
6065.75629248 -9.56851050305 0.767432405925 2600.0
376.661395574 -5.44440973382 0.267506230637 2000.0
7371.96062442 8.98469796687 0.891790555095 3200.0
-12482.3198539 -28.8389282241 0.996168041552 4400.0
3260.60565856 7.64503247838 0.545425232905 2200.0
-447.368356309 1.9366670087 0.140039766215 2000.0
5169.954569 0.215898379218 0.636864954749 3000.0
2896.12528135 53.9505314455 1.01518147196 3800.0
-6596.15161569 -7.71073547473 0.799493516926 3600.0
6915.95096799 2.25629866401 0.914962599406 4800.0
-1819.86894719 -11.0927652441 0.44194295842 2000.0
3579.88767564 16.8001677406 0.546147143236 2200.0
-2918.65321398 -21.5480109242 0.712735213236 4000.0
2984.0804197 31.3494202064 0.935507833168 3600.0
624.429056892 15.9538455759 0.582572672473 2000.0
6271.22404033 -13.1582958676 0.864640013518 2000.0
-2964.78271974 1.4205356455 0.218957391551 2000.0
3114.25687667 -10.7454992068 0.432918978113 2200.0
-382.984076779 -9.35408480406 0.41732626462 2000.0
-4241.46305528 -14.1436729609 0.694509343192 4400.0
-1727.22829406 24.5431377003 0.740189812855 3000.0
-988.399738115 -9.1884521947 0.476039753347 2200.0
-461.509150566 -3.88082205085 0.176632684379 2000.0
7737.5185885 -8.5619154767 1.02928824165 4800.0
2313.01710832 -34.1194053256 0.750594237287 4800.0
5058.4401548 -8.1855707295 0.585365626815 2000.0
2055.16708485 0.878506414541 0.203969819132 2000.0
-2031.21847688 -9.71153265296 0.432364706128 2000.0
3749.78959503 21.6546170166 0.834338239458 4200.0
-502.029251603 -3.0948477598 0.195459819899 2000.0
-970.394686981 4.39755855638 0.200887457973 2000.0
-4396.50424069 8.70848111209 0.426532703025 2000.0
-1006.44209151 1.82236523322 0.151770316451 2000.0
4719.95083585 -15.3879922188 0.674992998613 2200.0
3689.00175026 21.7881043082 0.812524997487 3000.0
-1921.76330005 3.92866725205 0.195260924383 2000.0
-438.777816415 13.791940394 0.43280121894 2000.0
-415.969107813 -1.67472468998 0.128507287862 2000.0
3506.37531315 -13.0018258608 0.333726709048 2000.0
1216.03340287 -8.27281780764 0.310677062187 2000.0
6900.43767118 -0.419226147111 0.845548956414 4800.0
-5718.40052332 7.2786396101 0.79396786946 3800.0
3248.51481371 -6.98861054306 0.415566139871 2000.0
3640.66993439 -6.00468024813 0.384987701276 2200.0
-4476.9090321 18.9200499307 0.843509525861 4800.0
-3788.40723626 -10.14212506 0.601405553706 2400.0
7715.79393237 1.94761636224 0.868765272925 4800.0
-3289.90827232 -16.9338593967 0.628611776177 2400.0
-1732.56398381 -0.617358312136 0.209006427538 2000.0
6280.35996029 -9.73346878593 0.842357011563 2600.0
2238.08357694 -33.6825652082 0.770294857143 4000.0
48.1422775937 16.2017627848 0.548703090168 2200.0
-2952.13299339 28.4252387564 0.845957378249 2600.0
-415.161932162 24.899343384 0.756397157099 2200.0
-1469.12357045 -3.53110418708 0.235858090119 2000.0
-910.13488021 15.1073062414 0.515788619848 2200.0
1658.21162767 18.4900304525 0.720185798009 2600.0
3008.63239363 -13.4474039039 0.485003450322 2200.0
246.993117084 -6.33872091892 0.221418930823 2000.0
-1300.50101919 20.8431823572 0.527070859951 2000.0
1869.05592893 -21.5440814298 0.656382696849 4800.0
5522.98631845 -4.98401659685 0.714660836074 2600.0
-3248.14322397 -17.5033414473 0.700124564755 4200.0
4108.562316 -2.69871189401 0.32522894715 2000.0
1315.51146236 -23.757358107 0.697760562691 4800.0
-6065.97641199 17.5156527239 0.918683913514 4800.0
2912.01600162 21.4800442435 0.835544068117 3000.0
10.3375708212 11.8428331427 0.426025191459 2000.0
8656.04194588 4.93480601359 0.973398589481 4800.0
369.500081873 27.2010195803 0.824820269366 2800.0
-5407.36479495 -6.68365623319 0.656950060366 3000.0
-2074.41038072 11.2919133 0.378759238604 2000.0
-517.134806995 -4.30581875017 0.174616433559 2000.0
3851.00819797 6.29285956155 0.516628215688 2000.0
114.892849474 17.1774446296 0.588112934075 2200.0
-3808.44695169 -10.3927457911 0.59693375849 2800.0
-1194.4215387 -15.1400432487 0.527896052603 2000.0
-5566.41920595 -17.800570758 0.886640283402 4800.0
-3540.91718045 2.06127360689 0.347794336038 2000.0
-1016.04142448 -12.58536362 0.435711244078 2000.0
-2082.0903275 3.0186721334 0.152458653055 2000.0
7495.57643638 -25.4205789474 1.1407134567 3200.0
-4234.51245187 -2.2442566564 0.503689976343 1800.0
-325.128697061 20.8797350249 0.615319744648 2200.0
7205.60876854 -11.1691945173 0.837286835574 4800.0
-3971.84114756 -11.1601331983 0.705027209868 3800.0
-4153.55228298 13.040999631 0.437530032962 2000.0
-7866.38916383 -4.09154164191 0.870741091262 4600.0
-9586.59447609 -4.40483568861 0.975366470707 4400.0
-4420.07522465 26.4340272209 0.951811436653 4800.0
511.770750805 -13.2736974069 0.448182845997 2000.0
3570.85635667 -3.25513925191 0.361927687736 2200.0
-469.110374855 3.7524719214 0.137728475053 2000.0
-4288.14262377 -18.1269871338 0.889224530697 4400.0
-4913.15380877 18.4831287643 0.89033957677 3600.0
-8057.41124605 -11.6286302504 0.963367915835 4800.0
-647.113500351 -1.81369744727 0.116732120983 2000.0
-5282.42108153 -14.2985934876 0.895472317561 3800.0
-2660.35205762 -8.96707400842 0.50378249824 2200.0
-5158.02120279 -25.9250452815 1.015242638 4800.0
5663.39629705 -18.9005959446 0.801602392996 4800.0
-2992.830618 -7.13769098002 0.528283352889 2400.0
3469.3688934 -1.55134636817 0.355216569363 2200.0
5919.91202401 1.34875844347 0.759848423065 4800.0
-1490.65605256 -3.86268970229 0.262779495318 2000.0
-2776.2710706 -7.9212515188 0.57625509189 2400.0
-3734.26754561 7.44452752501 0.344964096694 2200.0
2461.53108511 4.22604236559 0.299131429848 2000.0
13067.2410719 17.535654357 1.08612420252 4800.0
-5293.83270025 -12.6823558751 0.809512785398 4600.0
-1534.14050819 29.5169349751 0.828421456506 2600.0
2373.15517665 -37.5814137807 0.823300063807 4800.0
1893.91431533 5.61527929577 0.273411378765 2000.0
-1144.17521223 -18.291655778 0.658605444215 4600.0
-1475.64285975 31.0487501692 0.852941102445 3800.0
4169.77312559 -1.04804977448 0.533666010208 2200.0
4496.94828362 1.95955357034 0.486336794295 2200.0
758.612069593 5.95832766892 0.32027172185 2000.0
-277.293167147 -20.6983144341 0.459016084763 1800.0
-812.789001082 4.73213827144 0.225231531867 2000.0
-9513.68837856 3.592097428 0.928962072712 4800.0
6924.43378319 -5.2753413215 0.912868462966 4800.0
2102.44130375 3.8785384535 0.240953449813 2000.0
403.983002659 -21.00515425 0.673716207986 4800.0
9878.335108 -25.3969954425 0.998777924063 4600.0
641.592150118 -0.0821181025816 0.0939408517375 2000.0
-4711.69537052 -11.4421483121 0.70492294871 4600.0
-3780.46122415 -1.88443124871 0.503161551682 2000.0
5881.54763964 -17.8276297427 0.739874774307 4800.0
-705.70462606 27.757998733 0.772176618648 2800.0
9177.15233885 -0.748759133797 0.960975347902 4800.0
1327.66364375 -6.74545597488 0.241394283888 2000.0
3410.82644738 -3.81354133018 0.362064245712 2200.0
-808.378510032 14.4997967834 0.47458220283 2200.0
-13388.2563144 -7.11424608544 1.01534759219 4400.0
3333.37236553 14.4848852156 0.638963391989 2200.0
1539.58742184 19.9400052665 0.764602215866 2800.0
-2468.95936069 -4.34438636419 0.42336264214 2400.0
7755.54420366 -6.02973927957 0.892883476419 4600.0
4191.03506931 6.44100880268 0.619973953849 2800.0
4065.62955241 -28.5378033931 0.78747987026 4600.0
-8501.25970317 19.2214471305 0.999459039831 4800.0
1216.79705524 -2.79231513782 0.159488081818 2000.0
6069.54623057 -6.63153657821 0.85796260641 4200.0
1090.22744804 -18.9719064084 0.640959571698 4600.0
-1848.7770544 18.5118979155 0.600606993313 2200.0
-73.1534310246 -21.9174048463 0.670181463961 4800.0
-5419.14354875 2.58715692067 0.774892080918 4400.0
-4375.54148769 0.34692013301 0.445521071504 2200.0
2532.42117003 -0.038723418653 0.20977764524 2000.0
-1622.63697467 26.3353899078 0.652543231378 2200.0
-8162.12838853 -6.10603695356 1.02907863081 4800.0
40.0112115702 -16.6460399635 0.631502491678 4800.0
-5558.34426172 -6.23975581087 0.815914271147 4000.0
5633.68677153 -0.950479103975 0.710694211707 2400.0
-4959.01011544 -11.5192729596 0.689613235319 4200.0
10959.7995375 12.5713627917 1.01317293401 4800.0
-2625.8349913 -19.946907576 0.643645627887 2400.0
4689.48893952 10.8007466492 0.845284129268 3000.0
-2526.96149726 -4.7815677329 0.451899821611 2400.0
-3615.81735934 -6.13869673996 0.6421219976 3600.0
3527.54512663 4.84334947729 0.470091780077 2200.0
-2640.1897786 -0.765226227846 0.273326662936 2000.0
-278.042433443 -13.7246220711 0.390990144005 2000.0
1601.03028969 -2.03843483836 0.159657985752 2000.0
2517.59332986 -6.40972896382 0.279019639459 2000.0
4692.40363515 27.0906103307 0.904915257608 4800.0
-7114.65497683 -1.26975142166 1.06012355501 4400.0
3090.06920403 -17.9634188962 0.611541702551 2400.0
4741.44568912 -2.84669366162 0.567353207057 2200.0
-5077.29789446 -8.37801423339 0.904349423236 3400.0
2160.88647829 -3.92169773136 0.207476973429 2000.0
-3731.61109489 37.4771415328 0.99681971022 4600.0
558.54178079 -8.68486647812 0.314336495988 2000.0
-10299.4766239 3.76464064848 0.951387097472 4400.0
3233.87048038 4.38197164824 0.415348421412 2200.0
-2491.02288203 31.4062590782 0.877899117371 4000.0
2852.19579954 5.9769819847 0.35617409347 2000.0
-1392.75534569 -11.7257581366 0.4910956205 2000.0
7115.51028255 -3.54242447893 0.862592696125 4200.0
1038.65647644 -5.55096539554 0.226240350422 2000.0
3767.36541144 17.5443402975 0.833506762064 4600.0
-5566.18595383 7.49424509536 0.841644294073 4000.0
8077.15464562 -22.484491887 0.903470250444 4600.0
12250.1146126 5.95465914148 1.06971916277 4800.0
-2597.37620987 -13.8519823555 0.654569502548 3600.0
-6223.30690757 -7.48689372081 0.676990240892 3800.0
4244.32400156 -25.3587288467 0.716372057508 4600.0
-1051.21868607 0.839163087269 0.135278014873 2000.0
-459.445174614 -25.3539325869 0.453957671409 1800.0
403.715499407 -20.6632453558 0.665241282007 4800.0
1315.43212198 -6.05017762144 0.241434526933 2000.0
3685.63683078 -19.552649553 0.656362596988 2400.0
371.618227868 -3.9088625539 0.189430999864 2000.0
619.700940736 -10.669078075 0.407897947491 2000.0
-6796.72654003 3.78151147345 0.69303943931 3000.0
3283.79817832 14.2014421678 0.659045576537 2600.0
-3283.40675953 5.81314639664 0.290996928894 2000.0
-395.605915391 10.1127257855 0.400385727271 2000.0
3112.30507855 19.9047672975 0.553389080973 2200.0
-3922.31351381 -0.81552655246 0.435051098289 2000.0
-4663.11564927 3.24174667042 0.431147758367 2000.0
568.451922316 12.3223518524 0.519339306897 2000.0
-6673.09542704 1.34322799695 0.845767288985 4800.0
4630.74512069 -8.57287748916 0.576507982911 2200.0
-281.66882686 -15.0747106307 0.520490105318 2000.0
-1637.30306794 -5.6673102669 0.34076892172 2000.0
-8173.47947691 16.0407435056 0.977195963047 4800.0
-1106.70173876 -1.91916575427 0.20074949864 2000.0
-1325.99659775 -3.26889499917 0.227353386456 2000.0
-3693.28876152 5.12758198347 0.385147793062 2000.0
-4176.77234421 6.85886735152 0.526868755041 2000.0
-3055.47392633 13.1524660923 0.410583426206 2200.0
-9110.5567944 -8.89030916227 0.982825749872 4800.0
1580.09343956 12.8319939883 0.398287155725 2000.0
-1036.33879468 1.17450819259 0.124178366981 2000.0
6978.27554527 -7.47270352093 0.878711626259 4800.0
-6474.75534055 -24.9014638355 0.95699257872 4800.0
-1431.89753171 -13.6885750034 0.600148710705 2800.0
1405.22033729 -21.2204125905 0.675685751821 4600.0
2447.61823593 0.819940326713 0.23282746427 2000.0
-6570.36024758 12.7895767252 0.686598011811 2600.0
-5595.00632345 -6.90385982928 0.840365373081 3800.0
-2219.15347824 -5.86961811136 0.351920337622 2000.0
-7276.62931103 -11.9056237742 0.960733042892 4400.0
-159.314902641 -2.59373919468 0.146022294753 2000.0
-677.015121676 -16.8998519627 0.485737045547 2000.0
3560.41974761 -27.6332413597 0.685706290118 4600.0
552.522687569 -13.22438693 0.520336091261 2000.0
-2396.86912643 10.3331870583 0.306876702652 2200.0
1111.85173011 24.3069272695 0.719978664723 2400.0
237.821976292 4.56016755877 0.227199279522 2000.0
-11405.7451096 -18.0418869093 1.06693192999 4800.0
2362.90370355 -7.46427461703 0.279331473101 2000.0
6550.7177595 -5.88960489823 0.871439695991 3000.0
3968.41883052 -1.23286504251 0.40577557109 2000.0
-565.828572452 16.3624615767 0.576596979074 2200.0
4843.77952272 -1.25361566319 0.522048747081 2000.0
-13702.9382784 12.3103877752 0.990613608455 3800.0
-3789.7281943 20.6527704708 0.657141198124 2000.0
-10588.8452939 27.3586349252 0.945390024159 2200.0
3253.15345537 -1.46286981366 0.269441313254 2000.0
1422.79080426 -0.935386430571 0.156637643882 2000.0
-5621.53750447 -4.05796457409 0.814804497814 4000.0
1139.61596845 10.2513011235 0.476901465889 2000.0
1461.08707623 -1.98899781286 0.138825395803 2000.0
5252.75256161 8.99026974624 0.662012851522 2600.0
-2220.09213489 -16.6698834231 0.676759117617 3800.0
-3189.45627557 14.9047376248 0.490909408415 2000.0
-8693.61922045 -16.3423247415 1.17483179828 4800.0
5438.29502679 0.551707098703 0.562343130942 2200.0
-1139.62632413 -0.800280882715 0.166017076881 2000.0
-261.81020566 5.603449285 0.203064305898 2000.0
-6305.7399433 -10.0257651592 1.10390687732 4600.0
-3346.97300905 21.3285784548 0.480978487483 2000.0
-3114.55979656 -30.8068324014 0.842929695351 4400.0
-882.964119657 18.1883573489 0.550665824775 2000.0
3773.452271 -13.5257114298 0.426349132123 2000.0
-4403.413671 7.22332678572 0.406506099592 2000.0
-4215.04301443 -6.98058652726 0.651097481383 2400.0
-10098.3376602 -1.24014437206 1.00869347231 4600.0
4051.09807455 6.19579178296 0.458399148313 2000.0
-4584.94876999 -7.55636500995 0.722763844584 4000.0
-5100.4754244 3.68602871896 0.556826760292 2200.0
-130.778783854 14.711967332 0.505405606341 2000.0
-4616.50010229 2.18718585675 0.705352789447 4000.0
-1769.48433414 4.97043823543 0.20138562512 2000.0
2019.17126242 7.32964501717 0.387090958813 2000.0
-1941.01687363 -9.34679336887 0.554610818684 2200.0
-1495.6260679 -5.80060792209 0.278604617817 2000.0
-2391.50952691 -19.3640483972 0.699920330925 3800.0
-5366.67597322 7.53989153644 0.6788343003 2000.0
-425.880787373 6.90181588268 0.260725193878 2000.0
1998.01378568 18.7828107392 0.623571631505 2200.0
3202.74308031 -19.170462343 0.637333409554 2800.0
-5336.57777518 -0.998739162433 0.994746169376 4400.0
-2924.15128037 2.85806938292 0.244807524986 2000.0
1219.86187868 -15.3901008288 0.46559869761 2000.0
2424.05392765 11.1242859263 0.540058677099 2200.0
7164.69611302 -3.01532093469 0.849521034998 4600.0
3630.04420329 30.121969658 0.93970912314 3200.0
3367.22473496 10.2593156164 0.693343962773 3000.0
-284.178851608 -5.66916985328 0.278076158921 2000.0
1803.96498741 -5.21908260306 0.207238460255 2000.0
-5264.99369961 4.61075968503 0.942861839078 4800.0
3383.37396785 19.8870697635 0.738685452432 2200.0
-3278.43996885 -9.17278553397 0.560748891938 2400.0
2757.71126741 -9.25681939564 0.354300476379 2000.0
1009.6532041 -1.623888693 0.169619440688 2000.0
7568.27248568 0.57038301189 0.928806158903 4200.0
-1548.21174883 6.34279302965 0.216927233428 2000.0
5454.01975268 8.21132173622 0.694241556395 2800.0
10449.2196906 -11.8716524047 1.19807067363 4800.0
-311.061015222 -4.96364542243 0.246235010933 2000.0
-236.974509363 -13.9059809249 0.448714625054 2000.0
2438.98954027 -7.20212871513 0.281408067197 2000.0
1832.09493389 -5.66970315914 0.171778362128 2000.0
55.2927300981 11.1166651437 0.354137988263 2000.0
5319.5729792 28.6118497605 0.967773985346 4600.0
53.0408665154 -20.3489786162 0.645702644864 4800.0
4066.20016435 3.33698918035 0.478740104238 2000.0
-4543.63476077 -26.1187538005 0.711463166243 4000.0
2468.0140895 3.9439952848 0.289527725272 2000.0
1339.14504902 29.868401725 0.858889546242 4000.0
2379.87572207 19.0723628244 0.823717624195 3400.0
4052.30807385 3.07114646916 0.563301817282 2200.0
-80.0416224283 5.28171292663 0.229693976537 2000.0
3472.42925046 -16.1795576971 0.537326545624 2200.0
-3445.08418249 24.9400598261 0.839556244876 1800.0
-2896.78656034 30.8748012736 1.00225642601 4000.0
-6150.65889731 -1.34881996662 0.674491132954 3600.0
-787.382357196 -17.5604153422 0.615271106497 2600.0
405.727027911 -8.8005976916 0.289108093859 2000.0
1415.22431868 5.66275871004 0.271701813338 2000.0
-2250.07815748 -2.47719699004 0.327130249091 2200.0
3945.54378228 -25.5964633145 0.715363355944 4400.0
-6509.6772319 -0.936720598129 0.928407662438 4400.0
-649.767041491 -16.3283407031 0.63453628432 4400.0
7808.86689294 -7.59866934941 0.871535314798 4800.0
-3918.17900816 -11.5891942491 0.71160490422 3800.0
-1533.88103195 7.19285897011 0.240658402326 2000.0
3263.352294 -5.90822121874 0.371182016784 2000.0
-9341.97852494 -6.77906453598 0.911601122305 4600.0
4529.03118054 -19.4978449983 0.680057115874 2200.0
1373.63536568 4.57511803805 0.281006228101 2000.0
927.37225309 4.08139819911 0.249890579854 2000.0
-6047.22781062 8.27944338277 0.860572117842 4800.0
2452.42812975 5.6890711519 0.327413563411 2000.0
427.670720258 7.42127598696 0.309430443449 2000.0
3759.82289662 -6.28143672765 0.456598340004 2200.0
-4972.71491391 25.0242656095 0.882996491826 4800.0
2744.95902164 0.501456880891 0.274298312994 2200.0
732.306667021 -18.1368470511 0.447324214707 2000.0
-1719.7306522 22.436511905 0.715984862106 2400.0
1325.30254717 6.66654521903 0.235094343269 2000.0
-2638.27652229 -15.358574665 0.546301260288 2000.0
-1659.24951977 27.3983453074 0.662978200445 2200.0
3797.606369 -5.55678691267 0.371869838524 2200.0
-1618.71819347 13.017322833 0.409454707797 2000.0
5014.81396282 -14.5267800118 0.644355592166 2600.0
5341.69542278 -6.26247083155 0.730074591485 2400.0
3847.820774 16.6757715801 0.745035913145 3200.0
950.896943199 -14.9359037562 0.428266430454 2000.0
-7320.38930372 4.73668122328 0.770165027751 3400.0
4839.82457798 11.676342678 0.736278862441 2800.0
-8308.77452572 -10.2257523955 0.954627137718 4800.0
3405.48599829 -16.8374734274 0.546664329864 2000.0
-2858.10776221 17.7473559756 0.527455229068 2000.0
1858.20745664 6.37670571186 0.308122396257 2000.0
1019.93641844 1.16829496692 0.177130803494 2000.0
-5153.33820337 -6.88100972119 0.739903058385 3800.0
1122.84190562 -17.3567863473 0.634320769203 4400.0
2847.79658433 25.9758347982 0.819345834474 3600.0
-57.7387020635 -6.03603234212 0.255841097612 2000.0
497.382705926 -4.55013849944 0.199219756183 2000.0
-1964.32836386 11.7857668958 0.324876071426 2000.0
-10772.2612334 18.5689232181 1.18944395895 4400.0
2892.73283286 -3.60394733869 0.274762177645 2000.0
4541.58750397 10.6921426567 0.69533683481 3000.0
3731.44789434 1.93015959921 0.435119314664 2000.0
1923.40711589 36.0212515803 0.879876210161 3800.0
3368.65262924 26.9802238404 0.885469872189 3200.0
-5095.49797819 2.77151990079 0.791202990618 4800.0
-3898.39763387 0.307413488157 0.492652058776 2200.0
-5088.81881901 -3.27301631177 0.722089357125 3400.0
4735.80203586 -39.4601814914 0.900827829747 4800.0
-976.751530594 35.4108763062 0.770811058257 2200.0
-3580.40462207 4.63298066757 0.311765480495 2200.0
-5092.93697771 -8.63393013739 0.853870713449 4800.0
-1994.12679523 17.0200865814 0.553517271334 2000.0
-576.537964516 -3.61437607292 0.199731023438 2000.0
2987.41570547 21.8402543478 0.682264394526 2200.0
1105.07055783 19.5321546796 0.660311102326 2200.0
3258.95443984 1.15455128761 0.383283468036 2000.0
1096.62967385 9.19207478296 0.420096911023 2000.0
-1243.27212276 19.967029742 0.767856905881 3200.0
2336.05663584 -4.98531383614 0.187219156511 2000.0
6478.87426844 14.5691874339 0.921770659034 4600.0
-1927.85196682 13.3817713413 0.367415914594 2000.0
-6353.10999346 -0.879382621818 0.740519556954 4000.0
-239.429614299 19.1552976333 0.709855460967 2800.0
-793.527463947 -1.48234616164 0.122354023468 2000.0
-821.581314709 -5.87311803694 0.301835850291 2000.0
-3128.14116592 4.90249297362 0.207650107469 2000.0
-599.321041239 -10.0385449914 0.469800954957 2000.0
6049.12941921 -1.11622806265 0.984025397511 4600.0
-2008.72276948 -2.51934546842 0.305669266073 2000.0
-357.809826824 -29.745149001 0.746405907555 4800.0
1730.65835461 28.4322762034 0.867747588246 3400.0
-1835.58579892 24.9237290382 0.598805664887 2200.0
1906.92781187 -2.14676613795 0.171154826803 2000.0
5248.27655557 -20.156717105 0.808498989015 4800.0
-3072.46403708 -13.7034723985 0.672566468094 3800.0
-9193.80655318 -13.4405243147 0.974669967021 4800.0
1789.56827324 -0.685511117999 0.168865168948 2000.0
3469.16105824 -0.916629832989 0.356676517153 2200.0
-5923.54337012 -5.47371321754 0.84945646712 3600.0
86.1720847706 -10.8007435319 0.452604863894 2200.0
1341.51377448 -13.5858882966 0.458026762871 2000.0
1394.90642985 17.6900271361 0.570250488416 2200.0
2407.02143637 1.69411557861 0.236243371769 2000.0
3869.05069583 4.45418919939 0.485175394944 2000.0
-3598.94812308 23.5311458155 0.789284006867 2000.0
-11521.6489244 -20.5454778654 1.03180369566 4200.0
-5983.19605299 1.93128885325 0.6365429123 2600.0
-521.393742644 11.1010658765 0.418585815013 2000.0
1606.13126873 6.40448025126 0.362852719672 2000.0
3174.0100586 0.618600459541 0.37125784143 2000.0
1073.69689291 17.1176210635 0.588604839708 2400.0
4896.41208596 10.1895708409 0.819995800726 3200.0
-5474.61906892 29.4926439689 1.05618819168 4800.0
1051.06840761 -2.34546202484 0.172765569454 2000.0
2014.76601932 -8.71144621166 0.276252339286 2000.0
2587.47209589 13.5553907479 0.694810890359 2200.0
-3831.39090286 4.2841155852 0.372866095902 2000.0
154.142224708 -0.683420163334 0.152855623731 2000.0
7488.98769109 17.2190138656 1.00012815664 4800.0
-3683.79173351 -13.3806523784 0.690889477593 4400.0
9662.20994063 15.8235732542 1.00541585396 4600.0
6043.75424597 2.16932433868 0.837423059324 3600.0
4170.38926564 24.1678731702 0.918508342488 4600.0
-5979.62328265 -1.42243324505 0.65950603779 2600.0
-9580.65293009 -13.3555457277 1.03302287615 4600.0
11868.645925 -37.6909348933 1.03204614445 4600.0
-4923.26178727 3.88557924612 0.678921474291 2200.0
7236.40365992 -35.2713111504 0.933520147749 4800.0
-4530.1614083 1.58162299016 0.394047291455 2200.0
772.044523768 17.7606070171 0.585249710275 2200.0
-4827.69700995 -15.4325881069 0.739465096098 4600.0
65.8970755406 14.2863305552 0.566031861522 2200.0
1431.80648749 -6.13473019689 0.226673937509 2000.0
7535.07942824 -13.5789287273 0.892045106251 4800.0
10713.9874485 23.8290655179 1.083017957 4800.0
-171.240139874 8.34212389017 0.286783373915 2000.0
-6728.70390474 13.6272383547 0.797252225615 3600.0
6248.78678872 16.7629988667 0.957007955884 4200.0
6487.08019094 9.89163521402 0.870387229724 3800.0
3940.18509804 -11.1536852327 0.51205740289 2000.0
-1955.48178536 29.1366224031 0.771827276551 3200.0
584.228714583 8.13525831264 0.362551007164 2000.0
2180.07542896 -7.49472937174 0.276474936776 2000.0
-3010.37708839 10.7101093831 0.248614207694 2000.0
876.958729627 3.18482610698 0.179104745461 2000.0
-576.564496213 -5.81989078997 0.3010245729 2000.0
244.0527495 18.2184592814 0.639889917466 2200.0
-599.091905036 -11.1128294574 0.281010060167 2000.0
1881.96600307 12.7432760449 0.535293252656 2000.0
5598.36778101 0.28512547303 0.635555893935 2000.0
-4096.26949961 5.1451876887 0.563259236111 1800.0
-5474.32356972 -23.326404967 0.939688444102 4800.0
3236.65672004 6.09341133321 0.515832531533 2200.0
-610.203323434 18.3502354544 0.585674868738 2200.0
-5128.31422341 23.7196207339 0.823079523262 3800.0
-1168.81109208 11.7865335916 0.323299022085 2000.0
-2367.0147086 -3.3271132816 0.218978072627 2000.0
-1101.55261748 5.36718844086 0.212999856331 2000.0
7157.54844268 -4.19743747135 0.859792791078 4800.0
-8026.64484821 13.6016238016 0.801753234062 2800.0
-6893.86473249 13.118413319 0.883166166665 4200.0
5144.37405314 7.64173727505 0.816293386564 2400.0
-4084.09820634 18.8460287197 0.632128978825 2000.0
4753.97197389 4.81112481256 0.585378287682 2200.0
-1298.85267772 -9.06447933925 0.444203231745 2200.0
-4484.55575875 29.7023709309 0.800547852597 2800.0
-2890.41369845 -2.39492889564 0.386603237897 2200.0
4262.11534702 31.4149593943 0.833757991754 2600.0
-822.186689669 33.0738647372 0.771944088407 2400.0
1333.42529849 -50.5160550414 1.00856012865 4000.0
1567.59667883 15.6774455047 0.670691169107 2200.0
8000.84202177 -5.54766144081 0.847462158494 4800.0
-3537.77076098 -11.2809593701 0.616816355009 3400.0
-5713.40149819 26.3272608157 1.04087312762 4600.0
993.097088346 -15.8924474391 0.561641082809 2200.0
4713.18234499 21.1445019453 0.811906649368 3200.0
1708.38974135 -19.0178197471 0.625095043891 2400.0
-4354.3901356 10.0916055641 0.485013047837 1800.0
-2646.51109937 9.94183220847 0.3081891811 2000.0
4635.66388701 28.5869881171 0.727671546121 2200.0
-1699.32966059 16.397430473 0.498714025262 2200.0
-4941.97859046 -2.38435769692 0.714412259859 3600.0
-5445.26982951 19.0233282799 0.820609891316 4200.0
-2292.0844581 10.5560309575 0.322562294194 2000.0
887.790635611 6.93696552868 0.26991949798 2000.0
4311.85677959 13.9190961134 0.756852429958 2800.0
3844.21985814 4.42731963396 0.488085676052 2200.0
-1368.03592496 3.32901125214 0.171805891722 2000.0
985.803032995 10.3630873026 0.405147521185 2000.0
5386.28126163 9.53301419652 0.856904646198 4000.0
1382.84689546 -17.9569990582 0.625690430459 2800.0
-8128.86355528 0.584471108236 0.814902252421 4600.0
4765.88124719 -6.34898676464 0.419638387523 2000.0
5330.44038405 -22.018474052 0.778986452982 4800.0
-3339.91528177 -5.88396373494 0.572637761057 2000.0
596.782495292 -9.19387630094 0.241949972204 2000.0
981.716230662 5.47698281269 0.208226336056 2000.0
-3944.9589285 8.03117279942 0.485525822095 1800.0
5430.73679603 -10.9722687751 0.760571974174 4000.0
4886.74954996 10.2270278137 0.798818690518 3000.0
-6066.43671566 -5.46002522716 0.908851281085 3200.0
-280.092289323 11.5171035722 0.479179298524 2000.0
-6356.28276954 -6.20848587659 0.769409854187 4800.0
4302.18034737 -7.23884623901 0.557225704398 2200.0
-2185.99037252 -12.7523588656 0.618465304616 3800.0
-6210.99619124 -41.6873505609 1.12434500175 4800.0
4513.51383687 -25.0397596216 0.725774797174 2200.0
-7070.7935915 15.8548451533 0.92148430699 4800.0
913.713178481 0.563972023058 0.125362402662 2000.0
2042.52413161 19.036042549 0.799297908862 4000.0
-2211.41475604 19.7463081064 0.586414871664 2200.0
4281.79712318 7.51304687811 0.548752116775 2200.0
-6398.5609244 -1.15992436114 0.70824628018 4000.0
2248.19361416 11.7017943447 0.63578852521 2200.0
-1283.70816671 -5.31907835971 0.269815914632 2000.0
-4677.66275622 5.96380764857 0.499833463328 1800.0
-1155.48503224 -19.4074150976 0.653700157292 4600.0
-2691.40876081 30.4954678658 0.823023192534 2600.0
1909.81493101 -0.931964525596 0.177819870868 2000.0
-1368.40292202 34.5165127334 0.67840970511 2200.0
-3414.15595207 23.2756983904 0.820024769548 1800.0
1628.61604103 3.59212594771 0.282400652438 2000.0
3694.7407146 -10.5592259312 0.468126888283 2200.0
-4430.86642682 7.66497599476 0.641593176151 2000.0
-4932.12639259 15.5928329568 0.779017736518 2400.0
-2217.64318118 -4.67029739488 0.315014442592 2000.0
4973.14923697 -14.8857428065 0.666216584359 2400.0
-636.991568388 9.57121167794 0.344433016367 2000.0
-3094.23434305 5.18023090037 0.297544190826 2200.0
-1394.29919842 -22.4637069381 0.706030794101 4600.0
1610.06928349 6.64040998874 0.305397824512 2000.0
3718.39084368 -7.17725393445 0.412053441858 2000.0
824.939712488 -0.487615087133 0.108560332753 2000.0
12588.9706061 31.2238583602 0.987715555376 4600.0
2350.55238342 7.15257838454 0.337847876314 2000.0
4203.25792276 26.5014398576 0.763439397012 2200.0
7220.57265507 30.1516493888 1.021249944 4800.0
-5704.97302291 2.56009434424 0.774924941548 4200.0
5325.00554602 -9.02918333707 0.72745292837 2200.0
-5934.80109957 -11.7630398436 0.687435752849 4800.0
-987.070476293 -7.92063597351 0.384019862854 2000.0
1350.97680183 11.1230391836 0.431088056034 2000.0
4159.42858166 30.0369116025 0.733058184872 2200.0
6485.84642663 18.0056759966 0.846769038767 4400.0
-6408.24164753 -31.6004226422 0.948052984146 4800.0
-7643.46982386 1.77117729371 0.860461291298 4800.0
1800.17399565 13.5988784079 0.572429182606 2200.0
-7391.15751068 0.435127058694 0.85416789634 4600.0
6525.52846758 -10.0126448618 0.774822357678 4000.0
-506.839728229 -10.2268654162 0.327101821022 2000.0
-3060.7842872 3.6820497319 0.280925550614 2200.0
-2039.56986308 -24.283404913 0.764351938736 4800.0
2526.59320358 6.9899288021 0.329665226985 2000.0
2265.20742541 21.0512877294 0.713652168179 2200.0
7561.4947071 9.55449246008 0.974399099286 4800.0
-3831.86104727 -51.3647727312 0.873124785785 4800.0
11673.3081214 -17.8258754721 1.01273695274 4600.0
-1728.35358865 -5.39469790315 0.38297811877 2000.0
8995.31399457 -7.52233684275 0.96048006037 4800.0
1348.14874887 -6.11889318218 0.259279412191 2000.0
-2712.92545349 1.98945374479 0.254847036462 2000.0
-9110.55547913 22.8200802124 0.995366388406 4600.0
10204.8245043 -25.0869737081 1.1316125728 4800.0
246.356394464 -3.87087630799 0.215958051013 2000.0
-7183.22922187 -0.742511026569 0.972391713174 4200.0
-6339.16082225 -15.3143819226 0.943338813248 4800.0
4900.07241476 -2.99575500017 0.590460768992 2000.0
-4732.6765939 13.0984254697 0.744149535193 1800.0
504.931886001 -7.02622400799 0.234213899921 2000.0
5572.13141055 7.85048943364 0.865830053405 3400.0
4802.75457558 -16.3756942488 0.693346447622 3400.0
-3740.33641727 3.58737150802 0.390003400393 2000.0
-3801.11091851 5.10447520605 0.308250737135 2200.0
-1943.29297314 -13.1756468537 0.587699867984 2400.0
10238.1496415 10.6791961524 1.15629451016 4600.0
6336.50759033 3.78245594108 0.843527310318 4000.0
2076.42455546 -25.706455458 0.638417648006 2800.0
4751.69938604 9.74466784584 0.838712699039 2600.0
376.465473041 16.2170954365 0.641882710681 2600.0
-6747.13560478 2.9640689958 1.20884785889 4800.0
10101.8594243 -22.6902043811 1.57986648035 4400.0
-887.468414487 -1.06700136691 0.150535709414 2000.0
4366.98598525 17.4674201298 0.789820324453 2800.0
-471.328768444 6.92470549289 0.204244038987 2000.0
1916.2001373 26.5426105635 0.811269044862 2800.0
2238.91821336 3.41139837445 0.229880479544 2000.0
-1715.03462377 -9.11446490937 0.486135654501 2000.0
-4586.26920274 15.3898512093 0.535021598148 2200.0
3012.73647116 3.49470259087 0.392900864957 2000.0
-310.888671423 -4.23486206386 0.228647295108 2000.0
-5443.26815435 22.6314580602 0.74418835023 2800.0
2213.96243701 -44.1074277734 0.91881974572 4600.0
-3398.23551237 -8.5552726281 0.518132028946 2000.0
-9257.43807279 21.3747524009 1.45796196598 4800.0
8069.06416643 8.03048993874 1.04823656594 4800.0
3263.63019049 2.54485971161 0.387565939785 2000.0
-535.013726038 -5.93387818222 0.269418198779 2000.0
-5078.42413113 2.83321939908 0.502368386131 2400.0
2564.53797371 2.42326799507 0.272751968295 2000.0
2262.82556301 18.6743675229 0.841817633062 4000.0
6801.890992 -33.0198417449 1.06658323386 4800.0
4251.45782873 14.6540003729 0.757481377122 2800.0
3402.4484794 -21.0338946215 0.603461755945 2400.0
4394.36062444 -16.92135931 0.682751632899 4600.0
6224.30870535 2.58998245359 0.75723845142 4200.0
8979.65463078 -5.07205502164 0.961726200835 4800.0
-6048.74489812 5.92892747795 0.804447099491 4400.0
-6659.76187208 -3.58469359815 0.963368465834 4600.0
-1856.79611151 -19.8069366379 0.690417730273 4800.0
-6311.01859781 7.55733801245 0.731024142906 4000.0
-227.742831842 -5.36171163366 0.218075994095 2000.0
-8086.523353 33.8663926007 1.05888681694 4800.0
5385.01376227 -11.4245713485 0.744844709958 4800.0
-6769.18998525 -6.66106635617 0.81825806731 3800.0
-72.6810674948 20.0188124555 0.757079942072 3000.0
-80.7446049994 23.4376511596 0.734145346464 2400.0
4732.08547953 8.60087152661 0.511203521544 2200.0
-1353.28354829 -22.0094981785 0.690586055159 4800.0
-4732.98549571 2.04135011695 0.468236411885 2000.0
6716.25683611 7.51043221509 0.928481189896 4800.0
-2337.57896662 -15.7573909034 0.635444049232 4800.0
4320.76868077 -16.494011614 0.676789570181 2200.0
-1733.05990219 -2.92063944914 0.210634982705 2000.0
-5244.01957619 7.23856126305 0.67896914621 2200.0
6477.18636146 0.67256314827 0.824031620871 4600.0
5574.7138061 -1.71661528926 0.732972816255 2200.0
-471.490196106 -12.6897238795 0.406476461058 2000.0
-6060.1710552 16.9596627248 0.845152851072 4200.0
-1525.86874134 12.6260166266 0.416246413445 2000.0
2766.85851937 -6.19221907718 0.318961662796 2000.0
-1166.75153751 4.50703273037 0.160166126086 2000.0
5415.61583597 -13.9454727019 0.768021360351 4800.0
3729.80655315 12.0911351812 0.712807424667 2200.0
4024.38408199 3.16004032326 0.427027371614 2200.0
2851.97578613 0.00903451639025 0.251004320929 2000.0
-1276.59121457 -0.921437372984 0.159493908466 2000.0
-7635.31417062 2.08005243506 0.862766371028 4600.0
-82.5921936627 -13.5972444311 0.567965607823 2200.0
-4439.42510007 5.19881290809 0.717132328977 4000.0
10683.2271102 27.9693034921 1.03953242646 4800.0
-4390.16030134 10.5220642322 0.430704779493 2000.0
2672.35597522 -8.02686181225 0.333455949206 2200.0
5289.97606073 -2.86711396609 0.58973467053 2200.0
1436.47952499 1.80336894612 0.17288943363 2000.0
-745.164408466 -9.19501659067 0.221082274817 2000.0
1915.95842772 5.96324470246 0.33108362654 2000.0
359.533719883 -4.74046946641 0.192168794702 2000.0
-6239.47508623 -3.08341612746 0.74770702474 4600.0
-2190.80652215 4.59682421541 0.156974739619 2000.0
-8132.12661713 -0.661584763753 1.01975988403 4800.0
3763.93368434 -6.87125184235 0.436594249115 2400.0
-2803.23601916 -13.6113088306 0.603945812714 2400.0
5541.95937729 0.183491559374 0.706903312139 2400.0
-5217.31176425 -6.9801408663 0.745090135526 4600.0
-2199.02106362 -6.93038830457 0.44677033342 2000.0
-5343.40092177 27.3269650708 0.780215385227 2600.0
-3716.7901992 6.29278361225 0.350098228885 2000.0
-1768.00469834 -3.12595252983 0.239669251885 2000.0
8289.65945234 13.25778223 1.01803892231 4400.0
1054.32181725 14.6509663634 0.499952452305 2000.0
-4835.01924316 9.209787296 0.731880954937 1800.0
-4731.92306483 -14.9199778954 0.827727386085 3600.0
-856.273478337 2.56965221655 0.150159720625 2000.0
2792.82955058 16.1918362063 0.586050485255 2200.0
-1065.0672575 1.53898044806 0.17589249454 2000.0
-6217.17883481 6.10711155186 1.03427005631 4600.0
3416.55731995 -12.6562819811 0.482441058978 2200.0
7734.52410735 15.5825268231 1.01898810231 4800.0
5101.48753548 -1.84618233678 0.709723861912 2600.0
1093.56272512 1.53833964837 0.180014504838 2000.0
438.10446771 14.9257319423 0.433640153793 2000.0
-6557.60432248 4.37196125977 0.7351486479 3600.0
-1081.34963799 8.03115706712 0.247944823505 2000.0
269.200726127 -0.595453820016 0.153609086493 2000.0
779.8882337 -14.4890629798 0.557546989452 2200.0
-108.077788832 7.96881367636 0.298727904543 2000.0
7019.96123739 2.69972409124 0.903618323325 4800.0
-3806.81425224 -18.586542525 0.73216464361 3600.0
-4252.1988991 -10.6370558603 0.473835369663 2000.0
-3533.93819985 0.3117954306 0.427158298338 1800.0
2844.50871118 -11.0817804666 0.329990711848 2000.0
6772.56444345 -28.7474238288 0.969901871551 4800.0
-3922.92214237 -22.3537354022 0.819889844474 4800.0
-3008.48115238 11.7353146489 0.329046606584 2200.0
-5662.87423372 14.3948368179 0.786622890506 3600.0
3294.62314529 -18.1469376573 0.612412138992 2200.0
4452.04236279 11.5740862407 0.788846979092 2200.0
-2468.618667 -4.9693264357 0.334361420004 2000.0
2782.23715761 5.15652098281 0.433616070305 2000.0
1198.60997131 11.6834178713 0.503125287702 2000.0
-6727.17256818 3.19301990526 0.770280768241 3800.0
-3555.31940015 -18.3007503214 0.714347866346 3800.0
-2687.3391817 -11.817411726 0.649052949719 3800.0
-2387.13940873 20.9439126856 0.632032508382 2200.0
-4903.34889094 -3.0931376959 0.717043159371 3200.0
-6019.3671207 -4.57995584201 1.0348829412 4000.0
-10.2032710737 18.5720775892 0.371095224029 2000.0
451.209678188 13.81401101 0.515862157805 2000.0
-2463.96958346 -16.0766751439 0.684096422943 3800.0
4407.39308739 -5.15467701402 0.381258050606 2000.0
3015.18841552 1.04434329972 0.27634192137 2000.0
-383.937599653 -4.08540288853 0.176892314341 2000.0
-2205.77140532 16.8848249554 0.517320038779 2000.0
-5110.13230516 6.45272665478 0.793716563272 4200.0
874.095392651 -17.6962303109 0.612259642042 2800.0
2669.21148437 42.6818718546 0.945686074584 3600.0
-4621.87383553 -22.9582040631 0.920455944245 4800.0
-5168.54725367 -6.9811530654 0.727023678201 4200.0
-826.945975377 -13.7931143675 0.478255948999 2000.0
-2492.21630994 18.807558743 0.356659163858 2200.0
1557.29750631 -15.282582024 0.482247053392 2000.0
-7710.96508955 -6.30125399787 0.922595574524 4800.0
3689.46663059 -1.94980291463 0.357760569305 2200.0
-960.699736926 4.71885739923 0.152753778251 2000.0
-5327.55685858 -12.7685794104 0.864833360398 4600.0
-2955.55453818 -19.6530833405 0.726316017174 4000.0
670.118380571 -7.30700920199 0.299787428479 2000.0
692.741652639 5.11333281048 0.223919996769 2000.0
2969.94137515 -18.6772089959 0.60171427787 2000.0
-678.828443852 24.5593955157 0.626097887259 2200.0
7558.89648307 30.0763800811 1.21404923063 4800.0
5810.55811942 5.58395432761 0.723974565933 2600.0
-155.199046385 13.3940011703 0.415295659714 2000.0
-154.498240742 17.473263562 0.579675912763 2000.0
425.169794108 29.8934067499 0.86296558694 3200.0
-833.904731199 5.69326539554 0.202208992737 2000.0
2036.6140662 -26.3730834037 0.462559085619 1800.0
-4627.93949792 -1.14659060259 0.733937395615 4200.0
7738.51853111 12.1830383394 1.10831446639 4800.0
2013.3676682 -17.4180953633 0.423059976521 2000.0
9329.13807843 -21.4691107127 0.961771728308 4800.0
-601.742233175 3.40408581965 0.126085827665 2000.0
-3421.11600818 3.12370927448 0.396134256717 1800.0
-6889.11193443 2.54767489666 0.920610394285 4800.0
3518.98709334 21.5548961168 0.78016738865 2800.0
-4839.62506489 19.1349837833 0.710574591676 2600.0
1849.85408839 -19.7908700937 0.645524744582 4400.0
-8444.66720504 -5.70557158856 1.13986656699 4800.0
4141.0025062 12.1753979683 0.671920721066 2600.0
456.650325347 6.02241624068 0.198234839001 2000.0
5715.56002239 -15.671360718 0.754124520587 4800.0
3156.87580141 -5.80569052381 0.214337958309 2000.0
-1721.81098109 -3.38194933974 0.233742093792 2000.0
-1507.53229941 0.894822741797 0.146905011929 2000.0
-48.0488177309 -13.7849469437 0.574796054975 2200.0
-2202.70040682 3.64795172415 0.162809977844 2000.0
2241.46469742 -13.2015448354 0.457435234432 2000.0
-1487.34103809 -7.94437213473 0.322358838348 2000.0
-1999.80582425 -15.4083596915 0.517269188739 2200.0
1489.40478991 -9.98869848908 0.365600824581 2000.0
548.657083851 -16.7695752106 0.562726300844 2000.0
4175.10263988 7.40905582589 0.524751186107 2200.0
3242.47997937 3.21483004032 0.377264854348 2000.0
-3784.84904448 -6.74028977977 0.483166688219 2200.0
3592.62790749 -4.06235647871 0.390617197205 2200.0
-6787.62021069 -9.40204571713 0.888318524108 4800.0
-2178.2279762 17.3073175408 0.650507952752 2200.0
-6822.96021869 -7.81108697488 0.785088420756 3800.0
-5150.82582889 -13.5968147606 0.831417385329 4200.0
-1710.5105145 4.94073940427 0.198093226088 2000.0
818.68003427 -32.7604984492 0.76586039107 4800.0
5157.0874647 7.62276082752 0.611441756905 2400.0
-7527.82247292 18.762380203 0.837443202077 4600.0
861.069948662 9.03159187334 0.415647621247 2000.0
7294.52173251 -12.6121740916 0.883559516567 4400.0
1795.16830578 16.7592617496 0.680641695759 2800.0
2089.55798335 3.58402112319 0.270338594316 2000.0
-3165.49445994 -14.6851457495 0.714410771354 4200.0
-3685.18876116 -15.7123447879 0.735354127919 4400.0
-5498.34605501 3.3056675876 0.789302479471 4400.0
-5279.76851985 7.82543793365 0.719239615954 3600.0
4931.40512799 -1.64205999068 0.559931389994 2400.0
-2653.07707116 -15.8239528295 0.692272553364 3800.0
-822.874544361 -21.3063117374 0.684896772316 4800.0
3064.03390605 26.1991309882 0.720299339133 2200.0
13.4843356448 -26.1312225079 0.71664717189 4800.0
-2680.41766141 1.75912239348 0.206012021734 2000.0
-8359.16710874 -12.1619845562 1.37552012075 4800.0
811.542263538 -24.9225642623 0.638093573882 4600.0
1433.58188741 -3.88818727908 0.183886251713 2000.0
-692.874734069 8.64136646875 0.227817628478 2000.0
-1421.01368501 9.33685939086 0.240604726722 2000.0
1602.61043027 0.602129678442 0.156810848751 2000.0
-867.518619685 -10.7094492177 0.440309823945 2000.0
520.598247168 13.9452238849 0.485743844215 2200.0
-1003.20484393 5.31731353007 0.21962003821 2000.0
2885.73916227 -3.74021352701 0.261814188005 2000.0
-6690.20842383 -2.65245896911 0.756192960983 3200.0
3571.16553061 -21.8837462528 0.667619626057 2200.0
-5511.85639175 6.41698797729 0.56000463379 2400.0
-939.117864305 12.4745678704 0.408155407098 2000.0
-2155.34842549 5.33433691709 0.195355138621 2000.0
-1118.30182221 -22.8970702741 0.677624166039 4600.0
3017.75644402 9.70097889238 0.584729206987 2200.0
361.880259437 4.01422226789 0.161209737021 2000.0
-465.732729237 -11.2068359 0.496506982726 2200.0
2934.04317627 23.6323065087 0.920027628941 4800.0
5100.13938964 -0.531393648279 0.592418722388 2400.0
1214.31292949 1.78955938552 0.192910616575 2000.0
4256.33746557 10.8796891982 0.572635361597 2200.0
6489.41789809 -27.2623173655 0.918897261055 4600.0
3699.27953685 13.5380960518 0.719648200233 2600.0
3504.55765334 3.92640820994 0.474200283223 2200.0
493.765568466 3.19228989837 0.152034289007 2000.0
10238.7002035 14.8477094973 1.02516077152 4800.0
385.125508763 6.86387046101 0.281196545833 2000.0
-10105.1679904 -35.6797163094 1.02502441079 4800.0
2345.01270949 -1.56924235971 0.192781431985 2000.0
928.463478809 1.4079248893 0.178142914016 2000.0
2563.38580856 17.4343751843 0.774521478721 2200.0
2857.12804498 4.9294634674 0.347001115546 2000.0
1642.04226774 14.1824964597 0.523982258005 2000.0
-2293.85842395 7.43143194146 0.22346818575 2000.0
-2188.18806516 48.5552046639 0.861006274503 1800.0
-3828.0714799 -16.0731739864 0.745004421536 4000.0
-6646.01868459 10.098725415 0.895009922391 4400.0
-2660.29356809 -1.58075238171 0.246332861906 2000.0
4606.19327992 21.2291170659 0.798617571994 3200.0
-644.770980002 -6.44725205902 0.325641328357 2000.0
-4426.5993612 24.6933790428 0.71304898372 2000.0
-10848.7591467 2.88332213985 0.974585100436 4600.0
2819.29140531 21.0446468406 0.816539048491 3000.0
-4786.93971937 -5.31755921704 0.619784580146 2200.0
327.892678271 5.19114899977 0.205843647689 2000.0
1927.71628755 -18.1810182638 0.531304448663 2200.0
-4871.12569673 -5.0064864271 0.806310287304 3400.0
4060.52436389 5.29710737574 0.570610774215 2200.0
-3539.66535741 -2.26104963631 0.510918559352 1800.0
10339.1051614 5.65425635909 1.16462366154 4200.0
2297.4632377 15.5624541145 0.742150482955 2800.0
2848.46454978 -13.3843856872 0.472783963769 2000.0
2756.87902283 -1.85636961578 0.256036180691 2000.0
3458.01702523 3.23193002616 0.414692183784 2200.0
1190.44040907 -8.18523127864 0.327998062545 2000.0
-1996.90417386 16.8004856286 0.528171949216 2000.0
-3072.51307857 14.2698063511 0.52992765733 2000.0
-3234.74662472 -5.89895658898 0.552974169498 2000.0
-4575.51605619 -0.197227019368 0.702505367101 2200.0
7437.45644295 -7.62177600057 0.929654574717 4800.0
-9253.03121122 2.74365253182 0.928381201745 4800.0
-2722.93008719 -10.0480234146 0.545745698972 2400.0
4523.88618488 -7.04548847486 0.442889517135 2200.0
-2430.41897759 6.04087006006 0.297829765109 2200.0
-901.261959974 2.36115778189 0.18243570145 2000.0
3340.32566303 -8.80806133495 0.43641128874 2200.0
-7697.3002913 -10.7392698705 1.2731648376 4800.0
-1676.91558373 5.36621765204 0.210865401877 2000.0
-17.5496977631 1.33100151077 0.107706452632 2000.0
1120.27783321 0.808742658721 0.176585854306 2000.0
2081.27253608 27.3579510002 0.731912261939 2200.0
7308.75177767 -0.793813797638 0.814332984265 4000.0
5275.41472676 13.4582946305 0.692473267552 2600.0
-3281.04096848 -18.8351298143 0.773999971092 4600.0
6069.24527055 16.84839899 0.840144110426 3200.0
-8661.8466209 -3.16661127044 1.02875002145 4800.0
6366.38089794 -6.13797565521 0.830292637527 4800.0
1614.57795089 4.63865122781 0.188229094153 2000.0
2515.59528323 24.8940247571 0.77710518535 2400.0
2388.62144792 -0.846678823875 0.222025137505 2000.0
5191.28423668 -13.384551905 0.753458286986 4800.0
-6823.3878303 22.6895459589 0.885731795162 4200.0
2902.05789118 2.56771156914 0.290801869002 2000.0
8880.2847598 20.4863240134 1.07853995416 3200.0
-6822.39949433 -15.0435880532 0.955568096062 4600.0
3361.27244342 -16.2075042337 0.569590459824 2200.0
18529.2348313 7.89639238511 1.32829268219 4800.0
-1900.34634916 -15.2629171657 0.380632830383 2000.0
-815.103104103 11.234394211 0.32908236398 2000.0
-2574.28485775 6.53331211213 0.20638681888 2000.0
-223.204344807 2.68236301217 0.124745539807 2000.0
5071.54915406 -9.92652772418 0.488869421678 2000.0
-4416.42945825 3.01714310093 0.697159414973 2000.0
3115.37214804 -3.36238524864 0.252052288004 2000.0
2198.96841382 -21.2584303697 0.673644569738 4600.0
687.867824047 23.7452627961 0.515319012248 2200.0
3414.65067913 -6.92483216971 0.391782175474 2200.0
-2664.25072694 4.11580279861 0.264475166752 2000.0
2035.4284563 21.2023369261 0.883869869231 4000.0
-195.019489001 -6.7159607449 0.293170906792 2000.0
-4039.86403225 -4.80840350075 0.484916447205 2000.0
4658.51607058 2.45415644863 0.591170512898 2400.0
5074.57704497 -17.7390208096 0.678270001317 4800.0
-5502.39102068 10.2304179042 0.714433750045 2000.0
-6497.02271892 12.5211967886 0.800583718106 3200.0
2855.67926741 -5.56114626796 0.269988226894 2000.0
11936.5544808 28.3157242135 0.99757794796 4600.0
-4921.94244759 -22.3138494785 1.01501419902 4000.0
-1828.18874635 -28.9399393706 0.865580478301 4800.0
-5635.5308399 -19.1665113218 0.822324556263 4800.0
3028.45772622 -16.3527000309 0.451465482646 2200.0
-4965.43547139 -18.9083625665 0.739559811796 4800.0
-4484.34057493 16.3908564451 0.773562476015 4400.0
-1210.25264419 4.04954177073 0.146122962215 2000.0
717.293680745 -28.8250607081 0.742566486929 4800.0
-114.692643057 -10.727843114 0.436338213667 2000.0
-7572.19353945 -19.0026824599 1.04852167191 4400.0
-3649.22704049 -11.6575568645 0.658159966136 3600.0
-2415.37276194 -14.5986056437 0.674137612437 3800.0
2102.64630048 24.7716506016 0.772630774869 2800.0
-3162.56116388 7.36156755331 0.255419167966 2000.0
-1607.54820839 -15.7883726852 0.570363028283 2000.0
5935.62752264 -7.98121741112 0.763026964268 4800.0
-544.669361604 -0.562080582792 0.108733613731 2000.0
1212.72584922 0.290754538521 0.175740609785 2000.0
-3905.65787607 11.3861899239 0.494208586207 2000.0
-2180.12189154 13.9836394465 0.403981415323 2000.0
-852.158953792 10.5050782175 0.342372990429 2000.0
3435.09077335 -2.4648734727 0.374793414829 2200.0
7062.65122598 -18.3855068186 0.908939545838 4800.0
-4984.1850746 -1.79532116077 0.574856271017 2400.0
-2866.65009513 -1.16459053505 0.344439770588 2200.0
6458.48402708 -19.5448527048 0.860751628496 4000.0
1115.81225757 1.97495822685 0.213062428607 2000.0
-8363.39505047 10.2833930682 0.885172128438 4800.0
9803.32959103 13.1776583161 0.980079691157 4800.0
-4522.11219337 4.26919363648 0.574496895238 2000.0
1418.85607439 11.5862407328 0.383529022548 2000.0
2811.40564522 23.4992359725 0.866487526262 3800.0
1666.8374841 -5.17205811687 0.212108088567 2000.0
-2120.37668299 -0.589960966156 0.206484854031 2000.0
5717.53942979 14.759421758 0.938632900091 4800.0
-2085.35004775 -6.97029339803 0.446290331695 2000.0
6346.00280422 -12.409427244 0.838640964978 4800.0
-585.589484954 12.2998087263 0.287968667327 2000.0
898.305492264 5.69629270749 0.230848246806 2000.0
-556.296661689 2.95479230103 0.111027665347 2000.0
-7869.83150033 3.68830304182 0.885444896071 4800.0
4960.09339685 -17.5715886291 0.71965149658 4400.0
-2390.01758078 19.403295743 0.585121091754 2200.0
-2087.03321692 -29.4224541816 0.80774875158 4800.0
115.726989429 3.54255803101 0.183408752357 2000.0
217.604074404 -14.2162707241 0.55695806257 2000.0
7641.21486242 4.54159288859 0.837743634618 4400.0
-288.317860279 7.56384411405 0.274151773098 2000.0
3810.89495317 -3.62595226349 0.322571530806 2000.0
5864.48313162 24.3643594163 0.870551686943 3600.0
8162.37001266 -18.7870293801 0.924831496738 4800.0
1593.20719676 -10.6717522529 0.378147220055 2000.0
-5439.32980716 3.54679932415 0.692871445207 2000.0
-3534.70682844 -3.4495133333 0.342102326518 2200.0
-5155.67572095 7.87688494265 0.604032689301 2200.0
-1802.6386652 5.87513726596 0.178959016815 2000.0
6185.10199727 15.6460344373 0.911988073785 4800.0
-4549.31600108 22.2125158196 0.802920719257 3800.0
3541.54659714 12.5405186886 0.656954904491 2600.0
5076.35350937 -7.18298448315 0.603366063011 2200.0
5793.7896398 25.7191233576 0.954713071856 4400.0
14194.0117362 -14.8508463666 1.18396146291 4800.0
-2966.41129977 -3.3656119759 0.371133738279 2200.0
-9887.15633256 7.9684670456 0.933739143503 3400.0
-3049.93311006 -13.3435862873 0.619493289516 2400.0
383.336938012 -9.22949866603 0.283736557497 2000.0
2323.39221117 -2.49302035213 0.204419738929 2000.0
1236.92581953 -9.05488204114 0.337531435501 2000.0
-70.5618630652 -3.94274569384 0.151795011099 2000.0
-2219.88127702 23.4374702754 0.74189649037 2200.0
957.245010331 33.3006433503 0.976679707801 4800.0
-1336.32848193 18.2573460608 0.607968247226 2000.0
476.163407543 -18.4297793243 0.52669223579 2000.0
-173.113909671 10.3191272972 0.398289553303 2000.0
2077.60466248 33.3199760988 0.947846993578 3800.0
-11197.5569505 -3.4510367609 0.96566446186 3200.0
-9093.81501679 46.5615089269 1.2931691632 4800.0
2655.26420765 6.34103872248 0.360586683443 2200.0
2976.96430827 11.1732709232 0.647338674989 2200.0
-8000.75498082 -6.66055304185 0.92173811504 4800.0
-4553.79265673 4.51833386779 0.537796672037 2200.0
-4228.26330602 7.07642817755 0.414195047597 2000.0
-5160.40457557 7.59845285074 0.525148670401 2200.0
-5403.54748413 -25.4733545669 0.967445071036 4800.0
6326.83632638 10.6928203568 0.843891135017 3200.0
-127.442697148 22.0669151388 0.573808856805 2000.0
6604.6793793 12.3842683086 0.84552227224 3600.0
852.643722376 -33.2277307307 0.670459361599 4800.0
3602.30785945 3.57995107181 0.414534008669 2000.0
7991.59653565 5.35629035834 0.954115580455 4600.0
484.254570552 -0.743396204192 0.0582850318311 2000.0
1602.22060011 -11.0557146626 0.389483543802 2000.0
-3538.57203502 -16.6683232781 0.728337309587 4400.0
-5019.65089886 7.76917774771 0.691766228887 1800.0
1775.94602972 21.9376448133 0.752023222774 2200.0
-2774.19049796 3.79060570128 0.238912772859 2000.0
-2196.00130389 -2.05313687508 0.278411567564 2000.0
5594.124412 1.02253943726 0.708002348219 2400.0
-2161.14750826 31.5335232034 0.553889254573 2000.0
3250.9641887 9.59913335587 0.510302597478 2000.0
-5424.29570539 -16.1572025777 0.994370025946 4800.0
7734.70377871 -3.92323681994 0.875468260966 4800.0
3362.22616001 9.06376141543 0.451961764126 2000.0
7421.11823289 27.4389957308 0.970510442252 4800.0
5281.58509485 7.26537442117 0.723928375561 3600.0
-1488.74358854 -5.48434664363 0.240050730962 2000.0
4020.66828488 -5.47704709113 0.374768345338 2000.0
-5848.69697902 8.41412378251 0.778224976155 4200.0
4887.11737368 -8.37129073967 0.47256876357 2000.0
7774.84187508 -8.01115825748 0.900651096 4800.0
5188.34849783 5.59035986321 0.719409198471 2800.0
3884.00476968 10.3240345823 0.685817949438 2200.0
13131.7399353 2.47695975006 1.01477159551 4600.0
417.067316746 5.51571391995 0.217594457406 2000.0
5632.62980976 -1.54223908395 0.708000771516 2400.0
-2849.85432311 -1.10632903428 0.304713624003 2000.0
-607.235263751 14.4532165902 0.519352166616 2000.0
758.646505186 -36.1938545084 0.700971306923 4800.0
-1353.32896892 0.892252005785 0.13989420294 2000.0
5456.02892276 10.1068111466 0.801145966425 4400.0
3275.47506043 7.75206570607 0.504042092373 2000.0
-5150.93404306 9.56802120936 0.48458149874 2000.0
1551.38367188 11.1561661726 0.499782422858 2000.0
3936.34934758 11.0816510844 0.645123528941 2600.0
1438.38613603 -19.030566706 0.641095319541 2800.0
1000.52778023 18.25109709 0.750348248744 3000.0
9076.25822868 4.34811902701 0.996284665871 4200.0
7595.89423945 -32.4333176282 0.972409355263 4800.0
7894.3978255 -4.05539782606 1.01413764864 4800.0
7734.07239112 7.63334481667 0.94112210254 4800.0
-1855.28761807 -3.3580532852 0.27111017888 2000.0
-4126.7695562 -15.1279690295 0.801421652197 3800.0
5908.11405617 -11.345189859 0.764919812483 4800.0
2906.93145077 10.7860896883 0.687503300817 2400.0
-7199.67743004 0.974933673454 1.26029954799 4800.0
-136.924660059 -1.5233058614 0.133572354186 2000.0
1798.22995028 -0.151597349784 0.165891901298 2000.0
-5411.03580132 -19.9978616127 0.796340087885 4600.0
2130.908056 -7.16978597891 0.231371766456 2000.0
3173.86936535 -19.446634263 0.667732812034 4800.0
-4751.7191217 15.9126176296 0.769133069442 2000.0
-1901.96085358 -3.17249334251 0.271172789721 2000.0
-104.825826876 -4.87656715972 0.121168470308 2000.0
1868.77672976 -23.3455940563 0.662041607175 4400.0
4437.77289463 -16.0057300765 0.594485571718 2200.0
1626.16807566 15.5267861303 0.611948104583 2000.0
385.35645778 33.5165509334 0.891468862827 3400.0
-997.138798714 -1.46178087207 0.124283961002 2000.0
-11550.5757886 26.5215050536 1.17268686651 4800.0
-2636.26587998 -4.89856006891 0.33381545437 2000.0
-9695.97830177 0.805906100859 0.954579839173 4800.0
1819.63555278 -17.0367399902 0.44258089494 2000.0
-3265.43290673 -10.1848377008 0.54768211598 2200.0
2666.06562637 8.21039057248 0.576139191713 2000.0
-1952.34434713 37.6336547534 0.958035881635 4600.0
-5657.09123531 -13.917473796 0.991583582621 4600.0
-4990.2692246 -13.903546595 0.796340699473 4200.0
1276.74090242 14.819070132 0.449645302742 2000.0
-6231.18444983 -14.6662858764 1.0979017768 4600.0
-1185.5366031 1.7009836425 0.109045204737 2000.0
-3650.14118965 7.18206726593 0.395828268869 2000.0
-1184.30090883 -11.2122852383 0.558854505453 2200.0
2208.02503536 11.2143894094 0.569407114779 2400.0
-1112.20864082 -5.60223892138 0.188084362554 2000.0
876.245537269 8.48429824965 0.306837970953 2000.0
-4468.90647931 -2.85970318522 0.515817408571 2000.0
-4916.80378482 8.46298236054 0.722661802226 2200.0
-5487.21999992 -8.96873120352 0.636464657646 2400.0
2653.92455367 2.85978417612 0.314870882478 2200.0
2365.01771561 -1.12579651163 0.204408745913 2000.0
-8345.09167449 -25.2403465722 0.983816091688 4400.0
-3646.50417787 4.8468180597 0.394130065307 1800.0
-5871.44824924 9.83634231115 0.554302652842 2000.0
-2464.29066275 23.8374122598 0.554223028252 2200.0
-4649.87833747 -13.2493734279 0.772232459158 3600.0
-1465.93863148 19.9482949376 0.645385157922 2000.0
8396.21596149 5.43416313738 0.956869869684 4800.0
4405.53609685 0.167681116187 0.540807065135 2200.0
-3351.34351899 5.38224838321 0.283312241691 2000.0
348.500645765 -11.6332257118 0.466184846771 2000.0
-408.553545617 -4.59265722873 0.159133107885 2000.0
-3491.61187196 19.669688966 0.624947268204 2200.0
9036.61534682 -18.7618283574 0.987286591022 4800.0
847.070003042 15.0354681728 0.4615303292 2200.0
8926.64284804 9.94202014115 1.00090828547 4600.0
-2437.71807584 7.13912946998 0.245237225646 2000.0
5896.98765948 3.15011751698 0.762489418084 3800.0
104.766794053 20.2279912985 0.566195573848 2200.0
-172.937193105 -5.26381918413 0.260465621146 2000.0
-3862.15933682 -29.0386993992 0.952594641538 4600.0
-4966.02427482 23.1277038434 0.845202387338 3800.0
-4684.74834465 -7.4904751892 0.738929962596 4600.0
-1765.28949267 -1.60059727374 0.218057922902 2000.0
