5773.71702422 -16.6227050287 0.808301400038 3800.0
-1346.90591748 28.3575084503 0.867593317186 4600.0
-1511.34468515 14.9692180411 0.467863115115 2000.0
3577.36720714 -11.2457164273 0.632769444609 3400.0
-5552.3408655 15.504756337 0.67152430569 2600.0
1407.7845294 35.768801211 0.91645065478 4400.0
1503.15099127 -13.7776599973 0.493679887204 2200.0
-2609.5092847 35.8716983119 1.04615125627 4800.0
-2827.57238602 -9.8796829138 0.645886189398 2400.0
2137.7832304 21.6307706291 0.823669593861 4800.0
3663.61329956 18.1456500104 0.851759231766 4800.0
2607.33059733 12.5191564467 0.507057577383 2200.0
-2112.85345167 17.5198182098 0.702647027925 2600.0
-2697.38410306 -1.41870246019 0.388554968364 2000.0
2354.26716355 -16.3761628127 0.58730631409 2200.0
1701.90485432 -0.359125883549 0.272925549796 2000.0
536.453840548 5.70689663542 0.386421472834 2200.0
-7522.03754909 -27.4625060661 1.14671434779 4800.0
-826.338416835 -8.21041849482 0.498867956975 1800.0
-1068.91632168 -0.994135065553 0.274826792807 2200.0
3267.47298264 1.13646862338 0.396632893949 2200.0
4034.08550187 1.93681043925 0.594787695519 2400.0
-6032.4904609 -13.5533745459 0.884445989913 4600.0
584.817810254 -17.6978069492 0.529633523698 2200.0
312.867219033 15.2772900523 0.634258004061 2200.0
6115.52873138 1.75268442965 0.791557748162 2400.0
1034.53942679 1.36021021699 0.266921726079 2000.0
-1732.30728671 -4.51015887813 0.370577395684 2200.0
-3073.3903075 -9.78048420408 0.55910241007 2200.0
3124.2220233 -21.4715313401 0.717760560074 4800.0
14382.6356314 8.57780131487 1.02757800563 4400.0
5525.20638608 -37.1643052557 0.739840326703 4800.0
-1537.01466857 11.1885795732 0.311073704719 2000.0
-6399.30864488 13.3192396372 0.933657860824 4800.0
-437.155140898 25.3278726814 0.848587203897 4000.0
-251.829300961 16.6106965393 0.615401848271 2000.0
-3212.18998422 3.77177407756 0.349137736618 1800.0
-3453.92053711 4.63144919759 0.297780837128 2000.0
2566.79998349 8.03664405933 0.462529597465 2200.0
-3317.80005795 -22.8239887233 0.867336262281 4400.0
9204.61695185 14.9628447015 1.39881370805 4800.0
-1931.55003502 -15.9385804756 0.651508546857 2000.0
1773.07831833 -24.5667822842 0.662059236889 4800.0
-1581.98371832 7.20990148407 0.318654640188 2000.0
-334.455185587 -31.4710562178 0.81921217845 4800.0
1469.63166171 3.82902251557 0.324481391369 2000.0
-3175.09398971 -5.06821556009 0.480062287806 2000.0
7946.19989451 1.03760526509 0.987894303506 4800.0
-241.254997824 10.6433991478 0.420469581263 2000.0
-384.405724791 -14.1530702937 0.623975148095 2200.0
2704.16396075 -0.536442775801 0.351821683642 2200.0
-7021.53945764 -7.66916328995 0.995125049421 4800.0
-3265.71863084 13.2018735834 0.516497287339 2200.0
-3530.04894453 14.7799533117 0.554754916942 2000.0
-479.706686506 17.5461854207 0.585360030776 2000.0
6019.43803198 -3.56287487141 0.798345453821 4600.0
-5606.3158306 -0.185991493791 0.844616337976 2200.0
-3397.50515974 -14.6571025917 0.690740180689 2600.0
-2553.36666346 -12.4539313993 0.690368443571 2000.0
-3477.94063914 0.0418354599624 0.431831452961 1800.0
-4445.01193562 -18.5186626362 1.00700100632 4800.0
-759.928613184 -1.56254690684 0.257930048172 2000.0
7498.5785955 5.76037964606 0.979913213806 4400.0
1119.65306983 7.88029558032 0.484173724808 2200.0
3105.39555198 27.8060461801 0.947848829371 4800.0
-28.6833174769 -17.3109596975 0.680914615035 3600.0
-4057.82108362 20.7856547021 0.661011663813 2400.0
2344.67501975 13.7194934437 0.662985112551 2400.0
-7283.12049647 3.74144788182 0.835219964395 4800.0
6469.03052603 -13.1709787273 0.871027658495 4800.0
762.251529917 7.81624301025 0.378140079094 2000.0
5430.18942728 17.879062707 0.816533774836 4600.0
6107.43430766 15.3295784285 0.941566732329 4800.0
1089.17958853 17.0542708545 0.661046514875 2400.0
-7670.33737454 12.7436326122 0.962886156273 4800.0
1324.11069347 20.8991666375 0.804799836833 4200.0
-5285.7970219 -7.27969599642 0.921014505913 4800.0
-230.619872448 -8.7011503305 0.401520287447 2000.0
-7651.53053719 -23.2182577359 0.985518792962 4800.0
-16.308304652 7.44575059181 0.420581114407 1800.0
-10415.5960253 9.54568851677 0.946539439853 4000.0
1997.52943797 9.78067932847 0.458096638683 2200.0
1997.66999553 -0.246799614398 0.209226320558 2000.0
-2940.71908533 4.50173091158 0.333821486485 2000.0
3129.24611233 -3.21011740171 0.528685024086 2200.0
-4310.95269397 2.99832740999 0.488675224043 2000.0
7358.76298351 0.523155625631 0.936184409234 4800.0
7343.08868076 -8.6988912883 0.950242823123 4800.0
-5681.14715793 -6.33444579985 0.81380216372 3200.0
7704.69807251 9.95387841191 0.960277713554 4800.0
5306.16828114 -7.34031435337 0.584483815535 2400.0
-6488.48665814 5.05878405969 0.882142454786 4600.0
-4546.88020509 -11.0893040568 0.845188180284 1800.0
-6316.61284493 13.7795825928 1.08992513838 4400.0
1452.36622869 -2.32619839043 0.299342206242 2000.0
-3549.20456182 19.0251223586 0.509376847806 2000.0
-5631.97371827 -7.94432389937 0.982273223773 4800.0
-11585.8329674 2.351218035 1.0161807768 4600.0
-6018.99434879 24.0199205508 1.15982649439 4800.0
-3929.76171005 6.94250579508 0.378975370262 2000.0
-5468.80705983 4.85936090358 1.04445963948 2200.0
139.402007424 -9.0405776166 0.533290403584 2200.0
6880.0878341 -6.53966536693 0.866930628634 4400.0
-962.095398163 17.070384436 0.713109133385 2000.0
1025.83667335 4.01994689918 0.384678710367 2400.0
8736.10045572 1.44279730761 1.08329342772 4800.0
-808.546478951 -3.09718666946 0.386984918165 1800.0
-7900.0102263 -16.7898378916 1.07353918711 4800.0
550.026738138 13.3372744654 0.47721955627 2200.0
-967.862686613 18.1137389574 0.70655722744 2200.0
-5536.7049807 -13.8259907406 0.928359717044 4800.0
-6775.84174631 6.48832256837 0.752005223907 4600.0
-6090.16481783 -13.1473021762 0.882248065118 4400.0
-660.534467531 -4.48685655966 0.373582357093 1800.0
4030.3857693 -20.7388525016 0.734123795657 4800.0
-2898.53107571 -4.35354091779 0.469827328678 2200.0
-2789.42591205 7.22223159917 0.347749742192 2000.0
-1668.38778163 -16.3903604075 0.712913011806 3800.0
-359.908363887 -8.65628449235 0.464796582741 2200.0
3283.15372511 -4.47682369463 0.372906031359 2200.0
-519.04914655 17.3046011473 0.635644391111 2000.0
-2212.62844138 2.54561438658 0.252070169353 2200.0
2428.51760814 34.1924409766 1.07546460548 4200.0
-4240.69535213 6.20057759822 0.673711707321 2400.0
2758.93006533 -7.48690787909 0.39495299383 2400.0
-1859.04280656 19.563167986 0.595085139644 2200.0
3155.15518327 6.4893352275 0.604262570875 2200.0
2464.99857902 10.1286548748 0.451028415195 2200.0
-4115.04611124 0.810209566192 0.511185298314 2200.0
-1620.53952417 13.1303371023 0.521699717126 2000.0
2517.01456606 -2.92071873891 0.38712594577 2200.0
-3333.31433406 20.0287914973 0.729279312591 2200.0
5132.98570751 -13.1457744551 0.761348448325 2200.0
-1674.18222465 -8.46650571017 0.536991075996 2200.0
5651.56229685 -10.8446107399 0.792278101602 4800.0
3276.35863444 -13.8314116965 0.583163600358 2400.0
1919.08863346 -1.08671214533 0.271099749492 2000.0
-3801.09126404 4.20879857559 0.349588393284 2000.0
7223.71269285 7.8349084067 0.965865927803 4800.0
-6268.50634811 -3.73755181662 0.897880187984 4800.0
3334.67464577 -12.0460409883 0.604901611943 3200.0
871.56191349 3.38942106344 0.311090891397 2000.0
5951.34667143 3.25542088118 0.794682720012 4600.0
-832.724344387 9.1952666098 0.445763210365 1800.0
3865.13957118 25.1286317266 0.909903285997 4800.0
-7313.17782381 12.4947040827 0.915651554128 4800.0
-3026.64908088 33.0888489764 0.960541970979 4600.0
-5373.21760097 -2.21500551831 0.918815044172 4800.0
8851.16364057 -1.00359166021 1.03316054714 4800.0
1521.88625431 22.4086107556 0.761627328002 2200.0
-3139.35584187 -6.72584178504 0.532106572843 2200.0
-471.687294012 3.43769668592 0.284057617232 2000.0
-2025.02354877 -12.1810644099 0.679317639627 2600.0
-7175.03268481 -7.40419713373 1.02129677558 4800.0
5523.12647219 -27.5293705823 0.906562900847 4800.0
3597.24350519 -1.35974088256 0.544510140713 2200.0
2120.83301537 7.37574535138 0.493266437466 2200.0
-7325.00215614 -2.88808375728 0.919907846208 4600.0
-1827.34612136 4.1764973637 0.211975523926 2000.0
-10161.8785553 1.94710463726 1.35734472245 4800.0
-1312.65221162 -1.89903442721 0.31068116225 2200.0
-200.564107312 28.7458882832 0.915195952746 4600.0
2647.86155842 -13.1788601116 0.540086306578 2200.0
-6643.32753806 -34.9421974757 1.14783917469 4800.0
-8625.11568408 -20.6345175432 1.13428575789 4600.0
-7603.68750371 -16.1951691843 1.08633033019 4800.0
-2336.95185824 -14.4669944485 0.666633168003 2000.0
422.541667847 -2.25929618163 0.295028080462 2200.0
-300.620891266 -19.8180453761 0.709687151357 4800.0
-7207.83194124 1.87733742803 1.12388776431 4800.0
2269.32381888 -3.25840075288 0.391523378231 2200.0
3353.69013857 0.785611002046 0.543633922722 2400.0
1849.8302079 -28.9274464253 0.785511353153 4600.0
-88.2987666557 -15.323959947 0.685201215653 2400.0
-4876.36554092 31.6403353468 0.942043659016 4800.0
4991.25662853 -29.2165949027 0.811424142524 4800.0
7726.31428993 2.6603994712 0.953001972777 4800.0
2742.12447072 6.76527710196 0.595983683491 2200.0
920.127154823 -8.48864218312 0.370721806965 2000.0
-1799.05780458 8.02533595269 0.427600364665 2000.0
2225.5162901 26.5559047486 0.887100349366 4200.0
-6093.95248433 -28.0767641532 1.09245727047 4800.0
211.666021235 -7.09269652791 0.40714867158 2200.0
-699.831992743 -5.5767099516 0.340557648823 2000.0
6417.54641508 29.1259902587 0.916218408266 4800.0
2134.01107263 12.8005167743 0.58101163535 2200.0
10112.1492353 8.28715058301 1.46714764015 4800.0
-4521.13781537 12.9826168624 0.764697915435 1600.0
-3032.79460967 -13.6103661353 0.727545561456 2200.0
5632.8242176 -7.90743371551 0.787074051495 4600.0
-187.521442822 -26.9521280119 0.701135196342 4600.0
-1972.23825358 18.7199256157 0.583887322415 2000.0
1715.8489336 -8.86093564824 0.398992515439 2000.0
19.8128676567 -3.4095937177 0.343560547258 1800.0
7139.28760955 -5.99490653996 0.886435865748 4000.0
-4584.96602775 2.82454801561 0.747070115447 1800.0
6567.4406652 12.3895696037 0.928234307542 4600.0
3621.39138244 12.8337789367 0.813364856947 4600.0
2310.92851664 -16.8830704592 0.537388147834 1800.0
4355.51084904 -0.669642919651 0.655833840107 4800.0
3695.44280536 38.2189665452 0.850640631566 4800.0
-1983.86569343 -4.71237992905 0.34089870773 2200.0
-1656.43556124 -21.5114333538 0.766394654581 4800.0
2816.19211086 10.0245960668 0.602486930613 2000.0
2619.37685553 1.28761764013 0.381634401944 2200.0
2599.46727671 1.1562538867 0.415425558386 2200.0
211.159836965 -3.11753075659 0.363034827433 2200.0
8602.77764764 -2.5411118881 0.972283716145 4400.0
849.939221467 -2.23369279143 0.347470413103 2000.0
3242.57257816 4.10377672079 0.545609760738 2200.0
-1575.79919003 3.34306396517 0.322854808105 1800.0
2861.83170254 0.690103282873 0.345287430237 2000.0
5422.30409966 5.81096432644 0.814219844618 2400.0
-1778.7386948 1.74668694924 0.299208612737 2200.0
-8890.21819862 -1.22855096647 1.04812989147 4600.0
-7786.21245057 -12.7345212896 1.5476708548 4800.0
2571.97369139 10.3718338386 0.584606877121 2400.0
-826.397812957 16.217558112 0.669983251943 2000.0
3157.90541556 18.6608012869 0.561089923557 2200.0
7494.03790095 15.9407847322 1.03956926826 4800.0
-177.043718873 -14.8308794985 0.599447572637 2200.0
5798.18003241 -1.4539603109 0.786118042328 4800.0
-2220.48284782 23.1835381158 0.78340944974 2400.0
6919.02249338 -3.48088466584 0.907952523808 4400.0
3350.57093059 -5.00511582735 0.357210451536 2200.0
3160.81522924 10.1376004044 0.667061309966 2400.0
1250.57319211 9.22433656525 0.478121522353 2200.0
6561.31801584 -18.848774873 0.880772315827 4800.0
11610.8379367 20.4442305189 1.1350471761 4800.0
-6256.31002427 -6.45377671917 0.970363115907 4600.0
6108.83550409 -10.9540868562 0.79486612886 4800.0
5138.29283826 -8.07480917985 0.789727120536 4400.0
-462.224802711 -2.65451664944 0.277854314259 2200.0
70.0458188778 2.26530289635 0.411727400848 2200.0
1248.6036461 -8.53799709304 0.422177941847 2400.0
-2157.2681715 3.50122329692 0.384404310821 1800.0
559.533255651 14.8544004818 0.59644771811 2200.0
5142.33922888 -23.9121191232 0.95411920518 3600.0
-27.467781494 -19.2260199043 0.72264476327 4800.0
345.887810176 11.9933295365 0.438349181139 2200.0
126.555491729 14.8329338887 0.613712880999 2200.0
2234.46006793 -15.3332640297 0.558194514017 2000.0
-394.393413626 7.51512643347 0.368221667136 2000.0
4454.71190214 19.7394808777 0.798995794709 2400.0
3900.59504117 -5.77208392855 0.559378038361 2200.0
656.756832997 28.0226123517 0.847675650428 2200.0
-925.77258198 14.5135557017 0.449182028653 2000.0
-4861.4920531 -7.7570722318 0.817132581977 3000.0
5124.3916169 -7.1063886217 0.787615386058 4000.0
-7423.00698872 -27.6127396696 1.24116490614 4800.0
-3985.08011612 0.047643291662 0.3991959291 2200.0
1536.02099437 16.1661379401 0.775790261788 2800.0
-1988.7708883 -21.2391148476 0.853892055488 3800.0
4886.76509376 11.3667413001 0.736835840766 4800.0
7624.90412355 7.12622874724 0.905887573407 4800.0
-4345.47013183 -13.1569692464 0.717753168455 4200.0
-4006.55392304 16.0416518481 0.666432183291 2200.0
-5478.99609337 -12.0041796587 0.948277476337 4800.0
-2706.31783397 29.6303194441 0.807774846806 2000.0
-6001.12307742 18.9172282766 1.01755589778 4800.0
6341.522839 27.7000799695 0.947867110162 4800.0
2679.11113087 7.96335490381 0.423330975791 2200.0
1650.52923889 8.03103783776 0.434212012865 2200.0
-748.771192325 -27.744703211 0.811018375396 4600.0
8663.0346802 -7.45343505827 0.924550426047 4600.0
1050.93301213 -1.69359042302 0.271159707087 2000.0
5705.10708506 -3.92240991003 0.778895104733 4800.0
-6633.46450216 -3.89009854037 0.952756641578 4800.0
2345.8864207 -15.6399530999 0.428974962321 2000.0
-5751.42740332 20.0411694579 0.835879207782 2400.0
5855.48825167 34.2069216814 0.93384170587 4400.0
-2198.74846478 -12.0230889798 0.589252207053 2200.0
-3531.957619 -1.95818524639 0.55029675201 1800.0
-385.904136017 -4.22330877877 0.279758776388 2000.0
2990.09211862 6.85146647137 0.571028197291 2200.0
4366.00660348 -5.99424758772 0.461972961581 2400.0
-4535.92060095 6.72463444001 0.386227571373 2000.0
3846.8375629 0.871004962431 0.548226403155 2200.0
-1939.72703613 -12.3422174353 0.630585032543 4600.0
7542.88159 -8.86207482966 0.938245960063 4800.0
-9556.1669703 -19.9859007088 1.02401661353 4800.0
-1956.0461929 3.2956751148 0.371592529827 2000.0
-4480.48984352 -0.445808988032 0.7791737674 1600.0
4288.1308968 -4.35760823115 0.564440572871 2400.0
530.329200206 -18.2866112278 0.699192344658 4600.0
6001.00472988 30.9385169255 1.06942079527 4800.0
-8971.45456084 -8.56766815621 1.06498882581 4800.0
3222.98555306 2.52524293371 0.55250696018 2400.0
5044.1099495 -12.3318616831 0.711733949686 4800.0
-2883.98027662 -3.46610880459 0.485375358075 2200.0
1557.27093472 23.7753232121 0.903927857814 4800.0
11975.3370535 14.1083281835 1.13802779127 4800.0
7608.21826236 9.5856751223 0.992698347553 4800.0
990.38219092 -14.6821513084 0.385965907711 2000.0
-429.043916017 17.2043038947 0.752121303866 2200.0
-1718.42939596 -6.9128709652 0.373696001526 2000.0
-7167.29772034 14.936002066 1.0129298144 4800.0
-6761.9642547 8.58736206618 0.915296230794 4800.0
-327.724363328 -15.994741222 0.642108054348 2200.0
3940.77881364 10.5393882035 0.659433293307 2200.0
920.257709555 47.9332118552 1.0192827874 4800.0
1541.69545242 2.47292653255 0.34635311951 2000.0
-1041.11824368 -16.1391975547 0.674202487727 4800.0
1015.53430701 -5.5045134623 0.269878105381 2000.0
971.59704149 4.49515528865 0.344277501338 2000.0
-5536.95998782 33.1953769418 0.980716527513 4000.0
2561.41469718 7.35565057842 0.550264124499 2200.0
-1590.78875081 -0.562556806105 0.315337699582 2200.0
-4207.00330073 18.2860082081 0.815479138696 2000.0
1667.5883665 -15.8990654237 0.552743713514 2200.0
1039.03399717 -11.1781883153 0.518023811554 2400.0
-2037.7749181 1.00327328492 0.382890351471 2000.0
2811.41747964 2.68755167615 0.412723552438 2200.0
5575.74301442 -4.13638688456 0.765534202685 4800.0
-5112.66709863 3.84763599243 0.886304880052 2000.0
9365.48557895 -4.08274313906 0.996687040286 4800.0
-9348.217791 0.610866365502 0.996609968783 4800.0
4201.69287139 14.5247620155 0.752430349431 4800.0
2951.32217059 24.9838011275 0.872462699675 4800.0
-5745.67389359 11.0531208713 0.916847849674 4800.0
148.987706578 1.17622372294 0.405811050313 2200.0
3722.69238333 -14.1289478022 0.664974697943 3600.0
316.178949382 19.6830119891 0.482348894918 2200.0
-2780.13740703 -12.6576205057 0.757539228694 4400.0
-8079.05843592 7.61384383371 0.830384117655 4400.0
12094.5648126 8.32280425499 1.10428158125 4800.0
-559.644442882 13.1398330545 0.570769318131 2000.0
-1606.63796855 -5.59599627201 0.431537895867 2000.0
7040.38793789 -14.9360137169 0.912476734518 4400.0
-2840.68065967 -9.87153646462 0.638303392669 2000.0
3094.5829554 -22.4337200568 0.528302984378 2200.0
-5777.01654763 -9.54018058045 0.948717784845 4400.0
-1223.94477785 -22.9936274229 0.815178846508 4800.0
-1750.7055282 31.3963702878 0.875651241842 3800.0
-5581.73751305 -2.81852180783 1.05352308341 4800.0
3919.86042359 5.64034158666 0.575171854065 2400.0
-1445.24478855 16.6228984579 0.624797797045 2200.0
-3302.7811749 -7.87613876893 0.544088463234 2200.0
-5588.62062157 -3.46017937123 0.678893045023 3800.0
5978.81969449 24.3012705397 0.846563476273 4800.0
-351.462698566 -13.309201869 0.595508456048 2200.0
-161.369349276 21.2905435962 0.840821875807 4800.0
-6300.88428745 -13.1583833624 1.01984696289 4800.0
-1696.00746189 -5.59679437811 0.37634312984 2000.0
-1217.91908374 -8.17795983186 0.394373654121 2200.0
-5441.27394901 9.5711553526 1.02918129644 2000.0
1177.15348743 -0.629914684526 0.380311454421 2200.0
-3456.73003078 -32.8749000982 1.074561167 4200.0
-1296.62832695 -5.65386444344 0.400678174345 2000.0
-1452.90155338 4.53912922631 0.302431924407 2000.0
4749.44612298 -12.1000441039 0.637078937976 4800.0
-2785.48764713 4.30306124377 0.385476046035 2200.0
-12101.1603985 16.5960704383 1.01295282248 4800.0
-2811.17658272 -23.3702519443 0.883292657015 4600.0
7634.78999514 7.58073558957 0.927448718513 4400.0
-4015.37516002 -22.1648081527 1.0714947133 4400.0
214.782840645 6.95791764651 0.395238072231 2200.0
4166.35725704 12.0293587553 0.727134477928 4800.0
-5694.89324208 -2.71207160448 1.27175836362 4800.0
-5711.27957776 11.8293069649 0.927555688911 4800.0
-1810.64240515 5.34846009107 0.415775374075 2000.0
-13.0942297375 -15.4509157378 0.684530573104 4800.0
1690.67382847 22.5279488969 0.809634025034 2800.0
-723.68418936 -19.8159633386 0.653761655153 4600.0
-4430.09256277 -25.8995527923 0.858414673957 4600.0
2669.27880535 1.63930327697 0.389021209026 2200.0
1735.73842368 9.13867114621 0.432031106054 2000.0
-2981.49055017 -13.4922954331 0.751948929945 4800.0
2941.13657326 6.42957657154 0.523304508239 2400.0
212.823386886 -8.84008846374 0.436657488167 2200.0
-14623.4492328 2.1108059715 1.00663368785 4800.0
-419.090842766 2.08921008089 0.226989577182 2000.0
-7424.33071368 -5.80646550433 1.05638758492 4800.0
5725.74040506 3.62876816773 0.793617353192 4800.0
-4546.78990722 6.30949661378 0.383138191095 2000.0
-1153.712167 -8.60598315119 0.469994659531 2200.0
2957.56957462 -7.62415790319 0.432067628377 2400.0
-3943.19621688 8.4260423851 0.504786810214 2000.0
-3467.17612435 -3.42487668307 0.523785286566 2200.0
-895.049137721 -8.79411731767 0.530297408098 2200.0
3705.3761479 6.77340797168 0.622025365242 2200.0
9010.71987768 -6.92914238337 1.6404807992 4800.0
10299.177399 16.3579442251 1.05396202339 4800.0
-4663.77634677 -20.3243205673 1.0460911022 4800.0
1655.22736684 -3.98286233466 0.319403843895 2000.0
2967.28788423 16.9386610881 0.706443606489 2400.0
1392.71765307 12.6972564217 0.635846271666 2000.0
5277.90204061 8.51414575708 0.773201207307 4200.0
4309.90412584 -14.9734269526 0.616932534741 2200.0
2962.82213666 -6.66584107617 0.457346564378 2400.0
1110.03434445 3.66533069744 0.302015687324 2200.0
6085.41655147 -14.7993194721 0.821568023816 4000.0
4120.05110146 5.85709017037 0.613981269377 2400.0
4017.55879476 -17.6877260281 0.672861205162 4600.0
-729.943744578 10.3217947931 0.487966955505 1800.0
-3018.81600843 -13.2734380977 0.733455481168 4400.0
-8461.47762916 -14.8384589751 1.05080298079 4800.0
-4120.32219289 -2.77002578322 0.675560394354 1800.0
-3280.71095372 16.842367287 0.59323418352 2200.0
7820.84389529 3.79105099714 1.06942040334 4800.0
5149.50319428 0.715737348095 0.722663763023 2200.0
4769.91980545 6.11842416185 0.644213036789 2200.0
9444.24345947 17.0881870998 1.02889539845 4800.0
963.412369312 -15.468984906 0.623204845009 2400.0
-5296.89095978 9.68323138396 0.654436659971 2400.0
-3671.55470077 23.6038273853 0.864134803175 4800.0
2597.05179879 0.225772374908 0.360044008992 2200.0
-2752.64746529 -5.52286889724 0.497708274889 2000.0
-627.099035258 12.6437717804 0.454740795535 2000.0
-868.949642944 9.24842854579 0.431823181257 1800.0
-2796.39213858 -25.4417664177 0.825810903113 4800.0
-6825.88083107 -0.210903357109 0.9086579727 4600.0
-2017.86640602 25.2081287828 0.873501795186 2400.0
-715.690548717 -0.716791106571 0.238309384994 2000.0
3332.71869801 -11.3594706644 0.41989287385 2200.0
-4147.84238447 0.466294587303 0.408583001031 2000.0
5834.30624063 -3.53557797902 0.790470526322 3800.0
-9239.44240904 5.80698848667 1.01355789992 4800.0
5299.28014584 -11.7244526791 0.792696982283 4800.0
-1629.37466501 -26.0244384439 0.864756722741 4200.0
9462.13255242 4.46039271807 1.00481580581 4800.0
166.919177981 -11.5310602588 0.539247704569 2200.0
3493.3637778 4.6732320311 0.45028669489 2200.0
-12339.6273564 14.6709032905 0.991015568475 2000.0
-1673.37567079 -21.0440529845 0.806479190819 4400.0
-5540.72597646 -10.8223575032 0.717829862109 4800.0
-805.929430779 11.5063001235 0.556352191266 2400.0
-866.085495672 8.42563339209 0.451658985725 1800.0
8143.39367022 -14.6153001334 1.10871742742 4800.0
6156.28533948 -17.8199609184 0.943215948823 4600.0
3848.37360777 13.2608898752 0.662762093013 2400.0
1134.73211156 -18.3118999974 0.457850347873 1800.0
-4109.20875022 12.616912349 0.524689661666 2000.0
6658.09072457 -8.4458034786 0.852649205442 4800.0
-2615.87430729 -22.1857938212 0.828425543209 4000.0
2058.88111319 -12.0147832776 0.501350144854 2200.0
-3189.45613301 -6.00967192153 0.495947406396 2200.0
-3371.84797045 -15.3855225738 0.866429358285 2200.0
2657.56788258 35.5379427492 0.963855579199 4800.0
7855.13468891 -2.92200830823 0.899201210521 4600.0
-1787.69412289 -15.0731163252 0.6900806936 2000.0
-2123.70554227 -6.81067993804 0.509679413026 2200.0
-309.711029836 24.2751608425 0.650809767027 2200.0
-6724.60905417 -8.89221847194 0.966002985162 4800.0
-4083.10837172 -12.1616016749 0.7149606803 4200.0
-1807.05011611 4.2265094891 0.252546771841 2000.0
135.386746782 7.65070393554 0.486554545692 2200.0
-606.115917641 9.78202814884 0.453588141842 2000.0
-2326.05415718 9.00776506358 0.344652721023 2000.0
2976.85119819 25.344223567 0.661233615546 2400.0
-3569.94268835 -4.66228306039 0.577818338768 2000.0
-4065.2642428 -22.3286821845 1.00374870225 4600.0
2378.86911798 -2.82517764885 0.264774803943 2000.0
2230.30735363 18.5527569 0.859253042848 3800.0
1898.92185928 -4.98216100297 0.232350030276 2000.0
-6316.89899327 -7.35640004971 0.933818241969 4800.0
2175.23239052 -1.94981773076 0.344891838492 2000.0
5316.99456379 -10.3782712024 0.747389396585 4800.0
-155.42767021 26.4304797119 0.881211288504 4600.0
4435.16921876 -5.28718434115 0.614351267972 2200.0
-4563.79121314 11.9495442293 0.575361497017 2000.0
-6174.7624001 14.4786116235 0.926540479893 4800.0
3509.14172141 1.02141523627 0.458770503477 2400.0
4604.8322321 -10.0825011949 0.651331037435 4800.0
-3245.92208742 -9.24356820702 0.435976961451 2200.0
-1742.87664916 30.8442616557 0.812484600998 2200.0
1475.87723534 26.5349860246 0.937892243991 4400.0
-3055.07107782 -2.52193601317 0.420640285975 2200.0
-10313.1246733 5.76162361263 1.01601773329 4600.0
-2093.42738079 9.79609994611 0.388353141553 2200.0
-4990.05478054 2.04279971407 0.59434296587 2600.0
-2982.77347774 23.1942105552 0.567057109886 2000.0
-8092.94118927 7.60690229968 0.93755871228 4600.0
4533.68058805 -20.9829182875 0.736429409452 4000.0
-156.384740253 -3.35109214132 0.327824013446 1800.0
-404.469269063 10.3246249156 0.453449390338 2000.0
-2324.39907258 4.34636928575 0.26517089782 2000.0
-5553.90634181 4.09724288017 0.892656114272 4800.0
3789.87867021 -7.87379089529 0.541793560072 2200.0
4947.43282168 -26.8008573125 0.818678486693 4800.0
127.039364109 2.45195913204 0.414143419447 2200.0
7786.65305537 -1.00579148225 0.929635721072 4600.0
4192.3930658 -8.94337348843 0.583696148983 2200.0
-2204.54611456 -12.392294247 0.675167980616 2200.0
3749.97801267 20.8062024091 0.928252488363 4800.0
-613.426593369 -15.4345683389 0.608963880923 2000.0
3800.51577419 32.2934418873 1.00467009945 4800.0
938.385643719 11.1435721288 0.469964372478 2000.0
2352.4279048 -12.8530802492 0.525476235049 2200.0
-4694.11240647 -26.82644335 0.829347800913 4800.0
-2519.97270642 -7.88750875883 0.512177119286 2200.0
297.505580994 4.97520455214 0.369495222178 2200.0
8986.19250983 -5.48553482492 1.04254478025 4800.0
2322.43663684 -6.43313062618 0.369592220138 1800.0
6684.9004716 -9.13586863121 0.867890781223 4800.0
2421.22946759 -0.966920869926 0.357222628281 2200.0
6532.81160242 7.40636520762 0.930765243249 4800.0
-5643.96178071 -15.8215326084 1.00698497707 4800.0
-1445.85408986 -16.1374105465 0.748879115308 4000.0
6255.81574836 -28.5739255939 0.867996384177 4800.0
-9563.61462424 -6.20091263975 1.26456605736 4800.0
1160.02995989 -4.06312169001 0.389289462661 2200.0
1925.76051223 -24.5499190758 0.755264853733 4600.0
5781.72377317 -5.0050449274 0.78426421662 4400.0
-1292.57322932 24.5060650871 0.864051697757 4800.0
3742.47722548 -5.77341773283 0.537827472527 2200.0
-4120.89383362 -23.3769173872 1.06172163766 4600.0
1536.8296611 -3.07532433701 0.256873286899 2000.0
-5421.97615454 8.89136317285 0.899864359682 4800.0
-4206.36214944 20.1564029803 0.781917769375 1800.0
-793.888618069 -7.40189883048 0.496940469458 1800.0
8810.87330972 7.90796178796 1.00223659877 4800.0
7364.40490835 16.7187529725 0.992452439813 4800.0
3133.26226101 3.32044742552 0.556601391829 2200.0
-2658.71400496 17.6377720467 0.694797605953 2000.0
7364.14682657 -1.80423490505 0.931428061048 4800.0
-1872.36745953 8.18977733848 0.449223772187 2000.0
3520.60254941 -13.1930347889 0.616987301557 2200.0
-487.860939044 -6.11097157632 0.349594611809 2000.0
6355.3799174 13.3193553272 0.884559382647 2200.0
-1217.04248547 13.909293364 0.569635949606 2200.0
5788.78137364 -6.83947369859 0.913426972986 2200.0
1377.67188496 5.47977881125 0.348624259145 2000.0
-4449.96452953 4.27905186068 0.430190084553 2000.0
-1554.74372783 23.2858814216 0.821164549606 4000.0
-7642.13645429 -7.8293967695 0.928915048272 4800.0
-6875.05068084 -12.8309940587 1.00739748615 4600.0
-1570.59559559 0.510455555207 0.227381502228 2000.0
-2497.72640485 21.4025154324 0.550563891582 2000.0
-4066.66151029 -1.08745784036 0.413335104367 2000.0
889.551170065 18.2084767859 0.841077856175 4800.0
-7416.05676224 -11.7140952398 1.01456875159 4800.0
-6637.93213516 -4.26375123762 1.10931979029 4800.0
-5036.49228189 -7.77274342306 0.910018516461 4800.0
-278.789746984 -20.1002077568 0.687695790586 4800.0
-5209.09205322 7.06641854403 0.641167431438 2000.0
815.783357046 10.1804742703 0.41008325958 2200.0
-4125.65721163 -7.22012888 0.788800656581 1800.0
-1852.01811279 -34.5700579795 0.95117334652 4800.0
-3770.61438707 -18.3070388663 0.784440884189 4800.0
968.560156027 4.08673306835 0.325876118494 2200.0
134.697121208 -17.1963204421 0.64713392222 3800.0
568.777784058 5.9826890793 0.370719941793 2200.0
-1845.64603779 4.14285392594 0.375963718695 2200.0
-11.3155195006 -7.73660999224 0.419451583059 1800.0
1372.93017902 -20.891429874 0.719585606986 4400.0
1523.3498626 1.19219496598 0.271437737926 2000.0
4580.7742408 -8.22093419143 0.653485792686 4800.0
5629.13133964 -4.77271616514 0.728494237522 2400.0
-2009.30537981 -7.98378274955 0.583004231357 2200.0
12988.6625683 -20.864353088 1.05706652232 4800.0
4049.88065074 -3.48393576802 0.553565733063 2600.0
-2846.485365 8.25543981001 0.392674153678 2000.0
842.959911689 29.5992729433 0.991803096252 4800.0
-7998.50238724 -6.46324642872 0.965409877446 4800.0
4508.09640691 -9.74661407965 0.653082245957 4600.0
-7588.86761218 -16.3145109102 1.11631085924 4800.0
-1377.33981177 8.88699449449 0.387867014558 2000.0
-1606.52121962 -13.1871291295 0.645082370006 2000.0
-7926.96966544 -15.6080877695 1.04762578265 4800.0
47.4092345557 -32.4671847175 0.857813185353 4800.0
-10067.9808511 0.312274728819 0.968181911524 3800.0
-1272.003962 7.7192360219 0.308825301719 2000.0
2189.52290503 -27.0073739327 0.811206995593 4600.0
834.899332783 -3.20744466151 0.353799435536 2000.0
-4530.04574786 -19.3736654041 0.960263386765 4400.0
-2692.37117565 -13.9728394885 0.581251602409 2000.0
-5710.09120006 7.10010251552 0.811059915892 2200.0
1225.71713037 11.0499749961 0.583962621111 2400.0
3490.75528467 -23.4004205665 0.782416500667 4000.0
2630.27270806 18.9119729629 0.719952200828 2200.0
-4204.28359225 -18.0016899055 0.937213697521 4800.0
8754.16413594 2.43336802554 0.968535999183 4400.0
4671.07485938 -17.5465700669 0.669616693865 4600.0
-462.361316759 43.4805812696 0.934385635103 4600.0
3521.82037987 17.8875705878 0.742254502176 2400.0
-720.638793588 14.8553626516 0.384568310168 2000.0
-2632.21164847 12.3157077536 0.46753400009 2000.0
2962.28034259 -0.587549047631 0.373675484661 2200.0
963.255734355 2.02862195745 0.28989417732 2200.0
-1211.6193655 10.9643391536 0.429828204894 2000.0
-631.96880128 11.4512057389 0.385194879169 2000.0
2872.46740119 24.6351230796 0.784766850719 2400.0
3680.2606331 11.337782307 0.663730462974 2400.0
6885.5059529 -7.12340852358 0.85980981838 4600.0
-5632.0861668 -8.10359686749 0.880251474267 2800.0
-3147.68672337 12.5824797428 0.543596996874 2000.0
-483.476941326 -1.76097983523 0.248416948977 2000.0
566.574579953 -2.67144898699 0.321866179066 2200.0
691.86878168 2.20453160544 0.203960271638 2000.0
-7089.72007337 6.11457117903 0.946115456821 4800.0
2044.1511074 2.2851067398 0.289806570759 2000.0
-1410.85710692 -15.6474178294 0.543631255771 2000.0
499.245452532 -4.49341252616 0.349769361603 2200.0
3913.04276127 3.22303794423 0.58362264681 2400.0
13276.5210639 23.1816299802 1.01886685406 2400.0
1085.97326053 11.3348448968 0.551714319965 2400.0
1113.38789376 -5.18024648134 0.302941518702 2000.0
-2496.40382343 3.6234311995 0.305584092214 2000.0
5728.32058406 4.54672590367 0.801911436439 4400.0
628.052305148 -6.38262820481 0.35531307933 2200.0
1295.41634243 -23.8580878169 0.754109434446 4800.0
-3155.13022066 1.27402536678 0.351489535983 2200.0
5939.55381225 -18.2827374291 0.920583722028 4800.0
3914.43720623 10.309591975 0.627265758252 2400.0
51.5197535072 6.31264365879 0.466810523288 2200.0
-3303.17513369 2.09179463921 0.39752460795 2200.0
2290.34647815 4.48401642319 0.344914138357 2000.0
-2139.00890589 -4.89222241417 0.506080935521 2000.0
519.894545355 -14.0355507649 0.59974896111 2200.0
-925.119163903 -0.82864655962 0.29871891596 1800.0
-5028.66937749 10.0238566429 0.673309545882 1800.0
-1985.87883624 -2.9825619513 0.32224905165 2200.0
-1458.07498913 -4.2818364394 0.320273655494 2000.0
-4151.08151934 1.3755737 0.421181056579 2200.0
4923.44783669 -1.84789603042 0.688854043826 2400.0
-50.9977097 -7.22849609829 0.439390370314 1800.0
-6016.88923426 -4.96339154008 0.93170236091 4800.0
-3904.0779823 9.79333924656 0.520072139425 2600.0
-166.532137028 -14.0471337177 0.609014094193 2400.0
2303.59703043 -15.6567868498 0.55597115712 2200.0
680.108173641 -33.4766604483 0.825760390151 4800.0
-2491.16405072 -6.17160407835 0.42877809499 2200.0
7408.0391845 3.87615171756 0.934141182089 4600.0
-6546.52876889 -12.0196998255 1.31240633673 4800.0
4323.09240828 7.86487793961 0.723345466673 2400.0
-1263.1433848 7.93915119994 0.410840666255 2200.0
-1068.34852553 -15.5029045678 0.688312868934 4800.0
-4430.70135742 -15.5270709528 0.91611023638 4800.0
7078.78748422 -6.49553709586 0.901209321152 4200.0
2749.75279827 -5.78740316514 0.380786237279 2000.0
4679.19278628 -0.874610680525 0.536830403152 2200.0
7083.46034412 -1.7860713972 1.24050161393 4800.0
6815.3785666 11.6868081405 0.938482144667 4400.0
5841.32770719 1.7161487114 0.780777067327 4800.0
2668.39757561 -1.31233917927 0.365535559661 2000.0
-8098.75693324 -23.7647081958 1.42017841575 4600.0
1384.11779368 12.0439034662 0.56802209278 2000.0
-742.743479413 7.18161494854 0.376923765833 1800.0
-3974.75266775 25.7953316361 0.959090281325 1800.0
-5529.01069169 1.34255100185 0.910960469278 4800.0
-3324.91510301 17.6567482201 0.60051843016 2000.0
9808.37008676 -23.2088722976 0.971583016335 4600.0
-2195.43384803 29.6464760149 0.912358157865 4800.0
-1117.03351294 -7.04947745245 0.374208420988 2200.0
-12875.262456 -8.44892742693 1.18438392103 4800.0
-6355.57665859 -7.97505594937 1.11721040392 4600.0
4293.9112012 -8.57771179257 0.656525818995 4400.0
4856.33690999 -23.8712049937 0.799267448672 2600.0
-6319.40209462 -8.0052156897 1.12700074083 4600.0
-4038.31495919 28.5761671422 0.710462138686 2000.0
7842.29665455 -7.98823452616 0.925981650428 3600.0
5295.94293521 6.06232352893 0.791929691893 4800.0
-2759.30679584 29.8982138724 0.99183843807 4600.0
1502.57702482 -4.53270674751 0.292996069273 2000.0
8957.85309028 18.0438970285 1.06203825445 4800.0
551.287159372 2.0700347009 0.30270439202 2200.0
-5638.40684859 -15.5994766739 0.934246232597 4600.0
3544.6208802 20.7610485739 0.912807140833 4200.0
1255.35611777 25.7630682573 0.784273296323 2200.0
-3274.6952261 -1.53761202504 0.452222950695 2200.0
6373.070066 12.3490769685 0.924013076882 2200.0
1973.24375999 -7.69324822299 0.382782781648 2200.0
7200.5198166 23.7320140162 0.943543532472 4000.0
-1398.73341998 -6.35392711237 0.39765830291 2200.0
-2402.80974532 6.85312328561 0.305068920989 2000.0
1258.06384552 -2.77499789445 0.274115688909 2200.0
3056.03768133 -5.15994805251 0.391197678874 2200.0
-2843.15650019 -16.6110191933 0.770658910885 4400.0
-5609.99760727 16.6306365289 1.11013997148 1800.0
4025.70382738 41.5159623111 0.810905434274 2200.0
727.574548247 8.03519127599 0.380301425076 2000.0
3000.84400129 14.0740793947 0.665005181059 2400.0
3034.03574691 8.17520509128 0.623885754394 2400.0
1146.16716338 2.25477426895 0.247162381788 2000.0
5636.67670163 -10.5100574161 0.70463509547 3400.0
-4451.1953161 -16.4459618794 0.902986855616 1600.0
2122.60329091 -27.0807514278 0.775515118579 4800.0
737.248899505 12.7047462624 0.565101246783 2200.0
-4035.9379067 8.2574712332 0.431540481473 2400.0
11823.1118646 9.68410682214 1.70791855057 4800.0
-6059.4584043 3.54337968828 0.901362676039 4800.0
-680.468996503 -0.352364023404 0.230925399988 2000.0
1211.16703705 -18.4818928672 0.581107118744 1800.0
-1898.22238007 -7.64965118866 0.444872779437 2200.0
3538.06621283 -4.87700468054 0.515610362045 2200.0
3678.70496165 4.71174539755 0.580828894322 2400.0
-5252.50623868 -12.3217116541 0.841106255353 4400.0
642.414458306 1.05905990974 0.204669877855 2000.0
-5156.47964103 -25.0525748543 1.02533172714 4800.0
-10517.073615 -2.20535414377 1.14597206957 4800.0
-1440.30682288 -3.23864325418 0.306140879207 2200.0
1900.48135528 -6.40340895415 0.350983638325 2000.0
-2332.37671197 -1.29026050344 0.357249620849 2000.0
1892.62203113 6.95428791569 0.437987122746 2000.0
-4433.01448554 1.96585769316 0.39668713065 2200.0
4954.72124006 11.716158848 0.822204140533 4800.0
-9283.54516256 -7.79326930258 1.91865981727 4800.0
2433.6868559 4.31356309617 0.3936830619 2000.0
1321.59408088 16.6966496011 0.732462360809 2000.0
5523.89474444 -8.92708306335 0.581002262246 2400.0
-944.300650002 2.72892832431 0.292598505715 1800.0
-7839.13466826 -17.0579638953 1.04971706832 4800.0
1192.903923 -0.30678666792 0.284943511357 2000.0
-7694.52416239 4.13529764872 1.11072935788 4800.0
-5535.11237224 5.16599200172 0.915669398454 4800.0
7260.02531739 4.11107886097 0.932569228215 4800.0
-3413.65737693 5.62700049407 0.353894155342 1800.0
933.489739342 -3.38822846381 0.223261975394 2000.0
-1257.67424442 -1.16862368015 0.286208267738 2000.0
-11265.4946787 18.5598853218 1.11370255571 4600.0
2072.66982606 -7.61727128469 0.351623238857 2000.0
2730.88145919 -5.00670478505 0.324844823406 2000.0
2677.01777433 0.0703876418588 0.393405765063 2200.0
2422.34980794 0.948704550817 0.36487304728 2200.0
4582.54954978 26.3413507691 0.993431552927 4800.0
-9903.89445069 12.1148676276 0.975990002532 4600.0
1417.91804792 -35.5068539512 0.578906246225 1600.0
984.360303133 -12.9211017393 0.479576555039 2200.0
1966.0432302 1.03604190735 0.287750105772 2000.0
3771.36939495 -3.89038794957 0.555422645611 2200.0
8551.45832834 14.7303877213 0.968423906014 4800.0
-2637.33951194 0.0367535245498 0.337710864581 2000.0
-3801.23392026 -16.1597289472 0.904297783926 3800.0
-5103.99714283 1.34722858325 0.615345000815 2600.0
-1293.1678876 6.16335593175 0.293899720376 2000.0
-5325.37754363 20.6412153988 0.898051227336 2000.0
-1177.33711973 3.70977677995 0.369792116352 1800.0
-2162.69361719 20.9175648386 0.661054317236 2000.0
-2647.43985797 13.6916948383 0.575586195342 2000.0
-7.49312290483 5.17613968372 0.369732944105 1800.0
4344.99732962 23.7973303301 0.881649627159 4800.0
-702.411836548 -17.4631552533 0.395592745671 1800.0
2528.41986535 4.69674288475 0.457435457135 2200.0
-1626.04685585 2.1611289796 0.223499181649 2000.0
-14064.7316815 -7.18344752777 0.995078507002 4200.0
4314.74133532 -17.7078005792 0.664301963614 4800.0
6420.58858103 -1.23422930635 0.844901781077 4600.0
2439.20078107 0.732639970268 0.368339751636 2200.0
-4059.85626196 -5.59257978873 0.504975645259 2200.0
7154.97505544 -15.7258706658 0.940840847093 4800.0
-4479.65739527 0.923622130075 0.761558599221 1600.0
139.925174621 13.4465575004 0.642069665728 2400.0
9513.11297103 -8.4617099416 1.67418757254 4800.0
-1578.05051163 23.9840485581 0.842488709419 4800.0
-2677.95188764 12.2678550521 0.541443375469 1800.0
-3683.06791162 2.16974223346 0.509728636616 2200.0
6576.35951248 -8.6584761354 0.840230648503 4400.0
-8042.43239731 35.6982385156 1.63640221631 4800.0
-44.4898723088 6.04488017869 0.394061621009 1800.0
-3915.23738754 7.5838317347 0.525084386948 2000.0
8846.80954832 -27.8589920724 1.21957144903 4400.0
-92.5805149146 34.8396342719 0.673158169187 1800.0
1264.00926118 -18.7565577675 0.703819547544 4400.0
6984.62943459 6.87034817666 0.928291717602 4800.0
-3029.84273503 7.14612083695 0.399284336554 2200.0
8527.09804336 2.40561379912 0.969374425143 4800.0
-1700.87367832 -14.7948775062 0.714402770554 3800.0
-86.4417112268 10.8955061858 0.554876024141 2400.0
5048.59892714 -10.4321695802 0.674279790464 3400.0
-712.54229806 -3.29337309321 0.286550421386 2000.0
-3424.55613054 0.775672046893 0.446091847524 2200.0
-5741.331126 -9.58134510517 0.923749282272 4200.0
-2814.66539182 1.64230692171 0.371771450443 1800.0
4612.4862634 13.845367429 0.728591373247 4600.0
2584.27165248 -10.2759717012 0.469092971208 2200.0
965.979064422 29.9833520088 0.915812974972 4400.0
7719.14240331 13.8221606458 0.994452904651 4800.0
-4008.1904021 -26.0354192662 1.05221197251 4800.0
-4242.15884142 -33.2363220081 1.27811001032 4600.0
7107.54295972 18.9127654714 1.12055638725 4800.0
4137.39209873 2.48432274481 0.623831979683 2200.0
-2210.10453146 26.5373815436 0.718293467872 2000.0
5167.20441275 3.64173916998 0.783436517989 4800.0
312.978372085 -17.1251324902 0.660900005865 2200.0
-760.347562678 19.406097376 0.812899352272 2000.0
-277.632176077 -12.4567243255 0.570707046598 2200.0
458.001319495 17.8474176738 0.562133927105 2200.0
302.738755619 18.2462771159 0.783764585016 2200.0
9505.358354 -4.43584770169 1.33067932039 4800.0
-631.552311159 9.61733973763 0.388815660398 2000.0
-3645.64125524 1.93766507263 0.329746653505 2000.0
-5542.5467924 -8.39259307052 0.962920852216 4600.0
-1718.34846494 -12.2938961316 0.579363652307 2000.0
1101.58929044 31.1776619508 0.946363628855 4600.0
-32.565380603 -20.8297251441 0.706698985327 4800.0
-6285.89766995 3.4520989969 0.97893897103 4400.0
1732.52300526 -3.74861099194 0.252474248624 2000.0
1978.3419114 -7.58570438451 0.293648939675 1800.0
2384.90389046 15.4877319235 0.811270588719 4800.0
1744.16671321 28.5547199714 0.595842462913 2000.0
4733.14793552 1.63734042554 0.670852018439 4800.0
-7592.0853268 7.42608733002 1.01647987099 4800.0
-1290.03091293 -30.9612367163 0.89144535087 4800.0
-3432.02890222 4.78202847858 0.441635009436 2200.0
5410.17282904 1.23938932237 0.773587932326 2400.0
-190.532912236 33.6979501445 0.992156798821 4800.0
993.878935205 3.11271296083 0.31129656335 2200.0
-4852.97348446 -22.5549472411 0.848171143198 4800.0
3952.92235233 -27.0950609362 0.96699964253 2400.0
-4824.27017735 4.41291503222 0.62964190378 2000.0
-1236.74477703 26.0737544201 0.667102808679 2200.0
4828.02203456 -3.84200351716 0.699757451451 3800.0
-89.8580361427 4.72509613258 0.347246406859 1800.0
5019.80155604 2.00732351344 0.697964304831 2400.0
-3433.99069394 -0.173515445672 0.38326126094 1800.0
5931.76210591 28.418487867 1.05660118514 4800.0
-215.386902856 -11.4082231505 0.476191593517 2000.0
8335.93178083 15.1721927663 1.01795322941 4800.0
4733.60396718 -14.7158728231 0.811992898859 2000.0
2003.05682972 -9.99936690277 0.382703967002 1800.0
-2785.19781916 3.80797500436 0.33400201073 2000.0
6074.32981786 -17.6066861478 0.846377788069 4600.0
-784.504972343 2.87730871461 0.321086473087 1800.0
955.220969631 -13.6523507409 0.578466322155 2200.0
-1953.90252896 4.28302031288 0.33464481224 1800.0
-12551.9023457 3.83229849687 1.53441989216 4800.0
-1547.53991336 -5.67982546274 0.393675274186 2200.0
-4704.1599896 23.5535557127 0.818960699335 3400.0
-267.886973662 13.3792566028 0.511198540852 2000.0
1967.56412331 -1.28263310524 0.205591530165 2000.0
11039.3254832 5.03174766353 0.990230133359 4800.0
4826.15620797 1.22046003711 0.656985582575 2200.0
1832.03925661 -10.9263844979 0.425674623026 2200.0
368.00690823 5.1722923183 0.334293222583 2200.0
1050.76369851 39.359150852 0.921489522971 4600.0
-8532.21049545 19.4079738234 0.94875276351 4800.0
-2579.74294441 9.80436527033 0.393360304533 2000.0
-6847.25022378 13.5265067489 0.719604454877 2400.0
4933.55404889 -15.1258842999 0.677854982263 4600.0
2189.52634784 28.1508600965 0.886218567491 4000.0
2233.70884641 25.19356681 0.881140242176 4200.0
-2053.79695318 30.6351821559 0.989626256115 3800.0
1904.23324204 -11.9132039708 0.504495751938 2200.0
9374.26281185 5.37694345835 1.08540683576 4800.0
12270.916741 10.0744112335 1.05692176881 4600.0
-4629.15616485 5.11322855419 0.574756038406 2000.0
322.963830786 -9.63265260534 0.498933729263 2200.0
8177.20220939 -8.37199092794 0.982603780257 4800.0
-1295.34077642 -6.71936064729 0.386386751637 2000.0
4566.95129263 1.10777384224 0.664934236441 4800.0
5961.81893876 -22.2724347022 0.916686637773 4800.0
4765.43402261 14.7367335187 0.927758832491 2400.0
192.719966979 7.0121325217 0.446103746952 2200.0
-663.208858597 20.2191011675 0.795671294928 2000.0
-587.882180489 -32.0455740981 0.869751006243 4800.0
-3368.35000711 4.00909119917 0.40101635177 1800.0
3701.00589329 9.64293153698 0.738199148821 4400.0
-724.78997595 29.2456641724 0.850489370635 3400.0
1683.07608861 -5.39342129835 0.379581028344 2000.0
670.329358203 7.26916281721 0.409911932705 2000.0
-2507.54032404 -4.82267737494 0.447783486753 2000.0
11065.8087753 -6.7993052554 1.14578266211 4800.0
-1165.10556193 -1.07494945533 0.272929694753 2000.0
5480.34599212 8.04703764538 0.822327177788 4600.0
6032.54028908 -7.24635307834 0.842445401521 4800.0
332.888591603 -1.27344886614 0.313999270349 2200.0
1886.13531154 23.30719573 0.883541123523 4200.0
-2590.77249327 10.1167896537 0.392632803287 2000.0
507.488242375 -30.8961177032 0.805775898901 4800.0
-73.5944440834 -22.3135160746 0.681925746447 4800.0
1855.66534523 6.88493558165 0.419750726296 2200.0
-4917.87575963 -24.2259690746 1.05952619535 4800.0
6724.03460362 -5.01572756802 0.876277070287 4400.0
6091.91579263 0.563372355673 0.886464136983 4800.0
4079.59794844 -50.1243612483 0.983109324486 4600.0
-1086.65603872 7.21196236035 0.338669777234 2000.0
1356.85696325 -20.9039157612 0.676384530664 4400.0
-151.956944915 4.95033677005 0.355056166469 1800.0
-5685.0544783 6.41797343826 0.664712868728 2400.0
-5701.96265944 23.8426999342 1.25757069361 4800.0
908.268298806 -13.8913981985 0.578871750686 2200.0
4164.5058093 -6.37729302805 0.653657100999 4400.0
3932.72533418 2.41159634304 0.564193056566 2400.0
-494.949772817 -8.1430575026 0.44796459051 2000.0
-3280.66802366 -16.6582600413 0.864871713317 2200.0
585.061453206 -13.020904098 0.442569282243 1800.0
1412.68717776 7.54705997043 0.425041748542 2000.0
-3351.74049361 -13.1052219244 0.844233000126 2200.0
-3973.89266865 -3.50933507071 0.682808323997 1800.0
-1458.48534196 23.5458614959 0.839960081904 2200.0
1893.57024934 -9.37135714885 0.376195974384 2000.0
581.024797742 11.2101812811 0.422649399888 2000.0
164.046756556 -7.93541686313 0.444142432179 1800.0
3936.81163458 -8.04536576472 0.576058038042 2400.0
5885.92744507 1.35430105635 0.920066741247 2200.0
661.258586429 -4.68969376559 0.313996698331 2000.0
1610.90299271 -3.51956964137 0.305933556149 2200.0
12797.208649 -12.6633790398 1.0219896521 4800.0
66.6299993937 -20.1431759629 0.708019337781 4800.0
3421.13585479 17.8355762432 0.807818058324 2800.0
-1781.94324295 1.1872010168 0.250488475639 2200.0
-1151.87052196 5.67152158973 0.289766409908 2000.0
3467.13312886 -2.65901378315 0.351184600874 2200.0
7577.45919192 6.54671979718 0.95881675692 4800.0
1965.39327863 10.756667546 0.647380546902 2200.0
4826.23347503 11.6595007139 0.758742071639 4800.0
-7996.03273074 -2.47397893825 0.953790801106 4000.0
5285.49520191 14.6908679638 0.780142374296 4800.0
-2437.73217304 5.66138689554 0.342001507331 2000.0
-1272.85911269 -8.55013451906 0.464200390895 2200.0
-3290.56825283 -23.9070515833 0.915396031916 4600.0
-2816.99022655 28.2765919972 1.00985242192 4600.0
-4975.64693187 -2.03045443685 0.506216485858 2200.0
-5096.66943228 -8.39796469181 1.0010752315 1800.0
1475.56246831 22.4927751947 0.803372897919 4400.0
4674.59712329 -2.66422620813 0.621684659752 2400.0
4587.19470931 4.43829665149 0.635589652968 2400.0
2901.33680696 23.9540731616 0.825961648661 4200.0
8856.59587022 -1.45405334035 0.963405290022 4400.0
-4137.98107868 16.2334899001 0.582079698475 2000.0
-819.657004753 7.49255001929 0.398304215478 1800.0
-483.208387905 -10.8144532385 0.489106234899 2200.0
-1238.85519344 -8.11012613489 0.516955793276 2400.0
3897.13309318 12.9807729292 0.717696515245 2200.0
1990.56471182 20.8565933213 0.806168537647 3400.0
-3555.83505957 -48.8352223712 1.14146654535 4800.0
4389.61229137 1.17110138456 0.664024284805 4800.0
3240.60503889 -23.7197382593 0.661192778266 4000.0
-3783.52138366 -10.8476110862 0.616143050577 2400.0
1967.53927432 7.33194061259 0.480802216437 2200.0
-5034.68379941 14.4142051987 0.540774626367 2000.0
1409.69699434 -30.2901552232 0.755168323135 4600.0
-3565.46854128 7.55214800146 0.303126378329 2000.0
-1931.67439829 -19.5635321051 0.669695634018 4000.0
-5820.24390871 -13.3200093699 1.23950229707 4200.0
-2427.56325952 -2.91032534557 0.365090322446 2000.0
-817.77758188 2.28926371167 0.333133853001 2200.0
-6977.64418776 1.51577513046 0.758086845149 4800.0
-2695.89184997 1.30871315521 0.373730849912 2200.0
-2412.04756196 -4.4845567571 0.456964604474 2000.0
8850.37815574 3.84666955595 0.998929271367 4800.0
-4299.47529097 17.8216181103 0.592575372747 2400.0
-6760.38197921 0.799640838621 0.902895533453 4800.0
-2890.36271076 28.5200258727 0.888315161883 4400.0
3931.9059352 -13.8778708548 0.622756319819 3600.0
3796.6756858 -24.8586649453 0.910170578446 2400.0
4721.33379379 -19.7347876471 0.889749552075 2000.0
-5317.10226264 -9.83843720151 1.07956119379 4200.0
2973.28238954 -7.53408035679 0.463767476975 2400.0
-6125.9287102 -5.63517995255 0.947142246121 4800.0
-2567.61315466 -18.0018843217 0.754509081517 4000.0
-4485.7816755 22.9322204159 0.8285135557 4200.0
-3427.14647902 42.7123974665 1.14846231768 4800.0
3986.70855441 17.7769381158 0.768827506757 2400.0
-5845.73693015 -1.0373428632 1.25758379439 2000.0
2678.13508836 -25.0472522451 0.692161170971 4800.0
-6625.51660047 11.7910802918 0.952682957094 4800.0
-2097.20642483 -1.1811694887 0.334264220469 2200.0
-826.682556998 0.582743213051 0.290998758422 1800.0
-6854.74831091 14.7310099491 0.785975198897 1800.0
-4659.4595866 -3.45963721552 0.848033945805 1800.0
-5732.50776648 20.6846417072 1.00727655484 4800.0
-3607.73935988 -5.2727041901 0.564300837223 2000.0
-4115.3766419 -18.6859962518 1.02785220916 4800.0
-4578.51803306 13.9536396693 0.797701349708 2400.0
-4726.18770477 8.28838956936 0.477350318426 2200.0
-3612.3735938 -0.47926870374 0.385735485814 2000.0
-669.191769618 -7.37703861085 0.423952180926 1800.0
-372.897553017 -28.0582509561 0.795444842106 4800.0
-9014.77609359 -9.64966064266 1.56581463707 4800.0
-20.7138249292 -12.9595374033 0.598505249818 2200.0
-6127.11778527 19.0846082422 1.00420081021 4600.0
-212.954974114 -22.8270668527 0.703878908811 4600.0
-4217.87434058 -7.95923092874 0.691850263318 2000.0
3306.69291437 9.17056595589 0.544171926114 2400.0
11163.8141678 -4.45671007885 1.36895386582 4800.0
-2497.80950993 1.84151460188 0.329794954601 2000.0
-4806.14844231 -7.86043355877 0.975077994801 2400.0
1655.72832797 -0.095831318105 0.295754390429 2200.0
-4145.66080146 -5.44942359976 0.554587932795 2200.0
-17.4396308486 29.059969491 0.822265508653 4000.0
826.968590508 -6.24986096751 0.399454505072 2400.0
-5133.85962642 -3.92585162366 1.03210863271 2000.0
-3.87004271717 0.567492660907 0.30004567551 1800.0
2713.82927731 -8.63935701367 0.450887279591 2200.0
-1226.96868067 -7.62037947462 0.442398298412 2000.0
-4305.68150621 -10.9911111389 0.91945977925 4600.0
7072.26144344 -2.59497783949 0.857344985729 4800.0
-9522.95328501 -22.0040889561 1.11216562283 4800.0
1803.48656416 -5.0153509786 0.309586925656 2000.0
2808.46546443 -10.0220941958 0.430268879369 2000.0
-3365.82338492 -23.2115392759 0.961120896424 4200.0
6601.38857887 14.6194333885 1.01471109058 4800.0
-6781.20408523 25.9131220463 1.01335455516 4800.0
8892.02689509 10.3840582196 0.999578159451 4800.0
-900.281911689 -11.5657261834 0.460907616348 2000.0
10032.3521467 19.3333913581 1.04986864272 4800.0
14071.8173493 18.3994209744 1.12679982726 4800.0
-2611.53273099 -3.1819668791 0.469557130512 2000.0
-3313.92981642 -22.6363821553 0.740326854276 4800.0
4599.87835971 -12.8135536439 0.639822411846 3600.0
-2658.27018517 -3.89255199667 0.425998876772 2200.0
-3349.32229413 2.60217308765 0.438314177805 2200.0
8474.34243587 10.3326438716 0.983085843383 4800.0
-518.061567218 14.1594455873 0.544017224836 2000.0
1095.79548446 -3.8243560371 0.358995258897 1800.0
1443.06797785 0.786889180462 0.254909458318 2000.0
-3547.15909107 12.3925970003 0.429983786471 2000.0
4224.91452275 -8.16847614327 0.638971751399 4400.0
9876.69762437 -7.19905424551 1.12860595028 4800.0
1624.33454867 19.1242847969 0.62278376486 2000.0
1621.40444893 9.51836410694 0.485455122711 2200.0
-5923.01929395 -11.5798587977 0.953549587689 4800.0
615.730454135 -3.91240504405 0.336756156175 2000.0
792.697472188 -10.6821179591 0.465689009029 2000.0
-515.299665682 46.1126205295 1.08072824146 4800.0
1764.22951417 -27.9892963207 0.780293940134 4600.0
-580.289392925 30.3474637489 0.874620250316 4800.0
1320.86380709 -16.8284351106 0.563475682669 2000.0
-142.703266633 -12.72688923 0.623771580788 2200.0
-6734.16188132 -4.49394463341 1.00898805221 4800.0
1590.21959711 8.68493105954 0.399203243112 2200.0
-5936.17971352 13.7085198311 1.01563000567 4800.0
-214.339193903 -14.3953722996 0.612943766738 2000.0
-3306.53095363 23.9877386866 0.677559154838 2000.0
3730.07957919 -26.938993673 0.742065175486 4400.0
344.308731691 10.0536732586 0.400324659585 2200.0
-4608.56048313 11.0767863229 0.818920222773 2000.0
556.307630848 -5.09086412895 0.367838851661 2200.0
-2882.06075633 4.4376923894 0.331430365912 1800.0
7061.8704772 39.4121974425 0.958823886471 4800.0
12.993232512 9.07126473487 0.467455821061 1800.0
6455.7483205 3.28344795197 0.880011128228 3800.0
6201.57607287 2.01984386677 0.850386668483 4800.0
2684.38677998 19.6948635844 0.807138526131 4800.0
-5975.3017744 34.7710060097 1.14406496346 4800.0
1437.14798066 -18.6760598144 0.525022249801 2000.0
827.162579486 -24.1576141092 0.720865633098 4600.0
-7462.88736044 1.59136755631 0.939238932519 4600.0
-1026.71199352 -0.562663524422 0.24747859363 2000.0
3670.67147846 12.3169786699 0.50718471883 2200.0
-1535.72430371 -6.18192115072 0.416235117872 2000.0
1603.83339999 28.0409468755 0.785329185868 2400.0
1527.16914683 17.5467986667 0.761509790332 2200.0
-3245.86638177 -11.4322162328 0.748807375124 2600.0
-1167.29255029 18.7283661336 0.596143807604 2200.0
-2184.27415374 -2.71789599071 0.440560858485 2400.0
1880.71525291 6.10437742477 0.397457579794 2000.0
-6179.05279558 1.40633348048 0.778622645083 2600.0
-7008.0397109 -8.98563257676 1.30185031496 4600.0
-955.308455134 8.50617401345 0.35678477867 2000.0
-1063.64586856 -29.7641828346 0.812511309098 4800.0
3108.69704642 5.30722658283 0.46997656396 2200.0
-3675.5606343 -4.27522046291 0.485382617727 2400.0
3072.07625428 8.9391657402 0.56721214112 2200.0
-3471.26257397 14.7833572791 0.489375818388 2000.0
-1029.82548194 -4.83612476729 0.329962036424 2200.0
1632.77646974 -7.55815708742 0.338262838177 2200.0
-2761.35722327 8.04087080926 0.42416527402 2000.0
-784.259590939 -18.5579425092 0.689173346835 4800.0
1822.59931313 -33.7428222229 0.872348774997 4800.0
1.59017856558 11.3656958505 0.480252941236 1800.0
-2403.77341969 1.63947688329 0.341289230012 2000.0
3029.02838713 11.1539614805 0.491418901639 2400.0
29.5962087981 1.52430854186 0.406666244316 2200.0
2258.64232915 25.3365657917 0.872807060964 4000.0
-6539.12858955 -22.1826721471 1.24596594833 4800.0
111.904749594 9.60903560406 0.52564859394 2200.0
5687.1195362 5.72560756763 0.795843561545 4800.0
4822.37789105 9.31057378879 0.833100172749 4800.0
8808.8979655 0.242495728897 1.22737240599 4800.0
9684.49257046 21.2825223561 1.32081952174 4800.0
1375.3182013 8.17801862706 0.462257169497 2000.0
7201.11280858 -25.6252114661 0.981165653772 4600.0
-8996.70295668 -2.44402100103 1.59503257878 4800.0
1864.47450498 -0.0716002551805 0.288349485369 2000.0
7161.04039777 -14.9993982408 1.08978841346 4800.0
-399.315427402 -20.9584397606 0.661585703385 4600.0
4446.29926695 18.7534210169 0.887258862799 4400.0
1287.87383082 2.85968369446 0.286803002329 2000.0
-2962.91834298 17.1351186042 0.663929664413 2200.0
-1059.37465431 2.76225090022 0.266306224077 2200.0
146.302986226 7.12767910042 0.48700483056 2200.0
-6278.48758591 16.3976896166 0.975812423469 4600.0
-3632.64933549 -9.58905121662 0.715686259909 2000.0
3543.04032919 -2.1054042208 0.411074774676 2000.0
1030.83988265 6.45462272351 0.405005062122 2200.0
354.148744538 15.6005055194 0.620080214113 2200.0
638.968239857 7.53152754492 0.346094143948 2000.0
-5838.5021918 2.77673573461 0.712134052413 2200.0
-8732.28405216 11.2590594147 1.0175972007 4800.0
558.785448277 2.72726142538 0.318437986212 2200.0
-1564.68584319 20.4807325757 0.67842026187 2000.0
-4422.18875001 29.144975886 0.938032862463 4800.0
5407.73456498 -11.5003109358 0.786749010379 4800.0
-71.4115916699 -10.2816566014 0.528212445321 2200.0
-7906.13001717 -1.2484628318 1.00198699615 4800.0
-671.079774623 -36.3944675542 0.720225681458 4800.0
-6258.47600477 -21.8881039102 0.957596025066 4800.0
-4396.88592783 -27.2247311142 1.03286621951 4800.0
-2932.61352435 19.8456160696 0.716151410858 2600.0
6780.50709931 -0.388818100966 0.854682255645 4800.0
6901.72338327 8.1642982725 0.996313307686 4800.0
-659.105461457 -20.7797348282 0.781797591371 4600.0
2099.26172681 9.8171290545 0.502736555742 2000.0
-2216.01487295 10.6005122701 0.435889396154 1800.0
-3692.3211744 1.53248856849 0.479762029943 1800.0
-1049.64905802 -18.1744746726 0.713521728941 4400.0
-1949.73611741 -7.52541471763 0.546431636122 2200.0
3407.19074253 22.7355137295 0.758409654988 2400.0
-4966.00663985 -26.6845305517 0.890783267108 4800.0
-7815.29942453 27.0728413286 1.10264735417 4800.0
9535.29278096 -4.09607389802 0.991703776183 4800.0
-2342.37425055 8.90772518378 0.339111705981 2000.0
6180.08920745 7.75326844029 0.846403480337 4800.0
-2819.40371389 -16.357227656 0.776945175939 3400.0
-6914.65328985 -12.1105899813 1.08006154048 4800.0
9216.51906451 -34.1799077115 0.989293685193 4600.0
-1463.85755503 25.1115359369 0.867398952569 4800.0
7632.20480875 -0.768537892641 0.938684457568 4800.0
4892.71278168 10.6378864324 0.751698909372 4200.0
470.21579803 -12.3870114721 0.543157959197 2200.0
2070.59969437 5.22525853774 0.337902176194 2000.0
-3040.95613755 20.418132355 0.620889079053 2000.0
4042.95108609 50.7476561458 1.11142558072 4400.0
4123.75211724 2.42095609772 0.558026145444 2000.0
258.328156322 14.0434704041 0.5540740385 2200.0
-5609.75864292 -5.34668964273 1.06834968578 4200.0
1451.14341964 35.9002403499 0.763316705337 2000.0
4941.6155377 -3.96729979029 0.659578433124 4800.0
477.298669013 -30.4825076779 0.687530896438 4800.0
4865.82565714 -1.48948772491 0.677606596992 2400.0
293.239199632 -3.41809418894 0.338395482095 2200.0
-1435.38957461 1.60203504382 0.245205557982 2200.0
-810.247981186 -1.58045522558 0.309134749575 1800.0
-2098.77249844 6.67533105596 0.379677565929 1800.0
-6095.3006213 5.0378485177 0.896352801579 4800.0
11324.1638735 6.99175877266 1.08753691089 4800.0
-260.220354749 -19.6138595017 0.676077453962 4600.0
-62.6035371832 -21.7085815025 0.759838577874 4800.0
9735.81567071 6.81801474394 1.06690981687 4800.0
3118.3908615 8.3160662518 0.531492442932 2400.0
3617.42685885 -12.4042047971 0.535532708462 2200.0
-2448.68161413 -7.85582555979 0.62798192202 2200.0
-3870.23861145 -22.892121446 0.837716269271 4600.0
3382.61319053 12.0799196825 0.744998281185 4200.0
2294.28222793 4.90844377693 0.454875358049 2200.0
-364.664109133 1.79931620667 0.271458491379 2200.0
4472.56811391 6.22469823723 0.699411266818 2400.0
6662.20725924 -21.2420925063 0.888445085218 4800.0
2522.81102777 -11.7029586711 0.515799332004 2200.0
232.753053508 0.617794017447 0.310030556146 2200.0
780.416431153 1.00459410768 0.27045364671 2200.0
1672.35900692 18.9141394903 0.822511744966 4800.0
3120.16216655 -26.7240788059 0.776705689994 4800.0
-705.527556533 6.39282194679 0.356762190555 2000.0
-7966.8668279 -14.8424820494 1.0717285657 4800.0
5180.11128443 0.790309952959 0.788385193949 4800.0
-4127.09596855 20.5364781877 0.875716892053 2000.0
-1224.31756536 -7.15387262077 0.456901619245 2200.0
-3999.73855478 -5.56873879877 0.489747280777 2000.0
-9029.27669061 -7.49203461389 1.00583685119 4800.0
-7683.22936046 1.82263479297 1.01789937863 4800.0
-5560.33671476 17.8349545762 0.739456092502 2400.0
7677.41342665 4.3913626336 0.948110116778 4600.0
-5008.16186131 19.72295332 0.756432533922 4800.0
-4314.99164602 10.5951273429 0.434561974582 2200.0
-3918.58912989 4.86024539881 0.4143524804 2200.0
-5284.39114455 -1.28725245269 0.958463102901 1800.0
1389.23855565 11.4099101554 0.505106135114 2000.0
-3146.9526506 -10.758984827 0.665010751127 2200.0
-408.511420712 -11.1336095629 0.482996947025 2200.0
2043.21943251 7.02513052427 0.472429115423 2200.0
2501.86021945 4.02355162829 0.413452130488 2200.0
3674.78257324 6.80862029983 0.583768078735 2200.0
-11593.5121415 26.7754629962 1.24554183642 4400.0
-4113.61848859 -23.3578992552 1.08808068417 4600.0
2118.33662764 -20.6725290236 0.710060243451 2400.0
5393.72000664 8.27410449948 0.750395727447 4800.0
-1229.3079099 1.73006969696 0.348552582675 1800.0
8213.22177185 -10.4304155739 0.981427732773 4600.0
-3609.28926224 21.3964472022 0.772340851352 2200.0
-5086.93209862 8.59805888489 0.74085450628 1800.0
-5268.57881859 -17.3459787555 1.03357265539 4600.0
11291.4594862 -14.7400625803 1.16723635569 4800.0
9942.24459804 -8.65830920776 1.13093583277 4800.0
809.973968768 -0.0691955131129 0.341584155048 1800.0
5391.22388934 9.73137935466 0.776870965464 4400.0
9151.36836894 -20.8476113263 0.976973380373 4600.0
-3918.19045433 -2.64160363575 0.463660696045 2000.0
1443.10876011 -5.33638032811 0.360821006389 2000.0
-1941.46608799 0.920765325232 0.281186883339 2200.0
-4932.9479055 7.88960201126 0.524742194871 2200.0
-7280.9650092 -23.2309600612 1.14900049399 4800.0
-4181.84147413 12.5814167496 0.669601062002 1800.0
-5839.68052017 -8.18478742669 0.742180188561 4800.0
-4451.69513744 -4.68827029739 0.862831816616 2400.0
1735.63820421 -8.51871272795 0.375058943826 2200.0
-546.522691752 -12.02568937 0.584802297566 2200.0
4205.0312826 -16.8496283076 0.677664809683 4400.0
2420.64720014 3.96671538199 0.431137431311 2200.0
211.731153428 -0.0878771628346 0.308838264673 2200.0
-4478.80998109 11.6295458335 0.763415289542 1600.0
-1836.35089033 -27.5048401199 0.883893517694 4800.0
-1712.66586234 14.420660663 0.506455593777 2200.0
2129.78948142 24.8002500882 0.880986516013 4800.0
-4755.60553682 -19.0201159168 1.121727305 4200.0
3806.25675045 -2.13709192521 0.539329456356 2200.0
-3110.18226611 -16.1298571592 0.880483990679 2200.0
-4855.65741402 6.09422327256 0.704648051691 2000.0
-1001.56056059 1.27949344464 0.239289441402 2000.0
4570.79655911 21.3761213907 0.951337272243 4400.0
7487.80817035 4.21656469962 0.960250829436 4800.0
-5457.10767637 -27.1705923202 1.05526768529 4800.0
1768.05221495 26.1729753892 0.842530946583 3400.0
7125.21255244 23.7776262945 0.868713036821 4800.0
5854.3800009 -10.5611778518 0.767665443289 4800.0
-1131.26136088 -2.48429288961 0.29833298004 2200.0
3404.80896908 6.87314445378 0.595041090299 2400.0
-3164.55044377 -5.24759290791 0.4945760395 2200.0
9285.140298 14.4917315843 1.04416513463 4800.0
3701.95158417 9.62311417906 0.72281266606 4600.0
-3861.63749375 -17.0602821219 1.04878604818 2200.0
3687.09711223 4.42756390189 0.593134111971 2400.0
-2615.2017661 -24.3981090075 0.862770664585 4800.0
-132.034137512 14.55560799 0.602240192206 2400.0
-4505.23396096 15.4244833267 0.701494640696 2200.0
-3525.09481339 -7.95790726808 0.622806562918 1800.0
-3464.08921805 -12.9468929831 0.692764835122 4400.0
-1104.34319583 16.7623423487 0.668606558469 2000.0
-1811.92757049 11.9095772942 0.465762451083 2200.0
2717.16584857 -15.1464117317 0.596866466043 2200.0
-5605.08471512 2.80551999967 0.814470117648 2200.0
-168.765591787 -2.00676400278 0.302037469114 1800.0
1934.37060283 23.0726089778 0.843810517445 4200.0
-2316.90846437 17.124586652 0.558145034604 2200.0
-3131.89848036 -24.4351118163 0.80062921869 4800.0
5305.5382118 25.3684053216 0.873452763626 4400.0
3202.87893103 19.8037761686 0.889079997575 4800.0
4984.84202708 -1.82835815636 0.670320298493 4800.0
9665.1669294 2.04795313118 1.00109570394 4800.0
8581.25022194 9.29210223754 1.02476933769 4800.0
4105.64945037 16.3969359303 0.883790095054 4400.0
-145.359980125 -24.2384131799 0.695151079369 4800.0
-3244.18991441 0.110891421499 0.391398090141 2000.0
293.55193228 9.96639080788 0.433692002805 2200.0
-2355.40180434 -15.6261971254 0.722927902693 2200.0
-5691.03674011 -23.4727642899 1.04760729107 4800.0
-5882.64615928 -21.6472719936 1.29575618652 4800.0
1816.64226026 -13.3835997033 0.501551499917 2000.0
-4601.03713789 -1.57647099417 0.583986679967 2200.0
1476.31875897 2.6047020834 0.283146603157 2000.0
-10175.9889995 -9.39703945732 1.02992744025 4800.0
-1790.39209832 2.88807254507 0.315967385279 1800.0
-3778.6146091 14.7360706642 0.786780264122 2200.0
6428.17197324 9.59485006726 0.853303098677 4800.0
3440.92501344 24.4064367208 0.861938965668 4400.0
6744.24816243 -3.85642979556 0.87619947069 4600.0
1423.67297456 6.73999001672 0.37976978563 2000.0
-917.15496132 0.0426956891165 0.234418365738 2000.0
5559.38474763 19.3181734591 0.926873961968 4800.0
2582.63210792 -22.0586554465 0.702903441189 4800.0
-4627.34826925 -17.5966170525 1.01710617841 4800.0
-4085.79611701 16.0635196977 0.663497126343 2200.0
2211.78749703 2.98381717591 0.416951080725 2200.0
-8436.18312909 11.22559342 1.53505433612 4800.0
-3467.41525255 4.4173877977 0.444967353643 1800.0
-4405.72322812 5.56447674482 0.70354552068 1600.0
1565.03109298 -8.07863170304 0.346494066363 2200.0
3563.19104665 5.32439217002 0.577771863737 2400.0
293.607136771 16.442822279 0.612070709657 2200.0
-3079.24119642 -24.6577142952 0.915110252646 4000.0
3408.56711797 -21.1373230521 0.693768277594 4200.0
-883.65242553 4.31168336553 0.320508950949 1800.0
6270.45499487 -6.03475542684 0.96098753732 2200.0
-3452.89254403 16.756377032 0.602356413926 2000.0
-1280.19062083 -2.17850581188 0.394161489875 1800.0
5537.42433838 -2.90108230252 0.639776089175 2400.0
1465.15669211 -11.9930679116 0.488048141159 2000.0
-5070.79443464 -16.7539152729 1.0166152929 4800.0
-1213.07763448 -24.4135648698 0.828180217489 4800.0
-5569.0472357 9.2625797958 0.793643585629 2000.0
1247.46899514 -11.0963577163 0.471082858467 2400.0
5014.22960262 6.26834921876 0.75635611317 4600.0
1591.24359616 0.548862938331 0.255694056496 2000.0
2087.53020678 -5.38572434655 0.41241929736 2200.0
531.31779166 -17.0753366127 0.681617354549 2400.0
-583.736648105 -16.600519202 0.627779551381 4800.0
-3472.29110242 24.8368002007 0.879066164599 4800.0
417.870527944 -8.80041430706 0.411200879667 2200.0
11072.4401362 7.50031415221 1.00389038773 4800.0
494.546358986 -7.9371362978 0.397303210748 2200.0
555.665807674 0.2047290169 0.290156717419 2200.0
-8226.49700909 -3.54342828777 0.994351094763 4800.0
3400.18033218 0.506840865373 0.53790645065 2200.0
2326.44790637 -15.8325688164 0.632711217192 2000.0
2102.61227436 12.8117850393 0.506446598801 2200.0
1023.66828474 -1.60798351007 0.284565613437 2200.0
4008.60818824 -7.08344843991 0.52358343149 2400.0
-1626.79665681 25.1463617375 0.766584811214 2200.0
4066.69482445 15.8855439021 0.764331018345 4600.0
-728.422794241 25.1941908957 0.833340696095 2800.0
3440.27252782 -6.54347903128 0.408936004979 2200.0
7753.30743843 -33.9298611901 1.01288343201 4400.0
-2835.71613382 -7.77130880704 0.47043588814 2400.0
4328.41395247 -3.96012424733 0.661268253703 4600.0
-5357.54148765 15.8806081019 1.01765225148 2000.0
-11989.1616155 10.7093570246 1.06392894556 4800.0
-7837.73871429 -15.5774023808 1.03005234231 4800.0
-4159.4285645 -0.853411199531 0.637073404487 1800.0
-61.6031942049 -5.02937554805 0.381863431109 1800.0
-136.826728608 7.01472364732 0.371772725914 1800.0
895.241007544 0.669383068392 0.347106506199 2000.0
9177.81115449 3.91711359922 0.986521306186 4800.0
-4674.70552821 7.42712689683 0.447886953462 2200.0
11385.4887973 -0.0475733180452 1.11619330268 4800.0
7406.56895674 -10.0895318831 0.861489854239 4000.0
-3900.13590725 -38.7854276007 1.05397641345 4800.0
2650.3031533 -22.5434209523 0.740166337162 3600.0
2664.72823095 2.16406336008 0.393587928369 2000.0
-110.842929462 18.8039358812 0.788819005187 2400.0
3968.65657009 -1.2994144998 0.548838327027 2200.0
2101.24589969 -3.47173227054 0.361955951762 1800.0
-539.484416883 12.2447821486 0.407673415296 2000.0
5123.1096574 -25.7104948878 0.855933188307 4800.0
-433.558170088 6.27353113866 0.340161957338 2200.0
-3095.63610602 -5.42390793792 0.525671031147 2200.0
2785.17548712 3.76705807618 0.428794562036 2200.0
911.340737098 1.44551135245 0.29072517985 2200.0
-3349.65629849 9.95436918198 0.361231749474 1800.0
-3836.01451156 -14.516038679 0.882880222722 4400.0
5886.65889382 -27.362247586 1.18580700009 4400.0
1623.47894823 -22.493028469 0.720284290853 4400.0
-6102.06346691 -18.4142631868 1.0543381864 4800.0
-11600.2567491 -3.72618211538 1.10285510993 4800.0
2589.31167848 -16.233463523 0.611521486801 2200.0
-646.460010305 0.144010408454 0.230653195354 2000.0
-1359.46556106 -12.0750344778 0.59732954421 2200.0
538.916858559 21.9728518702 0.734466599566 2400.0
-217.433912039 -12.5083641357 0.597020466811 2200.0
5438.3195437 -14.4334818594 0.807329200377 4000.0
2029.08644029 -7.05248361911 0.244365606676 2000.0
-2142.1261883 -3.13129675415 0.382039530203 1800.0
-3012.96760433 -17.1397802045 0.766433769188 4200.0
6915.58839374 -3.09795440005 0.916197656912 4800.0
7624.35014893 10.1369327699 0.95275622043 4800.0
-1157.77393204 -21.1175877515 0.689985999406 4800.0
-5236.31287086 -3.06651837516 0.824622791266 2000.0
1981.35741136 -1.81549588765 0.27793932365 2000.0
-2336.23566204 -14.9065867568 0.637364256457 2000.0
-4204.31282923 -14.6762800376 1.08499885465 4200.0
640.892222351 7.16306530669 0.411173040618 2200.0
-2939.07707727 -3.25672648757 0.41340859245 2200.0
-966.498245276 33.1018429873 0.982758417755 4400.0
1156.65762551 -10.5392642848 0.473157567473 2200.0
-3908.51844164 7.19295611162 0.488660119771 2200.0
2291.0656902 -12.9362626014 0.524068273271 2000.0
-5100.7459159 -2.38035945694 0.629229215158 2600.0
-4522.9884285 1.87243793255 0.733868578519 1800.0
-2104.16492875 14.9843583972 0.482641278692 2000.0
-1044.43709708 -5.85371591699 0.380528100098 2200.0
-4051.74195941 2.62194642889 0.334451784228 2000.0
-1872.92967022 0.573042857102 0.389454432552 2000.0
2293.16890885 -13.0063151422 0.543063293592 2200.0
1395.30359427 -16.7044876693 0.53123607469 2000.0
-326.27144919 3.98819826012 0.298500898294 2000.0
1233.9541012 19.3675746871 0.818004532056 2000.0
1688.83978863 -2.54273734054 0.274186419508 2000.0
1937.05258479 -31.1103014317 0.819128699734 4800.0
-2690.91714835 -12.4421790031 0.67775954562 2200.0
2519.26964037 2.58848572498 0.43441961978 2000.0
-1601.58203011 -11.6248733983 0.579197390686 2000.0
-304.966431174 9.98331411701 0.422373564561 2000.0
-1185.43429488 20.5159810355 0.715707208459 2000.0
5627.05002115 7.2860825501 0.750589680753 4800.0
8170.90180021 37.8123708899 1.02758170219 4800.0
-4244.19782205 12.6018491935 0.542603381368 2000.0
-11472.6453442 -28.3134317099 1.0757921354 4800.0
2914.7837367 8.38318078743 0.601444032634 2200.0
1587.47335198 18.7084737685 0.758699868356 2200.0
-1421.73419052 19.6170318871 0.805802706714 2200.0
-2511.79470757 6.74744679878 0.320998195328 2200.0
7765.11511687 -8.2857717829 0.925220738729 4000.0
2832.06464621 9.96982940078 0.511728642447 2200.0
4569.2691087 1.68353981789 0.681404468375 4400.0
-9076.6344737 11.2476200924 1.05362705159 4600.0
-4240.17344164 -10.6535139217 0.826410885444 2800.0
4934.45302927 7.87377676352 0.741996764658 4800.0
11960.6655209 5.52993153846 1.50524268624 4800.0
-143.158744701 -11.8507197411 0.503850907713 2200.0
4668.22041453 21.5384748927 0.938670562447 4600.0
-728.715174617 15.8672950686 0.588956354255 2000.0
10018.2469044 11.1771195419 1.02318835175 4800.0
5028.21843019 2.78679261528 0.713104631065 4400.0
-1797.6570918 1.81594536747 0.378567418816 2000.0
-5899.56531445 24.4195282865 0.932291740306 4000.0
7359.44780561 5.90071140682 0.950599536804 4800.0
3260.5050322 4.72625116777 0.581272996158 2200.0
-8987.80511705 -26.7418103129 1.12210557502 4800.0
-1842.91808575 -3.30136456521 0.46957883624 2200.0
2366.66723014 -15.9513476582 0.585364786606 2200.0
1797.1033768 -25.6536508677 0.779569433923 4800.0
-1861.00003741 -3.35391572955 0.372553888872 2200.0
1400.36262585 5.75378759916 0.38445982072 2000.0
4202.43862887 -7.76987018749 0.650960672375 4400.0
-146.327629461 -2.60397222211 0.305893007081 1800.0
-4873.59473592 1.1983222354 0.87461642368 1800.0
-8399.78040191 -27.8752518113 1.07542944228 4800.0
-1318.43410432 -2.64386161989 0.407365565109 2200.0
-3093.03647364 14.597247369 0.573048613572 2200.0
-8709.88105131 -10.6579640067 1.36821740796 4400.0
10713.6569567 14.3384562916 1.01576033498 4800.0
2316.67237437 -5.36130757801 0.382158161055 2200.0
786.271987825 13.529256169 0.634765572532 2000.0
1868.85552343 3.50347473848 0.282749799209 2000.0
2680.14153969 19.6187463832 0.874721048706 4600.0
-5487.93119592 -0.0701460565197 0.83735401043 2200.0
-3867.11145364 -29.8072198744 0.921587416818 4800.0
-5417.36206846 11.9874734322 0.940731800087 2000.0
5430.79775663 -2.04703550006 0.693695089793 4800.0
5570.28509436 7.04436197988 0.852900671204 4800.0
-839.964532428 0.732865499266 0.227839938544 2000.0
5679.70695348 0.592357615299 0.779679765217 4800.0
-450.703498152 -27.5714952533 0.769641696986 4800.0
-3350.26417853 -8.995900908 0.748614964776 2200.0
-343.924049412 4.07948302295 0.263582526048 2000.0
-5382.50856675 -17.0584792669 1.27958638523 4800.0
-436.331179923 -23.8815277973 0.690269803527 4800.0
1671.73664387 11.8590077316 0.471685640132 2200.0
