-2405.33414271 13.3940435335 0.45572222058 2000.0
-3034.61762929 -13.9937321474 0.67869856807 4800.0
-1609.31671426 11.0506401996 0.296749197035 2000.0
-2476.66383333 13.2925514004 0.473432707333 1800.0
2484.84449664 32.5236523858 0.714529016035 2000.0
-413.080607897 11.4750307864 0.360823126289 2000.0
-9822.88001167 13.5089395471 0.958849427568 4000.0
-1137.23594279 7.29742787795 0.24015078468 2000.0
-5037.32108308 13.4973701474 0.705593767875 1000.0
757.827909357 -2.66938010432 0.211332619395 2000.0
5654.14590946 8.02799402087 0.850046578017 4400.0
1032.8250143 -8.46208547585 0.363771550237 2000.0
239.482164823 -3.64061344566 0.220634820828 2000.0
-2964.17808976 2.52669233765 0.241726818107 2000.0
-5302.47710625 -17.0615597778 0.826947737172 1400.0
717.447778857 9.2431193415 0.481870425847 2400.0
-2212.87103871 -13.4412797682 0.611364546278 3400.0
-4463.04417136 -3.45164268589 0.676912836044 1600.0
-2870.58682112 4.38102858454 0.28627699002 2200.0
-2010.42030285 26.2297119812 0.434985626634 2000.0
5310.07773141 25.3931708373 0.688096142956 1800.0
-5752.50972951 -18.9795671832 0.74295572178 4800.0
-7537.6465741 6.33875377322 0.87264276896 4600.0
-7507.28804639 6.03179712212 0.915071356117 1600.0
9232.05412783 -19.0357541887 0.945014146642 2800.0
5309.41521702 -28.4284765154 0.768606654515 4800.0
-1220.42622723 9.31181507053 0.302072603021 2000.0
-51.3463228711 12.9718512324 0.402805315665 2000.0
-950.709244887 -6.6872428676 0.403319803189 2200.0
12739.442866 16.1947043398 0.962663025415 3200.0
-1513.49210132 -7.35176534758 0.309178563949 2000.0
3663.59201875 5.70655710266 0.366093681832 2000.0
4153.13417591 15.1884480722 0.738863593016 2400.0
8375.50992163 -13.3650546517 0.876910140668 2000.0
-297.407638226 -5.33135755811 0.305083838042 2000.0
-622.191825796 8.30860919506 0.317559694697 2000.0
7738.94946575 9.04940563108 0.910682918054 3000.0
3410.70845026 -18.0522854186 0.636160682022 2200.0
-2600.70594458 -1.17620353322 0.287053285217 2000.0
-428.366609386 0.940519419326 0.0720323987024 2000.0
-7146.16742232 -10.3517574666 0.86291193501 3800.0
4124.09185171 -19.9326654772 0.704063778818 4800.0
8640.6441772 -4.82566073204 0.936053262809 4600.0
-8755.28406093 18.0112370421 0.964410062394 4400.0
-4166.85216341 -1.9628802436 0.51204506878 1800.0
3180.96324529 -18.6467758997 0.592748405482 2200.0
-798.029641449 5.77785150118 0.212039206108 2000.0
297.427658471 -19.1606236715 0.642788762348 4800.0
-1525.8236135 -10.4712590487 0.434021006564 2000.0
3079.84457963 0.842823529334 0.332322822995 2200.0
-6340.25646117 -4.4763058847 0.77408537299 3400.0
-5244.87540204 -11.8672569268 0.696275659795 1000.0
-3297.17029908 -7.37060930551 0.503308321996 1800.0
-1500.40660228 -10.3116608346 0.507747312128 2000.0
-1585.7247355 -13.1239776659 0.47572426304 2200.0
-3465.18046975 3.40915191365 0.385883097567 1800.0
-3153.995126 -5.04958365554 0.42800485182 1800.0
-4771.30800686 21.9591060938 0.687857390809 1200.0
442.133473052 1.23461708157 0.10202289711 2000.0
-3022.34811696 -6.59070018699 0.488098104613 2200.0
1136.81631129 -12.6454380494 0.48681742027 2200.0
4413.70470385 9.35395655375 0.594669924811 2600.0
2651.53686535 2.64240219036 0.296007417279 2200.0
-238.783713617 3.59380888682 0.166619531132 2000.0
-7315.03745737 3.50827407302 0.833502121051 3400.0
2204.99379426 23.2772173361 0.492322836164 2000.0
8879.08490594 1.63932824789 0.921681489046 4800.0
1813.49871907 0.495112740968 0.191117361411 2000.0
3017.77961333 -29.823681396 0.735387612248 4600.0
-8340.82093289 -1.96553961672 0.922472317634 3400.0
-944.755554618 2.60390890305 0.192605315435 2000.0
-4291.39361152 -6.54422940192 0.611443317082 2600.0
2594.07237677 57.0540435623 0.969339557616 1400.0
7196.22201066 23.1789863243 0.936379208091 4600.0
5908.55455205 5.34894897386 0.8266434092 4800.0
5466.42647758 11.3633168692 0.872458928134 2600.0
-1160.10588941 19.2185670624 0.500609884205 2000.0
4728.76588054 1.29799710598 0.562600172641 2200.0
2913.2195542 5.27782724107 0.297962639853 2200.0
5444.37639625 12.3678578052 0.852352671286 2600.0
-2259.39539366 -0.41838635314 0.265131205585 2000.0
-1148.40996596 -24.7993490806 0.705229679905 4800.0
2034.28154351 -8.09807715134 0.311115047133 2000.0
-1762.75981302 -3.68966421521 0.35295625258 2200.0
-1290.03566938 10.4295138184 0.277255561767 2000.0
5397.83831275 13.1679070378 0.789745402571 4800.0
1612.94826059 17.7508270968 0.764223377634 2000.0
-2727.9092941 13.3528849383 0.414488265346 2000.0
-3878.66748726 -14.7823000908 0.695810347354 4600.0
2718.30373697 -33.3191171396 0.774834335984 4200.0
5649.52207228 17.6460274101 0.869698080984 2400.0
-7921.23191989 -15.3464970996 0.850088886124 2800.0
3014.53695265 11.501839582 0.643101567959 2200.0
-8664.59385993 2.70280693013 0.845305742776 3800.0
209.088509528 0.477120247557 0.175438152981 2000.0
-1903.50546954 15.1836990715 0.384208809621 2000.0
807.517142246 6.86580998046 0.339174683937 2000.0
-8302.58761291 12.1457884185 0.903504153111 4800.0
3184.62734768 11.1236663627 0.632046336228 2800.0
-2043.83087218 -10.7503725152 0.525653707298 2200.0
1023.81200905 -2.18389110078 0.170418729262 2000.0
1866.92925038 8.6464682729 0.35177023935 2200.0
-3931.93895455 -6.57599009707 0.476756198171 1800.0
-1276.47108953 27.3806140737 0.825527956532 4400.0
-4225.29728008 14.5373631104 0.512612694073 1800.0
-8525.79800856 3.59974318621 0.907858867322 4600.0
709.16831392 -10.8372815241 0.41264198574 2000.0
1305.83485173 -15.30538218 0.502896717236 2000.0
-6263.67931239 -9.35578273467 0.695229346228 4800.0
1923.39513251 11.3491633459 0.385050349077 2000.0
-3526.71801006 -0.489557005625 0.393739127404 1800.0
-1087.23002474 5.36679964526 0.21578373386 2000.0
2893.40950244 9.52003161041 0.598021111764 2000.0
1054.00168723 -18.4573325611 0.632969047835 2400.0
-530.382962085 31.7941494035 0.86243748246 2800.0
636.573996088 44.6569653685 0.774966039217 2000.0
-2257.15653827 -11.34576357 0.566843445127 2000.0
1414.42930301 14.0395272108 0.612156531976 2600.0
-4217.35981074 5.28491603284 0.464981758085 1400.0
6697.06896139 -8.08408445076 0.800413424198 2200.0
8123.4150163 12.5827240287 0.914261983797 2400.0
2103.75475787 6.32668641104 0.317492002348 2200.0
-678.744161083 2.25988537212 0.185230026766 2000.0
726.766142971 -0.180242220877 0.112704941152 2000.0
-327.75160587 -3.17778312066 0.236232629513 2000.0
4313.63298339 3.78811122166 0.549271297749 2800.0
-4281.61593589 -0.831394824475 0.449914083227 2000.0
2052.66244376 15.5162587329 0.57920462816 2000.0
-2853.30757306 6.19791813392 0.23797752463 2000.0
-6638.41128257 -11.2519474248 0.710970572416 600.0
8707.30939885 12.2639959998 0.977943444981 4000.0
5717.66115401 13.1795968583 0.872628322445 4800.0
-4072.99067131 16.7127491737 0.624692427414 1400.0
-301.203589097 12.185171674 0.411599194461 2000.0
-3407.45245733 5.61571753935 0.298063415864 1800.0
-352.319218097 18.5647034344 0.557069348437 2200.0
3462.70685119 -1.29203805732 0.311982237343 2000.0
7750.28341438 -3.56594969809 0.862021186529 4800.0
-3770.8891188 4.55237779505 0.368324264207 2000.0
2904.71294502 -23.1836704024 0.534892094431 2000.0
554.383784211 1.01842324872 0.107661558724 2000.0
-33.8298358125 1.23981319158 0.127464078324 2000.0
2236.62545346 8.42856485388 0.48809159779 2400.0
2595.91178201 8.89987053674 0.452864553798 2200.0
-11079.094085 -1.80885841819 0.958057480632 800.0
-4680.81575011 0.931727333103 0.629070787775 1800.0
-6789.87822194 -13.7177263501 0.707375603906 1000.0
-1656.63764888 8.27571206393 0.234889474692 2000.0
-7366.3646369 12.9957585395 0.832943667914 4000.0
5673.67642144 -13.6942823613 0.745232812942 4800.0
-6976.96374088 -1.43333484879 0.816986124267 3400.0
1823.28098805 20.5061322707 0.605082630064 2200.0
-1452.9024619 -2.39019669878 0.256000872556 2000.0
2637.47264922 -6.48430574873 0.250202643012 2000.0
-2388.93788242 2.91509309068 0.200343228301 2000.0
2179.18314604 -8.37391355041 0.264366757901 2000.0
5697.78664546 -4.73022226633 0.641455803822 3800.0
-1648.30341507 0.277913511367 0.163479371427 2000.0
2617.97523971 0.21027987095 0.267922282882 2200.0
-3743.73258011 -13.4305307374 0.686065790898 2000.0
8763.29533184 7.55526419519 0.963583804119 4600.0
252.967048613 -5.95224551256 0.281343441417 2000.0
-1109.38551091 -15.6251245273 0.63354043578 4600.0
-1223.91468997 -16.3859884139 0.599552101412 4800.0
-184.749205652 -15.5863767261 0.527995938126 2000.0
652.927456196 27.5729493858 0.818622532465 3000.0
-1257.90028147 -8.58176719823 0.369573085941 2000.0
-9463.97130412 -17.2657430089 0.874796270326 2800.0
-5644.3248697 18.6725107342 0.716015268013 800.0
-10114.2607282 -5.20140503413 0.920117491949 600.0
2831.60241481 4.89512718992 0.362430158282 2200.0
783.20407163 -11.4507270402 0.48180307774 2000.0
2001.98687257 8.09882994766 0.518578731275 2200.0
-596.681753344 -11.7789429731 0.44593193023 2000.0
4689.19945533 1.93444051109 0.582881024432 2600.0
4089.07683949 -33.3396471685 0.823514529335 3400.0
-3128.51521881 -11.2172675265 0.569382052196 2400.0
1569.62331069 -5.34559891545 0.232241046404 2000.0
-6097.39237334 0.438710995283 0.756308086964 1600.0
5701.35635136 24.3039868421 0.865725159776 2200.0
7694.64786766 8.1800151388 0.956645275474 4800.0
-1208.7731975 -4.61787210939 0.290370210404 2000.0
2108.75699266 33.5623259076 0.94458029 3600.0
2564.1068981 -5.68584925344 0.291334533308 2200.0
-5693.80214445 -13.8067353941 0.774471412775 800.0
-2043.00802418 -11.3790934718 0.539084388711 2200.0
-3655.04250678 18.5599877845 0.624509589898 2400.0
1886.55866437 -6.35654544323 0.235928823793 2000.0
-2440.85042102 1.66634302925 0.283247490605 2200.0
3542.25058787 -4.3342609614 0.415766713151 2200.0
7076.09599085 -15.2930583357 0.906935215776 4800.0
-7085.88070929 -21.0615319784 0.867372272293 3200.0
2792.65141252 -18.7819610142 0.644361880923 2000.0
4304.35481653 7.27234699041 0.646799020797 3600.0
-2257.61561583 -20.1091329671 0.735649801984 2000.0
5268.41043321 2.78210964115 0.728345789232 4800.0
12516.5876102 -1.57792926494 0.999005665763 4800.0
-1267.65466961 -14.8757287487 0.577334261171 1800.0
-676.06865484 -2.44134817383 0.183359265165 2000.0
-3833.1188163 7.84570691939 0.384555743754 2000.0
2688.13723494 8.93996961774 0.401159405865 2200.0
-762.269920266 -15.8171468716 0.633205820692 4600.0
-5601.58525934 0.399352988199 0.639610222698 2400.0
-649.594829915 -4.16244128862 0.246216120911 2000.0
-2528.91287709 -8.30690266945 0.459313564838 2200.0
-2718.49470084 -11.3964090695 0.572445733185 2000.0
340.470051617 -33.9073824772 0.833930504031 4800.0
6003.11538867 8.11706771071 0.82445269125 2600.0
2250.73582441 3.21634826101 0.274120736335 2000.0
4787.99390566 15.6648121367 0.826310858423 2000.0
4296.99988608 9.67146736964 0.675407244978 3000.0
-1707.86406363 21.7877120088 0.682066038966 2400.0
4723.43328271 -1.01844745623 0.556134684618 2200.0
-6245.01632859 -13.2768527868 0.88897385041 4600.0
-2989.01445899 11.4499865723 0.383727500975 2200.0
-1042.55779654 1.91807784716 0.184491180848 2000.0
5750.85490447 3.99196952555 0.739125985014 3800.0
-6397.3382976 5.41724309722 0.78605220628 3200.0
1200.93043398 17.183580774 0.733821470051 2000.0
-2714.00908477 -8.31550864491 0.405907564551 2000.0
4220.24459831 -1.07973881706 0.543086148969 2200.0
4347.93727451 -0.602431723719 0.545102325916 2400.0
6244.84750148 5.03657447996 0.895626743384 4400.0
-2311.53676171 2.17422818082 0.221118666375 2000.0
-1364.71539576 0.39412077057 0.173855052503 2000.0
5086.07323461 0.672076115957 0.635525139893 3400.0
2828.06213505 10.6486125453 0.574270176403 2600.0
-704.610240601 -2.63295657496 0.185635846463 2000.0
-1070.41615244 13.7659992129 0.353526201832 2200.0
-2611.27139508 -1.78574185801 0.358089888811 1800.0
-3797.940442 11.5319732523 0.386959429783 2000.0
-480.810548754 4.27397839554 0.170963940454 2000.0
-2469.42135503 -2.99043332512 0.395488894192 2200.0
7030.92021376 -15.0714978072 0.843755681837 4600.0
1565.79407185 15.1329094616 0.556282340969 2200.0
857.143329556 -4.66046029024 0.206506544012 2000.0
967.364979488 -12.9274715636 0.467645318016 2000.0
6490.00926137 8.73725323517 0.88973542106 4800.0
4355.57336968 -25.7575104373 0.705423290103 4200.0
-3638.32068918 -2.58393921503 0.36303310401 2000.0
-5904.05024841 -12.6700774016 0.736918729502 1000.0
5748.22018794 10.4980652681 0.870330027538 4800.0
4950.40880448 -4.66412183522 0.597864792683 2800.0
-2034.25131471 22.5390532522 0.769069950981 2800.0
-7361.84186977 0.174729331242 0.772215247796 4200.0
-444.801746253 -44.4067612672 0.898209547072 4800.0
-4250.57451926 -5.9832848694 0.630053662309 1800.0
-3750.18947926 4.75713401676 0.330970337772 2200.0
859.53015547 -12.8569164816 0.359629035511 2000.0
2190.39598616 -3.93875487023 0.220853276632 2000.0
-2168.44087714 29.8017920315 0.790797804588 1800.0
1711.04523189 17.8073592332 0.696921819912 2000.0
7432.41392422 24.0652624711 0.888806064327 2600.0
7194.90957749 3.41558715258 0.826890246507 2200.0
4369.57976702 -9.90260634378 0.641659250423 2400.0
-8270.0535426 -9.45804378592 0.852808546448 3200.0
-7268.4059875 2.83188630227 0.7611345217 4800.0
664.155783152 0.78783943877 0.168644955366 2000.0
2913.93747017 -8.22558021363 0.362812489415 2200.0
-517.574552186 -1.38967243926 0.160602957556 2000.0
4044.30985153 -7.50961739625 0.369555805389 2200.0
-3508.62080705 2.41383099038 0.384544944081 2000.0
1263.90016695 -3.1577445459 0.159215096576 2000.0
1442.18160056 -7.36558274848 0.297418167789 2000.0
-6657.28161023 5.51446205865 0.767016095965 600.0
2120.05707485 -4.9609359851 0.211964013193 2000.0
-10293.9947881 17.6761284064 0.993286815863 4000.0
-5242.845787 -13.7006436017 0.668818218301 4400.0
-1672.31571577 -21.9482555931 0.654624872003 2000.0
10313.6484181 6.08881248707 0.95414930006 4800.0
-3863.91571913 19.5965013601 0.632915644832 2400.0
1385.48852506 11.2742307735 0.386931134084 2000.0
1407.43165915 13.6869348618 0.564287198376 2000.0
4812.74149285 12.6255149005 0.737006674994 2200.0
2222.47912799 -15.6014522386 0.507254609421 2000.0
-9311.1396798 0.580825020799 0.915693454806 3200.0
-3065.2528479 -30.9018560514 0.829368651802 4000.0
-3428.952118 -4.36163607067 0.440202044903 1800.0
-2235.85641786 -6.81328529535 0.421836473645 2200.0
450.534321783 -4.47155353876 0.201795144719 2000.0
1687.26732248 -16.8467207522 0.586865922468 2000.0
-4039.93688202 11.8462174393 0.473590357439 1800.0
-8127.21218621 -25.6101963112 0.825956305009 600.0
-2298.03262385 16.2421832009 0.508514016155 2200.0
-2158.24390187 -26.3753564425 0.820438884873 4800.0
3449.88085582 -2.55514392901 0.264612895483 2000.0
7229.46857202 19.2982664669 0.981075905396 1800.0
6253.46110852 -5.41675437941 0.848728685876 4200.0
-4674.69488551 -8.73829729053 0.66076114454 3000.0
8944.08826092 6.34337349782 0.940706857273 4000.0
-5346.42682879 -6.15805986363 0.732265286519 3400.0
1559.92617596 -11.9132955412 0.410246258515 2000.0
1786.97969715 1.01671210955 0.215050092032 2000.0
4892.57462922 22.8000631275 0.804233897408 3800.0
3900.31741287 2.50784149144 0.417719210453 2000.0
3587.37020919 0.224149617525 0.370596371594 2200.0
-3400.17717279 12.1866435056 0.505881388937 1800.0
2198.43425589 1.64951151665 0.255069661759 2000.0
-2073.70080804 11.1323670327 0.398686637953 2000.0
-2857.53816605 5.31975935717 0.26653585037 2000.0
-1097.37633927 -1.03408456325 0.20571414507 2000.0
5348.51410154 -6.46891955138 0.71480024774 2200.0
8282.26581611 10.8291412842 0.904564260961 1800.0
10435.8514702 16.9272755361 0.937235590485 2400.0
-6477.10039435 -13.6390145819 0.710959767286 4800.0
1079.37044199 -4.93296144183 0.239151245122 2000.0
-7695.11697876 5.44287005869 0.813915295073 3000.0
2988.96982309 10.7313347876 0.616065517608 2200.0
2510.96715728 14.878762587 0.729595429859 2000.0
1461.26524369 -17.4687919517 0.576138079862 2400.0
-2497.93458781 1.79566141445 0.286033182079 1800.0
2451.28702842 -0.586649225228 0.21431704354 2000.0
3947.59074445 -10.6419942435 0.490627390656 2000.0
-7549.44262469 -17.2707033144 0.89692661194 3600.0
-8666.27373665 -21.535570667 0.958631225912 4800.0
979.228068021 -1.63403343209 0.152852635132 2000.0
-3777.85648528 -18.5570187762 0.706568352646 3800.0
-7711.95741295 12.2676426537 0.930544830971 600.0
-4882.88367118 23.849225909 0.604533380187 2200.0
4495.3568319 13.7349158341 0.722239131253 3200.0
6052.29459301 37.0596322214 0.905702485307 3000.0
2924.55617998 -9.20638067822 0.317704001641 2000.0
6758.16751888 4.10164800358 0.914942791273 4800.0
-287.374044016 26.4041248895 0.568007727771 2000.0
2413.36252003 -14.8434290952 0.529999216593 2200.0
-1490.89621324 16.7372367181 0.463107400848 2000.0
-6239.84405899 -1.61549033869 0.802706458708 2000.0
2740.10613658 6.40599502066 0.467403844388 2400.0
-3475.39289046 -2.71867762689 0.336457529856 1800.0
-3051.60788894 -12.9804562622 0.505539099903 1800.0
-2216.72935221 -1.81058288986 0.281311938133 2000.0
-7539.10069142 4.77810503526 0.813415805423 3000.0
-2522.2785433 -5.40184283903 0.446312342315 2000.0
-3165.19990684 -8.64884364779 0.540923190412 2200.0
-14763.3058566 20.3455242993 0.999061340366 3600.0
-1763.96870729 -14.8454758456 0.51289478223 2000.0
-947.035025449 6.89024748392 0.259255466359 2000.0
-4456.86180611 -1.33735930605 0.606922385108 1400.0
1393.51639292 0.381888317514 0.210215915105 2000.0
-253.705247055 31.802908073 0.66772968013 2000.0
-2364.04183233 -17.8315891205 0.668082911381 4800.0
-4181.06764739 11.523639321 0.487067904958 2000.0
-134.190547887 -12.891736149 0.534731470887 2000.0
579.69945468 29.1252142278 0.85837607322 4000.0
8064.63590248 3.4845572812 0.919750597656 4800.0
488.140146405 -11.8192350856 0.409091153132 2000.0
-3534.33818298 10.3139475381 0.432504669494 1800.0
5554.94479816 -1.21176247756 0.604276593345 1800.0
4145.8770606 11.509751447 0.578952218446 2000.0
-12538.6173132 -9.11959239657 0.972054437521 800.0
221.325994873 1.04857050761 0.19072739923 2000.0
5594.21664655 -0.931576549834 0.597798245868 2000.0
3334.96789982 20.2266617981 0.765255605448 2000.0
1351.86187947 13.8608139491 0.673963440765 2200.0
8867.49239236 -5.87033210156 0.951267707631 4400.0
-1008.51561354 -2.50504329269 0.209238854557 2000.0
-2540.8650045 21.803414265 0.589822190126 2000.0
-6851.32212787 0.211011110307 0.791914886988 1000.0
-276.039980881 -11.1897688512 0.448908863723 2200.0
5218.43762977 2.14594504294 0.652070149562 3800.0
7629.51573709 -16.7571642833 0.902973639803 4400.0
6775.21794011 -3.82531546583 0.865976234883 4800.0
-2542.09240434 29.0597276242 0.757590137103 1800.0
-2589.92916409 22.3623973068 0.754609081911 2600.0
4867.16917808 13.7729518453 0.746184437496 2200.0
4319.92375032 17.7920523579 0.70424212881 2400.0
-2902.05350698 -6.42982963089 0.513416011457 2200.0
4246.88764383 -9.31279246 0.480602439381 2200.0
1581.5225798 -2.71928110933 0.190118292219 2000.0
947.243936117 8.54947884948 0.36630486379 2000.0
-2323.12788319 16.0576875552 0.451348493622 2200.0
-395.160413143 1.89535223545 0.119284991042 2000.0
1416.40847429 -0.384385662851 0.154516162735 2000.0
-869.914555403 0.778722191045 0.200506960753 2000.0
-1035.20536892 1.12686675114 0.158736475318 2000.0
1988.2849705 -12.2731384848 0.43360733337 2000.0
4265.26011315 -21.6282796076 0.740195204207 4800.0
6365.19463888 -8.61446369363 0.837075693111 4800.0
5437.21696456 11.9440630456 0.822708301521 2400.0
4361.6211115 -3.07648099084 0.4745155999 2200.0
-113.494687017 -17.5902975153 0.629852265119 4800.0
3163.44882992 22.006985092 0.661202416927 2200.0
127.395154582 3.76158252905 0.236601045684 2000.0
8002.5887242 -20.6179086521 0.876159059983 4600.0
3314.93293508 -3.61835118241 0.369843997177 2000.0
1549.51688991 10.4422152197 0.577627112407 2000.0
-3815.59302727 5.34703723835 0.36279340786 2000.0
-4589.53582664 -2.77347737909 0.491021110114 2000.0
-517.226518336 -1.99539538102 0.179513623972 2000.0
-732.197987655 3.70447408408 0.213935636107 2000.0
1435.95329781 -16.8122541858 0.610508271986 2400.0
-452.727853938 -9.96405352247 0.461651519724 2000.0
361.771075254 1.27456066226 0.10681218781 2000.0
1651.86762291 -6.73072758767 0.244509857919 2000.0
-1432.06036531 -0.631649416471 0.199730149931 2000.0
-6930.05159482 4.36857295463 0.786717215178 4200.0
1815.10102576 -3.48031119272 0.199791676017 2000.0
1921.87075197 -15.0935574142 0.470326705458 1800.0
5658.55465541 -4.2774480406 0.648890309763 2400.0
987.965628786 3.40957198869 0.225600324983 2000.0
3933.27128864 3.58305092217 0.449441825904 2200.0
5345.28871919 10.246706074 0.747062508504 3400.0
-3240.64225692 11.4323015806 0.431256103814 1800.0
1356.94598993 -6.91122136391 0.276781700418 2000.0
6197.38476984 10.7316269414 0.738104588924 2200.0
1934.38157059 -40.2915180259 0.842490114297 3200.0
2.80286672367 -0.974078137837 0.176579628223 2000.0
-4824.48465755 -8.91508002249 0.644837091571 1600.0
-6224.97993659 -3.40561212428 0.745151419843 1000.0
1302.54512102 -8.88280139985 0.215396769113 2000.0
4237.87546035 -12.3666219208 0.459655802008 2200.0
8476.91532846 25.8638145596 0.945768014258 1600.0
-1031.41643909 9.11850574384 0.340754468012 2000.0
-2510.10453408 -0.0135077278137 0.314557281844 1800.0
-9840.66075976 0.794604296455 0.951730486078 1400.0
-6074.15402307 6.94760141967 0.758774317969 1200.0
-1030.83634576 0.423304471717 0.168680728637 2000.0
-1355.38037227 -6.50377281822 0.287541818153 2000.0
2355.09154353 -0.118799509723 0.242287346489 2000.0
1976.02047753 -30.475926256 0.740518950638 4800.0
-1326.84014699 -24.481727245 0.68515284537 4600.0
-3671.26352071 29.18516727 0.687835919762 2000.0
-2672.52679189 30.0198292463 0.85725943409 3000.0
2689.51422519 8.51102629485 0.591849057864 3000.0
-4518.53582749 17.2084893392 0.721394471515 1400.0
-9501.99791839 9.57550485394 0.886237040605 4400.0
-1332.10137564 4.35513494521 0.200018450359 2000.0
-2827.66825578 0.97441340294 0.251772686565 2000.0
-7201.76727582 5.91639358912 0.839522517393 3200.0
-1068.91959871 -13.7420314284 0.584080181417 2600.0
-5626.02043044 -14.8522339558 0.693013132455 1200.0
3043.23203404 -11.991507417 0.394740221808 2000.0
-348.242409443 8.64290591889 0.337531767242 2000.0
-4710.77059125 11.6507762056 0.688742000817 1800.0
646.951860782 -37.8840225524 0.854971083092 4800.0
-6864.30348268 -8.27461670913 0.793921930903 1600.0
500.417892419 49.1803934149 0.878635711277 1800.0
-1800.84006526 -12.086234982 0.415334350593 2000.0
-4302.66350574 3.89797792239 0.571678416659 1600.0
-2622.58886223 -3.40391455738 0.303592858407 2000.0
4676.98533779 -7.68536508273 0.584502271909 2200.0
-2553.57963762 0.238953033866 0.21317122453 2000.0
5211.6751059 5.77170539767 0.744940938337 4800.0
-5423.63027175 2.80455860316 0.760529262082 800.0
2315.87027738 11.9231059862 0.354942767748 2000.0
-5486.61969334 -12.2724051342 0.840119987796 1800.0
4479.78595947 22.9799597974 0.910163492374 2200.0
-3338.10137864 1.39434611188 0.391957307295 1800.0
-2030.0930579 3.03917928546 0.219988298785 2000.0
36.9593943955 -6.05721230173 0.28741748139 2000.0
8032.27425629 -7.39809145279 0.916183042018 4800.0
5220.35812739 16.9820103988 0.691792887444 2800.0
413.968319172 -5.79141367419 0.212337712306 2000.0
-2064.16785407 -14.5290445245 0.607139948517 2000.0
-2336.46299788 7.73622657978 0.363979185402 2200.0
-4311.87322743 6.43292287282 0.354097180212 2000.0
10757.5060615 11.4221788874 0.994620317872 4800.0
-6226.86397583 -4.88240545253 0.815287338453 3800.0
-4028.54527474 0.624724768227 0.468903832528 1600.0
-5796.06293211 12.4828541945 0.807783637583 1600.0
-7687.28946273 -12.0659105683 0.941656425267 4600.0
-722.845141194 -6.24952738622 0.353404873184 2000.0
-2291.8504074 9.63618677539 0.344668128494 2000.0
670.633461103 21.842915039 0.616360657491 2200.0
9182.47065071 4.12787486825 0.97720971551 4800.0
7321.43430043 14.1728079973 0.892105408983 3400.0
-2702.16290056 15.4309511048 0.402647162499 2000.0
13005.2509914 4.97140444231 0.980897703691 4800.0
8742.68346166 1.76114023167 0.876724426364 4000.0
588.778590698 -2.86389745793 0.142906235991 2000.0
-5023.23178834 -14.3686746252 0.7707613957 4000.0
-3684.81080714 1.78376309038 0.385578823599 1800.0
-47.9434349911 10.4464620188 0.27743962107 2000.0
7983.64710841 8.59526202612 0.944773787566 4800.0
-1639.8579216 -16.8983621774 0.629004398855 4800.0
881.382835818 7.29162768038 0.380311670301 2000.0
981.86333187 37.0523329059 0.739566552311 2000.0
-300.042267823 -1.86370387143 0.195358563959 2000.0
-3920.25308846 8.97803243812 0.3364809754 2200.0
1604.09193757 -10.8377318463 0.410597849322 2000.0
-1443.31874599 5.64470944216 0.198607368815 2000.0
-4080.09596236 3.88211202035 0.502271836923 1600.0
10327.0449261 -33.6308480956 0.955812013644 4200.0
1395.75556001 4.16062033732 0.206141502094 2000.0
15791.7925987 2.88145632067 0.999453375342 600.0
-774.949627705 14.2142534096 0.439954619615 2000.0
4632.77892354 -21.6478756707 0.743251083551 4800.0
-8281.20461654 12.0269246166 0.897968358986 4400.0
5638.03488691 6.87022185215 0.855232192828 4400.0
-2065.93371401 -2.39404649967 0.280145372551 2000.0
-2808.89879841 -4.90064617786 0.394798255201 2000.0
3070.36990101 9.24368565067 0.508054047253 2400.0
3672.20980462 -21.5268149136 0.439556578657 1800.0
6960.02273354 6.26318250672 0.776212599628 2400.0
-4027.56104884 -22.8428901182 0.752131267774 4800.0
4010.14781698 6.59834005859 0.595304650745 3000.0
2961.62379913 -14.4947208887 0.474416672162 2200.0
6.51825701482 6.72390477806 0.194645780038 2000.0
-4100.32345313 -15.058740966 0.668062944797 4800.0
-1719.19633189 -2.45476500438 0.253678953665 2000.0
-568.400303501 0.780377461051 0.0988904593049 2000.0
6014.22956016 -3.93805484752 0.743648244415 2600.0
-2386.24246237 14.5831310018 0.446302893132 2200.0
-961.674528208 -8.25287272593 0.406933543704 2000.0
2075.04046308 32.1303985805 0.712757125341 2000.0
-8247.64793184 -6.18328395292 0.92091555993 4800.0
-1056.0426658 -31.5776232447 0.8028078894 4800.0
7545.82817488 -16.9149506041 0.874886672868 4800.0
4150.54251018 7.78576402299 0.622176972303 2000.0
-4094.79620582 13.6369986609 0.492502418411 1800.0
4585.05799717 -2.79822512802 0.414853790243 2000.0
-9512.06919382 -6.90937536785 0.889210815152 3200.0
227.019753735 0.256642822566 0.17233329159 2000.0
3988.18912474 32.3413812899 0.947451565173 4400.0
5929.86779854 1.21411798534 0.729293573095 4800.0
1442.97679503 -28.7699110527 0.732528322228 4800.0
-1387.30537181 11.6671977206 0.346573437232 2000.0
-3870.37464422 5.31852033923 0.410837911796 1800.0
-752.422528851 -6.19393000333 0.224743808262 2000.0
-6987.22496459 -4.49529478482 0.77886440786 4400.0
2902.84139765 -8.62481103405 0.384461212598 2200.0
-3553.85022149 24.3252383688 0.762851117726 1800.0
4322.28706437 7.37222428755 0.604675819549 2000.0
1129.4165145 -29.1246382421 0.738044476165 4800.0
4251.36419394 -10.5854329485 0.459044613746 1800.0
-5034.0717112 -13.1124204954 0.750277028659 4000.0
6819.4520882 -1.06480138651 0.909292543293 2400.0
1682.42476178 -6.04234211716 0.24964630593 2000.0
-1896.12149113 -34.2314731374 0.742802628406 4600.0
36.892064317 -8.56615595902 0.356321673257 2000.0
1992.21926844 -7.05654601684 0.229454808361 2000.0
-7576.06343199 -12.1459711887 0.852114982632 2800.0
5308.83996936 16.1243090195 0.863653447086 2600.0
5338.43471037 9.21511016011 0.656572489469 3600.0
9668.08031626 -7.84567900311 0.97240263156 4800.0
-8923.30560158 32.4536991127 0.934946501299 1200.0
670.825819712 13.8190226189 0.609827859369 2000.0
-620.038525684 -6.32951678832 0.308920556169 2000.0
3546.59798069 -11.2510843273 0.459508790316 2200.0
-621.163585909 -10.4687883198 0.360770481464 2000.0
-6877.26510898 -13.0248593115 0.863508226306 4400.0
7706.49379485 0.50500780403 0.856227152572 3200.0
-6435.99443725 -25.4389401531 0.802640623732 3200.0
6355.26860636 21.638886696 0.919956196796 2400.0
11318.4803514 11.2265519104 0.997029315643 4800.0
4464.19499791 -5.10439902061 0.394675865507 2000.0
5470.18345298 -34.0586341547 0.85692710546 1800.0
-1684.38048813 -0.152551108743 0.229450298767 2000.0
-5160.33571517 -37.0064481528 0.78860932058 4000.0
3162.11385515 -15.2462315906 0.494231593585 2000.0
1992.73126855 1.44363943869 0.23148240223 2000.0
4154.20221663 -12.795953187 0.605931765272 2200.0
-2205.75700494 -7.92282428487 0.426141579888 2000.0
-3555.71595527 21.5997682647 0.709048701302 2400.0
8638.11998967 -6.43856147385 0.912577371738 4800.0
3002.38229978 0.708155944914 0.317366595168 2200.0
38.8618949037 10.8113754589 0.421212323691 2000.0
-1858.74283439 -27.5594619976 0.753993869735 4800.0
-5709.07208445 -2.57851761698 0.733485815304 1400.0
997.614367292 -14.8111473584 0.527979013905 2000.0
-210.720246391 -4.71426084306 0.259127962562 2000.0
-3143.3918769 31.0080021386 0.615678324821 2200.0
-2461.44742887 -16.5622908771 0.625725760421 2600.0
-351.369933222 -9.83467508882 0.286127456961 2000.0
1271.77275272 -10.9302741549 0.423984667829 2000.0
-4547.14877121 17.8631283094 0.639164222825 1400.0
-4335.99973929 -24.4843081962 0.819183265163 1600.0
435.232780733 22.6596074702 0.668160521331 2200.0
3086.63420301 -11.4695027466 0.498070519651 2200.0
845.281168432 3.80996818118 0.217806590517 2000.0
358.683285646 -2.20081476926 0.217950794025 2200.0
6878.35628272 13.2073531234 0.869674231824 3000.0
-7570.42520661 10.3976599978 0.865498760329 4600.0
3470.90650926 -33.6524701518 0.755248291379 4800.0
4934.19353969 -4.85370887599 0.568913638345 2400.0
-1337.52034097 19.5189361169 0.57258187164 2000.0
-51.0184019687 -5.69529419642 0.272175119828 2000.0
1311.58960849 -5.28726407054 0.208522006868 2000.0
3557.85028067 -9.65429849043 0.466156325717 2200.0
-6720.13870914 -4.80388791615 0.808714503836 1800.0
-2144.39703877 19.0742663958 0.643700405193 2200.0
-213.176219855 7.60871918934 0.245130949095 2000.0
-4707.4591505 -20.0595493058 0.749381382257 1400.0
-7914.71278156 -40.0994037828 0.842844460006 2800.0
7808.48077923 5.53843995319 0.860874539444 4200.0
8124.56346862 18.9350914698 0.991272983509 1200.0
-1102.90169137 0.095822645857 0.147272143653 2000.0
5344.48139449 -7.96399180659 0.620605969804 2600.0
6159.29929502 15.6264687535 0.933856118974 4400.0
-8907.18616097 -6.15624417825 0.900065238475 800.0
-3027.7331365 8.61387887663 0.302661922646 2200.0
-9668.84658566 -22.6761512559 0.891199357642 3400.0
-7583.58409484 -21.0104167635 0.836069462037 600.0
768.593809426 -16.9215769468 0.583502863486 2000.0
1576.45711296 -11.1234400162 0.313127146194 2000.0
-1147.77490599 2.46983684959 0.173885195685 2000.0
-2657.47750214 5.48360890907 0.256927083781 2000.0
-10328.8134364 -15.1414365546 0.903252519937 2800.0
-9026.77702945 -5.25628433921 0.953033307898 4600.0
-1087.51996411 -14.530603738 0.591993582404 2600.0
-4262.85950037 -3.64895074279 0.554197542995 2000.0
-6188.83041568 17.0858269036 0.891126750392 2000.0
-5459.42774889 16.5454587824 0.732234362097 1600.0
-4784.96520398 -18.8144151745 0.730366295414 1400.0
7839.42095808 -7.3440549224 0.825866170605 2000.0
3861.38852891 3.99575259033 0.498452281452 2600.0
-413.955333713 -16.008696011 0.55868651752 2200.0
579.439815911 -0.557007608095 0.147217226809 2000.0
30.879696996 2.13436812199 0.180372236637 2000.0
-9328.46548931 8.06526103591 0.937738062106 1600.0
1789.27668542 12.3263335325 0.558559957209 2000.0
1261.25111638 -15.8547582134 0.559965695181 2000.0
-4285.43896364 15.1390361206 0.70611224442 1600.0
-4557.27973343 -4.30299191797 0.631303434443 1800.0
5336.01360281 24.8235991968 0.82362346674 3600.0
-602.554444467 9.99289188676 0.352221225156 2000.0
-2139.63767556 25.0579599228 0.677308707868 2800.0
-2170.00215877 -1.96967784565 0.288027623601 2000.0
7074.27886932 1.12537031805 0.929118820097 4400.0
5589.7382397 -9.6859792446 0.735227420169 2400.0
3180.96243345 -26.9234890569 0.664938882902 4800.0
4796.29537498 -7.7393475976 0.562148576257 2000.0
5245.99295902 -3.62911560703 0.71935914936 4800.0
918.400989452 5.95243043915 0.346796772608 2000.0
2247.73547266 20.0208165957 0.804484321955 3600.0
21.3383232078 5.65791109861 0.23204523633 2000.0
1047.08258812 -2.00576775134 0.164240181784 2000.0
-931.046553814 20.4695918631 0.594198145133 2000.0
6375.39359079 -8.22755052978 0.649558300865 2000.0
-813.682589457 2.12244933138 0.199384851556 2000.0
-5082.55703902 -5.44059769293 0.635958926306 1200.0
-7414.08280246 15.7201505775 0.878773188275 4800.0
3340.33061113 -3.19295044419 0.331147009292 2200.0
5077.44225675 24.673422996 0.70109190796 2000.0
-273.238019541 -15.64822245 0.489722730654 1800.0
-2124.06582976 -8.15912073935 0.410664377764 2000.0
8430.64692014 13.5082868562 0.926058337674 4800.0
1322.56867446 -12.0264387008 0.443724693994 2000.0
2954.03006879 9.52990435997 0.607739382142 2200.0
-3886.5826865 -12.1429905278 0.657870811114 2000.0
5146.47433086 -6.42288556911 0.70676167715 4600.0
-1250.09861019 -10.4101582134 0.482810468194 2000.0
-9021.85647592 -1.54668895577 0.872351996676 3600.0
-513.668316347 -17.3248445818 0.625374818121 4400.0
-7663.07537137 -3.47006146657 0.880386899673 3400.0
1811.68432419 -4.13594389989 0.210504840068 2000.0
6438.82177575 -1.07199007547 0.740648372473 3800.0
3986.42279504 -8.20284444372 0.415893293418 2200.0
1511.63391158 -14.8769312639 0.484509913807 1800.0
6137.48326132 13.500131733 0.893329361753 4800.0
2446.18904459 1.8021259337 0.28037229358 2000.0
-4762.37201976 15.5321511822 0.584140014837 2000.0
2998.21601595 -6.47554776142 0.323759510333 2200.0
5102.46063522 -9.49127682491 0.640551357512 2200.0
-5741.62097669 -9.6184880435 0.846559148861 4200.0
-5365.56311468 -18.1416093013 0.865631776595 4800.0
409.955037697 -5.22430727799 0.255029764984 2000.0
-2926.33162467 9.63251863024 0.249718344371 2000.0
-7950.32943121 16.1503370453 0.921082810523 4400.0
-2886.25993283 16.5662350303 0.52629928521 2000.0
6230.77582938 14.9795680948 0.873316294483 4800.0
3921.31410653 5.1423429355 0.57629062194 3000.0
-7027.60712655 -17.8199174907 0.8640511851 3800.0
-10842.5288163 -0.842371783258 0.940848091623 4400.0
-582.881358415 -36.3667232522 0.794037423257 4800.0
1882.8719888 -19.0481904633 0.622643324162 2400.0
5465.88802139 -6.88186056137 0.728722835239 2400.0
-2800.77451132 -1.87053286764 0.320470723698 2000.0
-241.588302328 16.4996646342 0.526658112057 2200.0
4947.91372076 -18.5166642056 0.734771333675 4200.0
-3518.08707817 12.4475684474 0.314707409432 2000.0
-8327.22801548 17.948323629 0.909787276576 4800.0
4257.32743398 12.4392518903 0.619473225324 2800.0
2423.84278861 13.7368307757 0.58053889295 2000.0
3769.42487664 -13.2596614645 0.388645416079 2000.0
7.57476398984 6.26512334845 0.246410264304 2000.0
3034.72705064 5.66893083766 0.462625132288 2000.0
-1784.83828164 -18.1998796009 0.660296912059 4800.0
1610.36761772 7.53114674066 0.431373697576 2000.0
-1213.32128566 21.1957328371 0.723678184638 1800.0
6150.87256262 12.6777704093 0.761600688656 3200.0
5058.34373746 -34.737118219 0.875852807398 1800.0
822.38773562 14.5887937276 0.487851681809 2000.0
-1667.26079133 14.9508420439 0.351358090388 2000.0
3004.17471963 1.46098655515 0.322985197205 2000.0
3442.61041601 -12.0862616293 0.531942083531 2200.0
-9894.64788223 -13.7424470556 0.960098097214 4000.0
450.030058947 6.599542197 0.334835561439 2000.0
-2806.36078988 27.9139178608 0.706136127443 1800.0
1466.49233662 -22.3025329985 0.667086867953 4800.0
5740.81780148 -0.641856162413 0.722264220572 4600.0
-2375.68849594 -9.16962377375 0.577366158243 2400.0
7640.95638377 -19.3245204747 0.870896269706 3400.0
-5652.87745491 -14.0322210546 0.851746602541 4600.0
1888.20224461 -26.0170167863 0.693267468007 4800.0
-7059.92750847 -0.737339621959 0.824061410528 4000.0
4470.81031252 0.0258648373007 0.544365374372 2400.0
-2794.55111946 36.9382893171 0.799171201089 2000.0
2586.34560679 14.7826893136 0.391825883293 2000.0
-6879.25754174 -15.9998944292 0.900154692097 4800.0
3516.64097252 -7.32866775574 0.394222398043 2200.0
899.664418989 0.778711620235 0.175415253549 2000.0
-12846.8497578 -2.71640287416 0.962966024949 1800.0
7490.66955817 -12.5537025824 0.928833040635 2400.0
-4389.73301908 -0.704183483889 0.597446913999 1600.0
-9417.15726222 22.4956857102 0.965440439873 4800.0
-8051.20206225 2.17545272527 0.850708068425 3600.0
-2102.49450249 8.61897375567 0.286199004051 2000.0
2921.29488377 11.9835467419 0.595436113946 2600.0
3320.11934181 13.5264059693 0.692670852614 2200.0
418.000605917 -17.4539850082 0.61923557249 2000.0
-5213.85491726 -28.2186394361 0.887056431563 4200.0
1335.7480406 -4.68165587288 0.198654736562 2000.0
-4364.78539809 5.88140163532 0.41903735732 2000.0
1567.74465034 19.1536352353 0.484780204094 2200.0
1616.30729689 13.1487859934 0.556978872576 2000.0
817.830179862 2.10638456582 0.152103426591 2000.0
-6672.97162779 1.74005558344 0.811652294258 3600.0
-1674.34262516 11.106096049 0.421989354507 2200.0
-3934.30482688 -7.96280900951 0.519385889561 1800.0
2522.63261275 -4.0208938987 0.209376955657 2000.0
203.860715992 15.9747406532 0.63241067522 2600.0
-5346.79318058 20.2730264279 0.785013627541 2000.0
6826.38951943 -38.7351954925 0.920777723139 4800.0
3802.10505452 8.89307764639 0.630188112878 2400.0
4703.59348301 13.1395158904 0.629697154176 2600.0
940.071592256 21.1145041719 0.686351321979 2200.0
9307.03749043 -9.25286347423 0.96298523558 4800.0
1480.49083717 -9.59478326913 0.214716885355 2000.0
-1247.23193879 2.47499266836 0.156309069828 2000.0
-2922.89355448 -9.5709735892 0.612945854734 1800.0
314.876811122 -13.1050031173 0.420964875659 1800.0
-349.302627511 24.8756249738 0.610731215111 2000.0
344.75921843 -11.6186541118 0.312500647048 2000.0
-7713.25067963 -15.5375101215 0.897262762091 3800.0
1519.66271195 -0.497689787185 0.157125941174 2000.0
-2449.03221441 -9.83587947521 0.60357552618 2000.0
-3076.05755231 -3.79529737694 0.322691239212 2000.0
-742.378387959 -23.3383408254 0.702626442763 4600.0
-4875.55413525 -14.0926141441 0.681214057365 1600.0
1130.89386699 5.87004510091 0.222032836405 2000.0
-4194.18187406 -1.05671621237 0.491283598405 1800.0
3004.90554677 -1.59772425542 0.231527735545 2000.0
-3734.34222458 -10.6553404326 0.537705030925 2200.0
-5178.05385586 -29.7077702045 0.880763536984 4400.0
1213.14932286 17.677530418 0.57517555258 2000.0
11610.6979779 -14.5260553577 0.978352551593 3200.0
5484.74134868 20.5893515481 0.858234965092 1800.0
-2551.09892771 8.55400183557 0.318350125239 2000.0
-1619.76876805 14.73153363 0.478762957614 2000.0
-12196.7387362 5.62728605427 0.978778068829 1400.0
634.882583378 2.21217991006 0.162504933712 2000.0
3487.18400563 3.30119926969 0.403687675757 2200.0
-3565.22415738 7.04302276404 0.352373457804 1800.0
5034.48519775 -4.45165327804 0.563126348409 2400.0
-4530.16838415 -4.70158143312 0.640475027102 2400.0
5421.04361079 -3.73629302631 0.548539075103 1600.0
2603.84318569 -15.4780195531 0.53930953204 2200.0
-2476.78118903 -21.657135115 0.696665379539 3600.0
-2156.60759985 -0.44227135205 0.21269354916 2000.0
5337.16359172 -37.2627450466 0.949290639109 4800.0
2645.66732423 -4.20794816578 0.227996239699 2000.0
1440.95775161 -16.3860977312 0.586399938154 2200.0
5729.82046145 -5.59718335388 0.715525565762 2600.0
-4124.53400564 11.7943726195 0.422849751236 2000.0
-2136.60596388 0.619122406595 0.2215792856 2000.0
817.287034842 -10.2756332566 0.354022291919 2000.0
471.817294283 13.0789582167 0.598363173834 2000.0
3033.94551814 -11.8980470575 0.377325678744 2200.0
-3197.15517531 -14.6390077807 0.659837472076 3400.0
-1599.84963595 6.71233939138 0.233629825698 2000.0
-4645.46540806 -6.18021775286 0.617173920889 1800.0
-1587.84681325 1.31904708349 0.182697565189 2000.0
1982.47456259 4.25473801555 0.283691864237 2000.0
90.2942921266 16.699412592 0.568320630122 2000.0
2525.0786896 -0.240206925235 0.246057492929 2200.0
-3461.5454437 -0.985715117697 0.276666570716 2000.0
-587.095558615 -1.19859476479 0.145818474318 2000.0
6158.75285523 0.0515877387099 0.751033011611 4800.0
-192.457575388 24.7015513391 0.838688135132 1800.0
-3767.92309537 9.19608254521 0.396249739273 1800.0
3097.94824464 36.0345435654 0.849674743142 3000.0
4528.59461052 36.4526083837 0.91850457621 1800.0
11644.0328917 1.92570651616 0.992542945325 4800.0
-3213.51244814 3.62373385314 0.295482516226 2000.0
7011.35013806 25.3466031062 0.862374491741 3400.0
5508.46051993 -13.5132410503 0.756206367369 2400.0
4514.89066097 -17.7596305853 0.621761808939 2800.0
2877.50307285 7.681289531 0.542000348741 2600.0
-5988.6038361 -12.7291975828 0.744779995895 1000.0
471.634916509 -14.3322210368 0.52913603484 2000.0
-4552.06251404 -33.3651394939 0.871177016133 4800.0
3876.49897229 3.12172937413 0.439755866914 2000.0
-2817.53400764 0.822418307242 0.281562164345 2000.0
1052.60851641 15.2993756487 0.43412303043 2200.0
-146.645670444 -6.10959504126 0.311169868084 2000.0
-4637.07909916 -18.994195335 0.734379374792 4800.0
-578.942943821 11.8030613982 0.520058057167 2200.0
36.2804061108 -21.9391853843 0.656669361559 4800.0
-3247.89681679 0.994286898268 0.318082284335 1800.0
-1654.52281181 11.6229636347 0.415925147705 2000.0
-3177.23492506 26.2864190865 0.829933052029 2600.0
-21.7398306034 -35.866540184 0.821247198848 4800.0
-1178.51183008 -22.2118374525 0.683327459517 4800.0
-2612.88571422 -31.7354689954 0.806669351763 4200.0
-6555.63287476 8.13525622763 0.630426805515 4200.0
1996.94630225 -16.2270854449 0.571946052509 2200.0
420.724999127 10.8727952251 0.532453848687 2000.0
675.749556115 -21.4096649623 0.523302643844 1800.0
-5954.42393305 6.06270258265 0.75571186473 1400.0
-1276.08832225 -24.4767906205 0.708253444021 4600.0
-5109.16333279 -20.0374428538 0.838132936449 1400.0
-1610.04385267 16.5929315835 0.287191793937 2000.0
-12239.1981841 -16.143335739 0.970984022467 3000.0
3652.75230354 -0.142880147788 0.367442592088 2200.0
-2890.16993762 -3.85870544139 0.320186424977 2000.0
-684.30140758 -0.760265239592 0.159290155701 2000.0
-1621.13806565 -26.6258987742 0.718780434135 4800.0
-7532.06246235 12.1637953116 0.7566439096 2200.0
-1298.2216634 6.97383507807 0.205811073061 2000.0
-3117.40185381 -13.3303793384 0.649516265115 3200.0
992.997889655 1.33158171814 0.165055944228 2000.0
-2999.59093328 -10.6147328744 0.495509765119 1800.0
585.649331607 -2.96677645313 0.149878719003 2000.0
3262.63522541 7.50460350651 0.559816812059 2600.0
-9420.6157724 26.5907272285 0.968726903512 4800.0
-396.350663265 -1.97198849235 0.213217298582 2000.0
-3574.67715259 -6.78700678025 0.609988886247 3400.0
-1497.43218154 -5.24467786318 0.337244428014 2000.0
-4766.91451869 -23.8436377993 0.794181908048 1400.0
-2489.827085 16.5207998086 0.589773744669 2200.0
2546.04506028 -28.1805866783 0.740694061088 4800.0
-1518.26084871 -12.2492773556 0.586266466378 2000.0
-5047.82415716 2.51223871517 0.629465737399 1600.0
-5230.87597046 13.9795016295 0.719415456396 1400.0
-2001.77278901 8.81798447762 0.324399030272 2000.0
-3600.6479863 -12.5603315014 0.606682563027 2600.0
-440.103387947 13.6008055805 0.564661538771 2000.0
3737.1840591 13.5816453689 0.757197794309 2200.0
1804.0107478 1.19467980765 0.188016037611 2000.0
8869.43884284 -4.49882768627 0.950412494937 4800.0
-7342.61434424 43.6074321715 0.884549055734 2200.0
-6262.64492203 5.96841704875 0.748963567906 1600.0
-1963.54485689 5.1646563283 0.238766079029 2000.0
3600.36037735 15.5703114727 0.739228321549 2000.0
-6375.96585572 4.68581400788 0.779879923451 800.0
-1483.28937919 1.61596815178 0.199121148445 2000.0
1592.66752514 -10.732446222 0.390913979686 2000.0
-1846.73252737 -12.5282836476 0.522516390107 2000.0
-2267.19137824 12.2713396897 0.452468332272 2000.0
-1073.3297197 -15.2415148038 0.620181176347 2800.0
610.101933138 10.7253725717 0.52728555109 2000.0
-7492.51585745 -23.7269189612 0.87522856567 3200.0
-112.261621757 6.90079847152 0.279456528991 2000.0
2593.13916025 13.8073324365 0.656576813285 2800.0
-539.63423454 11.894290867 0.410069878182 2000.0
3075.88874447 -28.3266758766 0.695716657216 4800.0
15463.5745179 54.1036238896 0.984141421445 4600.0
1775.10980761 1.53659968934 0.208938228328 2000.0
-5908.38951595 5.2488492133 0.725740185636 2400.0
6087.90385367 14.3611692914 0.809171446068 1600.0
-2268.08353502 -17.9943320941 0.661770750595 3800.0
7631.06429094 23.601169842 0.953769932528 4600.0
3232.98441075 1.1705432864 0.387381478303 2000.0
-320.870161051 -5.51350211009 0.297448072282 2000.0
1061.63572668 -42.5594603899 0.879971831965 4800.0
-708.085800395 31.399942111 0.864582182443 2000.0
1620.25904246 11.9119417996 0.599363687038 2000.0
2814.89191017 31.565843909 0.826465421331 3000.0
7738.89017463 -2.9339219478 0.859184938365 4800.0
5370.09632941 -5.20182544888 0.718938945725 4800.0
4175.50504871 -9.48245107721 0.371416064873 2000.0
-5008.25114833 3.12898800755 0.43756750285 2000.0
-1316.4143215 7.36416775145 0.265861243295 2000.0
5252.54813004 -8.21235006053 0.600754076191 2600.0
5115.6274036 17.9750479922 0.790870807579 3400.0
-6609.49056238 12.7682269785 0.655424707429 3200.0
4477.61288843 15.7001108187 0.769752343515 2000.0
-2348.8993405 11.9818343661 0.381999379305 2000.0
-5206.91010264 10.7701792816 0.640306546747 1600.0
-9188.84292462 1.01156815334 0.95115805309 1600.0
5805.04459554 -0.175365767586 0.631297352676 1600.0
-8371.77745013 -11.6647808732 0.929801914077 4800.0
-1540.02499246 10.799558564 0.339564014192 2000.0
-2519.11389154 -5.81308567612 0.355697505448 1800.0
-4127.80787318 -4.44530101888 0.554328865716 1800.0
5534.51682493 -4.31058455695 0.467091785701 2200.0
-809.064646043 -3.65910927768 0.248062632548 2000.0
-10312.2145758 -11.4761338568 0.915304317552 3200.0
-661.180225752 16.4146296584 0.549022412151 2200.0
-786.06554827 -15.2384621644 0.628277481545 4600.0
-4072.87682014 12.3636473298 0.47491340891 1800.0
5009.53115565 -16.5008061812 0.64740271526 2200.0
-5630.8775698 -10.5848113493 0.841574828853 4200.0
2843.17600146 -18.2196071618 0.4033411056 2000.0
905.871344333 -2.67889358365 0.186223683186 2000.0
4058.26847571 -16.8562487631 0.48004777844 2000.0
444.595012799 -10.3104959953 0.311977674547 2000.0
3849.6917771 3.39283596213 0.427490677375 2000.0
364.637031175 4.26537651873 0.207987351819 2000.0
-1013.98258329 9.33080123694 0.334951938515 2000.0
-2589.58448512 10.5203355055 0.290436822581 2000.0
-3898.03547064 3.55362548859 0.38819539682 1800.0
2172.7387719 -19.2836491031 0.502336118765 1800.0
6813.89682576 -25.3364172861 0.85327940528 1400.0
250.747755165 3.05906914529 0.228269240018 2000.0
-394.515491513 -2.89138934016 0.222326938798 2000.0
-1282.05868259 -6.10249488063 0.326827598556 2000.0
-3965.58865124 -22.1136291487 0.739100831423 3600.0
5736.52115599 -19.7811704344 0.765547167957 4200.0
-8365.38093051 19.3081127886 0.8748820082 1800.0
-2979.05609207 6.99726210983 0.312356417494 2000.0
-387.575557834 2.40749176811 0.150571245357 2000.0
-6330.2445677 -19.1245423604 0.847458133326 2600.0
3348.67957854 12.0353518078 0.475745807859 2200.0
-4467.4094456 8.82313297056 0.577102735163 1400.0
1930.61383736 8.38450925017 0.374591310901 2000.0
-2961.57145743 -21.6014758099 0.727994583893 2400.0
5390.35571686 5.48963334446 0.733600791026 2800.0
-2683.7088131 -33.2116819999 0.860217668117 2000.0
-5926.60391253 7.13837799391 0.605139532168 4000.0
9766.14349897 -1.37848201808 0.970841907632 4800.0
2686.94211872 3.00852821621 0.291314403642 2200.0
1803.33468927 6.78261121203 0.361661750753 2000.0
8652.57888196 -32.2155465426 0.95772684589 4800.0
416.613178412 -2.75204846121 0.147800512662 2000.0
757.101655448 18.9472790016 0.779166156581 2000.0
4116.99880381 -2.71401444554 0.435442971709 2000.0
104.151228829 9.84149939027 0.426589737202 2200.0
8282.89901365 -1.03755029161 0.874368721493 4800.0
2450.90015407 1.60312600382 0.266453348471 2000.0
-3561.27769567 -13.2865501031 0.695634277514 4400.0
-6794.05953019 13.98707514 0.694842147893 4400.0
-3944.27411367 -20.7666602276 0.616790190916 1600.0
-1983.99836505 21.8195626866 0.736955846654 2800.0
10764.1556628 3.74346772412 0.979993104899 3600.0
-2203.91641544 -4.71964626254 0.391891623361 2000.0
-5832.80414655 14.9008826326 0.636664922392 2200.0
2301.42417011 6.57253747552 0.337758561594 2000.0
-1705.69675366 -5.19027489249 0.366511174127 2000.0
-3021.82536016 30.5555502178 0.672237769324 1800.0
1050.42523403 -1.83058227324 0.20959108141 2000.0
984.293671081 -8.25529132643 0.231846023997 2000.0
161.429196882 -8.07340568416 0.365858314305 2000.0
2667.02074495 10.6671171191 0.589940636482 2200.0
1832.58673205 -5.75253064729 0.259362536678 2000.0
2041.20835417 -3.08284895415 0.213127456669 2000.0
-4257.01260445 0.947110568448 0.449407682028 1600.0
-8569.67843869 -16.0683256639 0.845421696513 3200.0
-4909.82491299 15.1573471706 0.539863855677 2200.0
4186.85092554 3.8197398386 0.543751570001 2800.0
-3038.33451806 -18.4058284726 0.544288891673 1800.0
456.600784264 -0.77390295747 0.0872336238427 2000.0
935.834933653 -7.81399075426 0.294118247454 2000.0
-5664.98741562 -8.29347591102 0.840920704473 4000.0
-1524.00141291 7.97520014191 0.321036295283 2000.0
186.73076744 -9.02313746119 0.3654657071 2000.0
-6196.7802904 -8.61225666238 0.780745615759 3600.0
7680.72467386 -18.6731351166 0.891869802005 4600.0
-1528.48800211 -3.3092110626 0.20960482816 2000.0
887.82642884 -7.88830847603 0.287955537951 2000.0
1305.9921364 1.77922901786 0.203699244705 2000.0
723.165350909 -1.6129425671 0.121151842428 2000.0
-4426.67561544 1.60854171525 0.576817282058 1600.0
2038.36380401 -2.03856823529 0.208029245881 2000.0
-648.123556706 -27.9850191177 0.778533315102 4800.0
-3729.09475352 -7.00655134082 0.560704436391 2000.0
-4674.30976744 20.5881997217 0.694319425712 1200.0
769.27495142 -14.1507071295 0.554431700811 2200.0
1781.01190127 21.8936964475 0.753012296481 2000.0
-5465.04296903 -13.8815318462 0.819289478624 4400.0
5493.76472316 -10.7272997249 0.496771202214 1800.0
5317.74441982 -13.5908540559 0.745090080408 4800.0
160.977735344 -10.6174558601 0.400678675868 2000.0
-3804.16448302 -22.6651942869 0.849150105566 2800.0
-200.094230283 -29.2506892238 0.787898800779 4800.0
-9786.95388356 -6.70321076953 0.959658766256 600.0
-4890.11404365 -16.4769258033 0.661542645839 4400.0
2093.95896601 -18.9144211437 0.580802740415 2000.0
6554.42763043 7.18521099022 0.80870974051 2000.0
3948.55862381 7.22988122965 0.638998479946 2000.0
-3661.45627614 10.9905500223 0.453850438 2000.0
3912.26453026 1.18058433055 0.473085674746 2200.0
312.62583909 -8.20189756782 0.328908985714 2000.0
1241.5124982 20.4974290072 0.394344600747 2000.0
-1430.72004959 1.94035028704 0.160219161343 2000.0
7951.3409847 11.1781289879 0.97384204973 4400.0
2561.40065337 2.96354328901 0.272889690035 2200.0
-1134.08447507 3.23190587681 0.194787873281 2000.0
1277.24941256 -34.9003732614 0.64952845249 2000.0
344.506561673 -1.35800001716 0.184731814151 2000.0
2765.59597834 6.37954051755 0.409697006726 2000.0
-5107.93187395 -1.82379655415 0.674403529745 1600.0
-1271.82761844 11.8750764659 0.435305797411 2000.0
2511.31812497 10.6266914349 0.497763796263 2000.0
-9190.83898012 -16.5302083243 0.879078531991 3200.0
3562.48392945 28.2654487713 0.720969702362 2000.0
1389.49000428 -16.7779975643 0.593392142503 2600.0
1173.94050158 -9.89938015145 0.38149968377 2000.0
2775.19972983 -12.2639115534 0.353695174521 2000.0
-3365.99420846 14.2838061676 0.443948495609 1800.0
-2082.42256426 20.5258913517 0.470868918852 2000.0
4108.20843896 -6.83387306347 0.394113282384 2200.0
7092.09437077 19.2516417933 0.941812174295 3400.0
-150.651066364 -6.50493133521 0.333548876374 2000.0
8072.03864742 -10.1770918946 0.86352656125 3600.0
536.87691896 4.64443629793 0.189021627779 2000.0
-2515.95088613 7.02063132497 0.307519706491 2000.0
-3692.98598074 -15.0531561727 0.592472421407 1800.0
677.063087893 -10.6407843176 0.255181271762 2000.0
7577.51475277 -0.853196467129 0.898893534887 4800.0
-9131.91449688 -6.24503574628 0.940849903015 4800.0
4649.18267475 -11.9283520598 0.647969853913 2400.0
-780.375726643 9.60490513089 0.377700319547 2200.0
2132.44569472 24.645274431 0.524679126053 2000.0
1469.9931635 -6.21093808221 0.25672351533 2000.0
-2255.39765297 -21.5759061312 0.691149876043 3800.0
-7703.57598025 4.19881315746 0.862649143656 4400.0
3202.93761527 -13.7602736704 0.499419446545 2000.0
6412.34719866 6.71607930316 0.773465297908 1600.0
-6406.51208687 9.92122564984 0.689681952937 2200.0
11169.0517729 -1.65841113424 0.983660678069 4800.0
-3521.12852752 16.8108248944 0.57453354113 1800.0
-8416.40445957 18.5404739407 0.860230074932 4600.0
-4254.16266026 14.4305632858 0.545004354973 1800.0
-8362.52463465 -1.20730540166 0.923750803059 4200.0
2883.80120885 -18.5192041633 0.582661797162 2000.0
3023.05450113 27.1888984232 0.87388010505 2200.0
3241.69691271 14.8154189217 0.695854292198 2000.0
6183.60570125 -0.0286006104787 0.753826344662 4800.0
5355.8593811 4.19637946086 0.735526422745 4600.0
-51.1304638071 -3.68724027343 0.213929726671 2000.0
-2470.58079694 -13.36165346 0.612876049974 2800.0
-1028.2780651 15.7722983369 0.488908397605 2200.0
5065.46768154 17.5649649882 0.892779011412 2200.0
3260.01253851 -10.9457271126 0.316218240022 1800.0
108.467517165 19.1210359141 0.612291954149 2000.0
766.540073363 21.9535277148 0.8078491624 2000.0
-2488.19670351 -14.4941694094 0.619782271444 2800.0
2964.19382357 -4.9839893001 0.312075673502 2200.0
-3391.26650872 6.47907460924 0.33275706001 2200.0
-2535.28864063 -8.54464619303 0.468283040163 2000.0
6257.93160262 -9.73947399924 0.663437967681 2000.0
-4245.45990028 -0.416826448776 0.407720778383 2200.0
1915.17625913 36.4396586653 0.818616838219 2000.0
-750.879997138 -2.21194433856 0.205964103237 2000.0
-4412.68534236 5.22000740173 0.549836044352 1400.0
-2531.39196244 13.9826443026 0.498129464824 2000.0
-4036.02794351 -5.31597694949 0.433412278958 2200.0
-256.362542047 -13.2918325528 0.55851858325 2000.0
-3943.16894125 2.16886010896 0.408895133679 1800.0
-3913.50878324 10.778791804 0.483219791585 1600.0
5755.24987401 -3.50334682531 0.748658232336 4800.0
1799.0607117 14.999864827 0.657726730965 2000.0
-368.579003018 -5.48861353974 0.294818506191 2000.0
-2212.07557842 3.04300583039 0.185183799155 2000.0
-84.5766117886 -3.34828100208 0.204543499237 2000.0
2994.04475645 11.2516718956 0.637861542791 2000.0
-1769.89832598 -17.4503513762 0.555031649239 2000.0
-4092.78375908 9.84330270525 0.384398941508 2000.0
-8798.85899345 -36.3804556303 0.953623272207 800.0
-6488.45860976 -23.1445564092 0.790004668909 3000.0
1002.75289267 -15.089313032 0.473837919738 2000.0
-962.924893877 18.9145799296 0.69355678848 2200.0
1471.35289306 6.1311338007 0.367800264506 2000.0
-11686.772829 20.9515424135 1.00983762425 4400.0
-5155.4910892 1.12288662756 0.629376457847 1800.0
3701.99768922 7.18861233503 0.610082567124 3000.0
3660.68338329 -13.4856987539 0.512996270411 2200.0
7443.06182767 15.6133286265 0.955491177334 4600.0
4617.10433918 -12.1574415696 0.657170730938 2200.0
-1848.88238496 -13.7112883973 0.479374221362 1800.0
237.125906313 -5.14938284281 0.237227368282 2000.0
-279.513640056 0.468139066259 0.159468134842 2000.0
-5720.30104527 14.9750264999 0.726460970747 1800.0
2084.34129859 3.28307336381 0.263125871131 2000.0
-889.146266461 14.6139385873 0.49999796192 2000.0
1045.58870282 -13.5977948693 0.445967524345 2000.0
1756.60382898 -17.5060421576 0.54352341047 1800.0
3805.53828976 2.54418373449 0.424546274958 2400.0
-5780.15982651 -13.3906163766 0.759886379742 3800.0
5094.41488297 2.14248609935 0.628598861657 3800.0
493.291330842 3.65763003185 0.207033028206 2000.0
2253.33133372 13.8263637861 0.492159381176 2200.0
3238.71347566 -12.0717807018 0.427286679312 2000.0
3093.38353465 8.53503682386 0.572699505206 2200.0
1684.6655853 -3.47019956858 0.182285670912 2000.0
7525.71893176 -3.18931280946 0.886698915615 4200.0
7174.49807646 -0.617386258967 0.870366427363 4000.0
-1163.25552115 -0.661028616145 0.181548523961 2000.0
4802.19803891 2.24968758592 0.622335727499 3000.0
-7288.07616601 -22.5222197903 0.803927109533 600.0
4972.53856023 9.83480500346 0.749555091249 2000.0
-2201.53031144 -23.8603093296 0.683061199992 3800.0
-7603.94431035 -19.3011415816 0.920915351634 4800.0
-3094.09981744 11.4475830472 0.361747306118 2000.0
2427.81983979 14.8515047512 0.566368305172 2200.0
-5561.28973424 -10.0889039491 0.742193721942 1000.0
-1534.58518876 31.5921350452 0.774084799703 2400.0
-2759.09180793 -0.0620100668156 0.286521996019 2000.0
3299.10318103 -15.9465151155 0.539802879116 2200.0
2324.43867861 21.819303877 0.42577643049 2000.0
-5454.51710967 2.45476860401 0.550229354106 2000.0
-2205.9428305 9.00797962561 0.316716588216 2000.0
-7487.73752612 2.70542753181 0.754843356299 4200.0
-5652.53927953 -7.20840970685 0.650899971668 4600.0
1575.22296744 -23.3311985693 0.676745635242 4800.0
7695.23642192 14.7226324332 0.961277265485 4800.0
-4529.11659609 -18.4294331819 0.686940107509 1400.0
2785.39043599 -8.09084077729 0.26578867706 2000.0
6265.12324418 -28.710330534 0.848722319051 4400.0
4934.05582802 -4.77225997595 0.589880759943 2200.0
2337.15583926 15.3354470978 0.474648012443 2200.0
1062.08085015 0.145304278656 0.165879904658 2000.0
-5540.27114526 -13.350985487 0.798389053478 4800.0
6520.98046653 -0.975752847214 0.83317297461 4600.0
-8918.5830843 10.2510864818 0.942283324399 1400.0
-2463.61484324 -5.55068788127 0.457838203935 2200.0
8741.76721827 -8.05877032452 0.93575868734 4200.0
1792.13413811 -22.6053081116 0.674690258975 4800.0
-2121.88987362 17.4940450208 0.58514124294 2000.0
-921.280492619 4.61264480297 0.233792354069 2000.0
2552.91843482 5.07936622389 0.394383765151 2200.0
-1747.13680859 -15.6445184167 0.636906739953 4600.0
8082.61325306 6.78397518449 0.882673726818 3000.0
-517.68077005 -18.9766263317 0.658425698307 4600.0
8630.08389761 -22.9013875652 0.902443194043 4800.0
1661.48403518 -1.34978107269 0.164909755831 2000.0
2590.93236871 -18.2870693682 0.540900873033 2200.0
761.865374664 -4.45892295056 0.236284755049 2000.0
-2839.29842656 -4.16727968071 0.365822560276 2000.0
-3758.74784905 14.8883609663 0.538553924211 1600.0
3905.68240976 20.6500856133 0.843296269313 2200.0
193.784430042 -0.547955408586 0.174069696611 2000.0
-4893.059935 28.180425902 0.802018490727 1800.0
-8109.70018134 -13.7039972956 0.850026813696 1000.0
7839.27005358 0.151239168555 0.938679229285 4400.0
-2238.90589943 15.1164330816 0.464300989267 2000.0
-3019.10391291 5.88428991151 0.26431163168 2000.0
6949.8965572 20.8371819386 0.875598255775 2800.0
-3949.85199959 -14.0781932654 0.734231612001 1800.0
-3749.93584144 -7.00489157552 0.549202835995 2200.0
-2808.69106101 -17.3572502221 0.674683938517 2000.0
-3185.51044204 16.3920632977 0.557306276228 2200.0
2400.4223615 6.89921427402 0.318113106079 2000.0
-228.29467678 6.95692096982 0.234725143957 2000.0
3760.57942031 15.9199742759 0.797587651423 2200.0
-2818.53503381 22.7513890388 0.738941860263 2400.0
2072.22764152 7.37181081483 0.42023719017 2000.0
3219.54567876 7.03667406531 0.347507797115 2000.0
-253.537315015 25.2688253366 0.563656027018 2000.0
-2838.69477245 -4.2705818437 0.423835660391 2000.0
-856.939642867 7.46852412252 0.282418491396 2000.0
-3353.44212532 2.46566172774 0.340597996659 1800.0
-5500.62910452 6.32060785286 0.699604020097 1200.0
-243.874021109 6.60556859996 0.260569108232 2000.0
563.231519805 -12.7169669679 0.438776081316 2000.0
-2675.95316198 0.729561536667 0.260178837734 1800.0
-1585.51678186 -20.0810490898 0.667910401174 4600.0
6407.95231978 10.6768563552 0.795451600381 3000.0
-9863.03510454 12.4579267527 0.93143969199 4400.0
677.387168852 -2.14664526496 0.161461121224 2000.0
-1132.55562383 11.1366372374 0.444162947054 2000.0
4051.89692379 -3.0955343575 0.378980239795 2200.0
-6272.71344602 9.63515605852 0.788576896 1800.0
6123.02531665 -6.15378005135 0.722820273739 4800.0
6669.7586312 -6.62357211936 0.818184636919 4800.0
-2045.7701263 -10.289555955 0.486026586236 2200.0
4020.93112785 -16.8329182595 0.532311344976 2000.0
11327.3147822 -4.93795105399 0.974675996953 4800.0
98.9735789993 24.6648706705 0.812290240211 4600.0
-2744.3053136 -24.6101556016 0.841476042449 4800.0
-7035.58885594 -3.65718342321 0.760869129627 4400.0
-2121.42575594 2.3991410595 0.199162870404 2000.0
4421.62204277 -33.2442846277 0.77002301025 4200.0
-6743.69492355 -19.6561226307 0.846968375986 3000.0
-4951.90940537 -10.8543511682 0.661927030062 1600.0
84.1039442279 13.2704308031 0.418349446573 2200.0
-2738.78140238 1.19916653964 0.246178790643 2000.0
750.980153842 23.522600471 0.694894525268 2400.0
-9328.0149088 19.7918159867 0.943417292531 4600.0
776.564115913 -38.8706426049 0.792243622238 4800.0
2082.24759033 -6.39793982081 0.256922215185 2000.0
4813.54476845 5.98656284092 0.564867076975 2400.0
4930.96878909 21.6008788989 0.776485039411 3000.0
4166.40734621 -0.824627839526 0.398130303745 2200.0
5982.4171535 24.7991047165 0.908155380518 4200.0
2890.67337194 -18.8749358184 0.633425887174 2600.0
-466.11497376 1.85944714746 0.10747607409 2000.0
6793.18083655 14.1235761741 0.795437362614 3200.0
