6270.8938459 18.0838705714 0.925521689811 2200.0
4832.22139378 -2.2777113242 0.640125939339 4800.0
6929.56929346 7.55905842829 0.889051962063 4000.0
2202.78684277 -29.8733656748 0.833995773622 4800.0
1368.03551386 13.8589355516 0.554488999783 2200.0
1241.22909219 5.74500843752 0.488892085291 2400.0
9655.14452072 -1.17295409094 0.967487324875 4600.0
-2095.28065412 7.21777732425 0.41082513994 2000.0
6391.60923148 -15.656745805 0.821065067221 4600.0
-2488.23425953 10.431663187 0.404203447877 2000.0
543.232948079 -17.5872353786 0.64417900159 2200.0
-1479.28088162 7.31263088317 0.45537541002 2400.0
4020.46924549 -27.9495953565 0.761335195105 4800.0
998.930332412 -36.9102700405 0.862707459195 4800.0
10686.8909708 7.51350177455 0.95713964109 4400.0
2524.49528754 -10.885945011 0.493554686659 2200.0
187.227068372 10.5889616947 0.570516916664 2200.0
-4230.45588778 13.4871099675 0.550794242725 1800.0
2790.35436561 -14.9086230998 0.607346386516 2000.0
-5184.85790471 -16.0447465283 0.861104275422 4800.0
1508.25612885 9.40153213397 0.510884872568 2200.0
-70.5318098552 -9.29833654465 0.520326709681 2200.0
887.332824409 15.7416261074 0.536350254028 2200.0
13671.7459023 -14.7819909303 1.00048030799 4800.0
2387.81144078 22.0961220315 0.850593576995 2000.0
-2095.98408268 -19.4564428932 0.729088719453 2200.0
-2554.1188714 -41.8153798962 0.823284542111 4400.0
14632.70191 35.4521120249 1.06087608716 3200.0
3446.93633579 -8.54499190362 0.548926121318 2800.0
-311.710882687 21.1297711477 0.785516252842 4800.0
-2415.35322998 18.1427992903 0.667154839356 2200.0
-4273.26465296 6.71352189518 0.493391473452 2600.0
6944.57684974 -5.82688511783 0.846076577286 4800.0
6303.89982261 27.3047484108 0.899018240053 4600.0
-1569.53941849 -30.7483417391 0.760166711693 4800.0
4953.91197141 -2.70767074058 0.637633665746 2600.0
2093.31656545 11.3904500125 0.550963913394 2000.0
3661.3638362 3.75191189986 0.607547009404 4400.0
-699.680628228 15.8242742312 0.571362184363 2200.0
-509.327049259 -21.2556669188 0.691611179594 4800.0
-5372.76737627 -7.76374351027 0.743788076141 1600.0
-2490.04316745 -2.55678216488 0.429028920407 2000.0
3937.1869873 8.6763612874 0.619789217947 2200.0
3283.75983132 36.9768986161 0.945436889315 2000.0
-5238.01492441 -6.85832561893 0.770578697583 2600.0
-1112.63139598 3.58701280945 0.324538380322 2000.0
-3067.79071435 2.30353504067 0.451042995815 2000.0
1247.10538298 -20.4094192656 0.708240095237 4800.0
1909.39575885 1.41361097224 0.371300571819 2200.0
6440.69254963 2.54151945964 0.738188853993 2000.0
-2110.69215619 -4.56045686789 0.527004539797 2600.0
2749.96583661 -3.31122159667 0.297142657449 2000.0
63.0355678027 0.176389773741 0.392057808409 2200.0
4968.96513732 15.81547245 0.820382041033 2200.0
5980.94204124 39.0449060442 0.928217254835 1800.0
-3738.67641855 -0.44454649621 0.572951696971 4000.0
8171.97814086 5.22485467066 0.9242764919 4400.0
3920.98124296 -24.2461111074 0.703121288087 4400.0
1694.76803852 2.66331821344 0.420918067833 2200.0
-6864.13385983 -13.4586617567 0.81290717009 600.0
-5293.17931801 1.8838965642 0.730770381405 4400.0
3520.5499364 -2.57647623047 0.473976537791 2200.0
-5084.94897882 6.12692781322 0.69333893539 2000.0
6799.24360414 35.6533180836 0.919114207977 1800.0
2087.1254007 -8.20060423116 0.450922908321 2000.0
3782.21469385 0.911818184003 0.466256890713 2400.0
1822.00618851 0.325213096832 0.282530935395 2000.0
924.435516345 13.9777407071 0.562082170937 2200.0
-1480.35784001 -1.8556860874 0.359403616034 2000.0
2589.24286249 -18.2430480867 0.578319357745 2000.0
2828.8525329 -16.4864126802 0.664753306039 4600.0
-6207.16641111 12.7149479839 0.834164853509 3800.0
6016.37108866 8.98745510685 0.848434276569 4800.0
3620.35416985 27.3237022964 0.932625893755 2000.0
-4378.47595195 9.69084697563 0.658159954178 1600.0
7841.28570347 23.4767333223 0.98613775664 4800.0
-5904.27671537 14.022502058 0.647120334653 4200.0
-2044.9842774 2.38197512452 0.377767383295 2000.0
-4188.47621959 -20.2527438648 0.814018073153 1800.0
3628.50115797 1.38574247045 0.523088014517 2200.0
1352.69872969 22.7298896426 0.79872099556 2000.0
-2265.71013295 -6.84020780989 0.475702389371 2000.0
-883.099933153 4.23784763793 0.373821519284 2000.0
1.48762870013 8.24227774159 0.503864370291 2200.0
1301.26539471 -13.1507464942 0.568045500205 2000.0
-4046.10538396 11.5162097528 0.508984564542 2800.0
-3024.53330882 21.6877429109 0.662060656799 3000.0
762.977794526 -13.4922559578 0.593353177408 2200.0
375.800164984 -27.844836849 0.804701996995 4800.0
4548.40391733 20.7833220654 0.896958979543 2200.0
-853.154043521 -6.69677093152 0.505482019292 2000.0
889.911531691 6.17325680909 0.51464357175 2200.0
-2157.63812281 -20.6317354684 0.704606434105 2200.0
5425.80400145 13.3441441133 0.839177038033 4600.0
3132.84344362 10.3967695969 0.468175697076 2200.0
5489.06990346 0.343324622095 0.598381275599 2200.0
-5201.29501426 -3.65890520554 0.702726045227 1600.0
686.25821064 -5.53223557868 0.410276699405 2000.0
-4234.84088785 17.7879216524 0.655735075886 3200.0
-1795.19504685 29.2950661289 0.88323232937 1800.0
4271.16758306 0.25759312342 0.587499908773 2400.0
-919.806039503 17.0745987515 0.684565982993 2000.0
732.024930692 -13.5362788484 0.607142438616 2200.0
5530.95906599 -15.9378600805 0.659919197444 1800.0
-1200.28030732 -10.2125332721 0.563454723279 2000.0
-2226.95974611 25.7357017377 0.537046043708 2000.0
-2303.3649952 33.8872349613 0.856307178547 1600.0
28.4123743468 1.52682975338 0.403235186822 2200.0
1348.81763318 -10.2322168235 0.446224426338 2200.0
4488.69090392 20.8034810927 0.77573147764 2800.0
-4047.19209072 -10.3628999368 0.773069538675 2000.0
-8572.85923103 12.5447265731 0.922260888107 4400.0
6985.32450826 9.48647515169 0.891196516672 2600.0
718.87660383 -7.16050459315 0.410963778738 2000.0
9264.82391189 32.2513792435 0.985779568754 4600.0
2499.90699301 4.47146498211 0.388382687487 2200.0
5717.71087019 -1.19063269166 0.787164989876 4800.0
-5768.89753192 12.1806085679 0.625324032069 4200.0
-3194.75601207 12.328950823 0.384593742886 2000.0
-7170.37769235 -1.64426701666 0.897354716925 4600.0
6990.95534878 6.90111230086 0.822053521228 2800.0
-4722.84738698 -5.22072715953 0.715274946411 1800.0
-3800.7080199 -17.0354394202 0.663292980758 1600.0
-9712.19134778 18.331051892 0.928590474052 1400.0
5170.9822853 16.0932708355 0.755161519201 2400.0
542.804019324 0.502740986497 0.32483452241 2000.0
-5430.95608434 -6.77871570524 0.793314369656 1800.0
-5831.48671487 -24.3500453166 0.844915887899 1400.0
-2244.55767326 -2.34932245365 0.475702752945 2000.0
2557.86308336 -14.8734160519 0.644945540522 4800.0
622.758508318 0.270678529417 0.389787609834 2200.0
4991.86510404 -12.8640211981 0.688474031493 2400.0
1668.84733447 5.21076657253 0.440521193777 2200.0
6760.10824689 -13.4797031671 0.833735814573 2200.0
-2641.31091111 7.42383631811 0.427924365808 2200.0
7497.39958533 3.34517007947 0.929989037813 3800.0
357.341530996 0.0621503045103 0.372503398833 2200.0
-2877.09963285 6.75244498928 0.422012538887 2000.0
-2408.87291857 14.9193358649 0.532437855329 2200.0
3956.09110278 4.42066976094 0.577384551177 2400.0
4309.29090822 -10.7026328984 0.66303215327 4000.0
1571.0144018 -2.25172219256 0.217732631653 2000.0
1140.67622479 -12.7617909614 0.54858913971 2000.0
6317.04456745 -17.7470063401 0.894799816662 4600.0
-3399.47586258 20.6133372991 0.548846132983 1800.0
1934.67976698 11.2334362132 0.589472820371 2000.0
5747.17287392 -7.84040002353 0.643720131694 2400.0
-3742.7464368 1.09844723498 0.562702480926 2400.0
912.755426073 27.9400265451 0.884207020571 2000.0
-1181.87332711 -2.95584194573 0.339971350807 2000.0
12069.2029139 15.8439537259 0.988980193045 3200.0
-4486.77358378 -7.45865085452 0.75607406316 2000.0
-2052.06476478 23.7312328616 0.589988077201 2000.0
1769.27986067 -16.101354048 0.633440593279 4800.0
-3197.67511042 -2.22897502714 0.427736965236 2000.0
1670.60393044 -11.5071541367 0.4598156465 2200.0
6595.03236215 -18.8110547174 0.863058704054 4800.0
1686.47083887 16.6627268631 0.614055664078 2200.0
7172.25671666 -2.33219330508 0.922756071574 4600.0
-4041.20973565 12.7208041501 0.538636305328 2200.0
3057.57370925 -0.413514319726 0.303310987487 2000.0
877.58247716 15.9097618552 0.617095056889 2000.0
358.300533154 5.22506606308 0.424105372776 2000.0
-371.282454112 1.04517261741 0.35892194311 2200.0
-6212.06550409 23.4967231384 0.95499306409 4800.0
-5729.31850318 -6.18464076917 0.740635233474 800.0
-3387.51976093 -1.40354841663 0.517311457139 2000.0
-1251.78269788 13.6841433935 0.509156026328 2000.0
-6473.93360092 0.746843460907 0.850730576029 4600.0
-4901.21787342 -11.9314065925 0.722741286288 1600.0
-1044.26555277 -0.523536711195 0.375702356085 2000.0
-1020.07143126 -6.2525419659 0.382239062235 2000.0
-4295.00025867 3.28885917184 0.541900864252 2000.0
-5690.39208012 -27.7943496046 0.928927953491 4800.0
2331.75803943 -0.989656884636 0.293765421246 2200.0
-2360.21038734 -19.9506304948 0.678750068632 1600.0
4516.96155947 -23.557549882 0.667130401142 2200.0
-8830.4943405 2.6482628302 0.933967685211 3800.0
291.074034727 29.0477069759 0.761712943632 2200.0
12034.7756239 16.8404843636 1.00423484216 4800.0
3148.94146403 39.1556375346 0.761572665164 2000.0
1413.75667971 -6.07718291646 0.42266401279 2000.0
-1753.99372059 6.9156078232 0.378973262264 2000.0
4174.60422323 -1.68401820716 0.370075247893 2000.0
1689.0718756 -9.91934565928 0.505041990709 2000.0
3023.17331861 19.424891642 0.731381203061 2000.0
-4115.36798152 10.1619364123 0.562767680067 2200.0
-896.057129498 -0.925779651267 0.401965927973 2000.0
1551.74155081 -2.15667992682 0.343401156514 2200.0
-15209.2581721 11.5779928055 0.990681696536 3000.0
-4083.65769022 -1.21704825839 0.650073226254 1800.0
-8146.64472425 16.0492715779 0.94978649617 1600.0
1384.8674043 22.222197201 0.682371327975 2200.0
1833.17370186 -7.56428012993 0.342003928865 2200.0
2176.54681489 1.75390137992 0.428241010742 2200.0
-30.2435384769 -27.4008829579 0.789086352619 4800.0
2844.37165532 11.4023635615 0.629997532079 2200.0
-3125.01730634 -0.736519751531 0.527367671498 2400.0
-5347.14772332 -20.3547481426 0.726055843634 1200.0
-2601.04966329 20.3125789895 0.666673791905 2000.0
-4466.81157337 8.8917773498 0.476164283184 2400.0
3507.79440786 24.367564403 0.741021020326 2000.0
-2221.96909627 -2.53368998235 0.49626703116 2000.0
853.281571042 6.84869263383 0.492377766809 2200.0
2722.09562806 18.0059866289 0.820322895255 2000.0
-628.53864868 -21.3678420474 0.708266315478 4200.0
3543.69599042 -0.0664130830282 0.49852244625 2200.0
9831.37161214 4.79554182983 0.973404352912 4800.0
-10642.6795732 -15.6048417707 0.937720982212 4400.0
-2702.67810235 14.2176529434 0.357617330037 2000.0
-1538.346823 10.1717466036 0.436516027206 2200.0
-181.456871634 22.3318542864 0.793242335229 2200.0
2364.64780054 -2.54888710517 0.300686275173 2200.0
4960.91185145 26.5107994659 0.897683896891 1800.0
-5870.70664972 13.0327881524 0.841095331392 4800.0
913.595839724 17.6081108125 0.528541118156 2200.0
4958.31476296 4.04892836566 0.771799357633 2400.0
4988.71221964 -8.15081672694 0.461892295764 2000.0
-1950.44385878 6.56254036785 0.4419728158 2400.0
-5242.57714646 -1.36861323588 0.713771706629 2000.0
-74.629772884 9.95714516715 0.478112429627 2200.0
65.9397244687 10.2277373358 0.539941558623 2200.0
-3660.12867077 -11.3410863769 0.622548024155 1800.0
-3206.94362383 7.11664548364 0.421167075777 2400.0
1266.40867208 -3.73462427886 0.410489933299 2200.0
-4054.32998059 11.431481264 0.638870097082 2000.0
414.938551685 -10.0641326188 0.548162819782 2200.0
8776.52114829 13.4442058867 0.922960784299 3400.0
-486.781255549 -4.77460106123 0.389318562432 2000.0
-2392.08426339 -5.51697025885 0.408717234774 2200.0
1741.98202645 -0.64562775192 0.369218873066 2200.0
-1160.535575 9.77191634399 0.45538589655 2000.0
1730.61915955 -10.7787595476 0.403889605539 2000.0
4252.67640279 23.5107889707 0.859669699329 1800.0
3635.35831526 -7.70809134742 0.458572357708 2400.0
6504.6107671 -8.86180137353 0.842162575439 4600.0
6842.59933003 27.6725883074 0.976412650936 4800.0
-9007.39489222 -6.15383099419 0.886716282021 3800.0
3415.67477544 23.305450052 0.830067359804 2000.0
-6491.38591002 12.1886196628 0.742398965871 3600.0
111.898389834 12.0844852904 0.605530988037 2200.0
-3367.05778685 22.9334932892 0.568720062567 2000.0
-7539.24422956 -12.9038899083 0.895185019802 4400.0
5742.93800605 19.2601466426 0.832788487275 3200.0
-4918.91969558 -18.6548601855 0.77485753249 1800.0
-8857.42298801 10.2543546604 0.820910255878 4600.0
2979.88494302 -8.87394045065 0.455110605524 2000.0
-762.002996189 10.8158835189 0.499601181225 2200.0
-951.435800047 0.0543731536278 0.375112623636 2000.0
-4161.36747863 -6.18039334891 0.629935402944 4600.0
-717.285153019 -18.8506982086 0.620564654493 1800.0
-3956.90043827 13.1926806058 0.598525271429 2000.0
-1480.6080456 15.981273355 0.623804943467 2200.0
5326.92559503 14.3478785638 0.781134763127 2600.0
166.757160918 -11.1502459865 0.563635007073 2200.0
1411.9338741 -4.20898571406 0.365579891987 2000.0
7711.36231575 -8.5907288794 0.922200333691 4600.0
5438.33346625 -8.19575462339 0.747509850887 4800.0
2098.15540558 1.36186114307 0.411296357139 2200.0
-9888.28690997 11.5011276879 0.891942556798 4400.0
-6487.90494271 28.6639502025 0.933661387507 1800.0
-1517.95916545 4.04362334816 0.391318341912 2000.0
5186.28737758 9.71276311262 0.740307101544 4400.0
-3650.88332571 8.52206091855 0.451848661711 2200.0
-4845.32210764 12.0052304071 0.578583250261 1400.0
6178.85102582 1.75422568526 0.773528084741 4200.0
10951.345737 -8.3562919138 0.98510756641 4800.0
-759.030604555 -7.04586758477 0.437446253986 2000.0
7714.89836458 -6.99299152158 0.89275277773 2600.0
-8427.12068836 -17.2817749741 0.83050707994 3200.0
1892.68128579 -1.0801441995 0.34100416869 2000.0
10710.7588953 3.41205733524 0.960652316054 3000.0
-3634.60990109 15.8379690537 0.429871792226 1800.0
3939.58394364 13.0831886047 0.754104367757 2200.0
-2832.04244208 -5.96120685993 0.412125303685 2000.0
-6236.71202777 -7.99571266215 0.868050078507 3800.0
-4950.96282983 -12.188352347 0.719321294434 1600.0
2405.76327354 -2.57095729555 0.359920222532 2200.0
-3680.39566126 -15.8228375466 0.791901908008 1800.0
642.235195595 -10.7918428554 0.528976744966 2000.0
-2136.69443245 -11.263211537 0.654927669938 2200.0
-302.173519638 -0.707551540306 0.38101639133 2000.0
-3087.39582737 -2.23648524584 0.576753511006 3800.0
-8388.65821061 1.41249990307 0.924210323398 4400.0
-5345.12158461 -10.2999864897 0.79486275783 2000.0
2814.35090007 -11.5378209473 0.3729959418 2000.0
-6763.20519373 -7.10005224827 0.854676329268 3200.0
-2406.74964787 2.10318164308 0.443567830189 2400.0
-2929.39101931 12.6240086048 0.424787029674 2000.0
-5052.95550951 -12.132502914 0.808329271539 2000.0
-437.445205007 -5.86835218226 0.371767096794 2000.0
-4905.92706645 6.46351460653 0.70542546361 1800.0
-1739.54468599 16.8698005939 0.640527479151 2200.0
8845.3069385 -18.633330585 0.923880289743 4200.0
-2721.78836659 -0.0460972657596 0.35908531165 2000.0
8663.67187178 -9.44515162711 0.927447317927 4800.0
2926.99887911 -9.03756573631 0.458243118327 2000.0
-8077.51130684 0.684486510203 0.903681523515 3400.0
-584.556933247 6.66653039056 0.408583711048 2200.0
4187.47431911 -3.78583582302 0.446144792207 2200.0
3307.50213954 7.99008535361 0.587197504476 2000.0
7925.19649315 -18.2496339386 0.837757917521 2400.0
5684.53411889 12.2038187503 0.790517734518 1600.0
-4654.0457457 18.3019259099 0.597574348716 1400.0
2871.99158597 18.3938529754 0.832043987546 2000.0
993.074515416 11.0236523122 0.498043689571 2000.0
3211.83353335 1.14636761164 0.436953020462 2200.0
5019.65333387 -8.91552033821 0.66198916989 4200.0
2821.53741538 -6.21991584079 0.440827258625 2000.0
5260.55755548 10.3609701425 0.740397827207 2600.0
5343.92657034 0.306131433661 0.755049881087 4600.0
1379.76713794 -23.5469214045 0.713022084595 4800.0
-4080.45301395 9.38273292208 0.509018247748 2000.0
-340.835767701 23.7091896402 0.661574276114 2000.0
3060.20219236 -3.75624169246 0.418086721464 2000.0
-5069.09934139 -6.47609999702 0.68529327743 1200.0
-1828.84759414 -19.2974541494 0.662293841732 1800.0
-3794.91708259 9.56678192856 0.486696948265 1800.0
-3183.57285703 26.0673335322 0.75782685864 2200.0
-7672.36466837 24.9510590114 0.963375923202 4400.0
-531.936995841 -0.608095120063 0.353593879849 2200.0
1515.9025849 14.1634878682 0.57388508538 2200.0
-1714.65458343 -7.34196901959 0.544978030263 2200.0
2687.54444033 5.8473145497 0.472977884601 2200.0
5274.27864112 23.5570952385 0.934356950936 4800.0
-5295.07705664 12.7894695048 0.728217029112 1000.0
4312.30803233 5.44996773479 0.615233571447 4000.0
-7146.9525511 -1.77366896543 0.818690974692 600.0
-3930.6265387 -6.40189034779 0.649731764888 4800.0
7354.59156246 0.129775798537 0.931025521983 4800.0
273.820111111 13.1186365384 0.605606411126 2200.0
4122.98375751 8.88304860152 0.776543956833 2200.0
5222.46408624 6.35070068732 0.661243216031 2000.0
-972.385307087 18.1346473704 0.622306874665 2200.0
798.618652292 15.3712175952 0.690021721809 2200.0
-470.877521714 26.8445084468 0.747521934483 2000.0
-619.257894791 23.9635840235 0.762364060338 2000.0
5586.65601112 -3.1219043123 0.745814783725 4800.0
-6683.68876578 -12.5698713346 0.771085886109 800.0
-4618.23707126 -11.40002981 0.712556794114 1400.0
4322.74920442 -30.8832502088 0.709915514714 2000.0
-7637.81386675 0.347995092389 0.897666972002 3600.0
3881.23834929 7.81777540239 0.586309106747 2400.0
2396.75530717 9.22112839227 0.53964057762 2000.0
-45.7735950287 -5.75120027642 0.458950506493 2200.0
-6082.76004797 12.1228378312 0.802183982843 2400.0
973.698287991 -31.0422838364 0.811282319975 4800.0
-4534.30579617 28.1452731996 0.874213623932 1600.0
2813.79145546 4.4340540845 0.5600280346 2200.0
-3208.52882311 -5.38363633228 0.46210452078 2000.0
5015.4325717 13.0801963395 0.808628677822 2400.0
6574.7358249 -24.1710296481 0.87426627416 1400.0
-372.120303649 -19.013983894 0.665651014358 4800.0
-1880.50279583 -0.0197488467594 0.355916123647 2200.0
5145.45955775 6.68062390765 0.669687933308 2600.0
-5044.34979545 -5.32862618625 0.676202650311 1400.0
1694.23987141 29.0298947407 0.826713272939 3400.0
3047.58340818 3.91141940809 0.477984812745 2200.0
-3734.69316985 2.85062681139 0.480383691867 2000.0
-3744.95155445 12.4764456484 0.580730802493 2800.0
-5850.52815793 7.57104902247 0.78473693506 4200.0
2248.45924067 -8.46104584075 0.336593130522 2200.0
-564.164953979 45.2705216058 0.930586784876 2000.0
1059.83445345 1.55723591925 0.357289006601 2000.0
-4938.86996944 10.102464249 0.589003728996 2200.0
-411.806236853 3.51549100425 0.384194783091 2000.0
-1153.39226291 -1.44134508365 0.389777834126 2000.0
-2730.1850019 -17.4220071184 0.72112848118 2000.0
-6484.90625398 21.4288478699 0.935938523796 2200.0
-1246.90813483 15.0580457429 0.54819154392 2000.0
1014.80322722 21.1818195087 0.697152549967 2000.0
-5559.92339173 17.1472258104 0.83308649586 2000.0
-2373.3418492 -12.2832953669 0.63959304313 2200.0
-8992.56830955 -3.57623792714 0.917584473094 3400.0
11622.955666 -21.1718122616 0.99386901872 4800.0
6593.04216877 -14.1384530003 0.756072908266 4800.0
-6584.80565085 -2.21061682151 0.864777198809 2400.0
-693.177844332 -3.71849210536 0.296174969104 2000.0
3279.83466816 -2.97645533907 0.456112258536 2000.0
4999.74368955 -11.6613331152 0.640604883374 4400.0
1965.09490105 -3.66623460788 0.404010701118 2200.0
1309.06308674 -17.7863888366 0.632385027809 2000.0
-4785.52217574 -24.7368573091 0.864209519138 2200.0
-5657.31387579 -12.7768399093 0.711495720386 1200.0
-4260.48416975 6.44641047887 0.398301308001 1600.0
-2630.8699038 -16.5613163555 0.761819588656 1800.0
-7875.4346852 -6.10730623887 0.909689993997 4800.0
-7644.53123843 5.57124292751 0.899667355967 4400.0
-3613.64932869 19.5149997306 0.7073989138 4000.0
857.26376259 9.13759011941 0.455063898867 2200.0
-3050.72144416 -10.8990182761 0.641812225093 2000.0
2290.3749328 0.456065524719 0.318975397786 2200.0
1837.05083146 -19.2727014299 0.581498633076 2200.0
-3832.64193285 13.9789973882 0.548919402985 2000.0
7371.78451563 5.92455741243 0.929310925258 4200.0
257.162219551 3.94973490742 0.418860272969 2200.0
5709.98847836 1.87505667032 0.68366788236 2200.0
611.320607835 -2.60401404245 0.391377574874 2200.0
-4218.57364192 9.48238502363 0.446196885404 1600.0
-3166.61201263 -11.2034840179 0.589376013387 2000.0
2455.19731392 8.37338262863 0.566362420549 2200.0
653.45323748 15.2491639861 0.584393550129 2000.0
1111.07316392 -16.122807726 0.644812085292 4800.0
-9428.18043418 -9.86754358741 0.896614994705 3600.0
9886.8469121 -21.7252877074 0.97152550534 4800.0
1403.185102 11.0349374547 0.544593006881 2200.0
-4039.98480578 5.1149365757 0.518039632687 2000.0
5780.90352195 16.3602430408 0.869489587844 2200.0
-2599.79252659 10.3494156103 0.402659774872 2000.0
-5166.02459388 14.3763089489 0.609599490504 3000.0
-8154.17884035 21.9771623956 0.962041491008 4600.0
-3475.46817353 -4.16446439062 0.571044019149 1800.0
-4941.24109862 30.2551762566 0.750178957617 1200.0
-2869.54485484 14.5077927354 0.547564302132 2000.0
2260.09033989 40.0244154116 0.924604285502 2200.0
488.463996452 24.8887882403 0.870822135266 2000.0
-6077.18909232 -12.1499435797 0.888550363131 3800.0
-2532.9395244 4.56052212483 0.42193242014 2000.0
-1618.07105064 6.03789824701 0.412928093853 2000.0
-4572.22793934 4.17168270964 0.642324379727 4000.0
-3228.07429711 11.4064071323 0.530239804747 2000.0
2468.96902269 -20.367925381 0.693617208851 4800.0
72.1590632613 -0.575859313972 0.414455638267 2200.0
-3997.88924306 11.3604878837 0.535397849616 1800.0
2593.08615175 25.344725481 0.907696231276 2000.0
8083.61627774 -15.7148313402 0.913532408531 3600.0
4869.79311423 19.9159614704 0.896714303162 2400.0
-9200.50937187 8.46069537403 0.9538833093 4400.0
-3398.47765459 16.3839723567 0.46763446024 1800.0
4780.97440354 -8.45646897019 0.645208822888 4800.0
103.689232035 -0.3027125417 0.411665585316 2200.0
-3955.80083382 13.875636519 0.553794173429 1800.0
1004.87541613 -1.10385382326 0.406328574257 2400.0
-3615.21886982 -7.95596188715 0.70257907407 4800.0
1930.54507372 10.9483532592 0.582691196542 2200.0
-2666.44221951 2.98853527469 0.250363351599 2000.0
908.491465051 -11.0737182469 0.531121174744 2200.0
974.085073031 -5.37199320727 0.381055191891 2000.0
5207.72909077 0.734847876474 0.793873895167 4800.0
-3602.89823156 6.0013649429 0.512872064182 2000.0
2464.42955856 4.29990825781 0.540156713801 2400.0
444.08153053 -24.6926638637 0.663329453615 4800.0
3609.75094096 15.2203446242 0.731111902669 2400.0
2992.44917345 -16.562860347 0.490967632696 2000.0
734.624445607 -7.6284474816 0.471124524831 1800.0
242.175703262 -28.8697809297 0.575350011178 2000.0
-4124.93997754 -5.53056111217 0.564617824698 1600.0
-6217.80727159 0.600317462831 0.818494612359 1000.0
2867.28389282 -8.51122650403 0.487196437968 2200.0
-2510.73536266 18.1551500063 0.498078915686 2000.0
-9177.18376239 2.71811437841 0.915625228708 4000.0
-5867.28763449 9.66627305994 0.639174978901 3200.0
6499.37096907 -4.33908179777 0.8804036349 4800.0
1742.28314212 -13.6031471095 0.541712945315 2200.0
3440.81137374 -21.5243161288 0.698495241744 2400.0
3033.51059121 4.45306025768 0.486611173514 2200.0
-6298.35074662 -18.6996049716 0.783078074577 1200.0
202.436463721 4.51999136284 0.415514462895 2200.0
9802.06780479 -10.7924368221 0.968086848121 4800.0
3512.01622977 -9.34391839562 0.376851777601 2000.0
-2474.05708665 -8.42127940421 0.589945005898 2000.0
-2733.62829237 -5.4597949523 0.565735882215 2000.0
-5392.37453589 -15.0171591411 0.872266219171 4800.0
2105.59118378 -7.76821998742 0.472646595015 2200.0
7548.19177946 -1.3434742013 0.831351514702 2400.0
-3754.08282509 -5.5745263971 0.696402229022 2200.0
1950.06104641 -10.3540191634 0.483789095049 2200.0
5710.45634742 -6.88047249011 0.571061129227 1800.0
-4970.89348261 -12.5843046685 0.726991422718 1400.0
-8974.46659179 2.0951483704 0.926911841046 4000.0
-5261.54775372 -3.53800016738 0.790561056319 4800.0
-8049.11860754 5.02210981964 0.902362630993 4800.0
4039.90840529 -5.33711249779 0.610833530394 2200.0
8722.0197452 -2.17150518749 0.895507822417 2400.0
1902.17765946 -9.807232824 0.472900434974 2000.0
2119.09891351 -3.49381717059 0.421985794869 2000.0
-8349.27368875 25.9887053461 0.981244088495 4600.0
740.861508847 2.72599824868 0.352526892588 2200.0
-2494.96085797 -3.89107307819 0.374486352289 2200.0
-321.549557376 -16.3819565421 0.655619659819 2000.0
2646.9648153 12.0107077011 0.698129334779 2000.0
7316.52253773 2.10278337635 0.933800012442 4200.0
-260.426780551 -5.37548000019 0.41907632818 2200.0
5763.29995606 -1.30213776674 0.671168196996 2200.0
140.479790781 20.2493848466 0.796592214815 2200.0
-252.981539329 8.70726209817 0.49358830129 2200.0
-2509.67584656 -1.9662412379 0.54235694683 2200.0
-7050.281294 5.98618139429 0.806662865743 800.0
-1625.96206311 -18.2571804305 0.738234598606 4800.0
772.573497074 -16.8519491734 0.55851402795 2000.0
4803.22216636 20.8833564807 0.711965628459 3400.0
-2308.09505333 -2.7962272232 0.496664278676 2200.0
1002.80157202 1.72449916986 0.373030301992 2200.0
509.655460952 -19.8307256316 0.705121963339 2000.0
-9268.0112342 6.69556856661 0.929642005539 2400.0
2978.96715102 13.9828070013 0.675727268306 2200.0
3302.36836102 -12.7838129953 0.62973603351 2000.0
2316.17899429 20.9404332193 0.763151182392 2000.0
-5036.86556712 -0.469707908644 0.580669813689 1000.0
-5003.9461311 -0.646592407127 0.586250673263 1200.0
-523.013181065 7.99865584506 0.43445546148 2200.0
-3517.77555347 -2.36047844134 0.593298557365 4200.0
2713.67852292 12.9877136548 0.572989707887 3200.0
4891.71294203 -20.7810246713 0.585501916432 1800.0
3400.21819288 -11.5362138846 0.536255154593 2400.0
-2406.54639477 -8.21567448652 0.53842483356 2200.0
-5760.9488704 18.185905162 0.842497370771 4800.0
1160.61637477 -3.72899230535 0.36183755163 2000.0
752.146131538 -16.7866915256 0.614415754597 1800.0
-4504.65859683 -4.99101123521 0.620404747949 1400.0
11092.8183477 5.31385294566 0.998977298092 4800.0
-311.434762655 -2.15004441153 0.384016515723 2200.0
-3120.14021308 -7.02335900469 0.640570907886 4000.0
-124.963297379 -28.0716949976 0.793904425321 4800.0
-2662.9708171 0.674251379418 0.302011437597 2000.0
1468.38130709 -4.65997566698 0.39977170599 2200.0
11868.9047506 -3.38882971299 0.98877335393 4800.0
4730.35476539 6.0936010561 0.740090966719 3600.0
-1470.71773982 2.98104536843 0.379062160117 2000.0
-3118.85336869 -8.44107908122 0.500726916489 2000.0
-1879.12409547 3.09651582006 0.414862699956 2000.0
6790.42030024 1.96797767971 0.911507583175 4600.0
1523.56357917 8.80796938326 0.513079213022 2200.0
-4728.34728097 -15.5531101618 0.77760675044 2000.0
-717.184419705 18.1362747421 0.689795674498 2000.0
-284.213530001 47.0294401087 0.987998800402 3800.0
-1281.18491248 -1.19772840148 0.287749660577 2200.0
-5641.3320185 13.1639161155 0.820566158582 4800.0
1715.95531723 0.282039471968 0.285980903129 2200.0
2490.53873578 -1.34941904585 0.280727026642 2000.0
595.066183126 -14.6714085719 0.524147504239 2000.0
-9668.7532799 -3.58521047745 0.952970776027 4400.0
-2854.2814012 14.7056553922 0.550525649242 2200.0
234.143755012 3.38152430529 0.399661059161 2000.0
-10147.0031687 -31.9258113143 0.967035171129 600.0
4378.85817711 -2.15764617817 0.506031520953 2200.0
-795.33054193 11.294449989 0.549599184867 2200.0
-474.0821213 15.4181699582 0.603260665882 2000.0
-10107.6015322 15.0512550796 0.948756031502 1400.0
729.22790696 -4.85288925786 0.403480867018 2200.0
-5047.57774748 16.8654563098 0.699829909143 1000.0
-3437.29272633 33.733306841 0.856532087104 1800.0
582.795592156 5.67545070517 0.421010353602 2000.0
-4165.39901592 10.1973250219 0.581165392241 1600.0
858.258266154 -7.38112772269 0.304345521026 2000.0
2528.097798 -21.7680144866 0.481569602924 2200.0
-1885.25420123 -24.6096847795 0.712215997698 4800.0
1537.71992458 6.28633159188 0.407551134234 2200.0
-14187.9251209 -0.401064979889 1.06789339284 4400.0
9917.96087184 -22.7598027152 0.937698018038 4000.0
-2646.93896871 6.58696737787 0.423088853018 2200.0
6378.50176977 9.33983005611 0.899684468521 3800.0
-861.578300427 11.5192312227 0.565861369723 2200.0
-968.561419177 20.8118370404 0.713687208666 2200.0
1658.53016829 8.02596282565 0.49118098849 2000.0
7789.72310459 -25.2411140482 0.9297907574 4800.0
10416.0127652 -1.31801009627 0.957745119751 4800.0
-971.233603906 6.87965803444 0.335285805667 2000.0
4187.74338081 -23.2731734353 0.685267724143 2400.0
5157.97877076 11.6534383649 0.737639213952 4400.0
4724.83840702 0.312781174346 0.483414906101 2000.0
4767.38404368 -15.5250958477 0.521152632505 1800.0
6859.71262743 5.0583808604 0.853994302913 4200.0
-6696.82135761 8.29691145937 0.756842249964 3800.0
6641.86051934 11.0074688769 0.947200329419 4600.0
-1390.09674039 -26.2101898839 0.772138926919 4800.0
4505.36648481 -3.08148741352 0.611412333154 2600.0
-6915.36534082 -8.27403833308 0.86304987102 4000.0
2598.72783918 16.37236584 0.717833629879 2200.0
-3863.23870908 12.9591769476 0.458238030648 1600.0
4308.56233359 3.23766108531 0.554201864269 2200.0
-3884.0380426 -5.53793682703 0.476791794594 1800.0
5422.62839665 -18.9660089483 0.813262051375 4800.0
6140.22159017 -28.096431499 0.866963054416 4800.0
-972.999760106 8.79981164983 0.433684519412 2200.0
9813.65302392 29.6343733387 0.992622077994 4800.0
7027.94741753 -2.79137792344 0.907344061209 4800.0
-7647.39120057 -7.92022404195 0.85086078576 3000.0
5169.98501096 3.22864763429 0.688947506446 2400.0
13.9019498776 -10.3913697585 0.553722173514 2200.0
1770.00577243 5.62040882277 0.437597153978 2200.0
-4837.11741766 1.30631332059 0.593849900729 4000.0
-6610.30823587 8.15637314555 0.877211485168 4800.0
964.575988633 7.40801707261 0.461691787994 2000.0
-440.116217389 -7.90285397708 0.530669087041 2200.0
-914.284504109 -4.22017613636 0.432958920285 2200.0
3300.60542502 -6.62445186534 0.512900065325 2200.0
-2811.2072442 -10.9584521728 0.565413945831 1800.0
925.147901397 13.5378451319 0.634895521351 2200.0
4289.43030088 -4.19846199967 0.659974742858 2200.0
4635.13933468 19.1164741561 0.885100476808 2200.0
-2888.62982178 -6.97797255759 0.58800818463 2200.0
-5602.54929026 -17.0068397547 0.794850089258 1200.0
-503.110785343 10.6418155309 0.457966730802 2000.0
-221.32959362 3.53500228116 0.386889595502 2000.0
-9580.31599565 13.9396032388 0.968752431822 4400.0
2317.3840051 27.3755056931 0.636787668964 2200.0
2688.0808292 -8.00008459756 0.52685763435 2600.0
2573.52166556 15.9539193472 0.56490276961 2200.0
6070.82761283 -9.42821082807 0.795225830551 2800.0
320.65394816 4.47962553975 0.418972452831 2200.0
-1578.81645084 -4.62411166927 0.485861125435 2200.0
-379.172074952 0.222077164491 0.380211880245 2000.0
-558.545731188 17.1294339113 0.721698265373 2000.0
-596.602986384 2.67084126365 0.372331330521 2000.0
-2836.61565939 -17.442393854 0.718979097065 2200.0
-3787.76605401 -19.8242878373 0.810099405666 2400.0
9821.08591688 1.56405550624 0.959862836316 4800.0
5139.17514855 -11.4990381647 0.664168674395 4600.0
1336.10118527 22.806990157 0.863038406366 2200.0
-2364.94254187 -9.28700194972 0.430400570086 1800.0
-2104.6300907 8.87785537473 0.453260261287 2000.0
-2651.17441121 -11.2631825721 0.61208890989 2400.0
-671.143242616 1.30564321733 0.385727394381 2200.0
-1199.05277832 23.8109586682 0.671976880225 2000.0
-1281.47394312 17.6805837936 0.686709575915 2200.0
5173.78402609 -5.33788517662 0.498918526652 2000.0
-7516.90184058 -0.0184844043472 0.910413803225 2400.0
-718.506840831 15.8549947552 0.675982185466 2200.0
5589.68588815 4.83988516032 0.850630166257 4000.0
-2505.37699493 9.87793143181 0.494286925218 2200.0
-5220.51568395 15.6290870833 0.71922142357 1400.0
-301.836081824 -11.0687668086 0.558531655633 2200.0
1941.06358896 10.2061696116 0.594103687204 2000.0
895.856516799 -7.37815000509 0.441796983498 2200.0
78.4115426222 -9.56279032489 0.501632279544 2200.0
5877.3587603 -28.8462457363 0.868585666236 4800.0
6599.26592228 -11.9992622401 0.836602383973 2400.0
-1183.30624127 -22.9340059332 0.757825638964 4600.0
-1114.07964786 -29.5395497448 0.747188687523 4800.0
-4996.5633436 3.8287476981 0.567836190709 2400.0
-488.928705905 5.44101344968 0.405354172223 2200.0
-4347.98697875 -8.71916418798 0.660910142093 1600.0
5468.02248008 -4.20579059493 0.516820188672 2000.0
6432.00820058 -11.5022075413 0.807920844285 4000.0
1463.00870055 -10.2849918929 0.458440910129 2200.0
8432.78688362 -6.23829274228 0.943386198337 4600.0
-728.421426333 -8.89002431938 0.52749858898 2400.0
-4468.71904167 -4.58388178913 0.658375965899 1800.0
-5751.55073284 3.50055292176 0.786177317752 4600.0
-24.7823471117 25.5036918546 0.723081312792 2400.0
-1010.13888217 -10.4811875891 0.580372255295 2000.0
-3471.44550033 -3.50149707614 0.59048847766 2000.0
-907.789684661 -13.3025373935 0.531341863182 2400.0
6709.60212849 -7.46162116637 0.861357433316 4600.0
-7197.93768142 5.58482178311 0.83777716972 600.0
-8166.46455586 -16.0832187064 0.883053250139 3000.0
-3736.25994156 -9.00134801761 0.610211846146 4000.0
-904.212289779 -7.83425691072 0.463546704636 2000.0
-1.68915654988 12.6799689698 0.58118354396 2200.0
-3053.36639464 6.36307995083 0.378308182538 1800.0
1657.6694458 0.806829409961 0.378398790035 2200.0
-1372.17693599 -7.65505115486 0.58110916125 2200.0
-7889.10017737 -31.0276841284 0.957637168555 4400.0
-8879.22824807 -16.0270979342 0.952862226464 4800.0
-3736.76088433 -7.5703326817 0.624092717075 1800.0
-6778.84855298 -20.7807374041 0.829492948632 2800.0
3399.092445 -3.78894178344 0.286830773312 2000.0
-4243.93520034 35.7220765861 0.959614915196 1400.0
5519.06085989 -0.170222092711 0.810630972335 4400.0
3348.04169843 -12.6018004762 0.529597725313 2200.0
310.534812772 3.05006474037 0.38167445245 2200.0
-6225.44954702 -7.29701702005 0.766867289581 1200.0
-4063.80711973 -11.2138934519 0.684268945193 1800.0
4198.57729093 -14.9009288499 0.550104593745 2000.0
-1338.21308756 -18.0694780567 0.688474577714 2000.0
5599.77634431 -8.14364414212 0.655627003906 2600.0
3327.69713006 -24.5742790817 0.766424294884 4600.0
372.839408557 12.7614509381 0.619023458527 2200.0
517.109130707 -24.1778848801 0.713905968797 4800.0
-465.496091097 -18.2382534872 0.693544367593 2200.0
-4887.84074169 -27.1945492953 0.863528807571 3800.0
-5390.06855543 -7.35999168183 0.757772411391 1000.0
577.667410949 -22.1543013738 0.724870002031 4600.0
-3427.79585393 -5.77621399717 0.619722525695 4200.0
8339.18189478 7.72069217238 0.954224006591 4600.0
6990.17354729 -1.25444362807 0.814472394593 2000.0
-843.694330329 -27.7273337211 0.769250873852 4800.0
2768.01106134 13.4449501305 0.739448573291 2200.0
-1720.86806821 -13.6944255961 0.61213167334 4800.0
-1342.13937735 18.882739666 0.580723763337 2200.0
7693.46218979 14.2542306753 0.952036886406 4800.0
2460.61300751 -15.5597979125 0.465166765104 2200.0
8770.28440636 5.27123909952 0.95743330306 4800.0
5520.77201033 -10.068838247 0.733682888757 4600.0
-2412.64322267 11.5302342094 0.44958727345 2200.0
-807.525760723 -11.4053116296 0.493762070142 2000.0
-2609.16793785 -13.2948419658 0.72014897022 1800.0
3550.94916163 -12.7314756795 0.533102650784 2200.0
-4619.53415165 11.433969121 0.549383365804 2800.0
1142.12128204 13.9360502775 0.391932846332 2000.0
2528.83704647 26.3608744422 0.867603109204 1800.0
-772.561821938 -10.8861619412 0.496468519905 2200.0
-9167.27274562 13.3083940623 0.992507274991 4200.0
827.90625855 20.3142043824 0.743797167256 2000.0
-4038.64493648 16.4920445769 0.553863363168 2000.0
350.113900513 0.666783918312 0.359558285052 2200.0
-3329.78959464 12.2357764931 0.483250114992 2200.0
5765.13058015 22.7087593257 0.75755932552 4400.0
-5735.59292369 -12.7949220714 0.866475802748 2000.0
2413.44094021 0.642905960092 0.333838087486 2200.0
-3914.33853611 -14.5509299802 0.556817354843 1800.0
-5630.82807659 -40.5755097962 0.885160392197 4400.0
2018.41803838 8.82409216556 0.546784489345 2200.0
2716.66459529 -2.30430709079 0.421293419952 2000.0
-2389.41418856 3.56068728982 0.384035544757 2000.0
-8400.24989239 -0.336577262046 0.918979894718 2000.0
12292.1607421 22.8337337304 0.985336421428 3200.0
433.303337289 14.1275642145 0.629390544594 2200.0
1758.48362317 5.43128337985 0.526032949239 2200.0
-3867.93292519 -6.25056611529 0.588643852645 2200.0
9668.91547289 -9.45866223987 0.948189109581 4800.0
-2399.6580132 33.6710789592 0.817534963645 1800.0
-3663.01369781 2.50428461538 0.407395256026 2000.0
-7900.99092112 4.59017228413 0.904133783947 2600.0
-2221.63057237 -0.223536688249 0.331661020176 2200.0
6382.54350086 7.61623097131 0.795729430392 4000.0
-253.555310338 -26.4396791029 0.786957925736 4800.0
-658.427124387 32.5594230992 0.912824684305 2000.0
4319.52988738 0.677803143178 0.473618355286 2200.0
5986.30750791 -9.76259447776 0.620360686199 1800.0
2902.04382627 8.33470311297 0.617923619752 2200.0
1891.72169552 -29.3462352486 0.802165054016 4800.0
6310.10831427 38.3909402545 0.945007129773 1600.0
-5357.16222146 13.875481568 0.741215605401 800.0
599.142075219 4.33892261445 0.39234163019 2200.0
4728.46212799 5.85371029122 0.761581801887 2400.0
3191.86316222 3.33448476359 0.565359461213 3400.0
2332.74874672 29.8612280517 0.884490481461 1800.0
6641.53355779 -20.6300628018 0.731014868582 1800.0
-6809.89416522 25.6668130724 0.813598673051 4600.0
-1551.33794774 -9.29887218423 0.547797114675 2000.0
3910.05322229 9.8931784173 0.692009323592 2000.0
1865.37138133 2.88534596316 0.422633145048 2200.0
3038.25794517 -14.3104473315 0.485984215506 2000.0
9385.4482324 -10.6900973826 0.964823042422 4800.0
-2635.20806945 -2.97405198122 0.574579651878 3400.0
-1055.75902527 5.65401548396 0.396815519914 2200.0
-5481.44436729 -12.7362603913 0.845355193542 4000.0
-10534.5144595 10.7185099182 0.970446617447 4800.0
-1183.16848021 30.4403438332 0.815815073333 2000.0
-6200.72022861 7.64557201948 0.742028393116 600.0
-1690.81475497 -10.2019805219 0.517771338477 2000.0
-2192.78844411 -26.4159470315 0.692356292702 2200.0
-2311.27686578 -12.3411128439 0.545221144686 1800.0
-4062.31224004 9.65335063494 0.51217424769 2200.0
-5712.65407593 1.3773228847 0.62661268842 1000.0
6765.37012633 4.37075239046 0.822572753746 2200.0
4366.82484542 3.24010465399 0.547179847642 2200.0
1684.2422813 -9.46380501888 0.344738736853 2200.0
2366.8865014 2.17916482763 0.439392182769 2200.0
-791.211861855 -10.613546194 0.574310471868 2400.0
3571.82828694 23.9626011397 0.886315425202 2400.0
-412.844804152 5.74714873084 0.381019160316 2000.0
-2568.25808851 22.8097349635 0.762457152434 1800.0
-168.176304711 3.49464908247 0.388982263248 2200.0
-4124.20370953 -5.56452551146 0.636511573862 4800.0
1849.35955823 17.5415705637 0.465037228947 2200.0
-3580.97953495 -7.66002857421 0.639212756654 1800.0
-3435.56543942 1.04115252026 0.315638055946 1800.0
-3375.45152677 -12.8890536461 0.704204533528 1800.0
-6938.97335366 5.9523054257 0.85245140227 1600.0
1168.86772517 -11.4944651921 0.613362214609 2200.0
2229.51044657 0.712744884239 0.412965153641 2200.0
-3713.20321143 0.735510617033 0.464475744853 1800.0
7343.94874459 8.61932298063 0.905885636121 4200.0
-3223.18382374 -14.5798488624 0.659832443943 1800.0
-2552.63198334 19.7014976104 0.675532050889 2000.0
-1995.83755697 -4.75769161495 0.463515249526 2000.0
5742.47691857 -6.15617489415 0.758093613817 4600.0
-931.954305149 7.5841969908 0.421942617518 2200.0
3012.23176088 6.62984014016 0.584020242951 2000.0
3351.1550994 -2.76871893432 0.467422487146 2200.0
-2221.49508077 -16.9215564679 0.549131862335 2000.0
169.653033492 -16.5270331789 0.641839322608 1800.0
4639.26425876 -1.10806124923 0.62208533832 3600.0
5037.42431033 -0.743835266824 0.641678064655 2600.0
-7348.46040815 -11.3005539185 0.887563361666 4000.0
-1013.22385872 10.5035765393 0.519093407657 2200.0
6400.027566 17.6021157517 0.889188105865 4800.0
-8025.4657292 -6.84152015702 0.894381789601 4200.0
-5488.48942841 -17.7860057117 0.854414639175 3000.0
-1759.14658937 -22.7438401837 0.74921656306 4800.0
1785.99290788 16.2051552735 0.562290853876 2200.0
-2687.084113 27.0630027511 0.710141050031 2000.0
-2724.43197138 -11.5382294957 0.59162159245 1800.0
-9736.89865598 -20.3495395766 0.927639707154 2600.0
-4981.88024717 -12.1853327573 0.778227189383 1800.0
-6481.23170428 -21.4610496301 0.781504573384 1200.0
741.817070681 -21.2825311922 0.699381229085 4800.0
