2186.47358647 26.3360097719 0.689177074872 2200.0
8264.67792913 -9.98392459373 0.897165555581 4000.0
2203.16169397 -0.111693813511 0.202122949157 2000.0
2570.52215194 -4.69662309373 0.243226958574 2000.0
2564.46452877 -14.9979607078 0.412845362194 2200.0
3891.02860478 11.1550458907 0.665474151448 2600.0
-4347.10292997 -5.65525332625 0.562390094014 2200.0
-6343.26011133 0.264879929348 0.644247130197 2800.0
2287.64060617 9.4759327603 0.563037478328 2000.0
-4677.44657795 -12.501047804 0.700949807278 4200.0
-2807.09338563 10.7158929679 0.366149141436 2000.0
10832.7992601 -5.25719731698 1.02225536235 4800.0
1925.7426046 -2.75527166536 0.193187115236 2000.0
868.32660576 -11.911722418 0.461054221528 2200.0
-8946.43765522 9.86939688202 1.08722221529 4800.0
6428.64988352 -5.7788048207 0.97752886953 3200.0
-3515.98191378 -15.6850448599 0.695623483655 4400.0
-1322.57083328 14.4977001314 0.403908331542 2000.0
4807.58554421 22.0124277676 0.79202073221 3200.0
1248.27536777 -13.4114003911 0.423623012544 2000.0
1263.87308693 8.69054212463 0.349906110641 2000.0
-1069.55365273 8.23561440052 0.247763667341 2000.0
-1694.04473666 -0.505946905164 0.199129069228 2000.0
1419.50763172 -8.4084191868 0.295168309129 2000.0
9686.76158736 -16.7349266283 1.07590052728 4600.0
329.357145722 0.0221007710563 0.155416066263 2000.0
1697.99306694 3.36740863349 0.202435340583 2000.0
-6592.66961755 -12.0791858413 0.816975882452 4000.0
4813.73824767 14.3208684396 0.641531664381 2400.0
2715.26058207 -3.31811255762 0.216265149708 2000.0
5211.87748376 -5.64757719403 0.649479395448 1800.0
3767.64960517 1.14892264067 0.430107092105 2200.0
-1248.55958545 12.5390694157 0.388990864644 2000.0
680.829199538 1.93283111946 0.147191551252 2000.0
352.920626159 -0.066654069496 0.0840251046442 2000.0
1736.33148565 -8.92208119293 0.280631384496 2000.0
2340.97915455 -0.0656452183129 0.223510575009 2000.0
696.750854366 -27.9924939332 0.730244377595 4400.0
-1054.36941763 -4.99473691653 0.302143694163 2000.0
-277.461976568 -9.81153750449 0.394395615905 2000.0
-559.401274272 -3.28747536464 0.185180814923 2000.0
-4196.08919425 11.4553957105 0.617204281361 2000.0
886.938053093 3.40161600164 0.188844634733 2000.0
-1085.9935467 -3.26593406806 0.223965798958 2000.0
14.0122424517 -13.8124922235 0.522432251845 2000.0
5213.33110523 -9.64199887413 0.71663381058 4800.0
635.599525488 3.55185060532 0.222973230241 2000.0
-2844.00334702 4.08923127237 0.206000258731 2000.0
2305.26122373 -17.0683583266 0.515676823025 2000.0
2074.84625956 -11.5906808151 0.390337440233 2000.0
1060.69869866 3.17936133785 0.203052685653 2000.0
-1204.63492304 -24.5960562631 0.694299361004 4800.0
7316.24473878 2.04584341989 0.836504636858 4400.0
-4645.44872317 -26.9880534471 0.77188342297 4200.0
450.336227396 10.6361244035 0.47024756566 2200.0
2144.951 -11.1340883184 0.3840088177 2000.0
3047.4266836 -19.698817235 0.629045295487 2600.0
-107.816541532 8.29541563626 0.313139143124 2000.0
2728.74968432 5.89265038477 0.340783507868 2000.0
-2380.61079065 -13.1521915343 0.506987134406 2200.0
-661.346837578 22.8268843224 0.654270519421 2200.0
-1847.43607001 7.76776495995 0.266283853254 2000.0
2895.49823348 -23.3158907288 0.703212151618 4800.0
1625.01148577 5.66807104357 0.327717951486 2000.0
-3050.72712942 26.9626989064 0.92927588614 4600.0
6077.56241681 -6.86709983293 0.838858032023 4200.0
1052.41955065 3.24855843279 0.215142058805 2000.0
1761.53487024 2.63835674452 0.24366129885 2000.0
-2766.78040026 5.9665165238 0.25508475788 2000.0
-34.3246882926 -10.5948524724 0.323513788419 2000.0
1349.15796976 18.7366780431 0.760402742963 2600.0
-1090.50489879 -0.815820084863 0.16005974443 2000.0
-2324.17514106 -1.15172571048 0.296906483306 2200.0
2276.05105796 12.1983247583 0.419746988795 2000.0
6065.82850859 2.83037988327 0.741803513777 2800.0
-4546.84169472 0.911928333476 0.697379041639 2200.0
-8321.90109087 -23.3681210254 1.26030427403 4800.0
6634.87322164 -20.2443120921 0.836694348308 4600.0
49.5173137561 19.6650711066 0.558908574773 2200.0
7967.600448 23.5675856453 0.984760683058 4800.0
5522.29427747 -1.41151528303 0.721164979682 1800.0
6865.23207107 14.2427828481 0.804467261374 3600.0
-512.896416282 -21.0570883562 0.68167667029 4600.0
4240.79104564 21.217852783 0.92122058853 4800.0
-1656.08485966 8.91960370737 0.295228156943 2000.0
1660.06245044 0.193900696133 0.147930745755 2000.0
-5845.81306518 -15.5021293287 0.959402671145 4600.0
9347.17672295 -13.0681813365 1.07100168051 4800.0
-907.405858335 27.9124887249 0.749383874426 2800.0
7971.31241129 -8.43176192783 0.888854999329 4800.0
-4155.44676285 -5.48342722876 0.645922799564 2000.0
-1431.2275807 13.9601769703 0.412961093422 2000.0
-3274.21816026 5.31745332582 0.398619107129 1800.0
-3601.18196065 15.251954488 0.595517772416 2600.0
3668.15563961 13.7058091864 0.558681998078 2200.0
-206.756714411 -13.067777542 0.478585192423 2000.0
-3970.21083565 5.9570180147 0.425007767125 1800.0
2606.64714358 -3.5669805181 0.203207708258 2000.0
1051.52121687 3.57039232064 0.1947400185 2000.0
15839.7276679 -5.92061226632 1.07850169531 4800.0
-4126.57160192 9.51577162781 0.351520296493 2000.0
5402.0581554 -7.57772123076 0.761320425281 4000.0
-9696.21657745 9.60429686512 0.926818135544 3200.0
-8082.05369207 10.8547667385 0.910086961725 4800.0
-982.959428904 -17.6864787888 0.64370396717 4600.0
4505.30481266 3.29345244244 0.532724174273 2200.0
3428.95496845 -20.7139449612 0.660290996428 4800.0
6097.80227922 26.2025637612 0.86011259835 3400.0
-7708.27728227 -10.1727000343 0.917147992766 4600.0
-803.38671968 39.4528424844 0.726186668002 2200.0
3037.21010632 -15.9853845807 0.503264902315 2000.0
-2447.86893138 -7.37307778221 0.381928969599 2200.0
5204.7435792 9.59538936436 0.829810771238 2400.0
-179.469581017 0.858530775145 0.124805139663 2000.0
7406.72576953 5.23565002736 0.948490543924 4400.0
-611.356447855 29.1866818826 0.859809818218 3800.0
4149.10184743 -5.74264417969 0.411432846637 2000.0
11.8243478639 -3.84730207902 0.174202268 2000.0
5661.38915437 12.7829820565 0.89738080341 4800.0
-10301.3444171 39.8494130723 1.08992026735 4800.0
-1087.69282251 3.03956930047 0.151849865745 2000.0
-2243.22037136 -3.03846739462 0.298708711893 2000.0
-2134.00819522 3.73890325712 0.171049079533 2000.0
-6074.50264902 -13.4872318324 0.822953139133 4400.0
995.466990369 28.5679075564 0.874654449634 3200.0
1846.97992883 7.87063016879 0.433856839323 2200.0
6590.04191241 -25.0720196293 0.872373073087 4400.0
-2174.14995809 12.1313418516 0.253152070422 2000.0
-3142.92043088 10.1743838284 0.331825432622 2200.0
-1237.99088929 1.65912137268 0.129174076959 2000.0
443.333730797 0.24445536182 0.0733237754581 2000.0
170.928797343 22.27064128 0.693290819628 2400.0
-3099.71687708 -9.63846232722 0.626585299341 2400.0
-1787.75400752 -35.30594413 0.774504867261 4800.0
-1002.77609655 -22.654880167 0.696993052193 4800.0
1140.6450183 -1.8246021992 0.176695065658 2000.0
-1526.15936679 -12.9340691254 0.483276859911 2000.0
-2713.04588898 -15.9280213123 0.594577197215 2200.0
-9540.15206272 -40.3492075946 1.11397345555 4800.0
1690.90831644 -0.550706294076 0.180682932535 2000.0
977.333102836 5.10115352347 0.280123570207 2000.0
4507.61096405 33.9630145153 0.788941770903 2600.0
-2887.86592635 16.2255609425 0.528481962456 2200.0
-4803.75879456 -31.4636233652 1.07792595588 4800.0
-5762.13123228 11.0934099551 0.725591204078 3000.0
4675.5389753 8.89068598518 0.584513859575 2200.0
-122.669501127 -1.63201384237 0.150757919464 2000.0
-1638.18349414 -2.10827596321 0.239564274267 2000.0
627.845563691 22.9419022417 0.804863993992 3800.0
-3217.34976587 -11.2072791277 0.605981631579 2400.0
-6246.88983477 -11.5056808405 0.844754019713 4000.0
-875.125988181 -10.4044168752 0.451140613555 2000.0
1204.63239893 4.72382186414 0.256934421997 2000.0
-674.612161292 -11.2720104239 0.373631593639 2000.0
-1073.14236868 -14.3103705979 0.560142042588 2000.0
-11426.9264438 16.7338305276 0.974451875751 4800.0
-3861.63566531 12.3962089424 0.451868249432 2200.0
4176.46045868 18.6392751791 0.753586351449 3600.0
1087.34366244 -9.66623008973 0.384292387019 2000.0
-627.451764101 -0.0827562635065 0.119960049625 2000.0
-2247.11368393 4.3082677184 0.172078199398 2000.0
-7984.76530748 54.1433980327 1.2148501545 4800.0
-6613.2118141 3.04935232876 0.857185858219 4800.0
-9215.42903928 9.01623770009 0.91093079542 4800.0
-3863.45276822 17.7862240335 0.576920416389 2000.0
-7585.02306123 -14.6779831352 0.907152198319 4800.0
-6396.14390194 -19.1586769898 1.01816478325 4800.0
-1848.91681568 -18.0886070596 0.377491774587 2000.0
4976.44525636 -8.23766288967 0.65659832993 2800.0
-3412.75401868 -7.30834291729 0.655195526944 3400.0
2746.70688435 -14.6595826473 0.426510615763 2000.0
-512.7054415 2.18803839312 0.0839849057806 2000.0
824.424217312 -6.69001835074 0.262197527456 2000.0
-7137.34958867 9.36421498219 0.815460562764 4400.0
-3807.69650449 21.462002014 0.720917221238 2800.0
-434.647371154 -35.1430380173 0.766009456158 4800.0
-6091.99111157 -3.80808645291 1.00504438686 4000.0
-2296.73095772 3.45588663412 0.196569286888 2000.0
193.374600081 -3.5870497246 0.205440169654 2000.0
-1714.21422352 13.9307799432 0.41682380823 2000.0
3342.27487727 19.4998796246 0.794617175732 3000.0
4596.1043743 17.5571714913 0.713848556454 2600.0
3286.00961128 0.943561139338 0.370580556398 2000.0
5415.22792407 -2.94218007947 0.621999952712 2200.0
-7170.54437883 -7.71161468473 0.877288499961 4600.0
2867.65084124 18.5407270397 0.693013368806 2400.0
-7687.77001106 -7.44625683223 0.858627694395 4800.0
-1515.15174267 26.9804394268 0.801685554977 2400.0
4433.45255544 13.9860124955 0.739928227199 3000.0
5535.3291758 14.9366116529 0.859485036759 3600.0
1423.94237076 -17.1158305079 0.593672081173 2000.0
-9525.42433585 -12.5439898062 1.00704791089 4800.0
-6410.59375006 9.34880295663 0.86170730273 4800.0
1776.89993467 -11.933040593 0.446219533106 2000.0
-2787.40899941 -12.7550416264 0.637406567222 4000.0
-7336.29171475 -19.1118024356 0.80027751917 4800.0
4473.45418211 13.0810750471 0.764191549609 3200.0
2787.14863715 12.0449252249 0.517858357723 2200.0
842.53335986 38.6401502927 0.912493047762 3800.0
-2007.188786 -3.41907148472 0.274413589798 2000.0
4667.52164734 19.4217842784 0.699639067791 2600.0
1496.00710398 1.17894985473 0.176002461059 2000.0
7462.96869436 4.34822122849 0.857540904088 4600.0
4461.30721332 13.8090641569 0.859257485064 3000.0
-277.816799019 5.12411182413 0.179795179961 2000.0
-2644.61413174 -4.10473721548 0.346285746497 2000.0
1540.63194902 7.05052279175 0.31978448144 2000.0
-5332.79677685 -2.95357825238 0.730309606024 3400.0
6306.27771249 13.3751303463 0.935114403475 4800.0
-97.7121357957 -7.24317798126 0.212568684635 2000.0
4571.62365785 3.27716196979 0.539329154509 2200.0
1096.32776857 -21.048886557 0.663107117703 4400.0
-11891.9354296 12.4491252883 0.973442472641 4800.0
-872.442979835 -25.6203944513 0.728664486981 4800.0
-875.158759508 15.0385303992 0.28748775107 2000.0
-5127.90288622 -3.7889101637 0.795316825903 4400.0
-1756.22236985 2.00423869632 0.19296722311 2000.0
-3097.42299857 1.28592749164 0.247048881375 2000.0
-4117.14135635 -16.6373950378 0.80002187767 3800.0
-415.837798482 -2.64650622598 0.113653830048 2000.0
8020.4808086 -0.995162107855 0.886847700499 4800.0
36.2573260241 -18.7701392989 0.601871664404 2200.0
-940.910922874 20.5955439984 0.716752594572 2600.0
8752.58659877 -2.09308153951 1.04441962972 4200.0
1027.15226918 -3.25288879089 0.179713990635 2000.0
301.520721422 11.1833722663 0.407995587915 2200.0
955.250396141 -15.7508456158 0.5219753192 2200.0
-3032.24924832 -1.84511580072 0.270731584771 2000.0
-3277.56346771 -2.39619846045 0.518239479681 1800.0
2250.12876615 6.80735440007 0.388554894781 2000.0
-6701.88556282 5.00238761225 1.04074815508 4600.0
369.427649102 -13.3781354424 0.477480687559 2000.0
-1838.14011345 -6.24520161038 0.399545392103 2000.0
629.800819697 -1.36576964088 0.120726397113 2000.0
1408.1202178 14.2901197223 0.698482992761 2800.0
4689.08175447 -35.8070570457 0.832115938359 4800.0
-9101.32033104 10.7886621439 0.842214041033 3600.0
4101.61261824 0.848011877818 0.384930547412 2000.0
-2446.95669411 12.0315259713 0.400759969405 2000.0
4634.46280002 19.7620980075 0.805700060258 3400.0
2952.32254409 -1.77771233683 0.237531332331 2000.0
-5409.07450234 2.87448510547 0.71078857308 3600.0
5374.16431927 12.6168810551 0.766091963981 2800.0
-3242.55005795 -15.5570244284 0.597979208665 2200.0
9877.78305745 4.55380252978 1.21208305845 4800.0
-1125.42998417 3.02259612219 0.147053823686 2000.0
33.9690103313 21.3725248412 0.761288371019 2800.0
2810.30136813 9.3860251232 0.458684336082 2200.0
799.209340267 -14.1761162158 0.541641259374 2000.0
-103.00677259 11.7981566549 0.474116682009 2000.0
-57.3668930672 -9.61623016457 0.369872596899 2000.0
-3731.09891634 -24.7917846813 0.811067886677 4800.0
-1070.12136666 -15.0837498149 0.613046698351 2600.0
-832.611008568 10.3417911254 0.270556948776 2000.0
137.941827839 -15.8100487631 0.584319542781 2000.0
1603.22608204 -21.7975311184 0.602805928704 2000.0
-168.565107723 1.53671651668 0.124956162096 2000.0
8254.9824159 -13.6907599013 0.893000023272 4800.0
1106.50013576 -12.9484839275 0.431246083124 2000.0
1249.80916103 4.30887569354 0.236399837288 2000.0
-7959.92050427 -0.774609016197 1.27784664544 4400.0
-5990.4951215 -7.23199912239 1.06290592479 4800.0
-2539.77553171 -3.61514221212 0.389116337232 2000.0
-3781.50097385 -5.21890153336 0.415916139015 2000.0
-3629.38592138 -4.6021995021 0.583251293067 2000.0
3947.93417779 3.95069959401 0.507075096636 2000.0
1624.11846348 22.008837945 0.810776342098 4800.0
3833.67562598 19.6266227231 0.705880762659 2600.0
2325.94118433 11.8523827899 0.548340641394 2200.0
-1409.58361787 2.12498103358 0.121059634057 2000.0
2125.17219279 -7.09920543066 0.229105466064 2000.0
2595.37739337 1.07533523777 0.266376450973 2000.0
-2690.25814607 -0.109630331375 0.204463842498 2000.0
-6059.92985941 13.0086215885 0.695050237995 2400.0
-6573.34562413 23.3013142144 0.977583487689 4800.0
-1998.04631824 -7.5765935011 0.444237575765 2000.0
7462.82879426 -3.10517127426 0.879574187663 4800.0
-839.300881733 0.631823348155 0.178868964323 2000.0
477.186808701 3.39501088813 0.169383027849 2000.0
-773.276053776 -15.3530949051 0.59852981964 2600.0
-4895.10970716 26.8938773043 0.66752107353 2400.0
5226.56482296 3.9511274027 0.659680525343 2200.0
-1470.43647906 1.45534065558 0.150783602404 2000.0
3074.98424527 17.182048066 0.682937201026 2200.0
1094.92996045 -1.53973927214 0.154063063549 2000.0
-2640.38777492 4.45309842379 0.262765718672 2200.0
5094.01994518 0.60222357639 0.714901371228 2600.0
1613.51894621 17.9821338503 0.692266489857 2400.0
-248.388515582 -14.5414377845 0.575796592706 2000.0
2.27645087381 -8.31083536639 0.3421883778 2000.0
3891.83973888 3.69092609483 0.436800410179 2200.0
-1380.27629196 26.9412004528 0.712905768418 2200.0
-5244.26352252 -15.0276842436 0.782995882158 4000.0
2363.73611426 9.51496117536 0.404098315005 2000.0
2975.88770193 -9.08777939156 0.274223563074 2000.0
1787.32573074 9.79555754151 0.533903522927 2000.0
-14.6808009492 1.23002971025 0.109083093037 2000.0
537.496779002 4.9753999586 0.23558154744 2000.0
7846.88253272 9.73609156495 0.975058335424 4800.0
-1655.23196303 -12.7403968905 0.463622756861 2000.0
1601.11461907 -13.6461541807 0.453947228106 2000.0
5113.00956148 -12.2854317358 0.526946470866 2000.0
-917.801264968 24.0979312166 0.738704587421 2200.0
-2388.24070883 -10.4045941582 0.476516633354 2000.0
2589.90782364 4.54035149901 0.33722620461 2000.0
2015.94429201 -7.23710918476 0.254694180332 2000.0
-6460.47638571 0.186691592511 0.748532101089 4800.0
-2558.04852782 26.5279386967 0.824652779547 2400.0
1710.86434597 3.64182367891 0.265796321035 2000.0
-4902.2515558 10.7279095421 0.762491432639 3400.0
12406.8778945 39.9293672583 0.961431347313 4000.0
-6684.93758506 25.9593036327 1.01835094775 4800.0
-7763.44655349 -25.4323877135 0.894794806078 4600.0
2144.42529758 8.26663213141 0.369187670254 2000.0
-1620.48275127 22.4198670456 0.526800523352 2200.0
549.059541401 -1.56199679292 0.0926797080238 2000.0
3223.0523342 -0.392789598496 0.318879924434 2200.0
-8094.13245212 0.140047551553 0.854115037531 4400.0
664.690292957 14.3446945498 0.549143266349 2200.0
7609.68914652 3.16694591449 0.881595119726 4800.0
-2775.63175828 5.45516282258 0.229307375718 2000.0
1401.70414102 -17.9156907965 0.609203181458 2000.0
-5320.49483382 15.9549547811 0.684283858788 2400.0
-5720.48899087 -21.4871030695 0.908205849137 4400.0
-5196.08191819 11.0466638159 0.529310223836 2200.0
-8662.09212392 22.5478518836 1.00822245999 4800.0
2460.97049042 -20.9483377843 0.650320255825 4800.0
-9451.94137371 1.59388307036 1.18014178038 4800.0
2388.09246162 3.12089047949 0.270680886509 2000.0
-3770.23884001 39.2600948648 0.999718909036 4600.0
-7690.32462993 -14.8900735517 1.36333539942 4800.0
2967.34019368 5.95625941218 0.363137159511 2000.0
5191.35062599 -13.7106355668 0.556779396073 2400.0
-4311.3465539 -2.96070914486 0.47147395557 2000.0
2572.06021634 2.27217612744 0.28268836313 2200.0
-4054.3486529 8.46195845086 0.588222725024 1800.0
-609.971771926 15.1013157484 0.564681359219 2200.0
-5575.22467526 11.6345657695 0.849437082063 4200.0
-1023.89440111 -5.71089171947 0.281276920039 2000.0
3911.09765346 -8.2295267991 0.403262619087 2000.0
7242.10263176 2.46955338053 0.866041959825 4800.0
-2646.97167397 -5.15290097029 0.452715217987 2400.0
-290.769697046 4.79763061821 0.177117304881 2000.0
-2589.74234894 15.3124406138 0.510449207702 2000.0
11499.2051057 -12.4119308982 0.990901600758 4800.0
-1647.6365927 34.909878483 0.898534991129 4400.0
-270.572592546 -29.5905773005 0.696997051594 4800.0
950.154409717 2.8396135737 0.161570567859 2000.0
4766.4747897 -6.06381749209 0.533672442198 2200.0
3296.75191344 -24.7197334575 0.51873643177 2000.0
-2579.00498049 -15.771015609 0.684461363506 3800.0
19623.064472 -3.55343319616 1.41081545533 4800.0
1790.27288677 -5.43375591285 0.214467692214 2000.0
-2320.16971661 0.563938796351 0.277553272672 2200.0
3199.86552695 15.1062293684 0.652128353404 2400.0
2048.27180715 -9.45843589092 0.307267246341 2000.0
-3934.8498562 5.9566437864 0.451960308942 1800.0
101.6552174 1.10314630436 0.155548991274 2000.0
3206.8687956 4.36226393809 0.402752152534 2000.0
-11104.3624285 11.605739672 0.978956292778 4600.0
2390.8238252 -8.65191206338 0.312977003631 2000.0
2893.59128117 11.2687392538 0.620615038366 2400.0
-2540.11437518 -19.4923990375 0.69388842883 3600.0
6102.75453261 4.24141840967 0.907814070409 4200.0
-243.158422574 -11.4646590985 0.486217987917 2200.0
2983.59192802 -8.73752611721 0.29075216708 2000.0
-1188.57844994 9.62124844579 0.304794657892 2000.0
-255.929255041 4.91915168358 0.207514273887 2000.0
3178.48714232 21.7127546743 0.911898692003 4800.0
-4710.57815235 -17.8447864 0.767388844783 4800.0
1697.70151376 -10.7272801092 0.390339671888 2000.0
143.518890487 1.71998478242 0.174734541521 2000.0
-3873.73289826 6.22269657183 0.454217752128 1800.0
-1269.26582269 -3.75756414357 0.247870977895 2000.0
-7523.13992412 15.4269033191 0.831404061268 4200.0
-2746.69959209 3.52215886376 0.198187536796 2000.0
-1049.57932371 6.93536099668 0.254732511853 2000.0
2727.98256403 22.1241200838 0.766865239486 2800.0
620.455532642 -6.48315475523 0.254951698617 2000.0
-4635.37535897 -0.0935520589491 0.729014314368 3400.0
1595.16733461 14.4919586341 0.434303171903 2000.0
-3259.02990951 16.6810075165 0.552743865664 1800.0
-6143.94363102 31.5835867064 1.08575237792 4800.0
7975.92074513 21.3932078829 0.930051880962 3600.0
9237.89717781 -19.2204946508 1.00106286682 4800.0
1830.69042428 17.1200593907 0.623830689302 2200.0
-795.29014379 -5.99750940724 0.311239600918 2000.0
4119.66856642 30.8784522715 0.855667822478 4000.0
2114.28525335 16.1874607112 0.778370778292 4000.0
-7538.89686124 11.9784628914 0.995136823441 4800.0
1896.39918989 26.813197363 0.474533870874 2000.0
-2847.75591848 -9.12467728116 0.520122255267 2000.0
1913.90404453 -20.9930237634 0.653205960756 4600.0
-5816.11437055 1.77639009191 0.858227904019 3200.0
1316.66065725 28.9413286915 0.680866630677 2200.0
556.358994255 5.09467964684 0.159881893824 2000.0
-1661.41276822 -12.6704431514 0.508584952786 2000.0
-1108.50659186 11.968170855 0.311202486404 2000.0
8962.87149356 -6.37377832462 0.959181436808 4800.0
-2529.15815367 -0.140023269653 0.290418979144 2200.0
1913.54889577 9.9052165642 0.376243686576 2000.0
-1759.77448481 -12.9600414605 0.466195048153 2000.0
7801.96279882 18.115746317 0.949894204037 4800.0
3618.51265157 -16.0505603442 0.581086272262 2200.0
3922.32743657 -11.4346896567 0.42174910839 2000.0
-2192.74124502 -2.78706524849 0.270910719396 2000.0
164.15324348 14.2873724956 0.417083008275 2200.0
2200.75422287 -15.9813255833 0.316003122436 2000.0
4354.8828055 1.19762782077 0.496527606984 2000.0
3620.82728011 -10.6667125741 0.422905271618 2200.0
4968.83310371 -2.11764106965 0.575265673242 2200.0
-12119.0694215 31.1220524201 0.969765081909 1800.0
6288.32761253 -19.3786886185 0.80648159391 4800.0
-4451.78622981 -6.03049374868 0.750165621153 4600.0
-4640.65862369 16.2096383747 0.796812482826 3200.0
-3832.24220474 4.85734184863 0.359819284089 2000.0
5950.93584355 -9.44946884588 0.777781035412 4800.0
4501.22295881 -2.52912703609 0.408875875205 2000.0
-4059.06690366 50.6708555164 0.897659105812 2200.0
-2941.28545033 0.47149645106 0.255809335203 2000.0
4075.9628904 -13.7648315449 0.523759045084 2400.0
8817.75644881 24.6915546692 0.98686113507 4600.0
-2121.77968631 3.57117131591 0.157502806214 2000.0
-110.576277863 4.22633990694 0.162075272598 2000.0
7621.14059891 -5.3105346549 0.88365098362 4600.0
7206.45645935 -10.5963942459 0.89148451648 4800.0
2113.34521664 4.34448250965 0.330819950361 2000.0
2392.48692186 1.73109381292 0.234411314809 2000.0
3352.1857398 -0.399425770205 0.273107157155 2000.0
-5671.06888866 10.5411538002 0.621854767712 2400.0
-1212.13525738 9.1981369624 0.284102930684 2000.0
160.818258311 -1.27995357366 0.157670638247 2000.0
3012.42846156 25.0047232358 0.931695427811 4800.0
890.906025019 -8.60363165581 0.303573000388 2000.0
-7580.96738235 13.3095347033 0.929580582503 4600.0
4714.42970673 5.21607207509 0.656058670093 2600.0
2001.99811354 -2.52157471325 0.191964686422 2000.0
-649.660118922 8.77901583779 0.296535710043 2000.0
1257.38411534 -2.22258994669 0.173868374871 2000.0
2124.59230631 21.2806524428 0.716835694605 2200.0
3121.42798312 -15.8107621898 0.60220661344 2200.0
5828.0998496 -16.1948863372 0.754233364145 3800.0
-5872.14614035 -13.065168302 0.800880040882 4200.0
-3930.22465186 10.1220413277 0.445626687971 2000.0
-1747.07767002 4.70277787083 0.201304719406 2000.0
6368.31079566 -21.0898010779 0.868268865658 4800.0
-1019.70378825 -0.110116696545 0.142898105819 2000.0
-3638.46156821 27.3620667067 0.785984644706 2600.0
-5863.93750608 2.630841783 0.63935711702 2000.0
-1046.59923638 -4.89169962084 0.206541735379 2000.0
3239.98569421 1.64704520879 0.330858788738 2000.0
-301.32436792 -16.4957013141 0.631623209464 4800.0
173.350867157 11.2327794809 0.296264496828 2000.0
-5566.81558292 9.63197761185 0.673576044879 2200.0
5154.28155393 -12.2361409482 0.661737582139 2400.0
2265.42996202 -2.27967151476 0.215641421408 2000.0
5508.15961898 -12.0988935065 0.709558025612 4800.0
-145.411909032 -15.7238880834 0.414398383692 2000.0
-2661.79346063 37.5912232363 0.831329498102 2000.0
1885.22230678 -42.0200665486 0.948672555721 4800.0
-2815.30839394 23.9035338821 0.53727529123 2000.0
-6690.09725867 13.0515344106 0.704775793167 2800.0
2604.41689058 -6.57960316309 0.286293623389 2200.0
2571.73695177 -52.8255530036 0.954253934545 4800.0
-3151.46261809 8.57541335974 0.322701715034 2000.0
4786.02369099 -17.1918471351 0.705762729864 4800.0
3121.09273214 -26.6504499764 0.810008100651 4200.0
1462.14235849 1.23846005412 0.170596749957 2000.0
-506.292634333 -5.62935409845 0.269841574916 2000.0
-3463.75522918 7.75946182591 0.461358641162 1800.0
-2363.18686711 6.86395017215 0.243160669072 2000.0
5174.19933357 -6.17733569982 0.585212416748 2000.0
-703.596824259 -20.1915153619 0.668543216173 4600.0
-6373.31439905 21.2984914559 0.989821711598 4600.0
6607.95791197 27.7698222117 0.940393404137 3200.0
2498.72222024 -1.77224773334 0.197139507947 2000.0
3967.38486219 13.4045009418 0.601073295822 2200.0
-8834.88959295 4.89069495784 1.10941395056 4800.0
-1721.92669577 -4.49171011567 0.320829816413 2000.0
-1762.72454649 10.6883279518 0.31183577584 2000.0
4429.64663726 11.3112186832 0.609517309128 2400.0
902.339674893 5.21263302423 0.229243929148 2000.0
15012.8373327 -40.9905291301 1.02935808728 4800.0
-1030.05714355 -1.89608270992 0.228235337802 2000.0
2386.12401045 -5.63890683707 0.255495769754 2000.0
1689.79018521 29.9776474641 0.90510183178 3400.0
-3806.48204017 -10.5806543732 0.673583224919 4400.0
3240.20847803 -38.8418161423 0.896341998713 4600.0
-4835.41472693 10.1211467003 0.745800786292 3200.0
2383.45770719 -6.20846518718 0.247667594633 2000.0
2986.53624339 3.56375560378 0.321855181341 2000.0
1495.39181562 -9.24749436441 0.322374010515 2000.0
415.774582881 10.3400563883 0.384303673194 2000.0
7134.74353662 -4.27742238272 0.929777642139 4800.0
-3169.40374156 -16.6489034442 0.700379694444 4200.0
306.826639977 -25.8835516899 0.541741185809 1800.0
809.413000659 0.840707373534 0.179050208235 2000.0
-4235.74673565 -22.1764030802 0.771783004748 4800.0
2264.86395951 9.7763576077 0.366210816453 2000.0
-4471.90513337 11.2169647299 0.672379958684 1800.0
-3665.68104857 0.368564423314 0.430611504024 2000.0
2368.54153559 -4.43903921848 0.199629592729 2000.0
3334.76674841 -7.82909986418 0.429251371367 2200.0
2412.01792249 -27.0908696325 0.728428764027 4800.0
4049.91156913 5.08816729171 0.572399769231 2000.0
4451.03405377 9.48248477348 0.684958498712 3000.0
-7873.7613287 -4.18296549128 0.928677325366 4600.0
8245.30089662 15.7490887378 0.972528987688 4800.0
918.671285018 -16.5225025792 0.615744328884 2000.0
-2810.61730237 -14.7754628794 0.689322002885 3800.0
-181.950255637 -17.9405202114 0.633116963967 4800.0
541.860293581 -5.53261860703 0.216946883856 2000.0
-8.62746986987 16.1963891379 0.449150038508 2000.0
4718.15727755 2.98993941693 0.560371622032 2000.0
-406.323158189 11.854576754 0.41179221923 2000.0
2261.66384479 4.48316297505 0.316360343015 2000.0
1806.97216225 -15.0076044237 0.397413323792 2000.0
4579.93444219 -0.430408882696 0.472698738674 2000.0
-4354.74049179 -6.46998916962 0.722590939329 3800.0
-4243.88180836 13.4202980375 0.497696877514 2200.0
1018.33815791 14.1516207527 0.489171572061 2000.0
-1533.99487005 0.4034910839 0.166889804954 2000.0
2254.99400598 -5.53415774307 0.241239953387 2000.0
-4216.32927336 -30.9759780286 0.9232551242 4800.0
-10342.9633482 -17.4497553678 1.0043273618 4400.0
421.781721228 -21.263148451 0.675585555799 4800.0
1840.28172906 -21.7920733994 0.623677109632 2000.0
-2471.27496842 -22.0984161905 0.763539772166 4800.0
5670.42338752 -7.68689524638 0.76754832832 4800.0
-2049.77757146 8.98085687798 0.282227504374 2000.0
-3700.10390274 4.29073042066 0.440451914906 1800.0
-3706.5401621 -10.8129862762 0.606014641046 2200.0
-1343.69631729 1.5125542994 0.126782443551 2000.0
10337.9657176 -1.09289299179 0.991624284919 4800.0
9853.77215974 6.07656202797 1.03603542861 4800.0
-698.988117093 -4.56823188911 0.217903065054 2000.0
1730.27761712 12.2165404069 0.533843820528 2200.0
-8629.07990799 -11.8673108468 1.09252967326 4800.0
-475.352536254 22.0472053591 0.530738387079 2000.0
660.744427022 -6.73113492588 0.266203642068 2000.0
1816.33694884 -0.722952212743 0.172281450992 2000.0
2833.74633578 13.5873138621 0.617017624066 2400.0
-515.829253325 27.8484820539 0.839466889878 3000.0
6008.9288711 6.36284655289 0.771650836471 3200.0
-199.088327539 2.5293796534 0.151665569056 2000.0
8032.73722198 21.9176247199 0.890327320662 4400.0
1668.87649666 -14.6325907438 0.457738696585 2000.0
391.392568473 -0.183308485371 0.0614912077212 2000.0
6413.88916081 14.6686155735 0.757244664296 2800.0
7203.60045143 -0.585484011233 0.926959318625 4800.0
6114.43423906 -19.2099855402 0.76667572417 4600.0
-1401.48197022 16.9419417483 0.435433943055 2000.0
935.835553632 -16.6286856859 0.593679295791 2600.0
2246.02028917 -9.49271131668 0.302785388522 2000.0
1173.02254584 -7.53628056677 0.258562667464 2000.0
9617.90678942 -5.49421416024 0.981427477509 4800.0
-973.855468345 -14.1646306302 0.605646811247 2200.0
9784.70314618 -15.9590597771 0.984826368116 4400.0
4465.51707881 0.279977671548 0.460570338202 2200.0
1376.12395213 12.1200204985 0.452079668593 2000.0
-976.639177615 -6.91574543255 0.323401676044 2000.0
-1897.85843652 13.6464136818 0.353760968698 2000.0
863.471901831 -7.66613784453 0.278023030909 2000.0
-5766.45833596 3.42229273813 0.721130664803 4000.0
-10449.7377726 -23.7264290886 1.01889073622 4600.0
3038.50949794 -2.63641519101 0.23123810712 2000.0
2050.86735556 26.277997046 0.768765027727 2200.0
-2149.15023654 21.6589051546 0.759097809794 2200.0
-6666.89007456 6.02899854737 1.03588835944 3800.0
-4594.82652538 -0.951437725345 0.428843814699 2200.0
-4667.679083 6.60796336876 0.417266197622 2000.0
1691.31185614 16.468128922 0.599123855806 2000.0
-1019.95172538 7.5231125358 0.214336878555 2000.0
7950.26938672 20.5600498638 0.984865402173 4600.0
10875.3765924 1.94131629168 0.985144081456 4400.0
-2851.30317102 26.355159311 0.736475836525 2000.0
-1482.40485014 -3.65746258821 0.278598401658 2000.0
-7091.07322992 -4.68517894831 0.929396830137 4600.0
-9863.95005663 -3.70544937994 1.00661700219 4800.0
-426.274516621 5.66168015398 0.182642738281 2000.0
-5115.60232084 -7.01046923364 0.812088440168 4600.0
-2346.34660085 -18.0465878337 0.711241978019 4800.0
10884.1208866 20.2654330161 1.01700336016 4800.0
7875.60666971 -10.0233283503 0.89561584719 4800.0
-2270.92296879 18.8080590749 0.504683468414 2200.0
3103.27068546 -23.433112767 0.665399490907 4800.0
-5644.98844961 16.2860762288 0.770945231244 3200.0
-908.858555797 0.097783730828 0.0793407028246 2000.0
5913.03400373 -11.6862390022 0.76057105845 4800.0
-185.706553003 -17.6094460896 0.45014250257 2000.0
-964.987032987 -1.19090877416 0.172570669228 2000.0
6465.20115609 10.0905816598 1.04556749679 4800.0
-2327.50158448 -5.99239786602 0.310228052129 2000.0
-1220.1922092 -30.7401685449 0.74904718496 4800.0
8159.69049843 0.740107594929 0.912740467847 4600.0
-6957.44467966 -1.77631672587 1.08037608473 3800.0
-2066.91745234 -23.0621919906 0.639337837146 4600.0
-5668.23810603 2.20820876229 0.78243021616 4200.0
-4603.5539445 -10.3680791468 0.761626606098 4400.0
-4434.55278831 1.17317570971 0.47052298177 2000.0
-1348.36034655 8.65187429857 0.216745114568 2000.0
7409.39573932 18.9721271408 1.00696301294 4800.0
10310.2785585 12.789032052 0.986244108254 4800.0
-1540.62160219 -1.93883487793 0.200419445074 2000.0
8373.49024746 -9.05189127257 0.936152386127 4200.0
-3348.50364681 -11.6999928857 0.518297908979 2000.0
104.628313691 13.281384677 0.492845476666 2200.0
-2963.4195222 -1.9563869556 0.303262024671 2000.0
-665.316233911 -18.6782973431 0.658833857939 4600.0
2162.36776193 21.2914723996 0.364664642262 2000.0
-434.478988913 -1.81338207263 0.133001153597 2000.0
-6811.73203804 -3.422686552 0.850857956443 4600.0
-4031.53513621 2.80118672917 0.394846982414 1800.0
-2324.61855912 8.59140958926 0.294055214994 2000.0
7721.18122369 0.696065057335 0.937230014295 4800.0
546.568683426 -16.7321197475 0.55513264419 2000.0
1916.91384357 -21.6298848413 0.661318206199 4600.0
3114.09291444 33.5214399157 0.594870397258 2200.0
5689.99916703 4.64299585509 0.739367606075 2200.0
5561.24248982 0.164554488619 0.631490188052 2200.0
-2510.87794389 1.35274272483 0.16617153328 2000.0
-9256.1169482 10.8736473159 1.22901577784 4800.0
-1676.97652835 -13.0794039416 0.614493484983 3000.0
-6942.48818333 -12.8162897878 0.970305901123 4800.0
803.647641544 1.34701307482 0.132646216783 2000.0
-6635.28318825 16.2709768941 0.778217854116 3400.0
7589.28059463 -0.915033403454 0.897816644055 3200.0
-297.818952763 21.5520056375 0.430154510579 2000.0
3185.32944141 0.670900189823 0.334720681841 2000.0
-1321.62372859 0.205444118313 0.13444667435 2000.0
-3136.32890197 -3.38090272942 0.358210883411 2200.0
1686.32537735 -8.68085884546 0.284633925298 2000.0
5895.64288073 20.5777409022 0.81450650187 3000.0
-2419.04831919 -20.6625228239 0.690987974484 3600.0
-2229.25194987 -20.7258001976 0.693626705646 4600.0
9361.62385767 -34.8297712753 1.00201384041 4800.0
6739.85757717 -2.40665360545 0.839966386706 3200.0
699.884173221 -6.39455793785 0.266620980721 2000.0
62.9304385286 -9.65119784969 0.300864884946 2000.0
-6257.07591886 3.05384749915 0.784230503423 4400.0
817.180239753 -8.60873969259 0.360897946769 2000.0
2168.32969822 19.6660833112 0.58846120539 2200.0
2749.23407174 6.14556105353 0.419347499637 2000.0
-1923.81682104 -0.113260080748 0.185410030979 2000.0
-2863.33209745 -2.45417308413 0.323474526026 2000.0
2411.1463683 -46.4782412508 0.892566479085 4800.0
7663.52256395 2.19667142815 0.928669717429 4600.0
2908.83499377 16.2200730913 0.622070692464 2200.0
7343.17683292 1.07960027224 0.936209706228 4200.0
2768.76888592 8.63032120246 0.421121980909 2000.0
1730.33788037 8.53853964562 0.317656302752 2000.0
4906.21603776 -26.9507955912 0.936225871305 4600.0
-1589.07262268 3.84461502479 0.159220862254 2000.0
3726.47395283 21.2979788935 0.690110523035 2200.0
-8500.73025774 -10.1658573705 0.939832247649 4800.0
-3727.29229668 -8.64653728702 0.467359782261 2000.0
104.782242439 -25.2077830058 0.685223537174 4800.0
-955.803253421 1.68587011743 0.129882480861 2000.0
-1280.65745189 2.1736715866 0.18532901657 2000.0
2372.87928401 4.82147064855 0.318386423381 2000.0
10007.200118 5.08983386867 1.2431525924 4800.0
6264.45278348 3.01796199473 0.804652647973 3000.0
7871.12720301 5.42316633594 0.948158105279 4600.0
-259.009926589 12.4869486715 0.392369703295 2000.0
1447.43272397 -0.505143890394 0.175011066186 2000.0
3092.93950279 7.60105481308 0.482863600499 2200.0
-4124.20990919 -6.8620090732 0.508776783604 2000.0
-1522.06592854 -8.8954324921 0.406391256543 2000.0
-4742.47162747 13.9715723215 0.58017720778 2600.0
-2701.33702446 -6.67763819695 0.503411026081 2200.0
1002.03333319 2.40531358956 0.209862713953 2000.0
3380.65524175 -2.56621848064 0.388622196068 2200.0
2197.35789936 29.9458655841 0.887200211154 3200.0
-4668.85883153 -8.38649173084 0.678565474133 4200.0
-5658.87141381 -11.6822305903 0.702072882876 4600.0
-593.140385361 2.01518894845 0.0877037748798 2000.0
-3651.76395661 -29.0523172275 0.799392554121 4800.0
2751.22574093 -15.4656233791 0.54970955722 2200.0
435.980924609 -13.6521112602 0.405282527592 2000.0
466.595380005 -23.5437808276 0.680920854872 4800.0
2733.44760132 -14.4946503209 0.505196625901 2000.0
258.815089717 -4.38688506199 0.207613015817 2000.0
1629.23813361 -6.16194675935 0.214138405391 2000.0
596.511224509 24.5031174278 0.602115672811 2200.0
3570.69142702 24.8263134187 0.855886147302 3000.0
3552.57786298 -9.79891398113 0.491968493929 2000.0
442.41091517 1.70085739549 0.134398297939 2000.0
10.9430532473 27.1502154001 0.699858272554 2200.0
2826.26307941 38.8981729832 0.941921690216 3400.0
890.023449198 -5.35958513559 0.217939944195 2000.0
-3759.161894 -16.4260963948 0.692267319332 4200.0
186.611282563 1.45184071104 0.16713683316 2000.0
7636.52727227 -6.16187588177 0.891765582296 3600.0
-7332.49631207 -10.2174192854 1.14214853072 4600.0
10616.1304825 -18.353364565 1.03189381075 4800.0
4258.64627848 -2.10517014416 0.514204247858 1800.0
242.714473304 -3.27783454005 0.191507748082 2000.0
367.388634214 18.0259604325 0.679135839995 2200.0
-2310.19641213 -1.68195792171 0.318272902352 2200.0
7611.04982522 -14.5356944771 0.875549019212 2600.0
-580.784600853 -6.89374575667 0.328793919821 2000.0
-7856.04456736 7.52315020749 0.888964002768 4800.0
-6171.23769883 2.26785615717 0.802382910535 4200.0
-907.778084359 -15.2300734364 0.588993083869 2000.0
5298.31860866 -10.6387201131 0.757396130468 4800.0
-3608.09799891 -5.1769933865 0.448356428775 2200.0
1834.68941701 0.99433956219 0.221015101918 2000.0
-972.838047081 7.28208245473 0.240482455989 2000.0
705.73261055 -3.86615823783 0.156423036773 2000.0
-1165.27717232 -7.5123784834 0.290764271639 2000.0
2163.95185266 2.45308155053 0.241605552815 2000.0
6364.51415665 3.66296405911 0.913226156728 4800.0
-7782.32999633 -6.57311362017 0.911176035301 4800.0
2639.23826105 10.237488383 0.341158907813 2000.0
-7435.92586102 1.73405719465 0.96748500254 4800.0
220.153998017 41.8367159702 0.690603354246 2200.0
1261.50028135 -11.8491091678 0.424564582022 2000.0
995.793746748 30.3229307006 0.937249993966 4800.0
-4616.7842957 -34.2882844491 0.783216995352 4600.0
-51.2128199505 3.75910589093 0.133143685656 2000.0
-6303.06423019 15.8203817465 0.928466735285 4800.0
-3259.49329565 -5.98166330455 0.500922391844 2000.0
2027.58626993 -1.44024453731 0.156924644203 2000.0
-3855.51038371 11.9551758565 0.47289631402 2200.0
8776.99652922 1.79394949979 1.02354775312 4800.0
-3877.01090719 -20.7229215273 0.792438298835 4600.0
1912.90275039 -14.8345973906 0.534503264301 2200.0
-2881.22337179 -2.35488793862 0.35315155291 2200.0
3840.59056909 -23.5474174816 0.678759400796 4800.0
-2425.97625982 -1.65187161831 0.309310518105 2200.0
3112.56643495 2.64268260775 0.365004814209 2000.0
-6590.95511613 -27.233075361 0.99334018923 4800.0
1543.6007462 -8.02808871824 0.274355409809 2000.0
-1185.6043894 20.4599894894 0.519953841313 2000.0
-2299.27346596 2.36602414808 0.179224945723 2000.0
3524.88632257 15.0309223047 0.507587491319 2000.0
-2296.86223397 13.3169551929 0.322535767527 2000.0
367.606974799 -8.23286905438 0.339446375162 2000.0
-3949.98218163 -18.6474881827 0.693033962404 3600.0
-7253.71317623 13.531744683 0.791731331781 3600.0
-2265.17015336 -18.3147932041 0.663436998677 3600.0
-3247.75063893 1.78699699628 0.422722647915 1800.0
481.303571566 2.2732559546 0.145222557364 2000.0
5619.50893644 -12.7378969515 0.796596990936 4200.0
1647.7027174 -29.2166269941 0.741594278733 4600.0
-754.94067378 1.99542399714 0.162036446267 2000.0
2838.40664506 11.7514660822 0.516658840735 2200.0
691.023999331 3.59016645757 0.167384362521 2000.0
-4097.68483452 1.53723728807 0.349772287918 2200.0
-7157.13324544 4.18067701696 0.72645096556 4600.0
-1204.48638845 26.5498406754 0.760188078246 2600.0
6272.09451799 1.69322201573 0.801424544744 4800.0
-60.8161936739 5.81269402145 0.232800295091 2000.0
-1128.99915534 10.7814690716 0.319910539454 2000.0
6486.82677787 -21.4539483466 0.87519423414 4800.0
1023.7623953 17.509257167 0.347486729781 2000.0
9063.48599135 18.2485160911 1.11863216882 4800.0
-2777.63144813 14.3692763422 0.472992595307 2000.0
5564.87279315 -10.1575917328 0.759472316796 4400.0
-153.105980173 -2.7027083103 0.143430051813 2000.0
7855.84141008 26.7882833621 0.990998985825 4000.0
2816.2576742 24.9016929918 0.929147400839 3400.0
-2194.8387784 6.66170959176 0.251139117392 2000.0
-936.597140885 2.13702265497 0.167222004183 2000.0
6040.72318251 1.92764787851 0.737096600769 2800.0
-4297.47511845 -7.76029129447 0.723211072085 3600.0
-1280.74105371 -12.7253190095 0.485327081251 2000.0
-904.78564741 8.85028130246 0.320730783966 2000.0
2885.56464281 10.4444219231 0.590268633621 2400.0
-3344.70986342 27.8271985533 0.903909940507 1800.0
4554.84623601 21.6825255115 0.869346161248 2400.0
-4957.47814487 21.6721478513 0.878715298926 4800.0
-2877.90317507 5.78101636556 0.210201257073 2000.0
2337.32597466 -11.3079605169 0.394036989533 2000.0
3985.94600931 -2.51978822723 0.380112018486 2000.0
304.282334606 -1.89766706667 0.158375656017 2000.0
3523.25210529 -24.6124840387 0.686239014794 4600.0
153.431430679 -0.0533471426669 0.153814769183 2000.0
-3084.12824899 1.19024628574 0.325728086218 2000.0
-1413.17677355 -16.242041989 0.590800042973 2400.0
-5576.59309354 15.2624282883 0.92431362121 4800.0
-6256.00618666 2.53583950757 0.802268375062 3800.0
3801.7941081 -6.69631632075 0.430259513582 2200.0
-3051.72534368 -7.53574088466 0.398372466542 2000.0
-6772.52481774 -4.65940472057 0.859759216536 4800.0
-1698.27130588 -1.45998228771 0.245171945301 2000.0
-492.209671723 -17.2920128439 0.627334294317 4400.0
5043.1783088 18.8549327143 0.929333696433 4800.0
-2857.19276752 -7.37569198703 0.509459259463 2000.0
5133.63307008 -43.2127633383 0.88311838176 4800.0
4121.17380972 3.89251602704 0.433638036772 2000.0
-1735.48860724 19.2609638876 0.449599516987 2000.0
-4515.4919397 -5.95680683599 0.738492918526 4800.0
2992.27321956 19.2446751692 0.657511117497 2200.0
-1529.37311719 41.5127180981 0.644430149688 2000.0
-2997.81563286 -18.647790117 0.740277496592 3800.0
9744.80062614 -21.3619117632 1.02051630275 4800.0
4454.61826232 17.3505295584 0.804580508963 3800.0
-5093.38218937 -0.570946398607 0.719293593333 3200.0
10428.9794315 23.725929569 1.02634892256 3200.0
5346.07744627 14.33203369 0.812977905633 3400.0
5807.41106619 3.56723999638 0.726482645498 3000.0
-972.245674913 17.3330026591 0.543135104264 2000.0
-9658.38458322 10.4900138059 1.19538686135 4600.0
1744.28703919 29.861188893 0.767109359788 2200.0
-1596.36751353 -22.8897750692 0.714266137671 4800.0
-3323.21184078 2.43435978958 0.39805542362 1800.0
-3675.57608773 2.28608331684 0.537085123714 1800.0
-1832.15942218 -9.62820804628 0.516016081926 2200.0
6617.56537156 10.6003646323 0.918090180093 4600.0
-651.819833136 26.5757142375 0.808637114743 2800.0
-4170.58946962 14.4912306588 0.373551510782 2000.0
6361.50724809 4.75256640662 0.774243632426 4000.0
-2231.29085488 17.3859887878 0.628101305077 2000.0
1408.48045782 13.4577516611 0.679739811514 2200.0
4118.04340013 -15.8696866323 0.555020276274 2200.0
3369.97674488 48.9553269111 0.923391992626 2200.0
-2426.17918081 -1.57352865472 0.304255670189 2000.0
2764.58778215 5.79573292547 0.453191556454 2000.0
3565.30473329 34.5940576419 0.678474567198 2400.0
4433.27985983 20.0445981109 0.931841839683 3800.0
-38.6424429917 -15.0578229347 0.5854587546 2800.0
-5535.76045111 -2.17729281485 0.814016141904 4200.0
-7867.7022577 -31.0003177203 1.08181029552 4800.0
2644.90578546 -10.8662930509 0.367893981776 2200.0
-743.699546255 8.65562231081 0.288339667109 2000.0
-3573.66677787 -13.390109162 0.647737084634 2600.0
-5073.70252438 -10.6822831095 0.679186572471 4600.0
-6328.30537123 -4.5944897682 0.881853851055 4400.0
-6381.90779439 -7.56019529434 1.0690052207 4600.0
-5376.82588738 -16.4403457375 0.76922174766 4200.0
10184.8498159 -18.1507715983 1.02919057936 4800.0
1210.16378344 9.73850820637 0.39748236532 2000.0
713.234762672 25.1419754192 0.759067106707 2800.0
4541.03903238 -0.662809530713 0.593913258912 2600.0
411.44165007 13.1991089472 0.487577937997 2200.0
-2891.00110823 -14.9420125125 0.621897747536 2400.0
1160.63583531 7.60665387017 0.394976137349 2000.0
7976.15472711 7.13731680757 0.955148903793 4800.0
348.703598715 -10.1936317623 0.23915211437 2000.0
5118.19735728 10.5097035536 0.613970404206 2400.0
1275.30867918 6.45481896558 0.294133463288 2000.0
-6396.46348674 -16.1120065981 1.13785206537 3600.0
6107.0041733 14.2789768586 0.933777147542 4000.0
4362.90796505 10.7390896219 0.754381004772 2000.0
7139.27881309 30.6701016269 1.05589998922 4800.0
-4067.43106892 4.9188058185 0.416323679934 1800.0
-6250.95166354 -11.629957265 0.856481387862 4600.0
1769.43405912 3.31196884423 0.213006474388 2000.0
-5263.85530204 24.8568538396 0.878572994709 3800.0
-279.13216867 1.1130948121 0.129400543898 2000.0
2949.33939553 2.9107909732 0.264201041766 2000.0
13743.1718005 11.497243149 1.20056509279 4800.0
-169.74249256 0.554188725039 0.096852782125 2000.0
-473.760961242 -3.57719924852 0.173478675958 2000.0
-616.260830917 33.8219594791 0.941537748238 4800.0
-690.512829116 22.9011730992 0.795700235726 3000.0
-3792.57639347 -6.52279086659 0.551072267562 2000.0
5631.08973664 2.14986320293 0.747373807981 4200.0
-2188.47923392 -9.50238921196 0.447548316208 2000.0
6678.84063075 19.8527880668 0.892710212018 3200.0
1661.4820717 3.78678979016 0.286723082486 2000.0
3423.62273479 1.13210160197 0.385369657743 2000.0
776.184086933 -7.70696824857 0.302888796343 2000.0
970.378006448 -0.795120583359 0.153623173902 2000.0
-4220.49860913 -1.54233298415 0.665724915885 1800.0
-1706.28654326 8.28711805721 0.230227880349 2000.0
-5251.56416397 28.4944927859 0.882336850318 4600.0
-1168.14693382 -16.7993837702 0.633528434283 4600.0
1656.34745137 -6.05186967189 0.213446113122 2000.0
5110.44692886 -13.3514987773 0.532923170384 2400.0
-465.025044491 -14.2182723852 0.381071011136 2000.0
-614.570736139 -5.15604201244 0.278996196982 2000.0
1951.68547251 0.329393853821 0.181377293361 2000.0
1080.54745381 -3.69353439494 0.191026633466 2000.0
4636.14679502 1.58749841985 0.478805044404 2200.0
3264.43350686 6.3343508114 0.483880084478 2000.0
1884.13340751 8.73562436352 0.375384019186 2000.0
1127.02784837 6.50350233304 0.240161937553 2000.0
99.5501030222 13.842538052 0.426095980609 2000.0
-3248.27933801 12.4858409328 0.392226121737 2000.0
-332.175522532 -15.9613787331 0.621547689548 4400.0
319.731718308 10.0044035763 0.418289364976 2200.0
2363.2421175 -14.3479317001 0.508449641989 2200.0
-8979.11727548 18.3227339363 1.10922892313 4400.0
363.195981123 5.64499535338 0.179472855576 2000.0
-1222.71858602 -21.4304190183 0.664613156888 4800.0
3357.58785988 10.4756452196 0.539508112283 2200.0
1912.20007629 -2.22562332063 0.168138669701 2000.0
2813.93042605 -2.39345084181 0.209547902212 2000.0
2465.46968313 -25.9958148991 0.433896233832 2000.0
-2615.12225014 -0.495472323613 0.219010461896 2000.0
1875.19794266 4.20457660371 0.254299045905 2000.0
4131.48111892 -23.2214322747 0.686052325632 4800.0
1791.14804426 8.39476082736 0.422023948642 2000.0
-218.696966643 10.84661855 0.418030776652 2000.0
-3043.56521508 1.29408594438 0.298831520371 2200.0
-10009.3597561 -5.01084052821 0.987035457278 4800.0
-7030.84316399 14.8588254908 0.820513408977 4600.0
-1646.26364231 1.6945581726 0.160642156152 2000.0
-533.518236172 -23.1876118891 0.660559883018 4600.0
6407.24022972 -30.2188941324 0.899336516675 4000.0
-7098.59477761 1.25690128763 0.722458011447 3000.0
7414.59925994 11.7687261834 0.94099939055 4000.0
-1985.21266741 12.7101210385 0.367564941502 2000.0
143.380052701 -7.9926398072 0.254004393353 2000.0
379.915471445 -3.67771111155 0.149125746025 2000.0
317.775944299 4.82357948912 0.238610343021 2000.0
-2208.62901839 2.13854054668 0.196668835831 2000.0
-7821.6021245 -6.19729581256 0.896730594271 4600.0
-870.339761184 8.13481494782 0.325456276551 2000.0
2631.54281972 6.46581735832 0.344293660288 2000.0
6531.48822189 -15.525398447 0.817354977037 4800.0
-2843.52201553 6.8749354481 0.243204191049 2000.0
-791.319543604 1.61380004134 0.086641566663 2000.0
1148.9440231 22.2286451898 0.515341507097 2200.0
-5872.91892952 -8.65191122042 0.841170293738 3600.0
661.769228306 -7.92115206804 0.256661086804 2000.0
-4623.8622047 -18.7643935098 0.753604395652 4400.0
5551.31461339 13.7744236747 0.89427518048 4800.0
-369.484928376 -4.30287042894 0.174707883316 2000.0
1017.33655415 14.9294770427 0.524151213663 2200.0
8528.35076515 23.5840964281 1.10425193964 3600.0
4469.17493268 11.3923995601 0.841665325306 2400.0
-7588.29844274 22.4424911882 1.06567628693 4600.0
-1278.06997224 7.9545461006 0.260126637957 2000.0
-2142.69627142 -0.417148098545 0.222072323061 2000.0
-8797.23582184 5.55767896243 0.892886537065 4800.0
-1545.75817641 -22.9946825281 0.709143652112 4800.0
-9140.98501626 18.087379131 0.9859489021 4800.0
-75.0811326731 16.5387413992 0.551433938408 2000.0
-8370.09008299 3.76202727267 0.886239764882 4400.0
609.440094326 -21.9276916548 0.499034664187 1800.0
-1670.48530212 -1.52214587533 0.205691620819 2000.0
1954.00330964 -3.82624390736 0.19773991816 2000.0
-8637.33231695 34.0407255331 1.05947529552 4800.0
5365.39513794 11.1382280102 0.696497051511 2800.0
5003.498521 -3.03627482804 0.571066502447 2200.0
14.726141269 12.6577611891 0.379303008352 2000.0
1192.08335414 2.87497810921 0.200302742574 2000.0
7779.02553789 -9.49228614132 0.878127128519 3800.0
-2545.61820759 25.5376778789 0.588528616221 2200.0
111.728854981 -8.73322431536 0.300660432401 2000.0
-4604.90408368 1.51612566852 0.722237694225 4000.0
-9948.99418346 -18.710666809 1.12721206821 4800.0
-6351.11688254 16.4154716166 0.823094669575 4800.0
3626.85627424 -0.53763321166 0.382144037744 2200.0
-2521.25707452 14.3848353569 0.477334618411 2200.0
4078.15389941 -14.9080191729 0.524057058931 2400.0
-2987.91450208 -23.2873611459 0.794667162095 4000.0
-1719.89682201 27.0823539343 0.75194532259 2200.0
2730.02732907 -8.88949683414 0.363834863655 2200.0
3286.89543578 3.04963086563 0.45159739177 2200.0
-1319.63386678 -6.42466085754 0.329693525718 2000.0
394.437715688 -4.79059996249 0.228155265655 2000.0
2743.213306 9.11033402863 0.4120566931 2000.0
1909.54858855 -3.68508202642 0.192699062257 2000.0
534.203745768 18.8461889364 0.393183666127 2000.0
-6570.95938225 3.85353169376 0.68154071014 3600.0
-1805.39283715 8.28495520127 0.273487171232 2000.0
-4058.10030478 -2.58741283512 0.663289018617 2000.0
-178.772329823 10.0459585161 0.382149583699 2000.0
431.226397857 -2.57312397741 0.0909838031111 2000.0
4093.84543094 -22.6675709065 0.688389763344 4600.0
11350.8523829 17.331886321 1.29026566178 3200.0
3897.77324955 22.3961012158 0.811666878084 2800.0
5087.508811 5.33174339972 0.686718479788 2200.0
-251.437056347 -1.1923709327 0.102300052264 2000.0
-1053.06682964 -15.4327707437 0.409901899436 2000.0
5661.30240601 -13.8318956566 0.701964376101 2400.0
-5432.7931118 -2.77262272472 0.625722490469 2800.0
1288.63867031 -33.0526293318 0.794610785015 4800.0
5811.17555829 -8.18582165188 0.751375525755 4600.0
-1508.32343338 13.268857238 0.297264435534 2000.0
-1768.08099035 -23.4969770487 0.631447545548 4600.0
1782.8835275 10.5897079481 0.50686036094 2000.0
6329.76051654 5.17273053861 0.903437075013 4800.0
-5043.86812893 -1.41049705274 0.72445177068 4400.0
-1553.13062947 20.5995598263 0.606447434794 2200.0
5229.76251347 -5.23961701525 0.409568505679 2200.0
1524.5447276 5.10885331522 0.223831287857 2000.0
-4978.33951981 -2.09243494594 0.805569763535 4400.0
794.267194668 -0.288181645344 0.102182410179 2000.0
8572.17701541 -6.35072171517 0.971913319414 4600.0
-2789.71898188 5.38712730057 0.253614306342 2000.0
-1712.76732617 2.12291042781 0.144393582531 2000.0
2458.7017177 4.21039991584 0.282670820021 2000.0
11480.1423763 -10.5089964074 0.99184636585 4800.0
-5550.8719316 7.0759569997 0.795202480245 4600.0
5960.09012898 23.5667398698 0.806202868237 3200.0
274.423177326 -19.4613319625 0.648217809774 4800.0
-510.406949954 5.41622548501 0.183702718955 2000.0
-5081.13329941 -17.082093746 0.786891376937 4800.0
-3550.40662061 4.86283285022 0.403014323866 1800.0
6041.15089195 -7.10261668956 0.757589126783 4800.0
-7793.14820309 -1.22476042494 1.10630075419 4200.0
1008.22646259 -7.77475504529 0.262926708972 2000.0
5605.36223118 -16.2979931394 0.698832496252 2800.0
-379.258480749 -7.52929051788 0.301354319587 2000.0
-6075.59645232 26.4987622518 0.903633994616 4800.0
8637.04352676 -16.2803525791 0.940988515096 4800.0
3352.50840583 -7.60397664071 0.332538633852 2000.0
-1153.66853929 33.8108239839 0.497967280175 2000.0
-6512.91127357 -10.6942380242 0.809510757365 4000.0
-6268.40949186 -4.09157036414 0.861715603014 4800.0
-1936.93203947 -10.7141493095 0.566649974977 2400.0
10134.3205189 -6.32023337205 1.01897118131 4800.0
4953.84977848 -5.74675624151 0.612960302645 2400.0
6263.08889139 0.318918132851 0.829169666751 4600.0
5304.20690685 -12.1011389879 0.638984332904 2600.0
-8482.61560707 -1.44325347874 0.958320479822 4600.0
2317.9977543 0.0261864048214 0.203013563312 2000.0
-4361.83322643 -21.2969001303 0.861868799025 4800.0
3762.95103987 1.92897575033 0.408900126636 2200.0
1951.36432287 4.61178841765 0.268453081234 2000.0
8133.25978953 -12.7795692864 0.936135158643 4800.0
7089.16191218 -25.7280588143 0.933870381473 4800.0
1514.28640819 -6.39890114031 0.22339962057 2000.0
-2455.53792977 -20.3749079342 0.538510523795 1800.0
3315.4531903 -16.4130506941 0.554093809857 2000.0
598.580521044 -1.16537309388 0.0725914976106 2000.0
6967.97336574 4.56273167798 0.914734026495 4800.0
6614.97554494 -12.1812337764 0.797430263877 4800.0
3518.2629834 -19.4566174047 0.630584493658 2400.0
-1625.81974641 18.4166412106 0.655594882723 2200.0
2144.3812011 -1.40104343105 0.208699448573 2000.0
-6142.86480157 1.25315750854 0.802535369014 4000.0
4082.23380555 4.60683400916 0.561470636637 2200.0
-6556.40764949 30.0561335028 1.13493534377 4800.0
532.781462325 -12.7160831879 0.482885459037 2000.0
-114.181384478 -3.31164517279 0.169787502644 2000.0
2574.57713863 -22.9792862094 0.676091902234 4800.0
3045.62356226 -14.5251971555 0.555477619102 2200.0
7466.70796802 -9.65085136335 0.888421197603 4600.0
-1295.9020971 -9.95380099853 0.474352901532 2000.0
-841.599626113 10.6308128138 0.411635313198 2000.0
3514.97151821 -5.31410834199 0.281413220459 2000.0
-5674.54395612 -2.88097093659 0.642672489615 2600.0
2331.27582435 -14.0903280068 0.475922245944 2000.0
-3160.56637661 11.1534527597 0.353340506483 2000.0
-2884.83158748 25.0467333657 0.456097905702 2000.0
7362.81998474 1.96813043664 0.850827776078 4800.0
-5623.13335909 4.45431399099 0.713900079083 2200.0
8661.70287272 11.8207593222 0.96789891566 4800.0
252.883722704 19.5246603709 0.542940115798 2200.0
9097.3678414 -4.46528191088 0.953665724966 4400.0
-3366.11877258 8.99923449936 0.379183168368 2000.0
-4778.21729238 36.2418993999 1.02078792113 4800.0
6010.79315031 -13.4237396032 0.61443120631 2000.0
5501.21107305 2.24553669611 0.753241198836 1800.0
9878.00754857 9.7688208109 0.979803524447 4600.0
-6641.856382 -13.4493743481 0.834631661912 4800.0
13089.5855486 -12.0723538453 1.51464866047 4800.0
5273.9648093 -12.6732162895 0.642495862218 2800.0
5466.51136764 7.64424985476 0.774059171715 4000.0
1101.50023458 -24.5941342296 0.716158889995 4800.0
925.27519658 -27.6681174407 0.667518111375 4800.0
990.365141431 20.5639677745 0.677310850638 2400.0
-1465.76421207 35.3267247994 0.79313898469 2400.0
-8882.38368924 18.1156729355 0.80905643288 3000.0
-2654.64902567 13.3909878056 0.330921663169 2000.0
-8013.81680516 27.7022987999 0.958212164543 4800.0
2731.63507327 -3.58164714331 0.234847147088 2000.0
-4213.76245356 -5.57612878486 0.575889660576 2000.0
6168.06712931 -12.3050274831 0.805780535638 1800.0
-5380.86508526 -13.3003287309 0.80357647301 4400.0
1802.93098482 4.59103929666 0.221757471915 2000.0
-2745.43728866 -8.09836083058 0.520455033456 2000.0
-1998.52128819 -2.28259814404 0.228163158279 2000.0
3689.29315312 0.750750829716 0.408726946854 2000.0
5512.24155411 -11.5555024519 0.757200848856 2000.0
-7639.46193606 7.66953296254 0.82835960808 4600.0
5245.89225596 11.2718976427 0.863149495706 3000.0
479.214247125 8.55112383036 0.366554488775 2000.0
-238.507766154 -1.64759033452 0.144683287759 2000.0
-4726.84301764 15.5012798079 0.795123094055 4000.0
3846.01473997 6.68157257752 0.617629652465 2800.0
9449.20323688 18.5480570905 0.997064440922 4800.0
6439.62026149 -22.3857709225 0.880812254105 4000.0
6367.84731321 13.95713936 0.75789751948 3600.0
334.957287478 -1.97561487119 0.12332202958 2000.0
-7904.91468942 -2.6273128284 0.808359423721 4400.0
2943.68239215 -19.0571401277 0.629292339542 2600.0
190.617790109 -21.2603876773 0.675087285807 4800.0
-312.670338537 -1.99099002529 0.190848032214 2000.0
4208.98152847 -7.53017491872 0.537668924323 2200.0
4199.95842989 1.7693018836 0.537925528118 2200.0
4324.54109713 9.63912899107 0.646516494827 2800.0
3776.56234361 13.5096954822 0.658722318551 2200.0
-6267.97989844 5.54112860013 0.865582937358 4800.0
5915.88665184 -4.76142842015 0.744457546188 4400.0
7414.30277935 -29.5943836109 1.04359292588 3800.0
8952.80346934 40.6061924902 1.04287030084 4400.0
-2808.28742144 -13.531893198 0.608850768629 2400.0
-515.181112047 -3.33459513902 0.19129635045 2000.0
-6215.20252692 -3.89017819542 1.04463229375 4200.0
2532.41605728 19.0691489395 0.831846303124 3400.0
-533.012115926 -0.476094537915 0.122026490585 2000.0
3042.82825211 -2.22029952635 0.392862027532 2200.0
-9459.70160534 -7.39506493412 0.999532113284 4800.0
-5117.44344859 -9.16385559806 0.682375815795 3800.0
3561.35406429 19.6769631564 0.876038124453 4800.0
1603.1763926 8.75476412202 0.313575605947 2000.0
-4751.32627668 4.16357058668 0.423388466308 2200.0
3230.91825595 12.1461476538 0.681074515492 2600.0
-763.634672747 -13.34924137 0.583140548969 2400.0
2376.00612927 -20.2320380337 0.643144452045 2800.0
1946.55391347 4.86183708225 0.231998363707 2000.0
-3124.90547425 0.685892245036 0.244188350885 2000.0
-3410.47006624 -11.0059708591 0.481568144195 2200.0
3317.5121183 -18.2000808823 0.601364516872 2000.0
-1965.78704045 -29.3889053799 0.797139963699 4800.0
1163.49015986 1.32056550142 0.16894928202 2000.0
-1754.02458963 7.83963708649 0.234916210153 2000.0
6129.99837319 -4.06496244339 0.825859536486 4400.0
128.791269039 -2.58838506959 0.175562688091 2000.0
4935.45161856 5.00524153512 0.639942056474 2000.0
828.984784986 -2.54608256069 0.113183114081 2000.0
-1445.8046218 2.39623129915 0.122569551071 2000.0
6046.39109732 -9.5132257869 0.769478770247 4000.0
-2684.2831677 -6.62511607849 0.398990088951 2000.0
-3606.61893846 -4.1426882813 0.412682219367 2200.0
2536.09334827 13.67437147 0.711735398523 2800.0
-3233.15987423 -18.4829159273 0.781116855718 4600.0
-16551.1744117 -8.88445639505 0.985754569051 3200.0
-926.921455109 -34.1846600972 0.839429985585 4800.0
-4894.03356098 -10.5456886389 0.681509568381 4200.0
2991.92287304 18.6360250754 0.759131976275 2600.0
2503.83526255 3.00943294175 0.277392218961 2000.0
3335.91140532 8.69204659214 0.61251930966 2200.0
-994.663615193 16.4482539616 0.617588160904 2400.0
1879.46151201 -0.602861602291 0.198912578783 2000.0
570.861938529 -0.805516348723 0.115999106698 2000.0
3004.23546424 14.8883587125 0.759031085377 2800.0
5174.17894372 -17.7649631095 0.708041526071 4800.0
5932.62629342 -14.6116639332 0.774068279189 4800.0
7035.06233449 -3.20579617356 0.863327076598 4200.0
-3016.84702288 -1.24727300988 0.353331291622 2200.0
1489.78677486 13.4034609963 0.408548056604 2000.0
-153.027910577 -25.7494332548 0.430278804845 1800.0
-5008.08727862 -27.6986294076 0.799883466937 4400.0
5894.87886414 -12.2053997757 0.728511503176 4800.0
942.47701103 -1.22581781842 0.133557672901 2000.0
-378.985467709 5.9345322822 0.144391160853 2000.0
-2001.90724424 16.366806603 0.478377062428 2000.0
-1218.91162576 -20.6833321055 0.677610568417 4600.0
-8401.56556452 39.5767740932 1.07170441622 4800.0
4091.07680204 -0.908511428021 0.535348858611 2200.0
-1271.50386384 8.29393422039 0.254020933763 2000.0
2707.6461872 -5.56515764659 0.250733434445 2000.0
-6024.35936679 -22.7337071097 1.05695134423 4600.0
-2765.36212904 -1.59823528659 0.234996132465 2000.0
-2456.58335343 15.1347035111 0.49788509821 2200.0
3389.99741692 18.0333642776 0.695823500635 2600.0
-1774.72740997 10.2782401984 0.37228158354 2000.0
3506.50959045 -13.3214829758 0.50773055437 2000.0
-5612.09036751 -15.2180355097 1.00655198795 3600.0
-1587.95505208 5.44180460274 0.186922259571 2000.0
-5620.69937243 -12.7582416176 0.905790476552 4200.0
-1014.87399078 -17.7089524924 0.622031547877 4800.0
-481.070770386 15.0628170386 0.597011460895 2200.0
3158.57659024 14.7796699846 0.777914318263 3000.0
3907.77953033 2.03111055356 0.428947163808 2200.0
10888.5739661 -10.1758398188 1.01736559172 4800.0
-1372.76958027 -10.3846369618 0.522373348988 2000.0
3957.73528845 -4.24908273484 0.408944065967 2200.0
-2580.51890757 8.85684889088 0.271384895663 2000.0
5788.83656268 16.9061608432 0.825584523887 4400.0
-6861.67422712 22.3914264749 0.894697018608 4800.0
5078.73662345 15.1917976496 0.891121759751 4800.0
-2485.57187826 -17.3230539864 0.645863333966 2200.0
6615.94281118 0.77292068872 0.845585920956 3400.0
-4467.6696976 -18.059902827 0.757520836983 4800.0
-4163.75460957 -9.56663416753 0.594678277356 2600.0
168.381983014 -26.2171230091 0.682599904532 4800.0
5481.19531072 18.8949356374 0.766112498585 2600.0
4096.45755397 1.62625936596 0.464695442052 2400.0
-1372.93605594 2.49371049135 0.185056594294 2000.0
-2166.46626386 -2.97025212258 0.298246236931 2000.0
491.702360836 21.7805153135 0.790143371662 2400.0
383.012856362 20.1970710802 0.644607604395 2200.0
3383.52934706 -5.1199763684 0.372226256508 2200.0
-3023.31021482 -0.426016377524 0.255952309145 2000.0
-4058.09459124 -21.8855278054 0.760725291626 3600.0
5268.70314819 31.6499990105 0.934917745135 3200.0
2456.00930126 0.720980539628 0.224741601962 2000.0
195.333772072 -11.1931937299 0.454018609211 2200.0
8514.02698506 18.2767953879 1.01633811028 4800.0
7716.56594587 -2.51825833085 1.01593193331 4800.0
4583.57211928 -24.4691031241 0.713727528285 4600.0
-10572.7376969 -14.1827066427 1.08509716875 4800.0
11025.4652366 -13.3611320261 1.01611146025 4600.0
-3594.6365876 -2.0422282946 0.494292397581 2000.0
-6112.58539647 1.5521925335 0.593629102899 2400.0
-3631.30165646 4.90294633371 0.412168830825 1800.0
-4787.44898719 -23.9179015007 0.863078168995 4600.0
7995.91931901 -21.8887602068 0.90149121934 4600.0
-5651.1982502 9.8039157597 0.824241291778 3400.0
5907.72051163 3.42550472657 0.76654184344 3000.0
-4202.28285681 5.35859336918 0.298251458384 2000.0
-1857.75258257 -7.47477770909 0.399992417238 2000.0
4869.62335067 12.5981626914 0.839904020855 2400.0
-243.803450415 6.40106129107 0.229249398643 2000.0
-779.476702638 4.11871059388 0.198527683775 2000.0
-1920.01851863 49.0558764156 0.883657728721 2000.0
8119.74524579 -4.13574651717 0.913217189969 4200.0
-441.331389064 -9.79440282548 0.265913209636 2000.0
-5116.79892744 1.97068645056 0.789551391407 4800.0
1552.75646635 21.7294233756 0.839597511537 3600.0
-1182.09890019 7.37430797753 0.267651601602 2000.0
-2252.19323303 -8.60597469708 0.488166386453 2000.0
-7334.04467109 14.6084568786 0.785955504586 3400.0
4144.95234676 -21.1333875051 0.734023947328 4800.0
148.063262087 3.5610765058 0.213236653018 2000.0
-6488.59099558 15.9181642933 0.740947871568 2200.0
4504.58995146 0.894974647758 0.558494335546 2200.0
1645.15788779 -3.07628331252 0.136122597054 2000.0
1443.81196458 24.4657627767 0.598293432473 2200.0
-1150.13126275 6.73661292794 0.226203903567 2000.0
-11384.1256631 10.651556426 1.04760300605 4800.0
-1445.30034928 7.4143542502 0.219651025121 2000.0
-1111.98011862 -4.71498019948 0.243852178661 2000.0
1221.92061648 -17.1438589251 0.615764847998 2400.0
-1722.37758173 -21.1996887688 0.689798391137 4800.0
-2048.77150308 0.14404184981 0.197255632405 2000.0
-1411.54232984 -14.92776116 0.592121830429 2200.0
5922.18141581 24.9306778837 0.901401544398 3200.0
-2373.48798864 -23.7673389621 0.690083987108 3800.0
-446.169053229 -13.3202058707 0.446062297041 2000.0
-3822.52563749 -10.7569069776 0.615734900696 2000.0
-348.461220558 -8.30222403222 0.337200312216 2000.0
-4479.86667116 -2.27929971363 0.409639102156 2200.0
-803.847334847 -4.94914473368 0.228577986185 2000.0
1929.64631675 17.931794903 0.607645881115 2200.0
2791.56921783 -2.25955251737 0.243048016504 2000.0
536.717805605 2.77044898347 0.157675894827 2000.0
-3522.36254615 -2.33101555234 0.483684087916 1800.0
-6300.95405863 -0.640301326956 0.845658798765 4800.0
-4555.80485032 -5.55013031364 0.713122327888 3000.0
-362.312496379 -4.55666259763 0.223535674599 2000.0
10.3205721172 -14.4068230191 0.546368947995 2200.0
1749.2897374 -17.6819808734 0.399339370464 2000.0
10906.9666074 29.4445398308 0.993098932368 4400.0
-3034.45551719 -13.0435665622 0.505901246983 2000.0
-1985.10213778 16.8054730535 0.413095053024 2000.0
-5136.90551959 -13.8034093104 0.949249495023 4200.0
4245.78932094 26.5290336307 0.879705821713 3800.0
-3987.10566565 2.66439495397 0.436220502113 1800.0
987.05140645 -6.29304633269 0.243877230292 2000.0
-6910.57405833 -17.2057194058 0.90692982953 4600.0
-2853.31962552 -7.28436693671 0.423176337013 2000.0
1121.00689617 26.7580787988 0.836642988303 3200.0
-235.00994762 -10.8999380358 0.471218090284 2200.0
1373.99407523 -8.62907101064 0.308353843144 2000.0
1234.36069661 12.7373750939 0.513852524473 2200.0
1374.70126517 -22.7131021186 0.66998981728 4600.0
-660.368667603 -6.38331217059 0.205139166011 2000.0
10110.0149102 5.40288092527 1.1638418173 4800.0
5074.97124017 -0.499278352555 0.710224306742 2600.0
-4295.74488404 -1.43844789953 0.647147726745 2000.0
-961.494434678 1.73962267042 0.092919720155 2000.0
8215.21390087 10.4449687317 0.927984998953 4800.0
5507.61988617 0.840079056108 0.716884061792 2600.0
4371.38611174 -8.7223150374 0.595304539328 2400.0
713.357343174 -3.34650208659 0.181392596256 2000.0
1056.57293622 -11.8713381521 0.306012470217 2000.0
1218.21596181 -13.7710113634 0.506785049858 2000.0
-2754.46800975 27.8639232076 0.776285744432 2000.0
1443.53569199 3.83702727484 0.2498575288 2000.0
-6559.34997624 4.60612395341 0.738593774663 4200.0
-3996.89600171 -9.54641534216 0.691901965771 4600.0
140.956840097 -23.5306000569 0.64460880869 4800.0
-5358.78162953 -22.7095101093 0.980538886388 4200.0
-580.917919276 -11.373472769 0.482376553858 2000.0
2128.30290319 -3.9156770173 0.198488792076 2000.0
-2689.40669683 13.251800084 0.501512058303 2000.0
2878.01644986 -22.5630732494 0.685304039608 4600.0
-3452.03125439 0.250870784446 0.434874540755 1800.0
1065.15982629 0.256995136503 0.167487570582 2000.0
-3915.3784835 4.38823520826 0.371957927822 2000.0
6641.71996852 -15.2377992975 0.824951619128 4400.0
3684.60537329 -21.6927442072 0.644068548174 2600.0
-5472.84316662 32.737540747 0.893269678448 4000.0
3486.24815103 3.94129364139 0.429515470652 2000.0
6931.2993196 -2.9431654374 0.917299516497 4800.0
314.320784936 -6.66408663928 0.271474265772 2000.0
1659.1452123 0.245015930284 0.185812511557 2000.0
-581.386673914 7.1860369548 0.280418775397 2000.0
4566.05304704 0.494224114799 0.576736747773 2000.0
-3446.35694393 9.49778118703 0.421258958527 1800.0
48.5125302035 -13.525352699 0.511529461986 2200.0
-536.079806552 5.61483889717 0.18085727209 2000.0
-6302.15041543 -8.32990124849 0.773530774205 4200.0
-4867.1292537 -14.1777173903 0.702393223811 4600.0
-3835.02789862 -9.90968896199 0.553727005635 2000.0
3298.01816466 -7.70480828137 0.277414324437 2000.0
-1637.99578485 -10.8310714232 0.430052539828 2000.0
819.586840632 9.89674336618 0.322654617168 2000.0
243.54381669 -7.87789091785 0.350367023256 2000.0
-2980.6927367 19.194506716 0.539795597382 2200.0
1027.74701497 -6.51297298665 0.224575661694 2000.0
-6385.74687317 -7.82340367733 0.76551913395 4200.0
-224.481005344 -23.6990863227 0.668177289114 4800.0
-5278.94520477 -4.59960972612 0.741010979158 3400.0
-1290.30352838 17.3699101529 0.389171019608 2000.0
3991.70270701 -5.93423141886 0.453748474873 2200.0
-6291.83354316 -23.9264439579 0.83678604836 4000.0
1798.91243181 -9.28321912227 0.346478174557 2000.0
-3397.3984584 14.3160266636 0.457382132517 2200.0
622.334234999 11.3279784037 0.516851791019 2200.0
-1373.50265745 6.64459667859 0.233147969721 2000.0
13057.4729513 22.4392107474 1.08515143269 4800.0
8121.52732567 16.7542171215 1.00212457994 4800.0
-8392.53920127 0.850245401559 0.895815111635 4800.0
7274.46653873 5.78791736316 0.931158870984 4000.0
3695.69626726 -8.08604369091 0.437212140736 2200.0
3608.7528449 -28.1311363223 0.734613213397 4800.0
6657.43014477 -2.13344480195 1.0066786154 3400.0
2564.91940372 -19.1131894446 0.644509273484 2600.0
-2100.66029483 -26.6304438677 0.79719538963 4800.0
6913.15418226 3.01480511626 0.923976971858 4800.0
-4674.05422533 4.52274018285 0.697115968189 2200.0
-5312.99124099 -2.74247906121 0.62590518623 2200.0
2550.48110831 -1.88819607737 0.219103412328 2000.0
2130.38278551 -6.85947077812 0.19328409023 2000.0
2975.90084082 -8.61759281569 0.330141249354 2000.0
110.332968062 12.421475842 0.392356016057 2000.0
3062.46215916 -22.3266706943 0.557863786569 1800.0
-5202.74357644 -5.26672819374 0.608561794445 2400.0
4852.81019925 -1.12543225879 0.560746433371 2400.0
-3076.72992688 -7.16291376287 0.526914183067 2200.0
7768.95120944 -10.1081603568 0.908749372104 4800.0
1241.45531712 4.93602333866 0.277807393147 2000.0
9269.91778606 -0.602246283124 0.980538360958 4600.0
5672.86056669 -4.9580447814 0.563510519393 2000.0
-2423.32737652 6.65332935885 0.287631023332 2200.0
-8911.22003387 14.1698627374 0.892966277697 4400.0
1113.71671476 -0.902367390573 0.124541554346 2000.0
-4848.90428913 19.0972239499 0.886019182316 4000.0
-8206.72087577 -3.55651726006 1.02079086541 4800.0
-4007.43251172 31.2669141641 0.851530461568 1800.0
2210.63111852 -5.31507244364 0.224577168929 2000.0
2865.07547445 7.71785879492 0.555007095033 2000.0
-6785.03796736 -29.6215709525 0.886251908185 3800.0
-1763.88608032 -4.49762420132 0.299544207945 2000.0
-1822.94408768 -11.949719524 0.61311520485 3600.0
3856.13504753 -16.5699595179 0.589529210259 2400.0
2665.99403819 -9.03432101036 0.345525634596 2000.0
4228.31338853 4.59855148402 0.555016203759 2200.0
7440.55779279 5.92114968249 0.955031647048 3800.0
3407.30936486 -1.47741590922 0.361168840692 2200.0
5587.6891922 -5.47544671034 0.58386786944 2000.0
-2840.3143573 -14.3039756393 0.608302734765 2200.0
-2507.84908705 8.6581491831 0.238993999216 2000.0
1962.90346884 -7.20071011163 0.251698594207 2000.0
-985.319483229 6.49094603796 0.14515166464 2000.0
2750.50824859 1.36739773138 0.274626916798 2000.0
3734.92805415 -15.4953674095 0.562578967986 2000.0
1667.31341649 11.11121652 0.549291762995 2200.0
-687.439903423 13.6965013912 0.406627265702 2200.0
8997.89726678 9.90516373824 1.01832432625 4000.0
-4906.99755409 3.44049079714 0.698610830234 2400.0
-14060.072222 10.814056763 0.962068997421 3400.0
-4054.73491589 -23.7616333818 0.757957879759 4800.0
-5666.33553601 1.80420722939 0.717866996546 3400.0
-1874.33173293 17.757650632 0.375132523514 2000.0
1904.93798176 -9.10230274523 0.299189475701 2000.0
-6231.14593617 -39.5103566925 0.985118986912 4400.0
-5773.03893454 11.1614569292 0.805058908278 3200.0
6418.301262 -21.5339070701 0.889141262847 4800.0
-2016.41481988 7.62067426515 0.234237652446 2000.0
-2120.42298638 -17.4144024537 0.422719011547 2000.0
861.44073172 7.97355238335 0.197977341701 2000.0
-8718.17277168 11.199727231 1.00714603375 4800.0
-7774.27305719 -20.4740284307 1.00098715619 4600.0
-5491.08539328 -22.4962825588 0.801623648176 4200.0
10710.8678501 -1.86414247124 1.00211492502 4800.0
6079.90959777 -8.54495865069 0.860377022943 4800.0
1419.74655775 21.2203776736 0.781133244539 3200.0
5517.55173394 5.47273872271 0.693325798535 3000.0
1547.01481418 -18.6869367547 0.629254554503 2600.0
-3974.86456422 9.61371675399 0.468455735046 2200.0
852.778954654 10.8718152452 0.356316869182 2000.0
-1384.1031365 4.46508181657 0.185935785546 2000.0
-1067.76384917 -20.3416032011 0.614131499834 4600.0
-10289.8410023 -18.0469615432 1.0810622429 4800.0
1975.04882013 -13.7516520411 0.394115288782 2000.0
5805.14571913 5.03396275183 0.789750518332 4200.0
-1037.80357292 -5.18660105855 0.242654659357 2000.0
505.770022002 -20.9789969541 0.651929373323 4800.0
-3807.70615526 -5.43246446852 0.419066035868 2000.0
-4799.64689679 16.5488973644 0.720639057072 2400.0
3510.57510509 -24.8426638391 0.696797683987 4800.0
-7551.72742068 12.8492537414 0.995207213096 4800.0
-2264.24306056 1.47474802152 0.186275476223 2000.0
1729.99421582 -7.43680865426 0.273836677232 2000.0
5823.53007854 20.9734484892 0.803371492562 2600.0
3258.8670575 -11.2990705056 0.394084973933 2000.0
-31.8177952797 28.1432235045 0.821537210008 2800.0
4547.8142729 4.98476486029 0.556167223707 2200.0
-2297.23280174 -16.9164357288 0.668326326862 3800.0
7895.33806818 -10.544564576 0.845605593387 4800.0
8019.6507192 -24.0687368084 0.916300879018 4800.0
-38.8944520774 -0.678270304674 0.101226881625 2000.0
-1433.2420961 -6.84176162649 0.31860971849 2000.0
-80.3769844935 -1.81764853007 0.153879961196 2000.0
-1912.7929937 -9.69403469558 0.409582821061 2000.0
590.049945823 -18.1616634239 0.635639277662 4800.0
1862.63320257 9.18007882532 0.526929515937 2400.0
9414.10479815 6.80988948217 1.00808514849 4800.0
-1581.86564562 9.04180024058 0.259332394246 2000.0
-8280.02259295 15.1177097 0.947884378636 4800.0
2572.96729434 -1.26211914523 0.218802271741 2000.0
230.587028759 15.2924876052 0.594026789792 2200.0
5440.76236389 -9.31055931748 0.581918231469 2200.0
-4775.55774172 11.1746536867 0.807890766128 3200.0
-6271.51426328 1.59434252383 0.863878745379 4800.0
8185.22221179 8.28626118852 0.974864159597 4800.0
5285.66015589 22.9635755242 0.849013035921 3200.0
-2695.75843232 -9.56102838318 0.57960412769 2400.0
-6272.04444362 -7.66410462659 1.06229240145 3200.0
4312.94725668 -18.0964146845 0.584239045015 2200.0
3144.65677624 -12.3823288299 0.400492382037 2000.0
1320.56956626 -0.895718157998 0.187376654698 2000.0
-3522.49366904 -18.5892309284 0.722680865376 4400.0
2526.5543419 17.0051947936 0.604057046145 2200.0
1584.67811768 -5.24158015081 0.202980958199 2000.0
-1044.04137972 20.3101885176 0.567426370023 2200.0
-3544.65204668 -5.17599473088 0.567611952078 2000.0
-3783.46106488 2.26338106385 0.414739473412 2000.0
8904.57132371 -7.82234732228 0.925372519787 4600.0
1809.93664845 -16.7200902843 0.585193272497 2200.0
-3974.61296737 21.147075329 0.52925803866 1800.0
3096.57419741 -1.85023017692 0.229885174785 2000.0
-1244.95055877 -6.35570333273 0.341171637537 2000.0
-1474.20284978 -13.9948221308 0.575838494426 2800.0
4115.89273152 19.207818852 0.828300920345 4000.0
-4818.53267518 1.9830724776 0.57356328375 2200.0
-1501.0384741 13.6282064919 0.385053065653 2000.0
3389.29610715 -19.5154238861 0.642279557882 2800.0
293.804517 28.7830260051 0.812114134816 3200.0
-3005.57229203 -25.8551918756 0.796872333918 4800.0
6502.48392565 1.41168415441 0.969147480024 4200.0
-409.092783726 2.71621986175 0.124850191706 2000.0
-4142.61007024 -7.52352315808 0.641647921393 2400.0
-3361.14230334 -9.3003981621 0.518792022144 2200.0
-6815.92372768 14.5139563778 0.81773033189 3400.0
3536.09251259 10.955811268 0.484568005527 2200.0
-2087.91335674 -10.9339083111 0.55676007749 2200.0
6799.43353103 -3.80000734683 0.81566897425 4800.0
1442.85202863 2.17853188523 0.200505496542 2000.0
3233.03156534 4.25031818712 0.430485431391 2200.0
901.15626337 22.6437434359 0.568953363502 2000.0
-4477.18377834 19.7804463009 0.851730086238 4600.0
-725.129121188 7.5013598451 0.231900335069 2000.0
-5832.76778609 23.4061102098 0.798835930312 3800.0
1127.73357804 4.66310603122 0.272347357643 2000.0
-6788.54285249 -6.67905515911 0.827870739825 4800.0
254.870931031 -6.15673246564 0.274501052212 2000.0
-204.97258665 10.1496074794 0.42358779602 2000.0
-402.209141566 11.4037253331 0.454515345183 2000.0
511.715847531 13.0957119681 0.603866680601 2000.0
679.184450528 -5.2691423967 0.159022644945 2000.0
-2372.8488292 16.4825759713 0.554095539832 2000.0
2248.58121515 -2.63164050773 0.185478957927 2000.0
-4247.83870988 -2.41987096567 0.495746887202 2200.0
2446.84484203 27.7327668606 0.945565371864 4400.0
-8460.34415772 8.96877550922 0.861015899092 4400.0
-432.168863224 8.97229730516 0.308517776244 2000.0
5091.69912538 -9.54333641966 0.53984160379 2200.0
-2156.99288493 3.80177274587 0.159286476355 2000.0
5212.58575547 20.5594485111 0.941618059511 4800.0
-3018.66424193 0.137434043334 0.249064375542 2000.0
2797.71750971 11.3868903502 0.371152667126 2200.0
-3150.94111505 5.16067103504 0.28690920117 2000.0
6511.15548547 -0.836274896371 0.814138448139 4400.0
318.882408209 17.3190242003 0.431249306572 2200.0
7136.07119247 15.8095596417 0.909501274824 3600.0
609.867657135 1.05255996077 0.0985860766659 2000.0
3454.24926076 41.3139718412 0.951689471819 4800.0
5672.6020753 -1.53253807128 0.711729464909 2400.0
-9492.28874518 31.6827529567 0.962493473828 4800.0
2859.78618369 18.0238242857 0.701330567863 2400.0
-5540.36222742 -2.26534115784 0.575279863511 2400.0
-9021.96425008 -1.65496144498 0.962570679091 4800.0
-3258.4585116 21.9605345065 0.682928849594 2400.0
-475.242238577 -12.1589558812 0.414353701015 2000.0
-2367.28155489 -19.0066236462 0.724537889304 3800.0
4662.89194983 -5.92296033006 0.483757349817 2200.0
-8839.76720686 21.1842991069 0.911059356013 2400.0
1650.42630508 -17.5623702334 0.536403581082 2000.0
2469.62572713 -6.45591616087 0.263242930489 2000.0
-135.795712665 -22.9188802982 0.662400810081 4800.0
8158.70866379 -4.29504792008 0.86963857954 4400.0
627.794458513 13.7088950229 0.401357876702 2000.0
8262.24458758 -18.4976769006 0.918961096103 4800.0
-7290.73987234 -10.5839140841 0.847598824056 4400.0
-9579.17354717 -35.7644181784 0.990849301278 4800.0
-13177.046196 -11.02755025 1.09009452878 4800.0
2108.93315529 25.3808295943 0.727685044311 2200.0
9280.90373023 4.39131813325 0.987361224245 4800.0
1728.22276689 -22.9399456304 0.57023207334 2000.0
-5349.70600213 -20.8348975675 0.855676902216 4800.0
6342.59409357 -16.6170855418 0.803484152561 4800.0
-308.710414164 11.1115352202 0.369910922418 2000.0
8615.87633447 -3.74026370873 1.06173740382 4600.0
4824.52183136 -8.80440757125 0.627158306157 2000.0
-4312.82633209 -17.3413371093 0.729500416109 4800.0
8131.79707583 -10.24709247 0.90413355211 4800.0
-1452.14481908 19.4071829868 0.617178815307 2200.0
-853.056872273 21.6463154663 0.719881769133 3000.0
3705.73984662 -15.9838069667 0.424026978763 2000.0
1485.32873193 33.4105942748 0.997485857942 4800.0
746.145946211 -2.67332111091 0.193481265164 2000.0
4899.45038591 -12.2002949188 0.532603602576 2000.0
-2436.85633557 19.9987607996 0.65731725925 2000.0
1372.57381503 -3.37975143532 0.150178684899 2000.0
7363.36252927 24.246622326 0.944040842971 4200.0
4310.37200223 -21.8487420927 0.734272926373 4800.0
-1805.74912164 19.3712014399 0.693545345069 2200.0
-2456.43939994 21.7297364337 0.754026184909 2400.0
-3132.68985413 -6.85847252081 0.437541545333 2000.0
-1410.09957553 -10.7741659271 0.486971407197 2000.0
-982.799979512 4.63648443165 0.166799870183 2000.0
9397.06085405 10.139971422 1.01906114487 4800.0
6130.7274027 20.7397456752 1.02383036211 3200.0
-2751.85779541 21.6824958289 0.570682380445 2200.0
3369.98890532 10.9501900334 0.483689570917 2200.0
3838.98916127 -7.00634004074 0.403758611227 2200.0
4046.44160146 3.69593871143 0.467230045248 2200.0
-4556.87021846 1.00487027644 0.771908474131 3800.0
-6230.12525165 14.4674216003 1.03677895962 4800.0
-8315.34120864 7.14642395908 0.981132435856 4800.0
1021.22112742 6.14660383641 0.257228661962 2000.0
7394.07260629 36.0344537476 1.03597283654 3200.0
-2681.71828592 -3.15689926685 0.305325470656 2000.0
-2335.62048986 7.75859746182 0.220245092375 2000.0
9595.95108823 -9.81041885982 0.977635106959 4800.0
-1838.79174826 -9.64729967872 0.502904351466 2200.0
-4429.62287782 -23.2265219876 0.913494810244 4800.0
-4573.52388962 -2.91332133609 0.710622043223 4200.0
6686.80347745 -0.30953331975 0.814576127452 4800.0
-6371.50852818 -2.11188736875 0.795999455691 4600.0
1688.89739456 10.1721994995 0.596079671727 2200.0
-4817.5251977 -0.522032481234 0.714189674203 3200.0
-4516.15535515 10.9893106634 0.669643216933 1800.0
-8753.31956012 9.89354472536 0.918554503298 4800.0
1100.96104709 -5.26159363267 0.198888521203 2000.0
-3274.73230057 25.4971924614 0.550695559882 2200.0
-6632.75579024 14.419572295 0.863746221591 4600.0
-4151.98959157 17.3398645655 0.544365774611 2600.0
-7453.70164095 -24.46869234 0.893222166479 3800.0
-5326.81538947 -3.06049988016 0.722822119499 4000.0
-7250.15187956 5.80174847854 1.05118757647 4800.0
2115.11331114 4.29028073533 0.291998316888 2000.0
-3582.15133821 -10.3644155822 0.656437228117 3400.0
-6567.2860858 -13.8318897499 0.933229594537 4000.0
6142.97216137 -2.79914620502 0.75468403225 2000.0
-1207.90818785 -3.3467533404 0.185874809305 2000.0
-1325.44441248 3.86662379194 0.158145819698 2000.0
9026.8747613 -9.90830195319 0.95825830635 4800.0
8162.05672273 11.9657361374 0.925894184499 3800.0
7000.63925537 15.1917623338 0.946929213 4000.0
406.218342212 8.15436349214 0.203725192489 2000.0
-7967.71228033 -5.55883411266 0.935855140336 4800.0
-3772.21416741 2.18064780897 0.438865843636 2000.0
6021.77227434 16.5182694907 0.803045918391 3800.0
-6859.94500207 7.52704305863 0.865869971908 4800.0
-481.651541754 20.8636480604 0.646751392957 2000.0
520.750167024 45.5669196362 0.831509810206 3000.0
-6346.61465404 5.65533542416 1.04559019299 4800.0
-2497.18472448 2.66447064631 0.286396511218 2000.0
-2615.78988782 15.6046351683 0.373343537195 2200.0
-9164.92390932 -8.32011816476 1.35297841405 4800.0
1662.55588417 -23.6902380832 0.676959499857 4600.0
-3200.80212319 -6.77855933666 0.529764742515 2000.0
-14085.5386861 -10.3726054424 0.996616362936 3200.0
1468.40558855 7.20284972679 0.253627579305 2000.0
-1232.36923154 22.4895341593 0.652812757452 2200.0
3987.95192818 20.4812877565 0.617621645741 2200.0
-170.761491833 -22.9480695052 0.456536384332 1800.0
8106.61374061 -11.9414444845 0.923813783289 4600.0
-4672.99780113 26.7985197579 0.871398676657 2200.0
-2308.73526757 -2.52665125615 0.296714241765 2000.0
3376.41797037 -6.57748528164 0.390866504155 2200.0
350.654090894 32.7717558885 0.870712811672 3800.0
11823.3482773 -6.71304787686 1.18553713132 4800.0
-1416.08430221 -13.3515473118 0.602955139467 2800.0
78.1238335707 -16.8916855505 0.630477151341 4800.0
8219.03384353 -2.33144183699 0.94732405016 4800.0
-7081.64858823 -6.27182317697 0.934693407561 4800.0
-3706.24130845 15.3397629866 0.561985983702 2600.0
4044.00307795 -24.1344005529 0.593160301842 2000.0
257.439271668 -21.748289109 0.666431447732 4800.0
-3803.49217927 -0.242956458882 0.336820660723 2200.0
-913.926317385 3.188363975 0.156175786445 2000.0
4268.71398843 9.57686447386 0.571413362695 2200.0
-10106.166496 24.653525021 0.964624462873 4800.0
7431.40552851 -7.35178484374 0.853460926127 4800.0
1542.93851958 -3.15671419193 0.165899870147 2000.0
-10575.6416452 -38.3618013312 1.52348531539 3400.0
-1475.98674553 -11.6689695696 0.566506902168 2000.0
-4309.22921965 -9.85928719661 0.598983308173 2400.0
7194.29838422 -7.39154094378 0.876634921827 3000.0
-7715.23387819 -4.22171723273 0.891308600513 4200.0
435.281555848 8.17884041497 0.295043501056 2000.0
5006.97884019 21.9355018069 0.891205911877 3200.0
225.77064838 15.4124254821 0.637418607693 2200.0
-10434.3673985 -20.6531444542 1.01073352442 4600.0
-5461.35837292 15.0331890928 0.621468397885 2200.0
-6017.37286054 -13.8068299793 0.85820551981 4800.0
-2075.32759415 -1.68185297217 0.228506066667 2000.0
2926.47749877 13.2179332398 0.575681481022 2000.0
7966.94148534 8.41430994773 0.961152801881 4600.0
-452.179536239 -17.060239959 0.639968344373 4400.0
-2467.2694335 -6.75697628269 0.456675684815 2200.0
2763.69317106 -18.691558475 0.6113644543 2400.0
1161.75515408 -4.43655254076 0.172158879366 2000.0
-2443.15291148 30.0943804454 0.800750875007 2400.0
1699.46670991 -5.6611186634 0.230643442924 2000.0
3996.61551713 4.28423090768 0.499880342602 2400.0
4271.81096805 -14.595155189 0.448848533183 1800.0
3221.79257125 -20.339723204 0.644481171493 2800.0
3303.16859544 13.3584500131 0.757402806326 3200.0
823.207622835 16.6943170457 0.471931229279 2000.0
2281.18923582 -13.4153034682 0.470141622074 2000.0
3.58212821202 12.7968873388 0.550197748934 2000.0
84.9579958156 3.76802638518 0.218287387676 2000.0
329.864298331 -4.10041288475 0.146107391041 2000.0
3626.02663491 -0.770619851784 0.37340559141 2200.0
-7136.17918007 7.62334755838 0.860770152613 4200.0
2183.95596697 -4.60780805714 0.216738600618 2000.0
507.70109607 28.3855839852 0.770737156565 2400.0
1770.26334134 -18.1325677794 0.508269922205 2000.0
-903.867262784 2.39730453834 0.179662294886 2000.0
993.068077736 8.19104406188 0.27147918356 2000.0
-9787.35516295 -31.8226351182 1.08703428864 4800.0
6846.70395603 2.93822254858 0.825751759794 4600.0
6843.53697582 21.9757639181 0.840529823023 2400.0
7229.31169338 -3.32692263671 0.876533107855 4800.0
3408.81770764 -12.8966891661 0.400620205047 2000.0
-2342.54576725 -6.47577866785 0.480338318611 2200.0
-3190.07104731 5.7788419838 0.277161255219 2200.0
2588.54505597 -9.83653316371 0.330803717714 2200.0
-3482.55319284 3.0311465197 0.402025636819 1800.0
-7691.89027797 -3.39481748163 0.89086092936 4800.0
2045.4705816 10.1728758088 0.482328924342 2200.0
391.63332812 -9.40736393857 0.336463014852 2000.0
-6642.58772643 5.85279060243 0.806926243431 4400.0
-6960.9488617 -14.1179592768 0.898198492797 4000.0
4868.92478825 -3.41531135774 0.561684180838 2400.0
-2579.05755518 -4.08256468703 0.289093918672 2000.0
6821.19903948 7.8136901566 0.929743320566 4800.0
5965.37477976 -15.2231581006 0.78288950824 4800.0
-6311.72575434 -7.01881263211 0.811839056021 4800.0
-2313.98695906 -18.4940878208 0.691106292032 3600.0
3387.90075837 -7.48724175645 0.410621166784 2000.0
3002.56364668 1.6365370263 0.294697982942 2000.0
3900.11433932 -16.9789246924 0.498322435087 2000.0
-1860.05498823 6.94344419245 0.203812593499 2000.0
4009.80591938 -13.5706865798 0.550809388361 2200.0
-2484.66550242 4.08424785715 0.251682092292 2000.0
-1169.88801156 0.974014436711 0.123253154208 2000.0
3388.76409882 6.8175365303 0.483499677652 2200.0
1258.04181265 -4.41716877658 0.197181473729 2000.0
-3251.42668809 26.2603709498 0.721492708992 2200.0
3347.80713333 17.2711083594 0.813777343863 3200.0
-6604.60919312 -11.8815287561 0.856965037516 4600.0
857.873304343 7.40646779536 0.319948509087 2000.0
-2216.07469661 30.0516667382 0.851802845285 2600.0
751.393832659 4.61823021779 0.221221622327 2000.0
3408.87470882 -1.60545866258 0.403586506501 2200.0
5124.18334081 4.84767044073 0.719484204701 2600.0
-1072.2957249 18.247428025 0.622877366903 2000.0
7014.01708118 9.97365736176 0.808143428496 4000.0
-2259.8897593 4.77169171488 0.297276063941 2200.0
7494.46062281 16.2023905065 0.958581304629 4000.0
-1796.87322628 -17.079609571 0.586289510548 2200.0
-186.824549932 20.7424627547 0.732304148484 2400.0
-4401.14042093 4.77437979064 0.657890520137 2000.0
-9087.24699446 -7.37921397687 1.22043406933 4800.0
1103.18754518 -10.0800832531 0.402686289797 2000.0
2530.70187079 -16.602590626 0.535039978897 2200.0
-4131.888063 -5.72545568917 0.569881260204 2000.0
1493.53003427 4.38459108972 0.166842158678 2000.0
-781.827408306 -3.61258079888 0.235311338224 2000.0
6622.86466473 -10.1672479602 0.838250119376 4800.0
-5771.44902626 10.6548865615 0.784743124195 3800.0
3517.72389378 -17.6428121552 0.486676508153 2000.0
-6579.09576005 -5.20999065739 0.848774542184 4400.0
-2133.89522295 -15.7115343421 0.646318146473 3800.0
5156.69743273 9.25291609705 0.672831861056 2000.0
-6837.1483521 4.76148462422 0.850990219082 4200.0
-10923.9122817 -9.53998590164 1.1258738681 4800.0
4400.57559126 13.9933612411 0.637834682762 2400.0
2521.00462736 6.64417589643 0.367345972403 2000.0
1604.71808288 -24.6847675012 0.705847568709 4800.0
-1490.05650972 4.19943378058 0.160578704357 2000.0
-369.900675536 -0.503514006786 0.103675194131 2000.0
1565.17918945 4.15753971762 0.231059523173 2000.0
-4932.27679776 -8.39746161462 0.743352048162 4200.0
-5847.39916024 -11.7703824965 1.06658973092 4800.0
5289.24475947 1.10685477002 0.637348677683 2200.0
-2799.68769857 0.557011995517 0.286806464664 2000.0
-3145.05634991 -18.569469691 0.743302816824 4600.0
-1401.35098296 -37.7958607393 0.77472057691 4800.0
-3948.66141411 7.24032623279 0.42050225367 1800.0
1095.81582298 4.87486470518 0.21358192243 2000.0
5173.95950947 -19.5527681255 0.674789215434 3000.0
-1498.29328177 -1.56437923632 0.1900786502 2000.0
