-2367.48385937 6.04326919752 0.275017454261 1800.0
-1595.29139572 -9.38656478988 0.440970558167 2000.0
-23.497942172 4.70338882952 0.209461710203 2000.0
2239.27372726 -1.50735321294 0.220772408392 2000.0
-538.049111068 -14.6580902403 0.487477339149 2000.0
-6076.9968148 9.41999114008 0.628572665718 2600.0
-3422.61145291 7.76691928938 0.377131061564 1800.0
261.332252851 6.69995040508 0.271539903419 2000.0
-1058.6370687 -14.619930531 0.495199952164 2000.0
-2318.26850026 12.7463026778 0.402663328457 2000.0
3992.70551518 20.6467990541 0.851810246339 2000.0
-1897.37620994 -5.28911834623 0.331952436528 2000.0
-7469.68263628 -5.10441867749 0.806344013852 3000.0
2854.68832938 -23.9975638845 0.695504418313 2400.0
1678.57588093 5.36465529161 0.322072371249 2000.0
1869.43859937 2.40069897057 0.247335557465 2000.0
8783.48582819 4.57657330523 0.972482221474 4600.0
-7514.13675843 2.51218057958 0.758083640677 4200.0
931.916134589 -15.9936457219 0.417070431776 2000.0
2674.33284179 -12.8982204458 0.435837384777 2000.0
4380.4280785 6.906096803 0.610808571093 2400.0
-7685.80230123 11.8539196633 0.860064383974 1600.0
-6908.64597969 2.3066543465 0.812923363755 2000.0
-9062.14821806 -7.70691560603 0.932508434441 3800.0
994.400128209 12.0611936885 0.311688849651 2000.0
-7001.02063169 -24.8556677647 0.927592179159 3800.0
-2896.93302151 1.44807237 0.279695808361 1800.0
4147.49693736 24.425915284 0.615460622655 2000.0
5470.3028586 -10.4011311196 0.67679531549 2200.0
3211.33177194 -3.77204754316 0.255416478148 2000.0
3078.45550975 33.2050252889 0.82538573019 1800.0
-7480.49598204 12.705189384 0.925358580395 1400.0
-564.68595912 10.5193013222 0.32371555813 2000.0
-1557.93655727 -12.1697421971 0.496752347802 2000.0
1925.30620096 -8.21685474463 0.26895850453 2000.0
-5060.85056447 -4.43039966232 0.616288145164 1400.0
-3687.756922 17.9861188216 0.565126844898 1800.0
-2368.7016253 16.3493132946 0.525770285075 2000.0
-2905.9865793 -2.42005213859 0.308027745697 2000.0
8839.87513711 -3.36001372333 0.929941996393 4800.0
-1326.33658486 9.40505455733 0.270100562255 2000.0
92.5452244654 7.25121546749 0.329802004295 2000.0
-4116.58426349 10.2702632165 0.490289088091 1400.0
-8051.23522046 4.324212476 0.865976305768 1000.0
-263.514000288 -5.63703744996 0.210454826708 2000.0
-1275.19622718 -16.6401544194 0.504125678389 2000.0
-198.598638844 -20.9420396414 0.590211023388 2000.0
-5660.61275099 -10.6723155617 0.78133266349 2800.0
4340.04452468 11.8503504522 0.701746645491 2000.0
-2992.2311731 -10.3193680123 0.461627168975 2000.0
947.677577706 1.43806024469 0.146025130178 2000.0
629.035163162 19.3502832142 0.616105769818 2000.0
-4039.76235292 -0.539512047022 0.346110405187 2200.0
-1076.27406771 8.51610838311 0.259767864026 2000.0
2866.28481241 0.846199649936 0.286483266256 2000.0
1467.19521665 -11.7651196353 0.390345044199 2000.0
5549.33327026 -9.78173914182 0.753738723979 2200.0
2993.43181715 0.682270400787 0.245389601804 2000.0
267.807300003 6.46597316372 0.271411661147 2000.0
-4388.97909275 -4.51992181202 0.432782069414 1600.0
-10293.6004202 0.928929110992 0.915869488128 4200.0
1372.20640213 9.90394158146 0.396172282166 2000.0
-6615.75752051 2.04895962085 0.764887428574 2000.0
8209.0167167 7.74196591962 0.960032080363 4600.0
2921.94021046 6.27098567892 0.377969653494 2000.0
-4418.98454148 18.3843205563 0.593279964214 1400.0
17210.8020761 -1.55668518797 0.997755537896 4800.0
-5491.89369854 10.5875717678 0.686498160641 800.0
2213.74315709 -10.5400074056 0.391183638748 2000.0
1081.63839628 -2.37182816995 0.173267324603 2000.0
-417.075539819 -6.27422337987 0.24095807148 2000.0
3443.76045727 -24.2963457677 0.70451232226 4600.0
801.804316421 0.593762222905 0.185851818191 2000.0
7995.63396961 -5.03258918275 0.889883828041 4600.0
-4725.38841573 3.32226006675 0.519218365657 1400.0
420.467065121 21.3687082596 0.530184278145 2000.0
2848.87575935 -7.29720556529 0.295212344086 2000.0
1308.92356773 -14.1208086204 0.458429578687 2000.0
-6308.70819005 -1.01890350192 0.635602925515 4000.0
-6033.30711987 3.4512559404 0.752443171366 600.0
5317.12714355 -21.794150757 0.669501517685 2600.0
-11694.016616 -13.9812190775 0.908598603795 3200.0
6967.15007133 1.17812453902 0.815764987521 4000.0
1835.91361088 6.51106341291 0.402008018846 2000.0
-5312.4798353 12.9506787794 0.66003528261 1600.0
5567.03795895 15.3974698304 0.813592970258 3800.0
439.898826681 4.41949950957 0.212588016501 2000.0
6529.28981051 14.6550210362 0.80060657444 2600.0
2902.82550925 19.9501575133 0.410324004072 2000.0
-2002.87163352 -18.8507504145 0.636937226165 1800.0
-811.824215978 2.63308567309 0.186534580234 2000.0
-5492.44229357 10.1387332453 0.71685348365 1000.0
4382.64796604 3.28507223051 0.579047370398 2400.0
-3084.42792386 -2.89955654959 0.326576763084 2000.0
-1115.84881824 5.59523117761 0.15625988336 2000.0
1475.47917322 -0.445005480461 0.187020984717 2000.0
-1374.39958339 -16.6272805853 0.448652769312 2000.0
-6054.45683404 12.601838609 0.7227733748 600.0
-1579.32302337 -26.2780573035 0.71449353431 2000.0
4497.45407657 25.4363947331 0.826543407853 2600.0
-8786.9104469 -6.47536286513 0.844746370561 3400.0
-3572.6331345 15.8400611151 0.439973265442 2000.0
-6371.44954754 13.7608788462 0.778590562277 1400.0
-4868.36959312 -23.1769574026 0.774699961756 3200.0
-4854.72274007 2.0799055159 0.449403364449 2200.0
2243.24889017 21.266365338 0.694144763719 2000.0
314.406813057 1.76921569164 0.192734388579 2000.0
-4075.50596272 32.7588706831 0.847767415382 2600.0
2063.92086644 -7.38228721689 0.271673659957 2000.0
-7733.14493448 -0.304996608149 0.775137500896 3800.0
-2126.39204921 12.2099053608 0.429874606439 2000.0
-3043.37378907 -6.60872256239 0.38319361668 2000.0
10080.6479345 22.5169805853 0.956797719184 2800.0
737.560394628 -4.93509593285 0.200821113403 2000.0
5182.9836565 2.46067590677 0.725635189345 2800.0
-2716.71209947 4.46807865201 0.206924649379 2000.0
-6197.62683417 16.1054391628 0.880927972807 600.0
-5054.89006078 -1.28812418367 0.45528219372 2000.0
-5766.09467637 5.47913986111 0.593653248079 2200.0
-673.793565957 -4.4386570625 0.24959276284 2000.0
-2815.30663319 -16.7512702918 0.646029527643 2000.0
13140.3893549 -16.9197939313 0.99435938784 600.0
4529.03761551 7.64020900801 0.675818577686 2800.0
4598.03638847 0.709311037065 0.464946663849 2000.0
338.907025054 15.9741108967 0.518394127549 2000.0
5931.89330494 -14.4460269847 0.77523024949 4800.0
-12233.7823703 5.93572912207 0.968281798524 800.0
3108.97997508 -10.4416233921 0.317389772029 2000.0
-2317.14909705 -5.6386711085 0.330184171501 2000.0
-9765.77695919 13.3922328468 0.949820390042 1000.0
3988.69849941 3.84085812321 0.46366166946 2000.0
2981.36662515 -22.7332349729 0.548960220707 1800.0
-2357.86516192 -20.1063289296 0.66882383076 2200.0
3685.15441158 -37.916712861 0.578222654834 1600.0
1551.66514855 11.0903836674 0.507214325726 2000.0
196.25402791 -3.42129212698 0.181653974453 2000.0
-1921.82762298 14.2894387409 0.386291307848 2000.0
-4377.88847756 -3.68125124525 0.406752078535 1800.0
-2331.90247297 10.2271043016 0.331881797348 2200.0
-4497.93880009 9.03441212451 0.421654982842 2200.0
-2618.85211033 0.0510433909908 0.220815702759 2000.0
6446.26357572 12.8553348979 0.768833691372 1800.0
-2254.86688761 4.22747027902 0.184093770095 2000.0
4341.72967971 -25.5100884096 0.735568377965 4800.0
-2338.56681849 21.7650357022 0.644937259676 2000.0
-8523.41614912 11.9038212793 0.904617224148 4400.0
-3657.19858477 -21.8796130822 0.68725069882 1800.0
8022.65610786 -16.3228796761 0.893960849582 4800.0
6052.54200237 -3.30637301397 0.74290876875 4000.0
2674.24551564 4.50882071694 0.320684174734 2200.0
6356.90483238 7.25986749415 0.800201558295 2200.0
1576.50740267 -0.372467291768 0.179498574462 2000.0
4189.23871008 11.7811419344 0.629865258222 2200.0
-1777.65141553 -30.4399937344 0.717073748042 2000.0
-3184.19038941 5.64280667806 0.30421912369 1800.0
-8170.87714823 17.5680269459 0.937011416084 4200.0
-4463.47570741 -3.65055362599 0.529350588076 1400.0
-6536.48797686 -8.40030461169 0.765784125255 800.0
-4335.00711692 7.63268666241 0.577762497074 1400.0
-9234.80489475 12.7157944393 0.935195241997 1400.0
-327.515632395 -17.3195182922 0.394734581903 1800.0
3230.81403458 26.6098069126 0.894137295211 1800.0
-243.222584165 7.1147401161 0.238112501369 2000.0
4047.41364938 -7.69575562475 0.337658814331 2000.0
-2211.33591612 -2.18862729701 0.218023380973 2000.0
2188.28636606 -8.87687329354 0.277341626353 2000.0
-2971.8248836 4.08447671706 0.214393718539 2000.0
1627.89153069 -6.15769979162 0.228142468827 2000.0
3429.42099235 -7.28610071835 0.382676062704 2200.0
-5648.07641955 -24.1689850172 0.773803359746 3200.0
-3556.6028055 -13.1595244529 0.51220039968 2000.0
7155.97985698 7.08079710142 0.828036772696 2400.0
-13167.5353468 7.59211240875 0.957259854385 1000.0
4822.80029883 14.1528420168 0.609869740747 2200.0
-7770.75166482 -21.0505128882 0.78694130475 3000.0
-643.053904158 -3.39524107223 0.200509528322 2000.0
-1610.47701511 -8.82191152041 0.406500476415 2000.0
-5669.51791496 -18.1979297318 0.731498738714 1800.0
2540.04715996 -4.06038078514 0.200652820379 2000.0
-686.757154228 -23.1530080279 0.649476507568 2000.0
2099.37494429 11.2052274617 0.550659633494 2000.0
1644.20228996 0.774756782266 0.179184035217 2000.0
-3849.59280033 -9.06670813619 0.486674557459 1600.0
-6394.43790081 4.87485470701 0.747007892084 600.0
6385.7786972 -12.4148398598 0.773867055952 2200.0
6085.80609128 15.1623555796 0.748703693069 3800.0
-6309.46039089 1.08711168332 0.70698683687 1600.0
4850.04688935 -1.17726574999 0.604211399235 2200.0
-1292.59091236 -12.4326364316 0.465773981827 2000.0
-1659.13835144 15.210597812 0.427528473106 2000.0
-1907.67482818 -16.6932665427 0.586025043356 2000.0
-7077.48782303 -10.7112145132 0.80380487298 3200.0
6171.4861394 -9.23082348409 0.766213592975 4800.0
-1243.56375959 3.69944871511 0.158482725807 2000.0
-3836.47340141 -6.58936109066 0.464758855896 1800.0
-1643.71580857 6.00345349328 0.177346362983 2000.0
6062.40608241 -0.410679114812 0.830092165484 4200.0
3693.18267434 2.27972479718 0.407100124874 2200.0
7081.81677734 7.49246678023 0.880850162636 4800.0
8970.10578461 12.6815152464 0.976570734983 4400.0
-3736.414448 14.5444859994 0.526486472103 2000.0
-296.18919403 1.4100668292 0.165162424256 2000.0
-4568.52714364 -5.50445157442 0.524687027307 2200.0
10741.8809966 -33.1502450489 0.985729193588 4800.0
-2865.40201109 -24.6810351775 0.70285054429 2000.0
12203.9531884 -0.213897976349 0.96774386103 4400.0
3355.11899819 18.5881891277 0.712827822711 2200.0
-4580.47070067 -31.0246528446 0.843147699607 4200.0
-2365.633168 22.6290294013 0.58262146729 1800.0
-9975.54046597 22.8757388245 0.9788971999 4800.0
-2181.27395033 -16.3961726224 0.570313811023 2000.0
1275.85638407 -18.7140780498 0.432731103874 1800.0
-6575.43429459 -10.182921667 0.765295741577 3200.0
556.587920671 21.0291358603 0.352306539553 2000.0
-3507.29049887 12.7926496436 0.410162179869 2000.0
4818.32542953 14.0338092089 0.768337621595 3800.0
5981.6877436 3.2355965955 0.719097545436 2400.0
-8555.1423412 2.69446203913 0.915966296595 4400.0
9368.76483361 -13.1125785344 0.916930547908 4800.0
-802.45485564 -11.3879452084 0.347957692143 2000.0
656.902074962 -29.7384679624 0.740055009699 4600.0
9896.75168215 8.75799230957 0.986922529323 4800.0
-9261.82813245 -12.4386642643 0.963285163259 4600.0
3656.91205729 -4.95664293719 0.286039399345 2000.0
-2152.09095307 24.1249957556 0.646615855141 2000.0
-2863.47400864 -22.6676370442 0.712447089106 2200.0
329.83137566 -30.3705855957 0.732453172923 4600.0
6709.60712442 -14.6440346913 0.749288232997 2000.0
1535.30498454 -14.5398233994 0.475213521657 2000.0
163.18358312 -14.5200688561 0.482695930305 2000.0
6769.38235101 -0.401240466528 0.840421020624 4800.0
-5405.26737706 -15.8924249124 0.710314696036 2000.0
2050.76763159 -1.8869411677 0.199188198425 2000.0
-6810.66347854 27.8363591904 0.975884227381 4800.0
1569.92152415 8.79332938241 0.434800433731 2000.0
5095.90310009 10.7194440269 0.730529638705 2400.0
-4237.34569464 -5.38019883483 0.464507372741 1600.0
-1436.49838773 -0.619142778186 0.164697354611 2000.0
-4244.34317163 -1.26044622484 0.362932431607 2000.0
1760.80928055 5.38007969335 0.278640761247 2000.0
-3915.54798905 -8.90062835821 0.520873303071 1600.0
-6236.36436863 -19.5556917263 0.769109197908 3000.0
12606.3818293 29.553593623 0.959565515285 4200.0
-5649.62417274 20.7019048094 0.859974183929 1400.0
-5272.85746307 -20.0847170852 0.644248871532 1800.0
3170.40796967 -7.75508176256 0.380432781358 2000.0
-6184.86091288 0.873088574877 0.628510688993 2600.0
-312.906722588 -12.435304127 0.443834533311 2000.0
4312.42815959 16.6595998361 0.882982261808 2400.0
2755.51292025 26.8733851243 0.545198924606 2000.0
4321.47266404 -11.459669719 0.632657454386 2400.0
-7173.05985763 -7.29194015615 0.902925350551 4400.0
3857.51049331 9.99757649063 0.550093039268 2200.0
-5999.36052045 -21.2804836556 0.894140301171 3800.0
-2676.87837455 14.8459109794 0.516029877375 2200.0
-1265.8437587 -4.24144061241 0.230538023342 2000.0
10424.8902098 6.57521455657 0.95145323415 2600.0
-2671.00786515 -24.0783688312 0.713057964586 2400.0
282.677543655 -22.3060656616 0.640042562017 2000.0
-8765.63371079 8.71811961434 0.866415434743 3400.0
-1030.5044365 -13.4542415014 0.505828431313 2000.0
-10388.4744968 5.95838643051 0.943923050102 1400.0
-298.815194138 21.8604995002 0.606885205737 2000.0
-6962.11002707 -28.2781707543 0.770611640361 3200.0
4103.2129086 -15.0685721951 0.474373502988 2000.0
-7690.69891962 -15.2276527757 0.820303274033 600.0
-947.701517559 23.5070357401 0.481193009321 2000.0
-4258.72086766 -10.5451857273 0.583974716314 1600.0
-2353.66193211 7.97469441354 0.268018853308 2000.0
-3582.3166969 20.2745890832 0.629206216416 1800.0
9295.14181471 -25.371914449 0.927576913826 4800.0
-5962.2797404 -17.7629838617 0.723039112968 1200.0
5049.74120268 24.2977506397 0.870600201156 2000.0
-4825.49870127 -0.320326038323 0.454195277933 2200.0
-1656.58613323 46.0579407173 0.933066224844 2400.0
4205.36604633 -22.5740936533 0.614888734678 1800.0
3047.95626458 -2.61978356716 0.228269046251 2000.0
-10438.2271389 -18.0095269596 0.972325271036 600.0
1338.44843452 -18.1863049899 0.49220825473 1800.0
8925.85524476 1.9767766714 0.964006589942 4600.0
2636.55210858 11.2662995453 0.438422564761 2000.0
3011.63415758 15.6328872048 0.733480009174 1800.0
-5160.66726692 15.2404786436 0.731014841822 1000.0
-8437.5721835 5.48440833675 0.917310865878 600.0
-6104.24256465 13.3632278711 0.826622919438 1800.0
4946.31271851 22.0991390586 0.888889240956 1800.0
1842.91928603 -0.710089345481 0.191943700275 2000.0
-3251.50766885 0.0362236672099 0.267944473462 2000.0
-6641.01598121 -14.8633194173 0.768166386915 2800.0
-655.101563966 5.49840682093 0.207874943572 2000.0
-7796.80294025 -7.81701540001 0.805183033886 3400.0
-1897.04413661 17.0150882732 0.403644280944 2000.0
-5882.72872811 -8.88587096378 0.699022829435 1200.0
-2417.58797942 -13.7557073368 0.545205968146 1800.0
1156.38835569 1.02978409667 0.199764537847 2000.0
6367.45321286 -23.3642495437 0.847949409051 4800.0
-5958.52502067 23.7344529032 0.809104460488 1400.0
4394.78088781 -11.6951065055 0.389258763726 2000.0
4224.68154001 4.77567241478 0.491902262159 2200.0
-5704.60238247 28.2322563783 0.73597014027 1400.0
-8883.12270263 10.1823007823 0.953314378251 600.0
886.266876855 -8.04028885916 0.288903519033 2000.0
-5350.2831667 -2.34974348544 0.575678534557 1400.0
-1560.3972481 26.5930551616 0.772747732295 2000.0
-3656.92338525 -33.1886464201 0.791564301776 3000.0
-1609.06114475 0.170341744335 0.172613565684 2000.0
-29.5832199183 -11.124664075 0.401294305551 2000.0
2985.51270109 -0.727014917237 0.292925612766 2200.0
2013.24154907 -12.6917556053 0.37085791294 2000.0
-11877.6319989 -8.10618424497 0.968370953807 1000.0
-6374.33855321 -6.86956810132 0.749891629286 600.0
-4978.68957686 -12.0311073055 0.647899362429 1600.0
-3033.88489355 -4.82157248608 0.356973119275 1800.0
4498.61956089 11.090011387 0.603866060034 2800.0
16269.9819241 -4.48998218175 0.999588704507 600.0
-92.0974183704 3.20645280678 0.170912067564 2000.0
2363.49475838 -10.988205242 0.333119315134 2000.0
9976.82599314 -6.64264119648 0.918335727536 2400.0
4250.44216471 -10.6979460685 0.461516292122 2200.0
5445.8821624 -4.31063859836 0.718738333606 4800.0
4645.15677995 14.8607769268 0.650184361538 2000.0
2648.37620086 -13.5686419623 0.474640667742 2200.0
-9452.20164611 10.5855049243 0.847132630341 2000.0
801.978416365 10.4240836167 0.46637052786 2000.0
7114.23047308 6.57689972435 0.864610071577 4600.0
-1815.49822275 32.6863548126 0.689497560406 2000.0
-7201.35327692 -24.7739244571 0.906837991993 3400.0
2852.71505839 3.40020585833 0.305713115372 2000.0
-301.551465559 2.13721942805 0.172679976408 2000.0
5154.06427594 -23.810095795 0.626417452408 1800.0
-3569.12867123 -14.1898655607 0.560282926929 2000.0
-654.43291599 -17.0595657201 0.559163957594 2000.0
615.502408359 -13.6278374064 0.473110160954 2000.0
-3037.11003013 20.6043748179 0.486340827018 1800.0
-2516.09777466 10.1313062706 0.285766436373 1800.0
-1902.29528592 -4.56742749723 0.250835657665 2000.0
319.855451922 8.34317555605 0.315997186583 2000.0
-1869.20353977 -10.9931134251 0.410615213662 2000.0
-2046.1733592 -10.3816366519 0.435949390003 2000.0
-692.537935768 -33.5216091323 0.509198644237 1200.0
1036.3471313 -14.0134499548 0.462330875964 2000.0
-3116.40763338 23.2075928295 0.749963549454 1800.0
-5080.10725132 -6.12288665424 0.645016287521 1000.0
3844.03711042 -11.8242038956 0.468037195461 2000.0
-1946.61681272 5.68674729483 0.195505686354 2000.0
3597.89503117 -8.45121917205 0.432895313094 2000.0
3121.80035675 -2.89625972655 0.247564552682 2000.0
-555.468781449 17.766330451 0.488294129316 2000.0
-932.387360262 -21.0774308535 0.644539463745 2000.0
-1368.87292104 11.6553831501 0.347935748004 2000.0
2624.91615492 -19.4718979568 0.464128834367 2000.0
7865.86194728 5.39392282429 0.946271377152 4800.0
23.2147962367 -2.64376064335 0.160167802593 2000.0
-1664.301708 1.38101980434 0.17768430449 2000.0
-2391.71195414 -8.16204598001 0.362092688015 2000.0
12355.1800175 21.8423812223 0.937504881846 3200.0
4827.66566716 -3.63655801046 0.401158045231 2000.0
-846.97860734 -39.7240531462 0.691895644252 1600.0
3099.0455433 23.1930025126 0.675828421228 2000.0
5813.26216225 13.8842228912 0.895325274893 4600.0
3245.97098735 -18.196481198 0.620704710179 2000.0
-4216.25104432 10.0627326892 0.43382984063 1800.0
-2670.45271538 9.47208197662 0.286858863837 2000.0
5395.72018829 -0.544420846574 0.520667182911 2000.0
5113.24485857 -2.09895483074 0.55436193112 1800.0
-415.78606644 4.62530097445 0.231387303673 2000.0
-7452.91154025 8.40770961702 0.882280845943 3200.0
-4629.24499754 -29.0266116455 0.899128359692 2000.0
101.373534542 1.17672158273 0.176950901562 2000.0
4436.69631116 -16.5805081074 0.681977948101 2400.0
-7861.74793009 -0.883191364093 0.819456379336 1800.0
-3802.86928973 1.03184568436 0.390677363373 1600.0
-3853.74954207 -8.46146333341 0.53074222771 2000.0
-1134.32110935 -11.6323660548 0.397712902361 2000.0
-5997.36911455 -15.0245103236 0.785249026691 3200.0
-6073.55182314 9.39376880272 0.728229895941 600.0
2950.73885696 21.3366223657 0.68726037754 2200.0
611.630147282 24.592114978 0.755872861051 2000.0
-335.487001637 -7.61770409742 0.24802037019 2000.0
-1070.54575342 -3.07852221447 0.214469547752 2000.0
-3144.81131849 -27.266297597 0.774552693477 4000.0
-4955.7521812 9.28222516086 0.464583370162 2000.0
9402.48136405 -3.75873811381 0.966135264637 3800.0
1090.72193997 18.4725622074 0.604036190405 2000.0
430.2076508 -1.30933198264 0.0973548965931 2000.0
7750.91704822 3.45616197054 0.84843346875 3000.0
2522.28475065 8.04322669799 0.42739965446 2200.0
-6439.47879253 -27.7203657957 0.751775502519 2800.0
-2601.57867284 29.7490399897 0.626985494261 1800.0
-2889.49869291 -15.8150001746 0.582615960841 1800.0
2249.17713317 -12.5277234977 0.383198242726 2000.0
4737.9103317 15.7142691068 0.779813857864 2400.0
-2572.37857306 -9.73737873659 0.410040193741 2000.0
-500.507027835 19.0227919085 0.581243392197 2000.0
-6543.10628238 7.88344952653 0.835439824669 1800.0
-2164.88645379 -5.11819753872 0.273305173953 2000.0
-5727.79040332 -15.6211389201 0.69681850101 1200.0
3939.52197349 -2.18820532424 0.426863059584 2000.0
9191.89545495 8.69440850944 0.962824563979 4800.0
2265.71685846 4.40102565103 0.328092259737 2000.0
-4445.96775466 36.7214588669 0.739592484116 1200.0
-3466.87834678 4.27201986629 0.216579105574 2000.0
2220.03492347 10.4283728786 0.522671873451 2000.0
2693.67191486 19.8584860017 0.786491747893 2200.0
-6206.5901408 2.46048099805 0.735894186971 800.0
10268.0346735 17.6537372418 0.95175560715 3200.0
-2637.78730077 7.52144486512 0.272857911093 2000.0
-3747.71689118 0.465648789314 0.371422246727 2000.0
3855.92137605 15.7658790326 0.724374796334 2200.0
-4304.20310241 -5.74254459764 0.495813598201 1800.0
-4784.78193895 6.18768336415 0.550170767754 1400.0
-1428.5888583 -9.39857378368 0.398914149847 2000.0
2185.98090948 14.2270121456 0.647520071021 2000.0
-2470.50317393 -9.34393774338 0.429534300898 1800.0
6929.45085718 13.7828697958 0.933324707898 3200.0
1358.47724128 -24.7079853854 0.638407976911 2000.0
5671.50906856 -0.288975009565 0.725800626414 2800.0
4982.97788949 -8.28076065967 0.612585892545 2400.0
2486.68247223 7.88186203634 0.485694263276 2000.0
-572.051732808 -3.88602625684 0.199442783031 2000.0
1698.33447387 -17.1236656584 0.505252239182 2000.0
-4994.51529684 -34.8506636691 0.915004417556 3600.0
5573.05574521 0.261399002025 0.625938137163 2200.0
-4051.28435932 -3.93800924785 0.441689426848 2000.0
3637.50000691 3.73417630244 0.408797265578 2200.0
-261.220874071 21.5024642231 0.643113999155 2000.0
-10412.9103152 -30.9927018902 0.926010252186 3200.0
-1526.83909741 -20.4729536766 0.631706759186 2000.0
2645.2148869 -7.35508456134 0.330677893171 2200.0
-3753.75482181 13.2140556011 0.509600861136 1600.0
2394.51882857 35.9483786835 0.535937553128 2000.0
2913.46569698 8.87425872069 0.374711731771 2000.0
-5736.13268866 2.94655262088 0.679089129566 600.0
1187.7914105 -17.8916418931 0.546121865113 2000.0
940.579401576 5.36747855299 0.29483671798 2000.0
-2831.7616777 31.2811729147 0.875184695604 2000.0
-2759.92056068 -3.25874788899 0.251949363959 2000.0
-1707.49670775 11.7705905794 0.348282016048 2000.0
3978.33079839 -36.5784699314 0.828697092375 4400.0
9287.29880902 28.0613231792 0.964355600735 1600.0
-2903.95942625 5.78762620709 0.247736926295 2000.0
8259.53283481 21.4761314349 0.895015452509 3000.0
-1778.04504517 -0.763408363313 0.183033979213 2000.0
-6176.0946237 -20.3747344536 0.912060244706 4000.0
-6728.84780816 -1.97178831642 0.792662189134 1400.0
5129.45141909 -9.8813334579 0.605059417199 2200.0
10128.3276729 31.228726867 0.917947793433 3800.0
-337.569086181 -20.9465533669 0.515069217522 2000.0
-1080.8254736 20.8280798732 0.626940726736 2000.0
-2339.57318058 -14.683408947 0.422732416747 1800.0
7216.21899911 0.516415997137 0.932604327491 4600.0
3146.25333317 -12.2154876724 0.431362481814 2000.0
1944.05415878 -12.4722857044 0.392516966474 2000.0
-2636.94114499 -18.3247369998 0.534097501007 2000.0
-1934.48080307 4.40550861458 0.196331477959 2000.0
4549.15140132 -6.49154802855 0.57407513911 2400.0
-1124.36148123 -12.5596280902 0.471524140826 2000.0
5578.12352219 45.4511495015 0.980526469307 2400.0
-2988.67552644 -3.24440961013 0.31905615971 1800.0
-3227.40537768 -17.5211681153 0.616243494397 1800.0
-234.624895609 17.6267096364 0.480227701958 2000.0
-4433.86592337 -3.71045295478 0.453447493684 2000.0
-2106.88947204 -3.67920870128 0.284036136371 2000.0
5376.13318006 20.5085332808 0.841886980342 2600.0
1880.84069878 -20.7870149252 0.578384107891 1800.0
5604.1036716 -3.56790040577 0.577587641579 2400.0
-3115.18301638 19.2550118977 0.607033627041 2000.0
1440.72250255 -17.4770619718 0.439716280984 1800.0
868.903574818 -29.3527709354 0.700532612936 4800.0
2267.9541631 -8.56281661701 0.299919166524 2000.0
-1845.80182974 -8.27164084967 0.322511802308 2000.0
200.138233062 0.546540890146 0.184217527731 2000.0
-3591.08138007 -18.5345423418 0.667063846058 1800.0
-626.812485836 19.4525064216 0.671203758897 2000.0
-4342.50700472 1.5664050857 0.438845316937 1800.0
1832.26207024 -0.139116975846 0.197701413598 2000.0
-1665.46187649 3.27842874919 0.168988114274 2000.0
-2635.54605591 18.0529696158 0.538309626913 1800.0
2103.96037556 19.9758410461 0.704217235203 2000.0
-2541.68323004 5.04974767846 0.181167603307 2000.0
-282.078710509 33.3758771062 0.887154151026 2200.0
2038.79252238 7.0176854172 0.318020784436 2000.0
2108.6058861 18.5458284132 0.719261941181 2200.0
-3741.2068338 -19.4304201282 0.704539426426 1600.0
1393.99140694 -3.39299323297 0.196351102144 2000.0
-5113.48832687 5.72185491446 0.466078486122 2200.0
-328.499936674 -4.678280738 0.24201860679 2000.0
-1570.92476947 4.27473782304 0.154319546529 2000.0
-3083.42111572 -6.35835881657 0.396110447273 1800.0
295.79890145 17.5968764858 0.613522810303 2200.0
-4256.80325587 -17.3146151335 0.546781412696 1800.0
6270.36754012 -23.7683601368 0.850244938209 4400.0
-25.9339017469 5.70196457768 0.243834381264 2000.0
-659.820935477 14.9699893501 0.536934397085 2000.0
742.895529272 -0.836922404766 0.167157979402 2000.0
7400.38142715 -5.82421719891 0.887951879577 4600.0
-4937.30139469 23.0526770254 0.583833138351 1800.0
-3570.37338243 14.4765684754 0.547777300936 2000.0
5937.38755695 21.4073563815 0.910635396709 2800.0
626.940607679 -12.4527792248 0.417432665442 2000.0
1695.89967029 0.694123506279 0.18219049805 2000.0
719.148356212 4.83790789031 0.271782571317 2000.0
-1496.13439645 -14.8881965732 0.528740563285 2000.0
-4748.522749 3.4823145194 0.413064519908 2000.0
-725.844575165 -9.66798313759 0.397523711947 2000.0
1426.43580365 14.4007207131 0.638564559254 2000.0
8594.28315329 -31.0217979606 0.969174716487 4600.0
-892.465280557 20.4393003674 0.509815058267 2000.0
-4247.03547231 -1.76963564204 0.400469695468 2000.0
-368.547298181 10.8344535045 0.291035719117 2000.0
7191.39141848 19.8217619069 0.882246167457 4800.0
5226.50183975 3.72805535339 0.732347176446 2800.0
4997.3810284 -0.710581319593 0.586610106078 2600.0
4219.27984551 23.0042292311 0.708631460543 2200.0
1433.00383369 -2.20432615335 0.186572403384 2000.0
4956.11723434 -23.3446738988 0.700507305659 2200.0
6378.565527 -0.275431463804 0.823004547016 4800.0
-1608.06496044 -3.65005932733 0.282557830969 2000.0
2282.29193819 13.893819952 0.552979974454 2000.0
1452.61042964 5.33533353525 0.285925027063 2000.0
653.73944414 -2.87646616838 0.191919463436 2000.0
1678.38828024 13.1302696027 0.424658492253 2000.0
819.333374229 18.75528017 0.56119802971 2000.0
-5930.24732126 10.1898936863 0.668407201894 600.0
800.379676042 -7.96881049813 0.270046919612 2000.0
8027.42323546 14.5423719485 0.966789113297 4800.0
-4323.82286052 6.95367043365 0.392013542313 2000.0
-1422.07216945 -22.7533688361 0.701961647425 2800.0
9385.12789632 7.13818233591 0.984658540734 4800.0
-7650.92515313 -12.6447190364 0.921583493958 4800.0
6261.70758805 10.8606948592 0.855775102951 3000.0
2099.96820753 3.90898255791 0.271010119371 2000.0
8032.29830136 -13.9652476081 0.871694546912 3000.0
-2842.42643254 -12.0903149756 0.503173987386 2000.0
-4195.22802855 -22.2057342065 0.784795872541 3800.0
790.515231945 -2.27584368254 0.140147361648 2000.0
8651.94779846 -7.38766744799 0.956261029465 4800.0
305.701348199 12.547437955 0.459432271645 2200.0
6286.51315356 -12.1249155418 0.857125783156 4400.0
-2336.44944964 -27.3615674172 0.74208441477 2400.0
8947.1821394 -8.80339657447 0.897337573292 4800.0
-3303.72938267 2.36401105868 0.25973453329 1800.0
1251.10815573 -5.18670200589 0.193305546204 2000.0
918.331945222 2.22506286247 0.175810784248 2000.0
-3393.44983973 28.810924312 0.622643297107 1800.0
10989.5440813 19.3021419044 0.984438025594 1200.0
4453.06257071 2.31574225962 0.546856509604 2400.0
-1722.16636618 10.409486573 0.304303288085 2000.0
2329.41182233 -16.3038105182 0.533410407678 2000.0
1354.18502472 -4.58935111754 0.199315992491 2000.0
3749.16144219 10.0116942588 0.575177533031 2200.0
2373.43708073 -27.2636159886 0.691198091741 2000.0
-1114.71772139 -19.8642934179 0.620491352187 2000.0
1393.74639955 -3.86083555691 0.203564288029 2000.0
-2259.14319112 7.48137382916 0.23165428698 2000.0
2333.13973679 10.3411292779 0.434173069886 2000.0
-3707.22913871 -5.5030416108 0.455339929111 1600.0
8781.38939494 -12.2382797402 0.904616068533 4600.0
8995.40061685 -1.43393635489 0.958612393257 4800.0
-1482.23829649 -28.7569815196 0.735212793918 4600.0
-3485.7390845 33.2699168866 0.840122314218 2000.0
-2706.88387285 39.6745791286 0.759925239859 2000.0
5821.94250371 -15.1551212538 0.74337238595 4800.0
3109.49366665 27.7973204982 0.622438020388 2200.0
-947.872295148 -17.1008004005 0.577115559055 2000.0
-8222.88090233 -25.5095732897 0.848705250493 3200.0
1690.5606883 -9.97068976576 0.286774959698 2000.0
-630.362406746 -14.0341645672 0.515807858438 2000.0
1187.10892621 -0.319420842321 0.189342833387 2000.0
-2010.25869409 -21.0890902177 0.642113619481 1800.0
2072.98063735 14.4402573537 0.433641422538 2000.0
354.467663417 -16.4400067951 0.53807556951 2000.0
-2528.08799601 27.1914169574 0.655960879621 1800.0
-6432.86007361 7.53293445934 0.62435293852 3200.0
1505.24859414 1.33037133773 0.170304967966 2000.0
451.897937541 20.8411252984 0.691275313486 2000.0
1347.14053705 23.1988129912 0.813099597624 2200.0
33.5223968582 -15.2004520949 0.501664027877 2000.0
-1308.64628256 -6.2833963595 0.313575069506 2000.0
3134.9056647 12.463359779 0.695027308043 2000.0
-3102.97685738 -0.897775667866 0.291888349444 1800.0
-3346.90228122 24.2860223742 0.699753366614 1800.0
4171.19467352 9.07493868496 0.586972588916 2400.0
753.402697364 16.4761308387 0.662147021135 2200.0
4097.95843122 -4.38892100572 0.276605060551 2000.0
6798.85685003 7.45844124244 0.934023190749 4800.0
-6899.08022777 0.710104354061 0.76735006281 1800.0
968.283631266 9.2612271354 0.457981459277 2200.0
-7079.08507323 11.0662203677 0.881171479884 600.0
-248.334709479 13.3660386957 0.382636268328 2000.0
1513.34490776 24.8230708982 0.811149062087 3000.0
3056.2620158 -6.47944334924 0.267308454096 2000.0
3381.5700014 8.08109736647 0.515407909104 2000.0
5540.55535874 -19.14102173 0.76319949755 4400.0
1256.33884927 0.673061141684 0.177568335903 2000.0
-530.757879729 -11.1865318615 0.416410499216 2000.0
520.584602189 2.34156699522 0.162902128861 2000.0
3784.65276258 -5.13114123437 0.382022222702 2000.0
-650.108744636 -1.26948422879 0.129948919535 2000.0
1452.2903843 -20.9044928813 0.501966006695 1800.0
1035.14657005 15.6776898912 0.618878359483 2200.0
5777.44105735 5.50957514189 0.729480198852 2200.0
-2253.24850921 40.7765890419 0.960946483607 1600.0
-3628.89420909 -8.36383105607 0.463514111507 1800.0
5141.95042368 -21.520359957 0.740630542794 4600.0
-2310.65315374 4.28070550418 0.267993540034 1800.0
3988.39412121 -28.5678301956 0.758234788478 4600.0
-1189.21244592 -15.1266559829 0.483622131424 2000.0
-8928.89279054 2.53578990834 0.864251930979 3200.0
-1270.36539413 6.58753883143 0.190197573234 2000.0
9621.82056649 12.7163557795 0.970918382039 4600.0
1900.7145507 -6.88366305924 0.269358957313 2000.0
7087.11287681 13.2795418574 0.893519548436 4200.0
-2821.85493419 12.88425626 0.384453661443 2000.0
-3974.36899547 5.68996673521 0.304882220964 2200.0
8586.26837665 -1.69380210772 0.904120637666 3400.0
1901.26001959 -10.3643363606 0.335383259081 2000.0
7891.07723591 3.72893264215 0.948849384367 4800.0
1295.39997923 13.8866865879 0.533586958682 2000.0
-259.087631949 10.1299973828 0.350801884761 2000.0
-1068.34874415 10.2814983501 0.366953366928 2000.0
-2505.96376234 -12.8453949666 0.417427584053 1800.0
-1916.54631946 -22.5768644749 0.694639700979 2400.0
4556.11759495 -8.6668018028 0.483429080704 2000.0
-7100.79277263 2.19101018362 0.850897623399 3200.0
-6231.67208893 -29.3567640274 0.806784386162 3200.0
-1890.64490316 6.23928356548 0.210865761093 2000.0
5538.83442284 17.2968359086 0.783105116302 2200.0
1294.73616932 14.2941031013 0.618986725478 2000.0
-644.361240869 14.4571113336 0.404195710713 2000.0
5280.11940301 11.5405198881 0.721374015969 2000.0
3688.06082921 3.74633843557 0.445006559662 2400.0
6615.01750871 -14.3005785754 0.834871395073 4800.0
4874.71663435 26.8438966782 0.865633967176 1800.0
3921.37999717 -12.1497371433 0.471902617224 2000.0
3820.60640433 -9.05295025078 0.419712088789 2000.0
-3419.79111779 16.2580151482 0.504603939452 2200.0
-3327.18855459 5.99418931426 0.230560390538 2000.0
4043.13209659 0.0668400391657 0.447620681903 2400.0
-2656.47059973 -13.3742072041 0.554234851605 1800.0
-2417.28159676 -8.86666627809 0.413887315312 1800.0
2197.54591731 -3.48235603524 0.241317848985 2000.0
-2115.67708583 9.93970671813 0.327850729029 2000.0
2812.63629359 -8.55085837165 0.270278319875 2000.0
-371.758366584 7.60924720201 0.220120979102 2000.0
-800.29895558 -13.3162017078 0.51667077239 2000.0
-13.9484216997 -31.0989291644 0.752038728699 4800.0
11105.7513154 -6.40238563759 0.994740338237 4800.0
-1187.32146165 -9.40451980586 0.368554306527 2000.0
3442.48524221 20.183337495 0.621528420149 2200.0
2184.12908522 -4.19671234266 0.191661229057 2000.0
-2007.64082663 -20.8783190615 0.626075035255 1800.0
4225.47432912 14.3897184827 0.708002597187 2400.0
743.471875717 27.357185012 0.845233458835 1800.0
2297.64688186 -13.6361997214 0.449238298163 2000.0
2167.88199521 4.50664258026 0.287250239901 2000.0
789.808207823 17.2555549408 0.523723690745 2000.0
-3076.61509718 -0.643086030027 0.219534947274 2000.0
-5792.67422331 6.6624823266 0.597910503432 800.0
-2497.46169864 -9.75973566517 0.453831010564 1800.0
-7257.90476009 -17.9307885677 0.812091361032 3200.0
576.877668098 -3.28323545156 0.158708413565 2000.0
6339.65136219 0.223139040237 0.689423800615 2000.0
-3907.35439542 -11.0199701749 0.484869004968 1800.0
-11486.8497233 -24.9558517563 0.854419096659 4400.0
-4009.5719758 6.64431947684 0.372837980356 1800.0
368.520033323 6.96482710276 0.22594305461 2000.0
-1077.73683591 -13.4324848988 0.433693249392 2000.0
-7495.23472854 -7.97054874351 0.826669882746 1200.0
8158.91235055 20.3555084553 0.948032846844 4400.0
-14265.251245 -7.02774295208 0.975019620688 600.0
-2687.18774624 3.94776416033 0.250944953896 1800.0
5498.61263231 0.759124719751 0.602047157715 1600.0
-4079.85781719 -16.1819839069 0.658531101943 1600.0
4590.63245591 -4.04104188526 0.399625608842 2200.0
-7056.67170651 -2.90195521219 0.737546539463 4800.0
4014.92027517 -30.1799433845 0.62601313094 1800.0
1060.03660059 -14.587320454 0.461254964907 2000.0
-6228.58233708 16.2669233145 0.852879065291 800.0
218.731240853 11.9605089939 0.490261428906 2200.0
1621.74844364 13.3796374801 0.478301026869 2000.0
7192.54256876 -36.8117548252 0.909201122634 4600.0
-5722.83519672 29.4951099944 0.751349051029 800.0
-753.207557807 -15.2941853312 0.483613365807 2000.0
-3009.95026717 34.187494811 0.59814310191 2000.0
-1896.96085118 2.37310097253 0.174889473889 2000.0
19758.9220607 15.1773104833 1.00122633329 600.0
4808.75686428 -5.21447966938 0.606809680609 2400.0
-1293.10868925 9.54175707537 0.2901887915 2000.0
10374.083443 7.44775003712 0.930331461011 3200.0
-1283.18645615 -6.42399809842 0.275272743628 2000.0
-2602.35945497 -2.21256591752 0.2824733102 1800.0
-1648.75208297 -10.5566757286 0.412463801649 2000.0
-1677.4743413 -7.44991743751 0.34952577966 2000.0
2262.05310846 -14.3629526158 0.44849665988 1800.0
6173.77967275 21.2131404321 0.908390116875 3800.0
4358.30778372 -3.69305834393 0.467146416484 1800.0
7353.03550583 1.93126657134 0.843686508465 2800.0
-4131.03442145 6.90543899737 0.370400167811 1800.0
-1950.62803183 -3.5328370626 0.270371017275 2000.0
4857.50209045 29.1512485812 0.888343820888 2800.0
-6537.29277152 -18.9540252082 0.797120665103 3400.0
4455.27642436 -5.15207426648 0.379770698973 2000.0
-7025.27964704 5.85690208613 0.862941677851 3600.0
467.273130245 -4.66214297685 0.219362891567 2000.0
1468.70439783 63.7663576168 0.985208470538 4600.0
2079.81065395 -19.7672553943 0.562019390955 2000.0
-7376.61617833 21.1861290481 0.955517514834 3400.0
-3163.01175164 -10.1460616159 0.418708604495 1800.0
-2137.88815884 3.98903527958 0.188660941505 2000.0
7283.42546664 -6.92761228 0.880396242608 2600.0
-2690.13416472 -19.8340837795 0.644054324181 2000.0
-8902.53451729 -6.47771277344 0.853920649557 3600.0
2297.59878602 -1.9853455684 0.188911573748 2000.0
363.959742231 -14.1844616148 0.434011001404 2000.0
-3465.51091704 -13.7474701123 0.575438660622 2200.0
-883.924231145 -9.06947235119 0.402929651917 2000.0
-3053.86443768 -1.26318586553 0.287266672459 1800.0
7418.14824383 -11.4396922016 0.870776825169 4800.0
-7712.75561336 14.1050381455 0.860825875978 4800.0
-6587.24414835 -15.9137314248 0.788174077077 3200.0
-5487.42495668 8.67956788133 0.515840413474 2400.0
7226.90826663 -9.38430073664 0.881002857578 2800.0
40.565044183 0.300185597721 0.146817466614 2000.0
-5215.22503967 15.9471192647 0.702247584892 1800.0
3756.2312224 6.47687770267 0.499394390499 2000.0
-1416.12484366 -5.25282931764 0.213623073079 2000.0
4662.59794588 5.85120302355 0.564369723174 2000.0
-1797.12473679 -35.284228105 0.751508834181 4800.0
1781.69882572 -8.20291665696 0.273452048819 2000.0
-4114.66193477 6.76017620751 0.473057012707 1600.0
-1967.55089472 -5.07868885595 0.267212144024 2000.0
2256.97341039 -8.35746671206 0.253711219553 2000.0
2965.96526922 -11.3563124415 0.42082793321 2000.0
6045.61646318 8.23829029169 0.852674530662 4800.0
1262.40263479 14.5406906405 0.636607133021 2000.0
6974.08379446 2.48135173562 0.827547041202 2200.0
-2462.91483022 -9.14452213544 0.435313354423 2000.0
6784.55787556 -12.9215512928 0.794873097167 3800.0
-4515.40645854 28.4139663863 0.799876394978 1600.0
-3678.82772071 -8.54390353943 0.429868140892 2000.0
4664.97273945 12.6539867044 0.756834485078 2800.0
3325.01647613 -8.55843338009 0.432669673528 2000.0
2428.11044863 0.787577492825 0.223595712266 2000.0
4687.37758617 0.248259759354 0.446843588281 2200.0
6158.45140815 -27.1265074358 0.834932897285 2600.0
1314.94443379 -23.1163079217 0.568761162585 1800.0
-5588.19943258 14.17688341 0.614789817866 1800.0
2698.63406036 12.1955210967 0.590661349785 2200.0
-4197.58276098 -12.5115590066 0.589425322823 2000.0
-2922.32991196 -7.56037746668 0.370243413824 1800.0
-2119.23798919 -5.09872683721 0.279623495375 2000.0
5555.25108635 18.5024049657 0.817970365443 4200.0
6334.592875 -1.07861620142 0.7116721764 1400.0
-6363.40988534 -23.5756116936 0.90954905387 4200.0
4489.63484073 -12.6906976299 0.431581706334 2200.0
-1447.27596868 14.80635834 0.430071519472 2000.0
-2385.86827254 7.00415544808 0.251107237376 2000.0
3057.32055128 -6.7281646712 0.269256829127 2000.0
-1870.49742211 11.7605107699 0.380609001381 2000.0
-1092.3960307 1.60282589439 0.141150741498 2000.0
4902.48036058 2.12708749783 0.591381334261 2400.0
870.889852381 3.27000485197 0.217011502736 2000.0
2231.21274619 -10.1347725389 0.298589266121 2000.0
595.336999188 0.552765881723 0.134218740406 2000.0
-4608.8503113 -5.87962749362 0.559910789488 1600.0
5686.69062931 -19.0756216185 0.76470625808 4800.0
3914.9476675 22.2230074514 0.647899065219 2200.0
2726.40659518 19.5428813285 0.599655693113 2000.0
-2555.61265943 15.8156101088 0.536351949237 2000.0
-2145.13371234 -13.0428722134 0.41109648448 2000.0
5800.69295684 25.7378664417 0.77166964939 1800.0
-7238.24131341 -13.9677622673 0.754970937183 600.0
4300.2099235 14.3884273148 0.681271099434 2400.0
774.882764034 0.487247949666 0.203222228367 2000.0
6010.54885034 -11.6829402648 0.777653331574 4800.0
-2633.77397415 -25.5681720471 0.648972468891 2000.0
-115.672179759 0.860474276629 0.120405071374 2000.0
1201.36636908 -14.4986039146 0.435291513269 2000.0
-2829.0701155 9.44691832968 0.317133908246 2000.0
-431.121919598 -25.937035066 0.525561248943 1800.0
3658.89170547 3.20619481576 0.398759964456 2000.0
-3703.46613047 -9.3976173552 0.503662899069 1800.0
2418.38366992 2.31639675287 0.281233374777 2000.0
-5894.14060864 -2.81446317628 0.653409265863 1000.0
-126.64650846 13.7024532767 0.528827092547 2000.0
-5535.72735728 -15.1063563174 0.877955234827 4800.0
-1210.88448856 8.34224375383 0.31513252553 2000.0
1781.07786818 -7.54181716082 0.261804133413 2000.0
2500.42168167 13.4676126909 0.418447362431 2000.0
-1918.08002867 0.68228623904 0.162797191163 2000.0
4958.57044108 1.12427888108 0.567331027131 2400.0
-90.1068697428 -23.3109438716 0.590886937834 1800.0
-4511.86645018 -12.9007765408 0.629451251281 1800.0
-3816.69747173 -16.5348566126 0.503755532365 1600.0
3421.79253501 0.390373557362 0.318455009074 2000.0
-3948.46035323 15.4110426476 0.509002005149 1800.0
218.220838877 17.0503497534 0.62825906126 2000.0
1662.62357307 4.93755101578 0.292234781332 2000.0
-625.542329795 -4.59177224464 0.192372677124 2000.0
3530.95409159 -1.13338455235 0.384989946458 2000.0
11872.6031039 -8.43270770357 0.990095075509 4800.0
2736.1348866 12.333575129 0.463554241081 2200.0
-13902.5443011 4.98055503416 0.972140135789 600.0
5246.84194849 -4.83195655616 0.725263581411 4800.0
-633.410897163 9.3932058949 0.318679466867 2000.0
98.0065687923 6.75769453465 0.297429797558 2000.0
-11347.1542723 -2.66813357876 0.955255487286 3600.0
-5114.12939928 5.70109557499 0.571240934992 1600.0
7928.20098111 13.8269310498 0.971150768079 4600.0
2840.9397272 9.31632904734 0.461170863936 2200.0
-1991.46214938 -34.8375050513 0.753336030245 4400.0
-382.613228772 -2.97980542142 0.220142348785 2000.0
-1981.71920091 -22.4983275386 0.694726043057 2200.0
4277.04612029 -6.58047769551 0.445856044102 2200.0
848.900508184 -9.62274373617 0.286170597645 2000.0
7428.37820601 14.5123674804 0.892862905237 3200.0
1013.2594226 10.9805404173 0.432011323059 2000.0
-2753.86129422 -3.63332957457 0.257725204565 2000.0
466.640179975 19.1186907499 0.647631047896 2000.0
8022.92232475 2.12831089816 0.94620927001 4800.0
2038.35177534 -7.103891677 0.257945693272 2000.0
-295.293510932 8.96880593141 0.201066330381 2000.0
-4197.26884774 -24.3485838954 0.770725326085 2600.0
-225.46723873 -14.9783912876 0.462388527046 2000.0
-1943.4047909 -18.7692612102 0.65571908398 2400.0
-3367.99111202 44.210516824 0.850791498958 1800.0
-99.6195995582 3.51924876442 0.194663525776 2000.0
42.3386246993 -10.3637062955 0.364827078774 2000.0
5584.54361902 -2.97987001953 0.725452080589 2400.0
-3215.73972874 -18.2677245769 0.644202658547 2000.0
12657.8667104 12.810635996 0.997357102315 600.0
6362.35018413 12.4593317252 0.816865718325 2600.0
-3325.51569514 -13.8678603825 0.57922833839 1800.0
11802.7036088 -24.9684880626 0.991794678741 2200.0
1302.94171025 13.0923826804 0.592805832266 2000.0
1957.69414675 15.0995239396 0.621679139666 2000.0
4749.35709699 -0.384827752151 0.555477685072 2400.0
597.903262542 4.9255931245 0.208237046731 2000.0
-771.716162868 10.7370402987 0.348484479299 2000.0
-1594.93356143 6.09845671444 0.192932687357 2000.0
2293.34432939 6.7031096386 0.250387812999 2000.0
2066.42583356 -7.31577372516 0.251419343551 2000.0
1074.55345644 10.0494594538 0.424193732787 2000.0
94.9441554674 10.2899145074 0.405881468316 2000.0
-7323.8425557 -11.6456259993 0.811710212778 3200.0
-2721.08176913 3.6326548483 0.23500636445 1800.0
-523.15891914 -4.95810978634 0.228313674713 2000.0
-2146.48570755 11.0612002155 0.292572336578 2000.0
4801.6590771 -10.2555028756 0.591380318276 2000.0
5099.90162964 -0.628409110216 0.706886879222 2600.0
-3018.70718467 -1.47476620353 0.227911173094 2000.0
-4251.23003822 -20.059452886 0.662533795613 2000.0
8121.31671418 8.70845654237 0.96431057066 4800.0
-4312.5220342 -1.07395235455 0.515733051694 1600.0
-5276.12917094 -12.9854931719 0.645894543939 1800.0
-4879.81140338 1.78166453181 0.44213245112 2000.0
-153.300544197 -16.4930893594 0.496613468513 2000.0
-4409.48795086 -13.9051321748 0.541107238448 1800.0
953.916285407 -11.7732405726 0.378437056412 2000.0
2242.68558113 -7.69899690783 0.313223513589 2000.0
4589.407198 1.38714459293 0.510384647109 1800.0
3620.17347531 15.1452615495 0.650949693945 2200.0
5251.4368728 10.1814570511 0.711253600845 3000.0
-3537.87886429 -2.94044629606 0.39431524371 2000.0
1087.31780017 -33.5378234037 0.766649975382 4800.0
1121.04110789 -1.20053934423 0.166292672597 2000.0
-8960.91391643 -13.0061609179 0.870044328552 3200.0
-2362.20173886 8.73374599154 0.301012793109 2000.0
-4203.04444303 1.82369741745 0.371737089913 1800.0
-8.19284973072 12.790129799 0.443601832143 2000.0
3472.18887546 -19.61586368 0.643402930345 2000.0
2529.65104482 -8.87654836876 0.351695584581 2000.0
-547.367830811 -4.70086395259 0.209574013139 2000.0
-3835.99539038 24.9286693385 0.80282836655 1400.0
300.835267009 -1.96633321493 0.171093253281 2000.0
-4406.78122311 2.87406563916 0.522171590676 1200.0
-1188.81522314 -1.32335680756 0.169249646315 2000.0
7893.20321752 -18.4473175744 0.945852481551 4800.0
-3713.82154355 -16.6538505999 0.639024222321 2000.0
542.11570066 25.487541224 0.794707110054 2000.0
14498.436529 6.83785334823 0.999149428016 3400.0
6494.44259327 12.3324553929 0.826808320803 2800.0
69.4092638829 12.8134929658 0.366232266129 2000.0
-3233.64291917 -3.76977933207 0.346600004774 1800.0
-400.586010971 0.0532661452915 0.0778683628357 2000.0
2947.54563739 13.279296052 0.534653975579 2200.0
-2301.92763908 8.2139579332 0.335569634034 1800.0
1524.44530772 7.69540819555 0.25706188689 2000.0
-1892.36785107 6.60946684063 0.221737216215 2000.0
-6245.21478709 10.7672819665 0.841215711654 1200.0
-1576.10065854 -19.8827036919 0.595079312819 1800.0
-13970.9127531 -14.2344366702 0.990602227435 4000.0
-4388.40565975 7.46607910989 0.432806531125 2000.0
-2122.8009806 0.134106153754 0.202085612136 2000.0
3473.91822577 -6.94863311739 0.405575549319 2200.0
4476.49353961 -10.965314939 0.582230659265 2000.0
-6960.42354462 -5.86729655259 0.802288515956 800.0
2002.3059657 -11.9888443554 0.393787214337 2000.0
-2899.48924105 0.666768954407 0.271789126827 1800.0
6528.12495053 -0.559482691586 0.829385018027 4800.0
763.782093853 -17.0191436281 0.486324232045 1800.0
-998.873935519 -7.88886361013 0.315959656819 2000.0
-8105.06892493 -24.5583585352 0.789622038678 3200.0
-3549.35485575 -11.3249042142 0.509533933512 2000.0
21.1259735174 8.08249784344 0.363906765789 2000.0
-3789.17919748 14.8712138982 0.549935880434 2000.0
-1450.73442809 21.1141183655 0.608979209767 2000.0
-9849.09175563 21.4301034256 0.86428235053 1600.0
2845.70775506 -13.8920241833 0.458736338595 2000.0
-3919.46808108 -2.33356169479 0.394651535645 1800.0
3443.6858993 -7.7606957004 0.286214399086 2000.0
3422.6056448 13.1894169242 0.588364601426 2000.0
3486.77783251 13.3079261516 0.645069809516 2200.0
-1498.32112459 -11.94835359 0.478575153387 2000.0
6771.91060275 2.45592512482 0.909934605362 4800.0
-9463.31241218 3.41274768724 0.948144245325 1600.0
-8056.98575167 1.28468699389 0.840351890607 3200.0
-2372.91484802 -19.0075396417 0.516090610235 1800.0
-337.775762418 -13.5131239379 0.368498893293 2000.0
8896.95025262 -1.04863146784 0.88983552507 2800.0
5376.68956562 -11.9179006298 0.758299694935 4800.0
-2420.68866612 -1.15257039608 0.210243209586 2000.0
967.972242351 7.34807055815 0.347601219674 2000.0
-998.604575483 23.1914167445 0.67678938092 2000.0
5954.37146612 -17.0517195411 0.785555752524 4800.0
5929.60427066 15.7128519118 0.704680627045 2400.0
382.484352173 6.07013650276 0.284138928096 2000.0
-545.864682966 16.4880400242 0.498978659191 2000.0
579.078303205 -0.108589564542 0.135184244461 2000.0
6530.51713981 -3.2258899709 0.823457770505 4800.0
3011.92824957 -16.9768994067 0.526276456326 2000.0
-2604.57199982 -19.2459388106 0.538204760343 2000.0
-4211.70937542 -19.201473144 0.625187429537 1600.0
8058.47590018 33.7015466188 0.943086318424 3000.0
-6354.28060827 6.35810285099 0.825887358595 1400.0
-3756.18521569 -22.4100108485 0.744254920494 4200.0
4120.49807092 13.5324844978 0.628702668298 2200.0
-1118.94963115 7.58410290712 0.279688309558 2000.0
1173.67137014 -1.3033563998 0.192952171343 2000.0
-466.925379035 -39.1719970218 0.819558483563 4800.0
3640.94772321 14.4866064246 0.546198169201 2000.0
-8750.61881222 26.8443215739 0.94550361927 4800.0
-3054.82920279 -10.9066135837 0.362324909871 1800.0
5737.95659343 -25.790314895 0.784459376164 4200.0
-790.025914862 -11.183867979 0.341834276959 2000.0
-2728.22825543 25.6837526796 0.50848087299 2000.0
11729.7890444 18.2743496686 0.998202196855 600.0
-945.321873507 2.30619973626 0.112984456403 2000.0
-311.955737224 16.6118063146 0.559781325553 2000.0
8555.47040657 24.8283618581 0.914922117751 2400.0
-7325.40224717 -19.7314682723 0.839586673039 600.0
-2244.75977255 7.20876161694 0.213263693625 2000.0
-6679.77039372 -0.831229094847 0.758490982428 1800.0
-949.600137747 -8.41559049153 0.353551588815 2000.0
-2510.78742119 -6.1377776528 0.352541970894 2000.0
-4174.65966217 -4.0188892955 0.47478896935 1600.0
4426.36952774 5.00239812912 0.589668869045 2400.0
-4867.45413651 4.8052031515 0.471170819544 2200.0
-889.094693782 1.68389287911 0.171165125155 2000.0
2169.76755778 -6.32674452086 0.258177519049 2000.0
-6426.65458654 -5.05802290982 0.658696913697 2200.0
-636.106458498 0.805042105135 0.144178338673 2000.0
3277.20840215 7.43109418749 0.447951284024 2200.0
-5514.2743966 13.7260969724 0.729775465426 1600.0
-3268.2422105 22.7488393581 0.497942577479 1800.0
3603.07580921 -14.9204701196 0.422322273661 2000.0
4119.01110951 2.71695605014 0.542805117874 2200.0
84.8548736533 10.6698131803 0.451061501548 2000.0
-1335.62530113 -20.2632820624 0.578553167394 2000.0
-4196.69862654 8.67187077179 0.4534577012 1600.0
4143.77360289 -12.1874514508 0.641262075066 2200.0
-10343.959056 3.91338694648 0.897884727075 4800.0
-3759.20149469 -14.3236024778 0.607023390992 2000.0
1664.88103819 -4.52144983608 0.208013977763 2000.0
-828.907986975 5.59872834709 0.228782412172 2000.0
6961.63480415 -8.25593518877 0.867599515034 2400.0
-4984.15971147 25.3846726882 0.647468894824 1200.0
148.891366337 9.58239798846 0.390649463484 2000.0
725.498083159 13.0385569804 0.507131419019 2000.0
1960.5153753 6.73397064311 0.423641650433 2000.0
-1373.30454631 9.37088060136 0.322120680046 2000.0
-8445.9634969 -7.96635818424 0.824705122349 3200.0
-1274.78987931 -1.01229471563 0.185872390993 2000.0
3108.78700889 10.4395026576 0.627550434446 2200.0
-3741.60055745 8.03276300196 0.388092644138 2000.0
4748.98372367 -16.9798364742 0.697563425952 4800.0
3695.38757007 -2.11994315329 0.387275109641 2200.0
-8647.52103082 17.6913605929 0.923189278292 4200.0
6031.32550678 -10.2969362913 0.767162071106 4800.0
-5951.63685647 -3.47733904333 0.674287735268 1600.0
2093.58348093 -9.16925074912 0.325316696087 2000.0
-1065.92730156 -12.7945683685 0.490176173706 2000.0
-2335.50577972 5.18797467854 0.205660636811 2000.0
-6450.65704683 21.3832443164 0.74252967469 3000.0
-1272.3799582 0.604411998552 0.149393953186 2000.0
-288.816213018 -6.19032313026 0.268149445818 2000.0
4478.91682913 8.75089203337 0.555223913499 2400.0
-6712.07955227 10.7908216916 0.817424502967 4400.0
8084.16104637 24.2646034454 0.972663108798 600.0
-2481.23975486 7.79291054678 0.311070514457 1800.0
-2004.16041104 -5.91885020607 0.277307172069 2000.0
-848.09840648 6.07592540803 0.24327865154 2000.0
1357.50401735 13.8689193482 0.400799858237 2000.0
-2901.46140077 -11.209507785 0.515294080817 1800.0
-5114.23512717 -12.1834092106 0.671368464223 1800.0
-4636.94440486 -17.3055914701 0.728480213079 2400.0
-987.559088377 -3.03030910423 0.181820998113 2000.0
-6940.92569629 -2.47394223715 0.774377773042 3800.0
7581.99784908 14.6029046753 0.829480871697 2800.0
214.57502235 -14.0015971353 0.486738219731 2000.0
-1881.92071079 12.4675645634 0.411800640445 2000.0
4654.83982917 -27.6683506703 0.697509451148 1800.0
6553.13651468 3.0049658578 0.829692270182 4800.0
-4657.26164593 24.1543179819 0.784064910451 1400.0
-1870.3007135 -6.59696666608 0.348536560947 2000.0
-355.687766413 -5.30286572646 0.265059339259 2000.0
-1247.95036477 -36.0455068531 0.776027828594 4800.0
-9973.35770715 -20.7767576797 0.969847837542 600.0
5289.52600802 9.09874312237 0.737028136626 3000.0
4387.86208381 -9.05167770728 0.547755354947 2200.0
-818.539354687 2.81618154879 0.191924101441 2000.0
11399.3986327 12.9050722612 0.974027922183 4400.0
818.248565505 22.0587285807 0.805961060767 2600.0
-1300.27188468 23.2343467824 0.476970775215 2000.0
1042.38824893 -0.553063682507 0.179988913251 2000.0
2600.40906322 -11.9922797654 0.422210619622 2200.0
1291.22283664 8.5954698624 0.424474211337 2000.0
-6131.41789034 -16.1724463546 0.887918472013 4800.0
1011.78142197 -22.6497147275 0.629697715755 2000.0
2443.21355461 9.23193551155 0.434889964984 2000.0
-201.235016501 7.36221870336 0.2897729128 2000.0
4750.69545592 2.36953168325 0.567081018201 2400.0
6941.46757888 -17.2635441075 0.814013197335 4800.0
-4131.50728437 -4.64515730095 0.443030678074 1800.0
-5746.92853622 20.7963031326 0.742490956308 2200.0
-5006.50755972 -4.74389911819 0.603797322224 2200.0
2898.81938167 0.301748587304 0.25022852587 2000.0
-909.410863373 3.93285844771 0.218933420431 2000.0
4819.30873692 43.2634854983 0.953783147654 2000.0
-672.618841883 19.9802259301 0.599681868563 2000.0
-2771.16736903 -3.12292630508 0.315968985983 1800.0
9806.36467148 24.9994574372 0.986403546216 600.0
-62.2744337955 -7.15772377591 0.24694175932 2000.0
-3090.37134368 -3.76253214765 0.33685287525 1800.0
-2504.19394904 22.8773743884 0.617114519487 2200.0
810.58349197 8.76700232987 0.313102258823 2000.0
5590.44360548 -14.2886696282 0.578157803437 1800.0
5876.49940523 22.3828179105 0.926966880794 4600.0
-749.674855089 -16.6406210003 0.56706366494 2000.0
-116.363625163 7.60934359659 0.251437500575 2000.0
-6156.70165549 7.21545745474 0.717434867165 1400.0
134.226140387 -4.08437708801 0.200944041526 2000.0
-453.50410788 -12.3393928591 0.428978662351 2000.0
-3028.46569432 -13.5882020639 0.41074386638 1800.0
2890.60080415 14.2373078344 0.575513740045 2000.0
-146.650112464 2.26677138162 0.141676480738 2000.0
-4216.42847466 -4.84595685101 0.431584378433 1600.0
-205.363618869 21.5831598614 0.629645247381 2000.0
-3807.83266807 -5.92638349088 0.494941027818 1600.0
3038.91406185 3.79400167913 0.272442666744 2000.0
-2542.32883365 -4.99831684753 0.310798824197 2000.0
-6692.35465144 -6.10599208935 0.729561255008 4800.0
6608.85692522 5.48370644177 0.780872356692 2000.0
3100.37946039 -9.97679126257 0.33990686673 2000.0
1337.82170493 -45.5337615662 0.84087348955 4800.0
-1336.79574634 -6.89554340349 0.321150609287 2000.0
4647.38818225 29.0435106679 0.801084442481 2000.0
6949.41123987 -4.66213728593 0.819295599759 4400.0
-9697.78890186 -15.7870996887 0.96343286964 600.0
8461.40265522 -38.3865570409 0.886146089452 4800.0
-4706.76240626 42.1167221113 0.923716804972 1200.0
1534.68551481 -1.96362656362 0.188202004206 2000.0
2614.35954689 -12.9187376651 0.338554506789 2000.0
-3078.3581786 13.7727609654 0.488198418013 2000.0
2056.71966645 -9.35505797415 0.339412697248 2000.0
7284.21785324 2.80984840848 0.837194158424 3600.0
-1646.81653789 -5.15902920132 0.293948969227 2000.0
-1780.44502356 -4.58091709887 0.271346095621 2000.0
-4129.10140367 22.3189418297 0.68592896607 2600.0
-7044.44126872 -12.3970915346 0.895776111416 4800.0
-8661.75756476 -18.2162837211 0.955492584377 4400.0
12361.8946385 -3.88409902156 0.990844722859 4800.0
-10488.062613 19.0204255594 0.953910993333 4800.0
-1034.43917185 -15.2261199968 0.348468223077 1800.0
-342.640719519 -14.250233098 0.473164115617 2000.0
4553.35844597 7.32637605065 0.463936357345 2200.0
295.571942097 5.77172735914 0.28806125953 2000.0
-809.012849775 8.1638415745 0.256549922701 2000.0
3925.58144715 28.9299058944 0.884258328948 4400.0
3127.41288156 34.5704275036 0.722295024315 2000.0
1358.00811757 18.9306367394 0.377291886932 2000.0
-3978.1656129 -5.97492836173 0.411000453215 1800.0
-4163.64050799 1.85445831517 0.383614998548 1600.0
-3828.82680353 -2.71005031763 0.341675806889 1800.0
8226.53656883 53.2089054142 0.884767555134 1800.0
2381.66875465 0.0888980099776 0.210118462405 2000.0
2706.49510605 -21.7714632711 0.668308156274 2200.0
2021.65572748 -4.81038971941 0.182994688955 2000.0
976.025447273 -0.454645292955 0.182829190492 2000.0
-3014.77404983 10.8433980994 0.360658403189 2000.0
723.541038768 1.44297426581 0.121855008639 2000.0
961.1309641 19.8069495678 0.751096805941 2600.0
-6872.49184445 -3.4406124786 0.787246592915 4600.0
776.828419951 -18.0051885298 0.55704979929 2000.0
-3674.10648686 -19.6654479403 0.642471978391 1800.0
-2576.79264368 2.12370492012 0.240978737915 1800.0
6206.40914587 17.0157528655 0.938400728943 4600.0
5205.71698025 5.18608511826 0.673732417314 2000.0
-3652.88598651 -11.7855213938 0.5413545662 2000.0
1982.29581389 5.27884424287 0.344426923463 2000.0
-791.702630205 -8.05700274235 0.334397099858 2000.0
-4865.6252314 -15.53531377 0.740175856976 2400.0
2829.05012966 -0.124605229912 0.286854466428 2000.0
2903.97891319 2.6988574585 0.322729936015 2200.0
2854.01801077 45.9109203272 0.841743197544 1800.0
-2583.17900908 4.5264399472 0.239192887919 1800.0
-2248.10995937 -16.2513079312 0.587067779547 2000.0
4600.11604146 6.05818773043 0.579343106445 2400.0
1917.86367698 17.7933957683 0.649908295834 2000.0
-2552.4063614 -5.18019851491 0.281929557151 2000.0
1212.46246456 11.9278696859 0.418539125574 2000.0
-2414.40576064 8.19325700082 0.310466487746 2200.0
3918.80537231 26.0628291378 0.819584923565 2000.0
-771.886913634 27.2845788326 0.789881492425 2000.0
1859.08075488 -6.06146421936 0.235781824086 2000.0
617.732326349 7.90013380703 0.314162609695 2000.0
-4130.90589556 10.5389501776 0.526396633067 1400.0
5608.36741208 -5.8743569517 0.724125411603 2400.0
-2833.73667335 19.5693678022 0.505118495518 2000.0
2871.26429894 -10.2876185793 0.381983919948 2200.0
5503.34424422 -20.422673075 0.764157979164 4800.0
-2082.71106125 -28.4246136413 0.779151693545 3400.0
2141.7978427 2.34425071118 0.269092494199 2000.0
-3101.9429122 -16.5576501707 0.604867548042 2200.0
1625.28582035 6.22143717877 0.297833028037 2000.0
4978.88184866 -8.10077729578 0.570636386464 2200.0
3312.42869655 35.8347065451 0.88932208575 2800.0
4426.82575894 12.4861985369 0.588845238224 2600.0
5616.81506136 -4.93182042119 0.547695875084 1800.0
5331.82398519 -7.26978691577 0.529716318141 2000.0
3093.81617016 -12.9879184277 0.535643856737 2200.0
1163.97866536 7.22845998634 0.325246391451 2000.0
6166.94830287 -3.93487849072 0.732839881914 4200.0
-308.135497675 -12.8020141221 0.410293707539 1800.0
10330.5342984 -7.38124288634 0.926139053236 2600.0
1209.88831128 -28.157069632 0.693430842709 1800.0
3654.59247201 20.0442040655 0.793932367139 2000.0
-1751.67142147 0.882194673366 0.187237389177 2000.0
7756.38333608 -1.68954389489 0.87483212663 4600.0
2076.30611275 -30.6784787709 0.753762716207 4800.0
4214.08872904 -6.02767013766 0.278371533412 2000.0
-3485.83354144 5.96286193351 0.338158654921 1800.0
2541.67392004 19.8538414875 0.582400897347 2000.0
-2366.96125676 -13.472417371 0.563902210509 2200.0
-880.71688087 -19.3213924169 0.624813475483 2000.0
-5610.33173022 -5.5678540715 0.73892250611 1800.0
-831.094429061 22.6310703868 0.703238198183 2000.0
-7194.45872046 -20.4272894229 0.847673799527 3400.0
-6335.46375202 20.0269448693 0.837349576771 1600.0
2142.13351376 -3.10408630768 0.184011344716 2000.0
4780.2728537 -6.84162050758 0.625762818443 2200.0
5851.78762947 -3.2780215524 0.727598075813 4800.0
4046.47580703 19.8534419235 0.768198532311 2000.0
9963.23556309 -6.14359169338 0.94553617628 4800.0
5309.1492367 7.28892019498 0.650844664102 2400.0
-6795.91790339 -1.92976008992 0.774731575573 600.0
2231.40051503 21.5198682667 0.632225488144 2000.0
-3962.44015382 -5.36355623443 0.454680024186 2000.0
539.176817552 -9.10770827224 0.345866607625 2000.0
-7893.48076049 7.7328969282 0.872444022684 3600.0
-5526.98684434 10.4028383231 0.716850402528 1600.0
-6105.32428489 -14.1248830781 0.879235631449 4600.0
13173.7543466 1.7501341255 0.998059177748 4200.0
438.891753546 -34.5388164769 0.733227581054 4800.0
2631.87400123 27.0466719588 0.872050834004 1800.0
5678.56314028 0.393944689424 0.730188387463 4800.0
-1939.04089345 -5.28802750368 0.286715132994 2000.0
-6623.33727169 24.8215778948 0.939505437865 600.0
-7147.31207468 2.27525334921 0.816893878491 3200.0
267.043588044 5.03917905746 0.258119868886 2000.0
5333.28608558 25.408596703 0.877729704981 1800.0
1098.94341809 -8.21378840499 0.298934535198 2000.0
-3500.24539059 12.4810109721 0.410481010851 1800.0
-4177.27298015 3.86153826541 0.418059921328 1600.0
3534.16480268 5.69414565295 0.431083402746 2200.0
-1195.92562731 2.62802479932 0.157269589491 2000.0
-2389.95267271 -3.12954135508 0.326855893043 1800.0
1101.83872725 10.1025708278 0.398148198342 2000.0
-5998.39929977 10.399017519 0.614372827571 2600.0
