270.296494831 -10.7162021756 0.595547627556 4800.0
4998.34715022 12.9730807176 0.90909260871 4600.0
6010.17622895 6.17521262927 1.22115830411 4800.0
6229.80911882 1.74529599788 0.846731657857 4800.0
-1777.78190361 -8.8476235646 0.553085888476 4800.0
-5948.90625528 -32.4961121945 1.5544572306 4800.0
-870.736015566 -7.51539435998 0.561494180095 4600.0
3668.6141645 -6.49813764453 0.478583799153 2400.0
-3645.74708966 6.55723922688 0.632568710319 3800.0
8695.49246879 5.18838719478 1.27555996109 4000.0
-513.707206517 -0.853452694349 0.401765001022 2200.0
9933.4490756 -8.76128147546 1.00336076315 4800.0
13658.4280236 -27.5492384507 1.3293799399 4800.0
-1875.99153653 12.5793042235 0.513641360346 2400.0
637.343095484 21.0070128861 0.706965688835 3000.0
323.354328289 -5.55695608747 0.494817822878 2600.0
-1599.69778866 1.0795014486 0.419644317504 2400.0
5389.46890563 2.36525826564 0.745964069852 3400.0
8524.90707373 -6.03804789071 0.923285475862 4800.0
4008.64616984 -18.0803140195 0.671920218007 4600.0
-5665.56231436 -2.81173167607 0.687588579597 4400.0
5008.47892761 8.97298009452 0.596301631071 2400.0
4526.78997468 24.579958363 1.09137532731 4600.0
-5142.15817091 -1.78181042229 0.60393673557 4400.0
-1792.96615964 3.80836036451 0.433886036493 2400.0
-1133.96061068 8.64003972013 0.44925240759 2200.0
4519.18295274 -7.19086956875 0.633151848908 2400.0
4196.01674762 -9.99209498336 0.567113113344 2600.0
-3905.31135762 -5.60732745496 0.686618715048 4000.0
2669.03465433 -12.1055089034 0.575498551037 3000.0
-4313.46924566 4.68949621653 0.601532435718 3400.0
7147.96262994 26.8469933981 0.847319504834 3200.0
575.295747506 3.6369527666 0.346324418685 2200.0
4805.5710093 9.07137964137 0.719816558106 4600.0
-2314.45575345 -4.7133872965 0.602376998825 3400.0
-6832.79113836 -4.8425336281 1.00662236567 4800.0
-9414.90070929 -12.8335037129 1.13746651143 4800.0
-2075.81494485 -8.89474029327 0.576496350515 3800.0
4048.20300213 -30.8566680195 1.12015349722 4200.0
5737.43909163 -6.80584773315 0.681084572233 3800.0
-12275.8042128 -5.43069784501 1.07736931685 4600.0
-3757.0852445 -1.67220572211 0.648073068252 4800.0
-4589.37852615 -12.781761289 0.958883384212 4800.0
9659.85897888 7.64280305077 1.02405498456 4600.0
2781.08103739 0.0692307207762 0.387691236928 2200.0
5488.14997448 6.4984776362 0.767837781963 4000.0
2778.30534891 11.6878392622 0.629692369634 3000.0
4066.62219172 14.4251395716 0.842706438085 4600.0
5143.6700463 29.3535554164 0.894816140933 3200.0
-581.293979641 -9.80456747983 0.573474383465 4400.0
-8635.32171365 -12.4396827146 1.11872297856 4800.0
4036.43230929 -29.1566952897 0.817772024988 4200.0
6652.97323767 25.6164156027 1.03672106244 4800.0
-1652.33675455 -14.2519537017 0.694104999082 4800.0
-3350.54353781 40.0067217281 1.04577258078 4800.0
861.301119917 17.9595295685 0.590808333143 2800.0
-7756.10401516 -28.7671576703 1.81509574935 4800.0
2684.49288983 11.6038006711 0.636220720771 3000.0
4721.26941492 16.3420315558 0.933991164253 4800.0
2771.72848136 9.29501933346 0.63169046316 2800.0
3441.32811194 8.33275304816 0.642429137212 3800.0
732.50417572 3.6086709668 0.360412567286 2200.0
-1877.03681069 -1.6994971099 0.461860518244 2400.0
-1385.10767489 -5.67609308979 0.556084785144 3200.0
839.905234624 -4.07863844007 0.437254051833 2200.0
934.981050268 21.6381336462 0.764631997618 3200.0
3326.31586278 11.8409003204 0.526340901559 2400.0
-3153.53302066 -8.12875293087 0.642092581499 3600.0
5791.82968489 -1.7299957246 0.712350638494 4800.0
-10481.0197032 -19.8525852553 1.24522749334 4800.0
-2167.54946631 5.93810557114 0.383992175124 2200.0
-3596.75849141 10.9550815384 0.595025585099 3000.0
4738.20258448 3.10575165023 0.62379897589 3000.0
1691.73270467 -0.772275487208 0.339083301171 2200.0
-3072.51121911 2.34945230313 0.39328035311 2200.0
-1609.17316054 10.7427849238 0.499731512388 2400.0
-2140.4527919 69.0265016891 1.49075820141 4800.0
7068.2375927 2.91321309377 1.01970167978 4400.0
-805.397589823 -7.98714784247 0.566310870778 4600.0
7276.74437127 15.6121634715 1.02279984827 4800.0
4126.10868206 0.168287920373 0.621460086642 2200.0
1302.16459104 -19.583781254 0.616554253725 4600.0
-5645.31909209 -13.4108054546 0.880226831167 4600.0
8643.59938367 -2.25431442301 0.970920017702 4800.0
-567.969199751 -0.783038878437 0.401789214182 2400.0
-2030.20833522 -7.84281196307 0.544164270485 3800.0
-2891.09508703 10.1495387833 0.525838453173 2800.0
934.459359837 -34.2676633349 1.06470730143 4800.0
-3693.99030867 9.65107147843 0.612583347791 3200.0
4089.69286345 17.7178524275 0.959574260134 4800.0
7346.1935559 6.93255574333 0.958519472211 4800.0
-6986.97665137 20.3223457887 1.20275524378 4800.0
-1761.73131112 -8.35010024557 0.580645836746 4800.0
231.437529592 5.61337020695 0.401843198179 2200.0
1313.11758342 17.7942514624 0.603156008946 2600.0
275.404545827 23.8217428234 0.826537991948 4000.0
-1569.53198383 1.08458041846 0.428777653056 2400.0
-752.07580198 -4.84750789445 0.517709100486 2800.0
45.3032857414 17.4978898234 0.705787164072 3200.0
1773.17203602 17.2248871894 0.557069685098 2400.0
825.502163362 11.6414479994 0.575657200397 2600.0
1806.24518361 7.8867714464 0.472758925567 2200.0
3080.75325551 -11.3868428482 0.611209709366 4800.0
244.598754845 14.9637722656 0.624159609874 2600.0
5441.30318644 36.0901864234 1.35351866633 4800.0
-1844.62611185 -3.91500424029 0.511485893235 3200.0
-4658.1845755 10.7999399433 0.763239220039 4000.0
-3403.04113496 -17.3187063564 0.816916029727 4400.0
7606.69688309 2.97552520366 1.06509050445 3800.0
-79.0118475474 12.7850769975 0.505576378775 2400.0
-3472.76962733 -20.7322554573 0.957987289633 4800.0
3702.57923715 0.309259104951 0.439049688303 2400.0
-2888.18999675 -4.08053196321 0.593563105252 4000.0
260.120016176 -8.75139126032 0.557322818017 4600.0
356.594812361 -9.65049945613 0.569998614836 4800.0
-988.35172938 -36.8917140223 0.909135461223 3800.0
3162.32370991 -11.8187740956 0.59181921147 2800.0
-139.332304003 13.0017067949 0.497358934132 2400.0
3815.18617643 -18.8397128611 0.697166073403 4600.0
-563.797466804 -45.5444499371 0.954416424401 4800.0
4956.31677854 22.9085133685 0.977263668387 4200.0
-3689.46319771 11.8270653719 0.629577435023 3600.0
4949.97820833 -11.1552155989 0.676079327712 3200.0
-2673.21959777 1.64207204154 0.475224504227 2400.0
-964.679849015 -3.08269722706 0.475264135212 2400.0
5696.95624009 8.14338256132 1.01800736151 4000.0
-2769.55931921 31.6878657219 0.816718355535 3800.0
-2484.59229079 3.27610999677 0.409426290391 2400.0
-7672.31351234 -8.33494808454 1.74185805352 4800.0
-7973.92052711 -9.24392131914 1.13802473905 4800.0
2924.90338801 -9.70493005951 0.511821062423 2200.0
6105.9387774 13.2612150408 0.980483718521 4800.0
-2818.28199014 1.02626453526 0.500943806122 2600.0
2059.34192404 4.97868938359 0.39092912845 2200.0
163.393776558 -6.75973640428 0.515235933275 2200.0
-5334.37160464 1.24632641889 0.894616099751 4800.0
-3406.06949925 22.5800043576 0.755330999731 3200.0
-3447.11436418 13.2075044607 0.657992506908 3400.0
7.80665760295 2.20611012183 0.364528319801 2200.0
12537.9856304 -9.48801197715 1.2133480941 4800.0
-7606.11080344 -14.5885712263 1.12180078368 4800.0
-929.831574516 19.6216256993 0.552052882032 2400.0
8675.09073574 -24.9579175926 1.02553339817 4600.0
-5700.1353786 -6.54470895032 1.00744677087 4800.0
-784.023250057 4.18750558354 0.358611380605 2200.0
-38.5491943299 8.0489885803 0.453007864266 2400.0
942.720316358 -23.4763689361 0.730307462271 4800.0
4292.31953597 15.6050614136 0.670020494802 2800.0
-11470.2338541 -0.664761236747 1.0492915214 4800.0
-5635.17660719 13.1809278467 0.919369278929 4800.0
-965.336737521 2.20946428034 0.381172893759 2200.0
4184.40035155 14.0762284426 0.752866174756 3600.0
6584.71733373 -0.806354477876 0.883637670952 3200.0
-2753.41151344 28.2853794147 0.906774034005 3600.0
-961.855875477 -10.0796618648 0.578819741824 4800.0
4829.41261442 -7.47604503989 0.602992069861 2400.0
6447.07780559 16.4745940106 1.08782829174 4800.0
11779.3160877 0.258488888545 1.03827605863 4800.0
-3104.34871265 -31.467044333 0.875354918442 4800.0
-941.374130588 0.217462306894 0.400087209031 2400.0
389.24800817 -13.925298434 0.590212108756 4600.0
-843.710060127 1.57211148176 0.386315200126 2200.0
-4727.19591677 1.78304248065 0.764142731272 3800.0
-143.615569047 -4.85605091106 0.470037164619 2400.0
-4040.57304208 0.500114457263 0.558109757994 3400.0
-7758.90164126 2.53583404237 0.768246820079 4200.0
-4338.44751554 9.14642977211 0.941608219799 3400.0
-8071.06432494 -4.41475947784 1.45517319484 4800.0
-1943.40861034 7.16414747609 0.417702357309 2400.0
-11558.53473 -12.5125765756 1.14315261541 4600.0
-134.181981763 -14.9100668526 0.607505173737 4800.0
3759.39036936 34.7479326905 1.0019915545 3200.0
-523.325347336 -17.3982100192 0.643987490987 4800.0
-697.7449669 -6.48073057503 0.52520013993 3400.0
-3970.49470107 2.03999885527 0.536226251599 3400.0
1948.15603075 -1.35771876949 0.358564598387 2200.0
2714.17516185 -0.741107143623 0.397740265284 2200.0
10885.969996 -26.6854128103 1.08494894425 4800.0
-4250.85266553 -0.67460412854 0.754206372251 4200.0
-5288.30583671 -4.66297696216 0.619520599424 3200.0
-9689.42358804 24.6482781992 1.21860369453 4800.0
-4521.91200178 7.21157842719 0.768175756439 4800.0
16080.5051748 20.0035212794 1.07925335221 3400.0
5044.99966165 7.29129325201 0.567610753533 2600.0
-6527.69764118 10.2349826065 0.842769895586 4800.0
-3134.04937265 13.8767895141 0.554029448588 2600.0
10691.0806528 12.3840237216 1.57040892296 4800.0
2763.62697791 11.249280122 0.619518256807 2800.0
4327.98841069 13.5807704004 0.661100424714 2800.0
-82.2714289163 -11.7861780801 0.58394763274 4800.0
8578.18133235 -6.65315517867 1.0041546041 4800.0
5088.44598971 9.11487423889 0.850048763822 4200.0
-4022.53939002 9.05606277188 0.63139570158 2800.0
2614.93149555 6.89459097868 0.509456796406 2600.0
-5301.11088046 5.37010130317 0.843233341099 4800.0
-3151.84745196 -7.88207200335 0.643998773709 4200.0
-320.724110242 16.7047870766 0.647087220701 2400.0
1109.79798757 51.20297557 1.02655307234 4800.0
1224.55630548 -11.9560734178 0.498011310785 2200.0
7885.77014689 -11.3416103136 0.916740387066 4800.0
-1728.54890257 -20.5405502742 0.790753990906 4800.0
-213.005058832 0.335228248418 0.380386539164 2400.0
5051.26915055 -16.7014974744 0.717408885252 4600.0
5376.80077813 -9.75764188038 0.792301217185 4800.0
-2057.2409039 -10.9805436443 0.612203655275 3800.0
1386.26571885 -10.4962651189 0.494809047734 2200.0
3053.22856266 7.82748913336 0.607437847762 3600.0
2215.95341779 6.58704290839 0.441485087411 2200.0
1476.04140832 -5.15304267442 0.451359350947 2200.0
6747.99647754 27.1577756444 0.956492281931 4600.0
-620.362689392 7.48151380922 0.423375441925 2200.0
1739.3797767 11.3064815738 0.478197330518 2400.0
5428.36175104 19.6165655492 0.950951965656 4800.0
-1269.12432815 22.1520415484 0.770008339043 3200.0
-1494.35555391 14.5554430954 0.564178983243 2800.0
-5456.59275296 10.3547310909 0.983379558156 4200.0
78.3153293319 7.71270964967 0.364482287855 2200.0
41.9280411041 -7.95442581292 0.448173456382 2200.0
192.122025682 8.8826365136 0.478232320267 2200.0
-1195.38750948 -14.1782100369 0.638046680379 4800.0
