-5273.10546866 -5.91302641742 0.745353084165 1400.0
-6928.7236876 -3.51874063218 0.784262523814 4200.0
-3831.04330231 8.37582872142 0.416901616308 1600.0
-12126.9800693 -2.25472714703 1.05445049278 4800.0
-9456.47796549 0.696209148344 0.95103338943 4800.0
2003.12701385 6.46013120773 0.463184358438 2000.0
-5732.61410127 24.3583499562 0.91409784812 4800.0
-4874.39268178 -5.27700430283 0.591177397655 2200.0
-1962.91978876 2.92722047428 0.313175663018 1800.0
-7617.60630502 27.7945700032 0.936752116368 4800.0
1721.87693961 -17.8295422587 0.548938015232 2000.0
-471.413446626 -6.70188656919 0.357180833252 2000.0
-1124.75022866 4.81498297682 0.313055811803 1800.0
7452.81353255 -25.143535365 0.92000799703 4800.0
-1906.48214764 8.63469295991 0.362867979459 2000.0
2534.02812182 -2.78654421504 0.396177729837 2000.0
275.125218475 -12.3862984694 0.40693436724 1800.0
6591.83034764 18.3760038391 0.936914049912 4800.0
-1562.08974849 -22.9568803379 0.66583476181 2000.0
6153.80600669 -4.5459884002 0.792260679439 2800.0
2076.18551625 -11.6647993619 0.388343250423 1800.0
-2946.48612744 3.81845984297 0.305523733609 1800.0
-4156.79478576 29.4699746487 0.691491094279 1800.0
-978.000216668 11.2761923545 0.364685408436 2000.0
3872.71966365 0.900323293306 0.485410401547 2000.0
-2115.53800702 -6.98099817054 0.325246151739 1800.0
-6989.769627 22.4993426943 0.910983529237 4800.0
6421.69090299 10.0460417227 0.920618529337 4800.0
-895.776552663 22.2492331502 0.531302093783 2000.0
-1419.58004897 2.70784043867 0.275715432963 1800.0
-2329.26105578 -27.5713137868 0.735625264661 2800.0
5743.89622096 33.8276374631 0.950179181605 3000.0
-5695.55438344 -0.0969749270661 0.650397911322 2000.0
-2386.45894168 -1.78201232173 0.286754907425 1800.0
-2836.56614333 12.1982372817 0.418071699881 2000.0
-1115.68410809 -11.6900735323 0.43089128675 1800.0
2084.85309508 21.1889682239 0.702139863804 2000.0
-5084.46293615 14.4746068296 0.660977487904 1600.0
4031.21509348 -22.3121243224 0.714499678626 2200.0
10867.3917166 2.93450743159 0.988531520022 4800.0
3512.41461853 35.4679894868 0.688441615128 2200.0
605.220692938 -8.15032782445 0.35460922496 1800.0
1546.05654732 20.6107156081 0.51170859985 1800.0
5237.82151128 -4.04616544167 0.738833940635 2000.0
3986.55198308 -7.06026053821 0.49157017299 2000.0
2470.95567858 18.8545915854 0.785717662167 2200.0
16766.0851606 1.88687277514 1.29609978562 4800.0
-5449.37931449 29.7079553759 0.899359116154 2200.0
-3281.83268331 -7.91718610783 0.422521105861 1800.0
-6035.82147018 20.8636538768 0.78114292728 2200.0
3819.18406728 13.4380467944 0.698732071094 2000.0
6361.56609766 13.3945306215 0.809293046483 2400.0
296.071989255 5.94852446963 0.378108095146 1800.0
1884.84737828 -13.9832243297 0.446051137712 1800.0
3215.95899931 -8.38903151134 0.492510643901 1800.0
2720.44817018 -8.11884369229 0.403865779814 1800.0
-2417.55592425 12.1210069171 0.352645627819 1800.0
4351.1496758 -9.61027357357 0.630586315279 2200.0
4947.47647149 1.02914001321 0.656093307338 2400.0
4227.76345753 -8.04307320188 0.402427743597 1800.0
6089.31954608 3.99683024487 0.746596318533 2000.0
12269.5296128 8.50109217503 1.00113101434 4800.0
1750.40042889 -24.2320558717 0.548003040668 1800.0
-12832.8080744 -17.2364434473 0.991450233495 3600.0
-4825.55196041 -29.5005055771 0.898721046271 3800.0
1052.81800191 8.33269328884 0.421121598174 1800.0
-861.347943183 -2.09802036679 0.305508419238 1800.0
-4096.82104704 8.24418567121 0.385363753961 1800.0
4893.80488281 14.8762426645 0.712983531731 2400.0
2176.90303441 0.0642661112682 0.375342647633 2000.0
-8124.86226973 -2.59219395206 0.840122133443 3400.0
-1368.70815322 20.9210177151 0.664412414965 2000.0
2743.55875484 17.7522288437 0.669430178325 2000.0
296.788997468 -11.9695062827 0.418675294593 1800.0
-7520.65627324 -6.32554385533 0.898787789957 4000.0
498.243504824 -6.73832860458 0.334941981642 1800.0
8074.02273466 -13.5358606104 0.867181428528 4200.0
5171.67676007 16.7706071865 0.923229740095 2800.0
-6248.01480044 2.01229492103 0.814108250322 3200.0
-2416.73766994 18.1083016132 0.578690615782 1800.0
-3823.68431278 -4.81213968736 0.384248346252 1800.0
4037.07811208 0.187776106762 0.513507731017 2000.0
2342.77262324 2.87568167156 0.392873600923 2000.0
-4068.66833635 -7.16746656552 0.444743038015 1600.0
2771.6317553 21.8798328841 0.663167269011 2000.0
1738.61137375 -6.7292836776 0.337961244933 1800.0
-1225.80305923 7.74503098929 0.334841291755 1800.0
94.3968605786 -4.51746153728 0.310200775253 1800.0
6402.98319007 28.8659867399 1.00247629296 4800.0
-3735.2609051 -16.9632433527 0.646880800181 2200.0
-2460.69887947 1.55878837496 0.275143915251 1800.0
720.128268985 -11.9657710584 0.388149284055 1800.0
2457.82925052 2.17368155612 0.406245455769 2000.0
-1468.58508632 -12.6360440907 0.441866929729 2000.0
-938.853255378 3.88615084175 0.332574424428 1800.0
-8943.66452371 -8.3481003387 1.20476076823 4800.0
-299.959698961 10.8236121545 0.462354960814 1800.0
275.653515908 5.54941508722 0.364864960846 1800.0
-5081.12449272 -15.3945136925 0.891539897448 3400.0
3143.8808443 2.48240385676 0.386024379911 2000.0
-3727.94437823 -29.0260891609 0.770803919567 4000.0
12789.3003744 15.9695401062 0.997122696178 4800.0
-11270.4640254 33.443234287 0.979358532677 1600.0
-4326.97330126 4.16417589915 0.551958868083 1600.0
5336.58995302 13.8702739562 0.845057537278 3600.0
-3321.67785738 -31.2506696702 0.901198144128 4000.0
-525.313737624 -14.0792844699 0.351325290993 1800.0
995.219463928 -18.9918998606 0.580089640271 2000.0
-4063.23423785 8.28407149087 0.36624750305 1800.0
8329.3681291 -17.0132278202 0.892748475 4600.0
2327.04843218 -10.0272954961 0.331109765189 1800.0
802.693259018 5.40046314141 0.390389670053 1800.0
-2295.44103633 2.02439135716 0.27214073438 1800.0
2412.59315349 -26.5791434748 0.718564257493 2200.0
3309.38064608 11.8603849082 0.656098792205 2200.0
6439.49256464 0.740980333903 0.817637090511 1600.0
-6861.09119994 -8.92941308307 0.89719424672 4400.0
4218.42274795 0.295939183186 0.507965532375 2000.0
4338.12928754 -10.0352156582 0.424061254648 2000.0
1070.22687231 -10.6032210403 0.403178555976 1800.0
-907.018946398 -0.324996389591 0.30391990445 1800.0
1621.95400988 -20.4124150803 0.505989553057 1800.0
-6284.78830559 -33.0469473593 0.900156469137 3800.0
-1387.56566862 -24.4042397041 0.712693677935 2800.0
4518.02067207 26.2286826386 0.889597976287 3400.0
7168.22954577 9.18809907263 0.959393041572 2800.0
4816.62826064 -7.66922575907 0.639538212361 2400.0
-10384.4972218 -2.32561012935 0.890662701119 4600.0
2433.03167571 -16.689467523 0.420235013696 1800.0
8053.73398868 4.10548504087 0.937075794435 4800.0
3184.94845985 -0.115888688078 0.389922219136 1800.0
3620.61249761 -7.37470494489 0.378277413091 1800.0
-72.6706110811 -1.69073091327 0.294347381605 1800.0
3013.48222954 0.704304354957 0.365623807456 1800.0
-5281.75921097 -22.7029220149 0.800186240471 3400.0
-1237.35880149 17.3491959781 0.49911185791 2000.0
-4881.44809791 10.1928521383 0.573403279296 1800.0
-1189.72923243 5.81108981846 0.32450383841 1800.0
-2937.39547125 2.18216777375 0.31732099315 1800.0
-972.771950085 2.93907591674 0.316188106561 1800.0
5435.4304819 37.6641462213 0.862869564963 2200.0
-4972.5778134 17.08462714 0.749915942196 1800.0
-2525.85366368 -12.793359329 0.434311806831 1800.0
107.705648069 5.76844525746 0.392102286457 1800.0
3315.39202173 -24.4693736237 0.675230817563 2400.0
-2954.62515173 -36.2172063498 0.838218035216 4400.0
1038.03926261 14.6334792681 0.629591365342 2000.0
-2857.2880371 -7.23270408998 0.379191487701 1800.0
-698.323026864 -3.11995414172 0.287809813594 1800.0
4596.70712792 -22.7947802374 0.575924530802 2000.0
4235.69158466 11.5529007987 0.730408562952 2600.0
-2456.2964726 37.2152576524 0.675069025305 2000.0
-7319.75356812 1.38810863704 0.882379621654 3600.0
-4945.82600493 -9.71185063897 0.570426219493 1800.0
3644.9456248 -21.9220304355 0.641826417087 2000.0
11708.056946 26.5774142899 1.01429773056 4600.0
-4425.83209759 -11.4656424952 0.575748831424 2000.0
-1471.14961292 -7.650778804 0.371637817892 2000.0
-7366.51022681 1.09466814501 0.84612080401 3800.0
-4836.46756693 8.83885462933 0.532598794581 1800.0
-3839.15617769 9.1658138275 0.451338107302 1600.0
-5944.53396116 8.21125849935 0.861707002457 1800.0
-1501.46560113 -29.1419228071 0.742277178488 4600.0
2699.62897121 -7.88573665583 0.411923554096 1800.0
5432.66827525 7.75188861649 0.761494772654 2400.0
9234.68369844 -14.1701216367 0.970888463526 4800.0
2395.91236925 29.1803844923 0.578329250663 2000.0
-3619.5907074 -2.72592084534 0.373551663518 1800.0
-3368.90588925 10.9459373506 0.369859067528 1800.0
1607.63012099 -0.749056387345 0.338391161547 1800.0
-4344.3402738 7.27009616957 0.505268087276 1600.0
-3488.15364198 0.0742179588734 0.357139312231 1800.0
3574.77501262 -4.07046788437 0.384532639557 1800.0
2381.00580833 -0.0832942609121 0.348046741635 1800.0
225.137499203 1.534524072 0.320693829608 1800.0
-1440.70204819 25.0135777848 0.660097388062 2000.0
-849.255057793 -14.4351691349 0.454416700817 2000.0
-5720.28781403 -10.9221116581 0.880285644395 4200.0
418.359902945 -8.35538899415 0.356687309383 1800.0
-1173.0318389 -6.0972568416 0.335786684409 1800.0
6255.99187971 26.8158055366 0.957260833784 4600.0
-2292.26033934 2.25264436217 0.268755014588 1800.0
-7312.55888273 -3.465989461 0.937437643595 4600.0
4225.45016666 4.96952485319 0.574850070176 2000.0
-19.2312138164 -19.1139442962 0.594838753836 2000.0
4392.26336049 4.0526586403 0.541976952432 2200.0
934.31163287 -1.37875099462 0.306145389131 1800.0
-8727.45514841 -17.6623418065 0.965411541746 3800.0
164.897296873 -37.9560501723 0.809562490655 4800.0
-2016.35928063 5.1132591002 0.33156760944 1800.0
-1991.26825518 -12.6091497945 0.485265462269 2000.0
1658.39063438 2.39118992443 0.362649194005 1800.0
2286.80367002 -14.2462964977 0.445197553552 2000.0
6653.22573167 7.40802727742 0.841156910605 3800.0
-3190.76140112 14.7591170649 0.421760211811 2000.0
4368.71904294 -1.63827986614 0.495981164394 2200.0
-2083.6106485 -12.7395522197 0.549148750775 2000.0
6816.98738263 -9.75239132096 0.844605222326 2400.0
-4516.96026026 7.91011632597 0.416079072581 1800.0
-1320.09611643 -43.3483397504 0.834189167924 4600.0
3124.17566003 0.661380051026 0.392999651046 1800.0
672.297653637 3.35515266914 0.353079831258 1800.0
2246.86937501 11.5172412153 0.542571514697 2000.0
7705.37375944 21.3062646051 0.969173570431 4800.0
-432.634410449 3.38707719685 0.314982126248 1800.0
1808.89343188 -3.17517711245 0.340017102626 1800.0
550.275710301 -1.05864722232 0.299206666903 1800.0
1706.78396826 5.85124474904 0.436632319325 1800.0
-7019.72235978 -7.76943974052 1.0214842116 3800.0
3942.1277529 -29.5153238693 0.752122088521 4400.0
-749.006512114 4.19233501224 0.32924972808 1800.0
12648.4988791 3.76707210461 0.993262757183 4400.0
3248.3751959 -5.96491741006 0.486766485475 2000.0
-622.239944883 9.81132623614 0.425244263978 2000.0
9161.41909658 26.4100093615 0.994677581457 3200.0
-3987.31826909 13.971274382 0.504808202246 2000.0
-3348.99400329 -4.50464789995 0.38117181444 2000.0
-5381.77235327 -2.97794102489 0.582517493744 2000.0
5131.59458467 -8.54873131608 0.785268355791 2800.0
3218.1638192 -24.0800231453 0.56586671418 1800.0
4463.78552241 -3.54583572855 0.61475926468 2000.0
-898.510943207 -7.94975751172 0.329996315939 1800.0
6301.92614659 5.67766904941 0.874119745589 1800.0
-5537.78012319 -23.3904691126 0.841104236949 3400.0
-2169.01100965 10.8102505112 0.420637705085 2000.0
-59.1862448657 2.03246289019 0.312079872438 1800.0
-1943.20975033 -1.31339702751 0.280655341641 1800.0
2412.86060012 20.0401488966 0.739434209419 2400.0
-1450.25376578 -6.88742742716 0.36757053085 1800.0
3975.79979803 -16.8990058214 0.59151442309 2200.0
-1247.72675003 -7.84739927178 0.376098345602 1800.0
96.7483655497 18.4675216531 0.648456783991 2000.0
107.93418091 -18.5455376253 0.441401254716 1800.0
-2113.67009106 -4.22363527166 0.316282365234 1800.0
-2393.17648774 21.132302008 0.657530372669 2200.0
138.505795533 2.58213463607 0.337853321978 1800.0
-4308.47586722 38.1802643581 0.677557644446 2000.0
-945.239659406 5.36135778363 0.357608844635 1800.0
-8480.02387962 1.2860278017 0.918036857661 4800.0
1668.68405952 10.1596316691 0.484630852155 2000.0
-1169.48281925 -19.0777783157 0.49631365605 1800.0
-526.851871783 7.1892862633 0.390837457148 2000.0
-4274.540006 -12.2138133904 0.62620931498 1800.0
2276.61383057 -3.51359253331 0.333485420426 1800.0
5343.68163037 -0.405837343522 0.656015329374 2400.0
-2341.21731563 -9.07848821466 0.42784667178 1800.0
-6670.25469346 4.13289434988 0.682334305589 2000.0
1213.70405198 7.05211080529 0.416183963463 1800.0
-1696.90756644 7.78812580182 0.348374965008 1800.0
6458.40850193 11.0486106022 0.909539360245 4800.0
-2984.13036433 14.4128736896 0.462435614638 2000.0
10252.3537493 7.23906897839 1.08247675802 4800.0
-6070.59997063 29.5623072176 0.854711165089 2000.0
-8988.35065445 -16.8291318768 0.910791969683 4200.0
437.825472703 4.97563610187 0.348203064644 2000.0
-5390.93829003 10.0258997105 0.64720778357 1800.0
2108.19856001 1.39569832793 0.354190513989 1800.0
4740.91902305 -10.3474163593 0.484823711061 2000.0
4501.10210031 21.9431608986 0.803502174327 2400.0
624.87157618 16.0102064955 0.517853198309 2000.0
-2434.68770886 6.90474040113 0.326464283059 2000.0
-3104.58375066 -47.1711055158 0.89219472189 4400.0
-1632.48639767 -4.9014408882 0.319049396268 1800.0
-2918.81980281 0.235764066181 0.298963665911 1800.0
-7475.5841027 -18.6634804472 0.93894501952 4400.0
-2452.05987884 1.73936912335 0.286350456296 1800.0
-4382.11940367 7.14097549315 0.572417889154 1600.0
4297.41826583 -3.49980937614 0.468426919541 2000.0
3945.53926194 17.0484291232 0.760480733529 2200.0
-8895.49376416 7.98467638624 0.865470782669 3800.0
-2132.6697632 5.74290760905 0.345637340958 1800.0
-3628.95229681 18.9298967292 0.649712570033 2000.0
-3513.8208416 -6.74436378688 0.450653630673 1800.0
476.804495855 -14.6961601382 0.486801352726 2000.0
-1832.76466583 15.3931912866 0.56068192472 2000.0
6564.94803909 -35.5876891694 0.904747093698 4800.0
-3109.23827328 -1.698850448 0.30782248759 1800.0
9570.27632528 -0.57345324158 0.971570946245 4800.0
3788.41042807 -18.328045538 0.605895373046 2000.0
3865.7445726 -17.2801578319 0.626620406747 2200.0
-3475.22084007 -14.874990544 0.699493026341 1800.0
-5210.97349594 -17.554475533 0.845421229587 3200.0
-4507.36775407 -7.61573434038 0.561844746906 1400.0
2409.62788517 16.2978537647 0.638045156448 2000.0
1366.23637157 -14.3630138357 0.478087629167 2000.0
-915.39477669 -25.2066625583 0.70277763647 2800.0
-469.748564073 -20.0217416812 0.621583345241 2000.0
4634.80791173 25.1414171164 0.66817679041 2000.0
6016.22882432 24.6188782376 0.941311331811 4000.0
3502.615034 2.36303070226 0.495964490896 2000.0
568.228456543 -9.57862646855 0.348430560311 1800.0
-3130.56149594 0.503979802927 0.283890059661 1800.0
6764.15820749 -5.70045817094 0.842731052392 2600.0
-8499.16852524 17.5334254103 0.937937536283 4800.0
-1065.04033981 24.4386977269 0.681941598432 2000.0
-3772.96488834 -11.8127818942 0.545491388339 2000.0
-9795.16649602 -0.467949518799 0.89059063524 4800.0
10493.7503818 -16.9464645658 1.01784692522 4200.0
-41.4931098423 9.94197104576 0.467359093215 2000.0
-5007.18259986 24.6164280947 0.815339298316 2000.0
-2830.03175903 8.90679977086 0.350645840613 1800.0
-5043.89201566 -3.09097521377 0.603432959695 1800.0
1105.03510371 0.842753047192 0.323711687712 1800.0
1625.18064675 0.396454335205 0.339263938173 1800.0
-4819.938217 10.0198585662 0.510233538099 2000.0
-6839.13166774 16.9053346439 0.862042943862 4000.0
3819.76093145 -37.9670454568 0.684903351312 2000.0
-47.757064242 6.31344908922 0.384239397273 1800.0
932.835506667 15.544485248 0.576443732706 2000.0
2942.52595545 -4.70793459328 0.374644097938 2000.0
-1912.08337617 15.1015041401 0.550407503738 2000.0
4560.98361086 -19.8270904709 0.644688139487 2000.0
-4433.22587968 34.7437387262 0.979986056187 1800.0
-5916.28136141 22.3450452045 0.869824216534 3400.0
71.0747984884 -5.09596864212 0.31655465363 1800.0
12107.4353354 8.83668200399 0.996770667178 4800.0
8394.76737447 -2.94795698502 0.95218690182 4000.0
1520.65612544 6.68076496761 0.351272532092 1800.0
-3945.23420726 6.36476859669 0.429688585309 2000.0
7391.12297561 -0.909629069896 0.890971596025 4000.0
-4083.70122716 -2.60385150304 0.470483665247 1600.0
11623.3856391 19.8648318914 0.999739168701 4800.0
-5848.04181896 17.6736511755 0.973026168284 4800.0
4620.90444509 26.27043814 0.94993715769 4000.0
-1965.32042786 -9.23494708938 0.419620551785 2000.0
745.63563214 -1.99795526673 0.303292675561 1800.0
-9038.85534293 -16.6043846152 0.969366247941 4600.0
2364.01028582 3.75853515464 0.432558055171 2000.0
6068.2336851 0.521838816849 0.710284845403 1800.0
3789.85177182 2.16187037516 0.504788055656 2200.0
-12007.7480752 -23.8873782956 1.01594476897 4800.0
-1195.78630413 18.8112676152 0.500156608762 2000.0
2939.51958771 -4.37654194692 0.395162062274 2000.0
-6850.19576138 -13.5852600994 0.892916209927 4000.0
-1302.77927252 -5.62129414896 0.319004127596 1800.0
5410.17390837 -1.52868203064 0.73559404787 2600.0
-3096.20836819 -1.03052611081 0.324681770879 1800.0
3569.5965117 1.44795385747 0.428625941847 2000.0
-485.783759322 25.8152383249 0.822028725583 2800.0
-8822.300794 2.28054887626 0.91664973665 3800.0
6734.23941682 15.8846134429 0.845153048664 2400.0
-3954.81510339 -1.81654691106 0.407242207135 1600.0
-736.104128349 9.5283601731 0.430647629264 1800.0
2706.56593452 -10.1512847549 0.389878939144 2000.0
769.564747498 3.01467571222 0.341125949755 1800.0
-3048.48886434 -6.62513206518 0.407196327719 1800.0
2416.11053282 4.1678233009 0.429752239052 1800.0
4830.03101846 -14.8853871624 0.652989079954 2000.0
-7403.62830081 13.672746307 0.888432212498 4800.0
-3566.33953265 34.8026017018 0.829108156622 2800.0
-5057.66258319 5.18987917575 0.709161210232 1800.0
8903.75905608 -9.27127929275 0.961387902374 4800.0
-3808.51427654 2.22277477146 0.384764828708 1600.0
1785.05764749 -3.48131785014 0.326156025253 1800.0
-3827.52781012 -0.665819890093 0.42591089088 1800.0
3219.0439682 35.6405356318 0.6995269401 2000.0
1411.93710571 -32.1523883403 0.71157279855 4800.0
978.458512915 -7.13818714103 0.33170466257 1800.0
5079.33243466 -0.270148780211 0.488362840869 1800.0
-192.383657275 -8.10580574807 0.352379457008 2000.0
-104.953119591 14.2078046896 0.495556462502 2000.0
1901.00983775 10.7027972414 0.380686165236 2000.0
-2960.14261741 19.1518170571 0.596803746778 2000.0
-897.502958448 -14.3234607822 0.525143928816 2000.0
761.190503592 24.9166287854 0.698128070126 2000.0
4445.37003695 4.18412973012 0.641342774249 2400.0
-1656.44433831 -13.7678886142 0.472417399112 2000.0
-1988.2973999 -11.5319680339 0.428892610753 1800.0
-3910.18514268 6.08320388557 0.363086465305 1600.0
336.03506645 -22.5096030593 0.628567384634 2000.0
-4.06408397498 10.0565339371 0.382908854531 2000.0
-2396.60809439 9.77186984681 0.42501841297 2000.0
1790.32216618 7.46029551009 0.433526701061 2000.0
1714.12282103 -13.0912071143 0.420536900523 1800.0
1293.45253099 15.2468120872 0.675835957053 2000.0
7271.21135994 -5.42222175521 0.883735934624 4400.0
-4473.72102086 -3.86658196151 0.432529398573 1800.0
3360.82727085 -12.5879556515 0.394747225379 1800.0
339.067850877 8.54525597167 0.433546122311 1800.0
1762.56750289 -4.68935479913 0.333882949955 1800.0
4302.37629454 2.71127995049 0.529424206616 2000.0
550.671640173 1.43576095039 0.323802047281 1800.0
703.287781554 -9.2297478536 0.331682797763 1800.0
736.686158967 17.5753147719 0.544554436545 2000.0
-7890.44615382 3.08984898807 0.891882824905 3200.0
-2800.91845568 -9.15345069651 0.451053668998 2000.0
-4556.13161006 -2.81071207641 0.435784185036 2000.0
1892.83780822 -7.25153494143 0.324324996198 1800.0
3314.06512429 -36.8290342595 0.672293610921 1800.0
-1837.5090319 -13.8259147005 0.389171262041 1800.0
-5119.59749843 13.6587104399 0.708965665088 1400.0
3257.35134479 -32.2626227605 0.772296836107 4600.0
-2475.09687049 -7.76137196408 0.425729316104 1800.0
-284.765072934 -20.4479125996 0.640994822568 2000.0
-1055.50216469 0.578982885921 0.286092181573 1800.0
6977.5147716 4.03344651105 0.820866637822 2400.0
-287.73741809 -13.6052295655 0.377549068271 1800.0
-286.284461789 -14.6981104222 0.518635955481 2000.0
-5926.98441702 -11.0231419383 0.722416934089 2400.0
5935.83219754 -13.9123585265 0.811498305646 4800.0
-1368.51149943 28.2219841714 0.783881481967 1800.0
-11316.9860451 12.6851468484 0.93228477237 1800.0
-6633.91588113 0.519204269192 0.917166164527 3600.0
4579.50615409 14.7194777639 0.8602155771 2600.0
5095.71986002 -7.2094719033 0.662184758791 2400.0
-2351.76209768 -11.038748279 0.464757848239 2000.0
-3002.88876351 4.34139644123 0.331205136692 1800.0
-819.092634433 18.2576064929 0.652137261455 2000.0
1591.95898252 31.6451759539 0.833579276096 2000.0
6177.50490885 -18.2718494015 0.761734277494 2800.0
949.138382463 1.88245457525 0.325557225193 1800.0
277.63380477 -14.9403931628 0.456952547827 1800.0
-8177.29484887 -12.1289333244 0.863884794396 3800.0
2482.70685501 11.9473310886 0.564727732791 2000.0
-3318.79361037 9.15688766652 0.371013597757 1800.0
-5743.46097853 -43.4771308858 0.729357318913 3600.0
1196.73200162 -14.5291042959 0.482240905642 2000.0
-2810.71002896 4.50212561969 0.324868440329 2000.0
-1612.06502559 -26.2135146254 0.736256095021 3200.0
3036.94077828 -1.45697124531 0.391600108198 2000.0
10217.3480135 -11.308852542 0.924932326597 4800.0
-7853.46953198 -19.735013246 0.925622726869 4800.0
6223.78516988 -4.00094096375 0.697248056086 1800.0
-4279.37310171 -16.4340444831 0.628359616488 2000.0
-4573.32861856 16.9727410456 0.569676461907 2000.0
-5691.77370816 -0.633458794776 0.773686851765 2200.0
930.472021308 21.7172974461 0.761624064491 2000.0
-7816.72926967 -10.2792318061 0.923941698101 4400.0
746.425110803 11.118409947 0.35942123215 2000.0
-1066.52765935 -13.0842360673 0.440833358064 2000.0
1354.58787072 -2.45231658162 0.319166686571 1800.0
8188.93530105 -9.55639923589 0.87124992051 4400.0
1533.46187459 -19.0877870992 0.480955927654 1800.0
-6673.90316224 -33.7112906486 0.900684273415 3600.0
-5681.4216025 -4.88758959493 0.644238486351 2000.0
-4916.62224591 7.36512312352 0.597635076426 1800.0
-40.8743673034 45.1401489038 0.972858841227 4800.0
-1217.63295723 -30.9951521891 0.661325484081 1600.0
4282.06649113 -5.5714942865 0.612743814062 2200.0
-3180.65773515 -3.72155768121 0.360823741352 2000.0
-2032.83002564 -29.7782132081 0.762502543568 4800.0
-1850.31423344 -26.3812948606 0.720999761037 2600.0
-1633.00687234 -29.8806675582 0.72059598065 2800.0
727.901732133 -2.28642067852 0.302626280803 1800.0
-3350.58508015 5.13981563404 0.358822906702 1800.0
493.129499422 3.26089885366 0.344950622003 1800.0
-3689.1545519 1.13020199242 0.384560238202 1800.0
6152.31923048 15.2319959631 0.893257019483 3200.0
2616.37369982 -3.89714179991 0.388950067198 1800.0
2108.10785955 -2.69818646708 0.322522435892 1800.0
5502.76852028 16.0051082197 0.76594826657 2400.0
2735.87059337 1.35943047654 0.418429185781 1800.0
8715.6707612 9.84376992213 0.974146746092 4800.0
-2940.81079736 13.2327610326 0.43478730688 2000.0
-5497.43101108 5.70859169109 0.638364027971 2000.0
8164.67273995 0.512259678883 0.953671305603 4600.0
6520.19248135 -2.63135544739 0.840498870249 4800.0
-2034.41410278 9.9374304353 0.407717520736 1800.0
-7185.05694633 -21.3492208034 0.909019782617 3200.0
-1154.96378178 10.0475280308 0.426267001406 2000.0
-5118.76542482 41.0529875013 0.828772709524 1800.0
3226.50882088 10.5024029338 0.535582649601 2000.0
4375.29831267 12.7708974348 0.825587082202 4200.0
949.200991555 20.8556734857 0.674193612264 2000.0
9006.36218084 -14.6647543843 0.956598908657 4800.0
183.523615446 -4.69960971405 0.309501868576 1800.0
6640.90315619 -4.60055661907 0.897846407406 2000.0
8254.22729145 -16.5311094678 0.895282975651 2800.0
6022.85677269 12.79878693 0.921984342833 4800.0
-2687.23106285 -14.147665682 0.421896889679 1800.0
-495.653896922 10.6201620236 0.388548981648 2000.0
3072.54855466 8.27946252804 0.510842226312 2000.0
2255.56750279 0.0137241579706 0.369473158578 2000.0
6158.16350791 5.67619556781 0.920174973207 4400.0
5214.35587556 -24.2095645849 0.739375153533 2400.0
3500.75290758 -16.3545588042 0.430070616828 1800.0
-797.623432305 -5.68319252649 0.332866908919 1800.0
4697.04941378 12.4709824932 0.666380443323 2000.0
1383.95962971 -0.336736657359 0.305282744181 1800.0
3480.24930093 -7.42673342932 0.485987931044 2200.0
7195.21713018 -10.0649169762 0.823029164157 3000.0
-239.490912864 -6.43925349444 0.326951372066 1800.0
855.061091835 10.2534831163 0.466559995355 2000.0
-4970.72979609 -6.1353450333 0.521732490607 2000.0
-8234.97206256 -19.5020660135 0.833327951533 4600.0
2989.39477873 -6.54562916991 0.367843374354 1800.0
1901.65406505 1.05354591253 0.330901875384 1800.0
4949.95529824 -8.79954391134 0.619060303692 2400.0
2772.82816807 -3.19007333737 0.351194867549 2000.0
-2110.44536703 14.8165183193 0.389443928576 2000.0
720.685798188 3.13466520777 0.342289853029 1800.0
1490.20657819 16.0251108321 0.627560705745 2000.0
2440.34011963 -7.87777745059 0.334865426775 1800.0
3353.60346383 -5.30564891751 0.470280663869 2000.0
2004.12123934 26.791344517 0.77708386735 2000.0
-2558.53132032 0.724708807485 0.28835082456 1800.0
-890.444804153 3.80358818896 0.332790278755 1800.0
6054.57537122 22.6261596008 0.951676752413 4800.0
1357.38316546 -5.33544371446 0.320079431353 1800.0
-2894.97610181 3.75492903363 0.318184286587 1800.0
-10428.4659795 -1.82144383213 0.979224884527 4200.0
-6651.3574127 -11.4873237315 0.753468899642 2200.0
-1844.61394875 -2.1122765557 0.300443242432 1800.0
2429.05936226 19.5912348082 0.653553185554 2000.0
-4664.46363565 5.08237796579 0.439608447311 1800.0
11421.1667732 7.92505602185 1.03417278371 4800.0
-5437.38820894 -1.69287610995 0.774938029611 3800.0
3940.20611445 8.77639788683 0.599103182288 1800.0
-5116.49517388 -4.69073623873 0.777190345473 1800.0
2254.90685048 1.86346744859 0.401518601158 2000.0
5473.46047598 12.6359475229 0.840286044743 4400.0
3712.82119838 22.596555383 0.573631213671 2000.0
2012.2674145 12.9439432052 0.452344220592 1800.0
-1671.48079919 -4.77725485287 0.313186235483 1800.0
-3392.90469577 -20.7190470656 0.678674149162 2200.0
3799.02148116 17.4099903532 0.68284429713 2000.0
-5797.53674974 -3.5146575803 0.649648341174 2000.0
6314.16964337 3.19404167159 0.852687543635 1600.0
2508.74998291 10.9351643058 0.54631634792 2000.0
12605.9614394 -7.41836215675 0.998288424087 4800.0
-2278.63260315 -10.8572123928 0.482061438048 2000.0
-2495.21716176 17.3813291497 0.596164627354 1800.0
7333.09966588 -11.2685470825 0.886894873417 4800.0
-1671.31723444 -17.0645797328 0.567449229241 2000.0
468.914406843 7.43761110826 0.401735208146 2000.0
2758.85057359 -13.9137197568 0.455692811309 1800.0
-4747.47228999 -28.9601977489 0.78114580099 2800.0
2239.00179211 5.31580145893 0.394641560601 1800.0
-4126.42350004 -1.99052826876 0.435597013542 1800.0
-1428.64607303 -2.85765672841 0.289443686908 1800.0
3533.32705121 -14.6160726579 0.479176790419 2000.0
3539.95744403 -3.42508548149 0.45741153931 2000.0
7557.81266596 20.0795705088 0.855108402909 3200.0
4096.46122971 -4.84807748315 0.395672974124 1800.0
-3025.69155615 -4.54926796014 0.388019156114 1800.0
2887.92726666 1.67111864513 0.422996361967 1800.0
-5662.96958834 -9.23063785524 0.740477822406 2000.0
-5438.29103252 -45.33831226 0.913392888019 3400.0
-4992.02061209 0.75037690351 0.618055561286 1400.0
5836.3038885 -17.8750939144 0.791816999676 4800.0
6584.47038892 26.8530302464 0.967620189159 4400.0
-4660.95637389 29.2686327033 0.837853963946 1800.0
3685.72969197 2.0132195392 0.537702225466 2200.0
7541.77178926 8.24975876342 0.900328385339 4600.0
-121.843788008 -10.5409317719 0.353591278872 1800.0
-9155.13456113 -10.8209574305 0.960019334641 4800.0
-6304.7218813 -4.45620598067 0.816778364616 4000.0
-6676.81648056 -9.57878132235 0.764046062057 3200.0
1274.87390569 -3.29180539529 0.317836593934 1800.0
2678.72562313 -11.0661874253 0.353307953006 1800.0
58.0539720766 -10.0569416216 0.374353604745 1800.0
1284.12576191 10.7550637832 0.54299906049 2000.0
3702.0579263 39.7359191317 0.919345833492 2800.0
4390.78290767 -2.70999036787 0.589114139029 2200.0
-1524.12387894 -18.56546295 0.620676277893 2000.0
-3224.27673038 25.7798354999 0.79086831285 1800.0
9189.73152754 -4.70282651989 0.947106030515 4800.0
-5013.33077635 -9.2503291208 0.802845501824 3200.0
3581.80173583 2.39118962882 0.412924195622 1800.0
5846.88435847 -17.8414955831 0.816259915694 4600.0
-7981.64869718 -21.6422996606 0.997340912414 3600.0
-9907.58676135 -24.2595363403 0.861727210092 3800.0
2328.33046135 7.7598947889 0.430003885564 2000.0
10238.6944021 25.4324054438 1.02703744175 4800.0
5497.7486218 -34.6716143086 0.821992101318 4200.0
3216.29151283 6.93898720507 0.545954204062 2000.0
218.553031875 -5.00054356867 0.314023304801 1800.0
-1536.56039996 -32.3187809725 0.737741261715 4600.0
8412.7849649 -17.3300063424 0.917876457164 4800.0
1134.42866354 -16.474639366 0.515480195055 1800.0
4334.41616606 -12.0383639019 0.598443857466 2200.0
1556.24675351 1.26463063582 0.32683560585 1800.0
-514.664551621 8.91565598482 0.399367277331 2000.0
-8046.3428267 -12.5650846898 0.814394941925 3600.0
-8604.80401204 -2.0140157604 0.858885259999 4000.0
5309.47853285 -11.6081949498 0.760176207556 2200.0
4475.61658551 -20.2444815918 0.691981325043 2200.0
-5967.84690803 8.13520955801 0.659661309674 2200.0
7916.40735278 -9.05605187777 0.850575197737 4000.0
2156.36502328 -17.6907120886 0.503138315445 1800.0
-7659.89923978 9.08069218646 0.91694079738 4400.0
-6268.63934459 20.3972161295 0.804274624556 2200.0
3622.67840718 18.4372481845 0.795565752667 2400.0
4384.77937522 1.24666338742 0.443238437275 2000.0
-3645.81729304 0.285198308088 0.340438564064 2000.0
3075.0229303 -3.34960639198 0.354017655542 1800.0
-3059.27919451 -18.007957013 0.599266558123 1800.0
-1759.76842123 -1.73620856293 0.29105044978 1800.0
-8299.16531529 -1.95893177372 0.902495178584 4600.0
-7651.77725266 -7.34526623307 0.840049956439 3800.0
13234.0596818 -5.20397634846 1.00192812564 4800.0
2206.20834925 25.2646928386 0.816664967893 2000.0
5349.49581711 -12.4397537267 0.657071095675 2400.0
-1936.09617013 -6.16738274961 0.339770523489 1800.0
-8817.47876444 -4.13067102991 0.911047133641 4800.0
-5419.92803906 -16.4734837734 0.780017110503 3200.0
-8036.98286758 -7.40844361511 0.912264165863 4800.0
1635.64265187 -8.38475370808 0.344600336931 1800.0
-2113.00156646 13.7125157189 0.402129472675 2000.0
7086.72146434 -2.01876424596 0.798682981836 2800.0
-1172.3329899 12.6070667602 0.419694463055 1800.0
3455.30627363 21.1179499485 0.690300966732 2000.0
-2906.57145447 18.4085545519 0.643974031586 1800.0
-107.749816648 5.01813820562 0.362212086043 1800.0
-8740.36913253 -30.3222841673 0.978551499199 3800.0
8168.15338042 -30.0915341479 0.902277144856 4800.0
1926.42547425 1.77063527989 0.338211497939 1800.0
7571.51645234 -10.4049056074 0.869752387045 4600.0
5477.73932455 15.0494884133 0.911004344496 2600.0
1638.97158643 7.14823961834 0.435311729185 1800.0
-4132.91178972 -7.14824712349 0.438694491711 2000.0
-3683.741133 -7.62940908084 0.472744064875 1800.0
-994.594199229 -12.5419562239 0.476995272979 2000.0
471.437769797 -0.830273976843 0.304912772192 1800.0
525.157715593 4.5737582713 0.349611356108 1800.0
9559.53308942 9.45927395118 0.98754201223 4800.0
8499.54278284 -8.7708572165 0.949721028077 4800.0
-4119.25538218 -0.634651062132 0.411583408902 2000.0
-7768.37141433 13.008673399 0.846654555982 4000.0
-2285.32298578 11.2381140008 0.37765466255 1800.0
-609.421365856 26.9585839695 0.833299470732 2200.0
452.063228542 -25.3488489914 0.691507442686 2600.0
-648.324037878 7.15104266185 0.38065304012 2000.0
2128.30973439 -0.33238545129 0.34940760352 1800.0
3137.69745779 -7.27345034214 0.326787744119 1800.0
4208.22366433 -16.0563623199 0.597570803252 2200.0
-3479.6233546 10.9006572601 0.45635316383 1800.0
4160.64454055 19.6088935625 0.75889994482 2000.0
-885.649002556 -1.71689344895 0.295789927734 1800.0
-6857.82473381 4.89407254289 0.727746088089 2600.0
15789.2589474 -25.388321651 1.01995321357 4400.0
-2087.59488546 1.47776440048 0.285518390161 1800.0
-4049.01970226 -7.53456593818 0.555295322829 1800.0
6281.68567392 4.84954751749 0.789151192229 2800.0
-3049.64425543 23.8528418652 0.653220844659 1800.0
-487.082157783 -11.3332772985 0.43920832732 2000.0
-4236.89775786 -6.86791791054 0.507220446488 2000.0
4023.25408945 -11.8240922238 0.513815188794 2000.0
2205.74760724 -12.2710081283 0.421533369074 1800.0
3817.60613041 -15.0266797555 0.482746736825 1800.0
-4098.03352852 29.0911442552 0.768582514338 1600.0
2664.84613886 19.8554096469 0.69006147505 2000.0
5868.53135655 -6.71769560068 0.694987781003 2000.0
-1028.05050788 17.4805049906 0.591821494631 2000.0
818.190201825 -14.8721918728 0.453258283875 1800.0
-4490.63852093 -24.816165516 0.810070512044 4000.0
-3034.39605134 -1.41326936235 0.320890130009 1800.0
2265.64998159 14.3161021308 0.649039432953 2000.0
2445.78733582 -16.9322228429 0.503794232799 2000.0
-7943.11654678 -9.87768368913 0.837197786701 3600.0
941.688894639 -24.4067360021 0.695050588237 2000.0
-2533.62323141 -16.603806159 0.604598092677 1800.0
-8441.83353956 12.0606106432 0.854030058781 4200.0
4222.47702959 -8.85941974437 0.606823335823 2200.0
1694.65973535 -7.15309559269 0.329416381637 1800.0
-3063.62607161 9.33151960202 0.334104084009 1800.0
1221.30788478 40.0256793691 0.758670469811 1800.0
-2830.6977602 -29.6604531626 0.728778003259 3800.0
1847.87065056 14.1860358529 0.555269254891 2000.0
-5314.36322836 6.23743585505 0.780279112573 2000.0
7593.77234312 -19.2085652073 0.939263850701 4800.0
-967.312874252 22.1323833643 0.639411901049 2000.0
7629.51098196 10.4033826786 0.953589884719 4600.0
-1930.45405587 1.92810128689 0.291990192376 2000.0
2636.64312229 -4.18952077938 0.387663319867 1800.0
3742.94348003 5.84346814723 0.562990450032 2200.0
3785.76400366 -9.55752339973 0.522064700998 2000.0
727.439354846 -2.8645129534 0.294860206587 1800.0
2300.55917215 11.1434436057 0.493636668316 2000.0
-2862.30731334 -17.0221772292 0.544860607773 2000.0
5439.4600686 -3.22180883548 0.551747882063 2000.0
3683.32711302 9.96693868565 0.583263822369 2000.0
8088.81262715 17.4174700925 0.868600591572 2600.0
-1925.14444926 0.0775508939128 0.290526319981 2000.0
3005.2361152 10.7993795738 0.519820560225 2000.0
-9003.37216941 3.41249262382 0.877684783637 4200.0
5121.97277229 -11.7755061201 0.780764766902 2800.0
-4107.64673426 27.5243151302 0.720171397622 1800.0
-6823.99943223 32.2211983045 0.969800901718 4800.0
2032.65974337 16.3641169822 0.697406551045 2000.0
-8668.81981652 -5.11767338215 0.865098480375 4200.0
3303.13082803 0.317024456429 0.490539998835 2000.0
-1573.98235874 -1.77995694897 0.288108930925 1800.0
3282.8636771 -13.4351121726 0.540783564182 2000.0
-3059.8093138 10.1428125795 0.397428172025 1800.0
1779.53873357 -14.7091693898 0.373527349311 1800.0
-4608.12894187 -1.81301686411 0.527653846111 2200.0
-3302.59324339 15.1960077613 0.437077812491 2000.0
8663.63343516 14.7681505236 0.935694181511 3600.0
8576.94861685 -15.8852513484 0.910763712546 4800.0
-1051.82975096 -13.9676527633 0.439257499103 1800.0
5204.60491736 2.84888833077 0.657208250665 2400.0
-4991.38706446 -21.2087805859 0.801186616613 4200.0
-4722.49016735 18.2702971881 0.752183307749 1600.0
-755.645279939 14.5075046245 0.537242583172 2000.0
5073.58366643 -6.37288452832 0.761821914101 2600.0
-5517.37133588 -29.5244204721 0.744541016359 3400.0
-23.4977042189 -0.631360249314 0.294401120185 1800.0
-1406.17713652 -13.2670620825 0.443799554453 2000.0
3737.39190196 -24.9880073441 0.747720565725 2600.0
-65.4611469637 7.56912953803 0.349291454545 1800.0
-269.556045214 -17.4205000171 0.575998135274 2000.0
3330.77369047 -0.285413844493 0.410905419235 1800.0
-5462.55971571 -11.4269761647 0.771643652813 3600.0
1246.01908392 -1.71703766036 0.292552285055 1800.0
1955.77166249 4.73102150518 0.425027135414 2000.0
5850.48923925 4.21967636667 0.678450034556 2000.0
-3222.14682911 7.41390327205 0.38557759365 1800.0
-8153.42610051 14.3486755762 0.892521569927 3000.0
2961.83946722 33.33786201 0.871014880578 2200.0
-3171.17759401 1.48186852308 0.297112728877 1800.0
-2049.94120213 17.877040235 0.547092207094 2000.0
9532.85235925 9.7134243506 0.987131634871 4200.0
4144.46274826 17.1170731315 0.685142011352 2000.0
5278.05585488 -28.1505663883 0.808281543669 4800.0
3354.19985996 -11.0304858442 0.386503801316 1800.0
-5045.15473398 -9.81207565359 0.725362381968 1600.0
6001.60422778 9.48564976143 0.798726614806 2400.0
4016.83255997 -7.53749954465 0.514173518834 2000.0
429.972971677 -6.6083820197 0.334733381818 1800.0
-8706.98840411 4.80506356552 0.877494929562 4800.0
7807.98222408 -11.5100390591 0.931312706169 4800.0
8660.06625519 -17.8932624936 0.885653968307 4400.0
-9959.5370105 16.8942556208 0.930295965767 4400.0
-1306.07994915 -13.5488030383 0.502648780147 2000.0
-2586.96403127 -5.12875767656 0.358640534479 1800.0
4437.2851813 -3.0475208113 0.609973141321 2000.0
-6524.20731953 24.1631441334 0.885316610789 4000.0
9362.68294822 13.5287220156 0.938974226093 4000.0
912.796244765 16.1342505926 0.562759813056 2000.0
6079.86236549 4.68233298225 0.68807224337 2400.0
-2475.69925783 8.29211432428 0.379089770225 1800.0
2024.27952053 -0.0913931427527 0.33849952845 1800.0
5758.2546892 17.6124182575 0.878990987523 3400.0
-1095.65155942 13.6788857854 0.424170807613 1800.0
-4126.46086372 26.0117929878 0.667588417585 1800.0
-4394.12900831 -4.79040683619 0.480537222518 1800.0
6668.94083864 -16.2575569568 0.770527504254 2600.0
5554.6512779 -8.0001539066 0.739688224921 2400.0
5800.51551908 15.986057848 0.806557822752 2600.0
2059.04777238 -8.59349508807 0.354430975818 1800.0
-2227.76149841 -10.8258810044 0.450281904463 2000.0
3708.93857323 1.82660697686 0.528836101683 2000.0
773.381639576 4.46507862255 0.370430179851 2000.0
1477.90190534 16.5735947518 0.477958204537 2000.0
-964.100383278 6.08584763726 0.366569954318 1800.0
2398.22164306 29.3714407732 0.757735924541 2000.0
-878.567758358 9.28876594036 0.392949706075 1800.0
-1369.89769592 9.71115066885 0.360658376602 1800.0
-244.73990358 -21.472020657 0.466173269735 1800.0
344.37182904 -27.771133929 0.723272236003 4800.0
-8893.50438221 9.81334753012 0.933709833707 4400.0
5290.77430892 17.3504296355 0.694528933263 2200.0
-5046.10696475 4.04977455744 0.557845853303 2000.0
3077.69135306 -3.82592823049 0.380705146658 1800.0
4939.48144973 12.3292365677 0.764021015577 2600.0
3458.5702341 -35.7383132762 0.79172753036 4800.0
7392.28607234 -15.2978829633 0.894512029656 4800.0
-3525.24529745 -29.1365571003 0.725715872579 3400.0
-4077.6583502 10.2921104077 0.406079494315 1600.0
-515.08829663 -9.5300322378 0.342634020724 1800.0
-2004.2078485 -10.6972552868 0.454495514434 2000.0
5303.7218061 -7.85668391526 0.588522706599 2000.0
3252.70438833 -0.97708488354 0.484640178528 2000.0
536.491261253 1.27021516795 0.317506590168 1800.0
8029.42946366 12.2741871607 0.991824167693 4800.0
894.398723066 2.99622590722 0.342905017369 1800.0
3432.22821086 -0.945989600522 0.468107457654 2000.0
50.596400176 13.5844477381 0.561629704749 2000.0
2987.81841053 -15.7267805115 0.496216063312 1800.0
4167.16789836 -3.88499652385 0.495174624918 2000.0
-3894.42616888 -13.7532703111 0.614426664473 1800.0
-6468.12128398 14.4657341478 0.683606990274 2000.0
-2986.01940008 19.4700726569 0.559424001527 1800.0
6873.00875951 -1.24908207921 0.837507500151 3400.0
2475.72016919 -22.2324157771 0.569292484776 1800.0
-1766.12625354 -2.01598009733 0.301721582963 1800.0
-5399.78587052 15.3050144888 0.853129719723 3800.0
-4629.39217757 16.4193656728 0.65883451245 1600.0
376.773657219 -17.3330737859 0.528399096601 2000.0
-3577.28974571 5.3012119067 0.323657542929 1800.0
2526.09740253 -6.830367336 0.42009200422 2000.0
-3839.89651926 -22.6158823291 0.726793030484 2800.0
-4154.2390804 1.47106600919 0.38427408511 1800.0
-2687.61101842 21.3761124112 0.622586007741 2000.0
6676.85479895 -24.6284605716 0.858520991333 2600.0
-224.403091374 -8.54762327417 0.368055445373 1800.0
-1980.33569034 -17.8572308638 0.568184449702 2000.0
-7302.55729389 -1.82466386423 0.947134652949 4400.0
6698.1046711 2.89362441794 0.819185052295 2600.0
2038.90677066 6.69287026644 0.440183873011 1800.0
-4846.51850577 -1.15818333188 0.473248797696 1800.0
-3028.41084355 -15.6850527915 0.648028582066 2600.0
1665.06531082 -19.2465924949 0.541095599832 2000.0
-745.697718186 18.138904606 0.658541231177 2000.0
-4974.74465277 -8.19780449548 0.582972837872 2200.0
-231.058535038 -2.86010345575 0.287425539978 1800.0
1556.97714194 -2.33537185886 0.319869914388 1800.0
-4118.48608916 0.069961291688 0.375467959647 1800.0
-831.021955211 2.72643920023 0.318274112575 1800.0
