-3943.53427092 -22.9298433501 0.773337106832 4200.0
-436.885097644 0.481352698805 0.0955865056152 2000.0
-1612.55677481 26.3008701495 0.699817073818 2400.0
5457.10313519 5.47605743964 0.733039572696 2000.0
3250.89389669 5.65410903087 0.382804778426 2000.0
7451.55721088 3.66430051067 0.939287644668 4800.0
-5435.64371923 6.4545555775 0.730181648359 2800.0
4800.76093052 2.23337716162 0.544173628821 2200.0
-6134.72276624 -25.7288618847 1.15127099943 4600.0
-1980.76265344 9.18455715693 0.316724517614 2000.0
-8384.31669403 -18.9396810925 1.25557478215 4800.0
603.613704595 -13.1185403176 0.486422860981 2000.0
-688.445874645 10.7184739946 0.376661999799 2000.0
-3264.32506517 -23.0082776359 0.770600230328 4200.0
-3389.86924497 -8.97304542501 0.53455369116 2400.0
-1234.75077361 -2.370154622 0.183770800904 2000.0
5243.11484097 6.88340493435 0.66090840486 2400.0
6125.74038515 -0.0376411368443 0.825250716343 4400.0
6241.51225558 26.952327158 0.887352904728 3200.0
-136.207771427 28.1926678865 0.859333851489 3400.0
1137.95985349 -2.65154684768 0.17978696852 2000.0
5303.20813077 -10.8268562643 0.750174301003 4800.0
10506.064424 1.13744004638 1.16510139716 4800.0
473.639026701 15.9423627706 0.612673563307 2200.0
3354.22479814 -10.1912799185 0.269506495133 2000.0
3154.29509499 13.5819946139 0.627195070723 2600.0
-918.55027931 17.9750343283 0.617336329542 2000.0
-3764.90053109 6.60539671298 0.375187542936 2000.0
-4091.98858213 -11.627812154 0.771375515038 3600.0
-2074.35881722 7.00918295128 0.237116087602 2000.0
2325.55109168 -7.82002088545 0.258837406342 2000.0
389.675152321 23.1140520036 0.656273525917 2200.0
3862.92544859 -1.60436300317 0.368398734853 2000.0
3649.64589146 -4.71544392483 0.253566004282 2000.0
-1185.58928014 23.9737816139 0.712884616384 2200.0
6512.62969558 3.10493474259 0.816944295624 4400.0
-3269.38154776 24.7457065142 0.616345817849 2200.0
266.237549444 12.3360422838 0.483146905424 2200.0
-4012.10296944 2.66076592181 0.623152162675 2200.0
5274.84451376 -14.1928581733 0.574739685789 1800.0
4566.91353199 5.52529027905 0.586994930616 2400.0
2018.61924989 20.4293931501 0.781446276982 3200.0
-946.519595017 -0.762725791159 0.0973105966393 2000.0
1729.74901341 6.66978287638 0.362316320651 2000.0
6966.6679739 7.88708930556 0.949115288377 4800.0
-1509.95992959 19.9554214152 0.624782948588 2200.0
4200.92269776 9.58526647323 0.602464934387 2400.0
2426.78699014 -24.4772531936 0.694145229067 4600.0
-10270.9350656 3.4813631552 1.01379109393 4800.0
4166.63421851 3.608336093 0.450307075413 2200.0
1255.68363054 13.0320648396 0.614436279363 2400.0
3727.25212531 -15.3846637002 0.550870434439 2200.0
-5739.17933149 -8.40481841342 0.788615111305 4600.0
-6088.14016242 16.8861343315 0.944668102554 4800.0
3657.29942884 1.7726135991 0.397526249788 2200.0
-3537.24999934 -35.7111392487 0.85537241113 4800.0
2233.69182112 -12.2479327975 0.404296572342 2000.0
-2593.39875737 4.06566287039 0.27594165873 2200.0
-1969.33429166 7.09101297058 0.221276446652 2000.0
-6506.48952509 -1.60990187798 0.847731646033 4800.0
6963.51517498 -11.1562478588 0.842233504319 2400.0
9856.06742404 -3.62001068695 0.976218198971 4800.0
871.507414781 -5.14490427165 0.16960298505 2000.0
8289.85643643 -13.4281709129 0.91596954992 4800.0
-2013.10877203 -4.23612430973 0.359090014872 2000.0
-3973.88985037 -13.6027486562 0.702431729346 3600.0
-6060.22127425 -16.8961853512 0.822728210808 4200.0
-5095.51035591 22.908070838 0.850949211532 3200.0
3346.55458646 1.15328686669 0.389009715094 2000.0
-2609.78875747 -4.56880661499 0.355132977999 2000.0
-7044.35849896 0.376458434395 0.856030120286 4800.0
-1349.87931257 -7.79274435793 0.335277683558 2000.0
3868.01593504 -7.65771047506 0.448509472087 2200.0
991.481076629 7.67455593574 0.332648716471 2000.0
2866.24008457 2.61101382486 0.301627850389 2200.0
-4561.75431815 -9.39749765865 0.733425006636 4400.0
893.229775837 -5.64989553229 0.195847673606 2000.0
5548.16055921 -0.793883863329 0.71609183803 2400.0
2109.97449421 -6.36318714279 0.199736762823 2000.0
-1252.45627284 -16.6434280686 0.639050498416 4600.0
2039.31386839 8.91686854485 0.465773216811 2000.0
1307.88144991 -23.990417915 0.679517049785 4800.0
-4024.58320882 24.5730486179 0.740134980332 2200.0
2660.37536828 -9.78430945086 0.337043038071 2000.0
5426.84989709 -10.1031093812 0.743824528195 4800.0
2530.5128595 9.47836632255 0.578307002109 2000.0
-7479.11919801 -14.7579458287 0.948822030266 4600.0
-3681.57950486 9.13985430963 0.425753285636 2000.0
3036.12352916 -19.396855241 0.615484945811 2600.0
-7114.5191739 9.56485565893 0.804377679927 3400.0
8853.99809523 -15.4940395892 1.0758360747 4400.0
-3900.61692104 3.42508321874 0.450751837988 1800.0
-2900.40841231 12.5875197319 0.456676680284 2200.0
2787.44557785 -9.12952598278 0.343223960091 2000.0
4195.6097443 -7.87036141021 0.43413016509 2400.0
120.457213073 3.46156862075 0.209391219047 2000.0
-11259.8421611 1.44366440214 1.40726051516 4800.0
382.485558113 2.37367909084 0.122363418143 2000.0
10126.6314745 6.08018939466 0.986756448875 4800.0
-259.383782606 2.82514363519 0.18128517537 2000.0
406.419202171 -8.02122176886 0.234383686167 2000.0
9092.90162397 7.60513395674 0.983733907076 4800.0
-2684.68853881 25.3012830741 0.633263684767 2000.0
-322.596564515 11.6341151857 0.437767514403 2000.0
512.031343538 25.5355874238 0.626452437017 2200.0
-5858.88138364 2.83215626354 0.722577240323 3200.0
1013.57590794 13.3554969313 0.538910804904 2200.0
2898.84068556 -8.01829845959 0.297532260348 2000.0
1369.52961884 6.13561864746 0.261062813814 2000.0
-9771.33238643 -16.5476187922 1.02779882124 4800.0
7894.47267046 15.9246944539 0.984646853255 4800.0
-2539.52783993 -6.96148671484 0.345087005297 2000.0
7195.93560065 7.00478808753 0.933490298098 3000.0
-433.826183028 -17.4120417015 0.600271572869 2000.0
-1349.42123215 12.8331963271 0.281893102953 2000.0
1125.72281758 28.3556782834 0.821350459762 2800.0
-115.63913219 8.28541797883 0.296558801538 2000.0
-1109.58332952 -12.9823890198 0.541462230008 2200.0
-2870.03567224 -8.71199063684 0.55853837471 2400.0
11704.2959258 -4.21521726814 1.01213573729 4800.0
-2051.5951341 -10.1718106649 0.54565979274 2200.0
-841.917811447 8.01833247746 0.284170609917 2000.0
1642.99103453 12.6437664223 0.448154564738 2000.0
-8243.98429807 -13.2130526659 1.22581244758 4800.0
-201.147811968 17.1878263686 0.602289483417 2000.0
-1741.7734213 7.96213749911 0.192796361354 2000.0
2422.77817444 -8.0712627772 0.279861632899 2000.0
3411.85611838 -37.9937563096 0.763322328734 4800.0
4886.66832819 13.0784171537 0.764025746355 3600.0
-4290.04526539 20.5664639434 0.797426083194 3800.0
-6147.22655208 4.61049645064 0.799524520044 4000.0
643.573481551 -1.34788796978 0.0952508831022 2000.0
292.183217955 -4.18583170407 0.219960266197 2000.0
6880.69819405 -2.39467317849 0.821762186027 4200.0
-2033.18374739 -1.89694673191 0.18762568352 2000.0
-4491.76545301 -4.43536876074 0.753547342573 3800.0
4274.04284352 18.8930604489 0.891858193664 2600.0
1462.12935223 -7.56932460164 0.278679828133 2000.0
-1521.82852126 3.94828747093 0.167350832822 2000.0
-8387.42788481 6.41711443513 0.908125757783 4800.0
-303.518372958 3.42887874189 0.181084537753 2000.0
9698.7037031 -4.28470933961 0.978828489133 4800.0
3187.41094417 -36.6889516418 0.83485332774 4400.0
4382.73104789 18.5694819583 0.907299545572 4800.0
-1885.63772355 -7.14712135253 0.347670501864 2000.0
-2571.73421862 17.0345365233 0.594503770603 2200.0
-851.458527625 -2.45434049404 0.203965907163 2000.0
4096.7093102 13.4146796879 0.713248717927 2400.0
1489.95656677 -7.19181970678 0.251903231931 2000.0
-1861.0682075 -7.47012371244 0.449695901382 2200.0
-8238.42002549 -17.276184099 0.989004626626 4800.0
-906.497607979 2.7975576465 0.17218693035 2000.0
2620.61751116 -0.423034119724 0.265502397555 2200.0
704.360966094 8.86671452624 0.244721664819 2000.0
2908.43945423 -5.23078158388 0.269567595988 2000.0
-1022.02700152 21.5032369365 0.720916317566 2400.0
855.624989114 9.71206484446 0.248779756511 2000.0
798.824496357 -17.7830123533 0.628736236694 4600.0
2630.86068209 1.54109135936 0.289878923362 2000.0
3387.51808259 12.8446716049 0.748181375809 3000.0
3332.42725003 8.24767164334 0.52403928199 2000.0
2625.96632782 17.571843878 0.613773688246 2200.0
1848.52989217 10.6964838758 0.293254102911 2000.0
2621.7025378 -7.89869322163 0.276974994483 2000.0
-6882.87830805 4.15634865212 0.692577784941 4000.0
4576.08562529 7.90232590621 0.626365008891 2000.0
-1104.26118406 10.4839936945 0.272350581427 2000.0
3731.55089432 -6.25082894116 0.295494795656 2000.0
-59.5902295367 -21.2392321571 0.662938766009 4800.0
-6115.94775694 -2.55134350042 0.658486152706 2800.0
-2692.08949834 -0.324310151331 0.258954369205 2000.0
4094.53457404 3.16173143738 0.55870430719 2200.0
-1597.02046277 -1.75469854126 0.227318342297 2000.0
-7059.84367429 5.585499592 0.776778806323 4000.0
-6527.05639663 -15.3995756257 0.997975513509 4600.0
-5550.93156801 2.85136969825 0.510264023424 2400.0
-4207.67162943 14.0554094924 0.698230568095 2000.0
2911.38470055 0.494872130553 0.258148214396 2000.0
1192.62743149 -6.64262572841 0.189075835903 2000.0
8121.20710559 17.8971688494 0.971658779997 4800.0
5271.54930979 -21.3084507589 0.812073320756 4800.0
-270.243976374 7.97581391844 0.306843078237 2000.0
2832.54065351 -4.12113928559 0.202353024593 2000.0
3482.9945015 -7.24250410978 0.389872705911 2200.0
-2847.5984484 5.08175309466 0.179780473303 2000.0
712.869178562 -19.4213189798 0.650980442908 4600.0
-9908.63245922 16.4893032478 0.943806398241 2200.0
8416.33295946 -12.4834320663 0.913841759863 4800.0
3593.44220022 10.4082546027 0.681985575521 2200.0
4316.49446357 -4.60715414665 0.363160744551 2000.0
-436.060732473 9.67849438228 0.272283463039 2000.0
1123.54983966 16.5363787774 0.509746620742 2000.0
1567.07880777 17.827879118 0.738564448072 2600.0
865.729093248 -34.6542085837 0.752600208546 4800.0
-17262.5958912 -23.6362483709 0.977851236715 3000.0
9042.55020237 7.3901786583 0.957538820769 4000.0
-7368.61842406 -3.40087829784 0.849762388487 4600.0
-3373.72888734 23.8278516422 0.643341164294 2000.0
2766.05110718 21.2501251923 0.701641406265 2400.0
-3233.46966231 16.0643615755 0.523126320294 2000.0
1634.66839831 3.13659425235 0.224150103491 2000.0
-1763.99869978 10.5865509945 0.368345139072 2000.0
2026.18164897 7.39215484333 0.384005103394 2000.0
-1057.09929507 14.5864400168 0.551276217286 2000.0
-3911.76391514 -0.545600155053 0.4750699662 1800.0
-6960.53765147 -14.2726631923 0.939676786336 4600.0
-4490.86646336 11.8527765639 0.438244689217 2200.0
8969.74898605 -9.67133590741 1.10446807235 4200.0
4995.45663779 -1.54380561686 0.575508578935 2200.0
2746.8025385 -17.7779191488 0.578157050953 2000.0
-990.194853022 -6.81324670862 0.356174962845 2000.0
4041.7726366 -28.6111530449 0.745048247517 4800.0
47.2496705176 -8.47424442439 0.382610903843 2000.0
11127.9741306 1.68675568588 1.00208298787 4800.0
-3143.5584734 0.825006404954 0.284741251339 2000.0
10362.538531 22.7621053255 0.99962017799 4800.0
-3719.15089552 22.9438555729 0.679219980771 2400.0
-4974.45346103 1.48041465336 0.704692771761 2000.0
-2537.51196833 11.9523058605 0.406375421157 2000.0
-512.305303743 18.7641059559 0.563132077787 2000.0
755.39484875 13.6284936698 0.368516238987 2000.0
-6640.63166753 -6.97316179514 0.759151447868 4400.0
-3515.59591138 -12.1422443927 0.537726190715 2200.0
4652.54417737 -11.1516693228 0.644813633464 2600.0
-4786.91054863 18.0577966797 0.845861499332 3200.0
-3559.77986463 -15.2911061527 0.668306348968 4400.0
-1026.31580586 -8.51621550418 0.430444744313 2200.0
-5286.31346572 -16.8885430166 0.798248005438 4800.0
423.687794823 -17.2432327791 0.531159609325 2000.0
4354.21003643 -12.876934366 0.483207807766 2000.0
817.367633045 2.46880116968 0.179203586879 2000.0
-1477.99407008 5.68565487434 0.180321569354 2000.0
1076.51746986 -39.4484364442 0.760324929685 4800.0
-3612.56846377 -14.8256288886 0.629234060954 2200.0
3372.01730431 3.28112751221 0.382464887826 2200.0
-2571.96368494 -12.7007561768 0.551316882554 2200.0
1819.50202246 -43.5037503759 0.876468787447 4800.0
6697.15334299 -12.4481769879 0.844042619951 2000.0
-895.757346174 2.62856797672 0.172303451063 2000.0
-5042.02354061 10.0155887193 0.837796983026 4800.0
-2586.70667054 10.0003168095 0.262978161153 2000.0
144.895050266 -12.2558735384 0.470121874413 2000.0
1616.52078676 -36.1615291413 0.815720563483 4800.0
-3982.89131842 0.377673484692 0.462715147204 1800.0
-2876.95833964 -4.09213674432 0.43372364025 2000.0
2715.93859403 18.6591044552 0.787888488651 3000.0
3537.37102201 6.86644385257 0.427820073875 2200.0
875.148944815 -2.0218919528 0.12596731774 2000.0
7788.62331372 -4.57287495053 0.887319569404 4800.0
-4353.19708426 6.20192368196 0.411893196882 1800.0
-3493.7021298 -7.95386069573 0.565118482046 2400.0
-9.36603929041 -10.9365912828 0.415100927976 2000.0
3070.13490806 -8.32326626921 0.472651809073 2200.0
-602.729359057 -18.9897601757 0.655086880145 4400.0
-10335.9961842 38.4945066933 1.40301302456 4800.0
3047.57960344 -14.2346334214 0.368364067764 2000.0
3731.09300259 14.9224243025 0.847082787101 2800.0
2165.52331063 3.23732674031 0.235077885578 2000.0
512.482135731 29.699486968 0.881099377733 3400.0
-4637.03993091 -25.0736452489 0.988195649533 4800.0
-652.150262501 7.0504206859 0.215760182223 2000.0
622.382081312 -12.5649276105 0.49524743512 2200.0
-5687.03041174 -4.46893942418 0.605689529006 2600.0
-3944.41291065 -1.79360765751 0.502833165233 1800.0
-2518.23404782 -8.15747836563 0.458685045519 2000.0
6072.56190632 6.96198299863 0.862849653502 3200.0
-3575.54387115 -7.54165076985 0.658171231355 3400.0
-1669.04448212 -10.9013396887 0.494941624879 2200.0
-1346.10774406 14.5806449087 0.477126027814 2000.0
-3475.15161712 -3.20150988591 0.47777178777 1800.0
3685.65000727 -13.7590010659 0.565292844442 2400.0
7023.11053496 23.8247628976 0.870558460177 3400.0
-1480.86167471 0.749954054078 0.136820594552 2000.0
-4147.95832404 1.66258155992 0.716774977861 1600.0
3443.13421051 -14.5121007517 0.505074689831 2200.0
-2569.32088067 -6.53163857071 0.485346341379 2400.0
1110.90287913 -38.5138787337 0.752226039291 4600.0
-626.85740584 -15.1326185307 0.416421583772 2000.0
-2226.49725992 14.515737698 0.411454540131 2000.0
1493.18644193 -3.17940306562 0.168565054113 2000.0
6569.93049349 -2.61022058485 0.824392380128 4800.0
-1644.68934251 -25.4205437749 0.73927152963 4800.0
-2197.11895697 25.8592527463 0.657343135748 2000.0
-2647.09074326 -5.74953653591 0.387672771138 2000.0
-11017.3741281 21.5374509367 1.25328260522 4800.0
4696.91361992 15.3215131958 0.737185016061 2800.0
6106.27074569 -1.76329580605 0.744214397911 4600.0
-5206.05554482 -12.2598514387 0.779098239378 4200.0
1959.60959274 -23.9962378243 0.616650792067 2400.0
618.708895477 -10.9280321679 0.373886125796 2000.0
2542.64962079 7.72021290775 0.404702750173 2000.0
1188.34138559 12.8829816158 0.435087652763 2000.0
3100.62375428 13.1558391484 0.560693324476 2400.0
-6454.53540999 -11.696668257 0.904982853668 4400.0
5494.94997147 -2.25247500784 0.737336601246 2400.0
-3011.36344831 -5.03533646922 0.502089431462 2200.0
-2704.31514515 -0.425070215174 0.320082512904 2000.0
8503.38996565 -6.60135268679 0.952902891699 4400.0
1884.12489012 -9.43062266239 0.310366757401 2000.0
746.240908251 0.332427508468 0.0986276670999 2000.0
-5247.70061805 2.76892204128 0.699072302156 2200.0
4419.75890405 2.22336908379 0.553076636304 2400.0
2673.98515939 4.06521267413 0.297298637693 2000.0
721.853018375 4.4578236431 0.262486749699 2000.0
-8822.23823842 -19.420605822 1.06419449212 4800.0
6885.67603098 14.3866188586 0.94477134819 4800.0
2055.34708341 -10.4342643058 0.340709834646 2000.0
-2017.64443153 -3.08838285544 0.280769015531 2000.0
-4251.12739282 13.8334750994 0.557464650199 1800.0
1447.14289593 24.2816705283 0.811540558775 2800.0
-4415.75788401 0.568329327071 0.454541488562 2000.0
2500.04393393 24.6721982894 0.852850110471 3400.0
7514.5525533 -44.2775399445 1.05994780519 4800.0
-3093.08787759 -3.0342616269 0.38289422433 2200.0
-2930.5034002 -0.772648578204 0.336580619963 2200.0
-5697.23497805 -17.3290184163 0.94252482242 4800.0
6312.59708356 -18.3344314044 0.864599469488 4800.0
-8703.54295372 6.44641260924 0.950067053519 4800.0
-5506.63830435 12.08113698 0.584484366743 2400.0
5514.61101949 1.2409278221 0.675651749003 3000.0
8287.88374422 -14.0499710433 0.931810495509 4800.0
-5829.96929045 -3.66150403841 0.671066834764 2400.0
4326.08799082 -8.01911839303 0.400501949807 2200.0
-2552.31347622 17.678649744 0.600271259888 2000.0
4763.23526487 16.1738025161 0.797959225494 2800.0
2593.56169131 0.270099009517 0.233701680257 2000.0
7617.64402226 -12.968777851 0.903527797237 4800.0
8223.59151996 -20.7737253314 1.44166188961 4800.0
-151.862579588 -13.3131137326 0.447816486835 2000.0
-5696.89556582 12.8737206931 0.724590441446 2400.0
682.485227354 -30.8550538205 0.721058321258 4800.0
-6631.67286625 -1.57714474926 0.937632825199 4400.0
-8421.50596215 11.3407177029 0.800409508277 4800.0
-2437.30183416 -18.2138165848 0.729617528398 4800.0
-524.028715628 21.9397735471 0.779660299359 3200.0
-619.531284905 10.5265445641 0.324531722901 2000.0
-3128.59479668 -3.22447248088 0.36958277264 2200.0
5689.1631751 21.3305859085 0.960976766604 4800.0
3882.54765524 -9.79446647343 0.494094456103 2000.0
4586.35100955 -5.12029692476 0.595140278928 2400.0
-4592.006859 39.6603475457 0.93292749433 4600.0
11256.5693617 1.05186804152 1.30493104012 4400.0
5015.64600661 -7.22602087283 0.60263842949 2600.0
5450.33178031 3.07922575556 0.616762998112 2400.0
1624.79540973 3.03133006419 0.268907344489 2000.0
-3845.64850272 -18.670323857 0.741889689274 3600.0
3916.07750665 13.7663188277 0.554140963056 2200.0
2166.68260694 -21.3528050244 0.511793205686 2000.0
-6505.65503111 5.43981350547 0.7955642375 3200.0
-861.491477783 15.8400241832 0.470098590215 2200.0
-646.597821678 -10.846076543 0.495841241845 2000.0
2413.89553805 7.06673677079 0.397116117444 2000.0
-69.0618536449 8.1907494988 0.306542361719 2000.0
-11018.435287 -8.24884799443 1.06648508428 4400.0
-6453.22071297 10.3033999009 0.891861119702 4800.0
4428.46463653 -18.8537397338 0.605410418072 2200.0
1116.6324011 -12.7550693803 0.378160325323 2000.0
-2204.95219367 19.2371983594 0.480771820713 2000.0
-6171.00253949 -24.2940630435 0.906542339976 4800.0
7943.19786725 -6.13142919638 0.896045623021 4800.0
3417.3124649 21.90979423 0.835132207054 3000.0
288.379976943 23.7463621708 0.827545855523 3000.0
3432.40438417 27.8709630549 0.91002323867 3200.0
-2887.92540974 11.9088921725 0.443272790413 2000.0
1723.78884802 -12.1045101887 0.392305887055 2000.0
6265.26599692 8.42277212442 0.823662400582 4400.0
7328.98733245 5.8975420885 0.950753471603 4800.0
-3193.02253755 -2.97734829411 0.403729257456 2200.0
-45.3407165207 14.3497602153 0.44526132958 2000.0
2670.37667329 -3.30270475873 0.218366859571 2000.0
6367.48204175 -9.96994269625 0.848026324983 1800.0
3864.22843974 -8.50386453749 0.421434582225 2000.0
4500.15113221 -6.05472378638 0.552927173983 2400.0
-4058.36450772 -0.222911907122 0.619691344324 1800.0
-3603.27486337 -8.43562979089 0.468137133552 2200.0
437.92656136 -7.95641819187 0.326479696612 2000.0
2664.63480714 -7.82428867642 0.320849143278 2200.0
-1310.78029255 2.90226002296 0.140123606604 2000.0
583.301765968 -19.1473421516 0.603325473411 2000.0
4684.66869912 1.76411992013 0.560033621014 2200.0
9325.51236241 21.763312414 0.978073461996 4800.0
1270.32782568 -22.2716973906 0.682132582242 4600.0
-1678.56163597 -1.13239579669 0.220516345656 2000.0
905.15947223 -44.8404476689 0.93526196558 4600.0
7286.08695432 -4.83583693746 0.838474143271 4000.0
-4171.13325466 0.308262388179 0.628537994904 1800.0
-5137.02052027 -4.54297100527 0.879030029417 4200.0
2425.91082061 10.5293496567 0.577453594192 2400.0
-495.171676318 2.76024080451 0.133818346426 2000.0
-4446.18603105 29.7370602866 0.880420423371 2800.0
-2338.47036964 -5.64683640485 0.335377368475 2000.0
-821.075379861 1.10576521121 0.172241566914 2000.0
4133.43389517 3.24600845964 0.535742847373 2200.0
4175.99315339 22.0373591076 0.820866297436 2800.0
-856.500236997 14.2489337736 0.343093052146 2000.0
-3015.53378293 2.21911780331 0.291848354954 2200.0
5598.23128616 7.88374675265 0.750509802936 2800.0
5209.77762765 -10.5759016736 0.764450509603 4800.0
16.6796896567 -18.5866021134 0.642032325658 4800.0
-561.576659102 -7.3158966598 0.33084718169 2000.0
7280.95660684 -8.92424692432 0.86727018052 4200.0
12242.6857245 29.7807888287 1.28132275454 3200.0
6242.78509989 -27.2131261598 0.992682172891 4600.0
-494.25371549 -3.41556540587 0.180231215985 2000.0
-2504.29006293 12.7826864138 0.415091283409 2000.0
-1532.96771191 -24.5029597824 0.680232453151 4600.0
2925.23833649 6.59322646815 0.378257615758 2200.0
1820.67362905 6.07927879435 0.268312044227 2000.0
4632.13582602 25.8279966776 0.941440975816 3200.0
-314.56002318 19.9742384462 0.473345681881 2000.0
559.108999004 -18.2751413684 0.534587776269 2000.0
-5472.02942688 -17.6446275128 0.884346086525 4400.0
-5248.07722628 16.6050985141 0.802790142163 4000.0
-1092.31035548 -4.64025649253 0.270271522721 2000.0
9973.60295414 -0.620323189447 0.978606178156 4800.0
-7091.38441925 43.0396674629 1.20639381214 4800.0
-5822.98376057 10.0659447627 0.806635837031 4800.0
211.377200578 -13.4272524851 0.445601410352 2000.0
-1743.23673541 1.81014510308 0.179626499936 2000.0
-2180.5451558 11.5455932752 0.371961268842 2000.0
4709.89601177 -2.2567827498 0.561432555687 2200.0
4510.52199301 -32.3511857609 0.817548686774 4800.0
-301.384665043 1.52379681213 0.153801551612 2000.0
1811.90809699 0.361182454489 0.189582425123 2000.0
2637.46942467 21.7646964953 0.775447223924 3000.0
3919.03606779 8.04755889887 0.610831213201 2600.0
-3276.10977044 -8.61376186237 0.646060215695 4200.0
2236.53144453 1.27784727242 0.204382282283 2000.0
-5936.55769603 3.05504860227 0.794424608428 4800.0
10790.2906689 -4.35249527303 0.997292360306 4600.0
-3640.7851041 15.9317596669 0.584095478863 2200.0
-2907.57803304 1.05323044106 0.314718811952 2200.0
-9783.12568497 -12.6410102271 1.08397872723 4800.0
-2080.42613464 -1.81501307959 0.269497834026 2000.0
-8435.71347501 -22.4693701815 1.03186443407 4800.0
-5379.15645635 -1.28910753172 0.722146885891 4400.0
10012.6809697 13.1386380594 0.979491192289 4800.0
3624.44117411 -3.31521849424 0.406561396991 2000.0
-948.689824352 13.0421075944 0.399171068817 2200.0
-1038.23516246 4.20126794048 0.151144967361 2000.0
6963.31674782 -19.7349380061 0.88352800834 4800.0
-523.072484313 34.7159824914 0.914902415019 3400.0
4044.53964338 31.0244650867 0.878301159156 2800.0
-6114.97064534 5.35962665562 0.77531852224 4200.0
4461.65250405 -4.83237873523 0.550951987165 2200.0
-3455.94407119 -32.4459529105 0.837621319961 4200.0
-8575.53275073 11.8474354687 0.841670002198 4800.0
-2621.70213726 -18.4258975434 0.740298477086 4400.0
2541.78975539 25.9696717388 0.642691885505 2200.0
5169.88551199 -16.8332201936 0.702138016999 4800.0
2179.08486783 15.6244402615 0.456779474972 2000.0
-6636.0738869 13.1368757129 0.769276978479 4600.0
5461.91777581 9.88714567359 0.723669919612 2800.0
2949.88827631 21.3917935303 0.744745249963 2400.0
-10779.9689868 -14.6597270396 1.12298563596 4800.0
3448.56046193 0.525799421483 0.368120808032 2200.0
-2514.15457101 -3.5858937072 0.402602794958 2000.0
3375.91446093 47.4531305797 1.08484175779 3800.0
-750.016443608 6.12436335065 0.251047183851 2000.0
5612.73509162 16.9405852676 0.842050410423 3000.0
-2428.60041908 9.02363425002 0.332461218906 2200.0
-8034.66474203 -17.71550658 1.29530224348 3600.0
990.624804862 2.5098154553 0.139886498568 2000.0
-6731.92919753 -5.41918543034 1.08390731655 4800.0
553.791559471 -25.8219750889 0.70848421656 4800.0
9779.40251166 8.48350601237 0.974178671474 4800.0
-2374.18411647 -11.4567353566 0.598942209837 2200.0
-10088.4780806 9.34335856573 0.998689994301 4800.0
-8745.52192187 -4.41209264994 1.55757202871 4800.0
10596.9596921 -21.3384571369 1.22297827077 4800.0
1804.14077509 20.1373374807 0.630098711902 2200.0
-2088.55843425 3.81793873241 0.141858529183 2000.0
2154.29857205 16.2295093075 0.724078266321 2600.0
-1462.90479573 4.55457046101 0.138999489633 2000.0
-6682.26213356 8.71760420267 0.862494992189 4600.0
-8059.97983271 -18.3787621454 1.32360792617 3400.0
-513.155966866 0.474483813565 0.0981650504895 2000.0
-4675.41999568 -11.6255459467 0.71255307611 4400.0
4807.3781385 3.50213232158 0.532668247388 2000.0
-1713.30339064 -19.2652150009 0.698190652683 4800.0
-2620.50555219 21.7251160272 0.671117451886 2000.0
3967.36199308 7.2743545703 0.450164255372 2000.0
-3538.79517601 10.8743780577 0.438269095883 2000.0
1029.58326916 -16.2703614756 0.600945004357 2800.0
4524.00244467 5.06919105147 0.501527029148 2200.0
-4221.35864053 4.74244975564 0.614587692287 1800.0
-4970.8258803 29.5659941457 0.919753832888 4600.0
-4296.42067483 -12.9922173016 0.860449994012 3400.0
-4916.60307837 -4.03255308664 0.76378402222 4600.0
-706.27592856 -23.0168281198 0.709063167369 4600.0
-7014.82414078 -24.6181685998 0.985497198411 4400.0
4476.32489708 2.389328181 0.464544369457 2000.0
-6247.46100017 -3.81244517343 1.06748636945 4600.0
6065.97913231 3.00929546306 0.857486723099 4000.0
-6058.92993703 -21.5118016402 1.18404983102 4400.0
-2470.98233494 11.2360036696 0.407388310913 2200.0
3301.10743188 6.32143549089 0.500878837793 2000.0
1848.62274666 -20.1439662485 0.580667683579 2000.0
-3032.88406175 12.0782720542 0.35377172787 2200.0
3677.64036414 -1.14036420971 0.414356259342 2200.0
-103.212694559 -2.08442673761 0.166230597149 2000.0
-630.13443148 5.32660596779 0.164396439379 2000.0
-4060.62350928 28.196096208 0.842658979401 1800.0
1938.15325318 -2.98817163285 0.155702124931 2000.0
-5033.21904634 -7.17625719698 0.678895609218 3000.0
4555.49744562 -10.8390331942 0.50019613716 2000.0
-1465.73818138 17.7465491606 0.661121714426 2400.0
-457.274292394 1.35589042758 0.0558610121204 2000.0
9960.33403081 2.83965076482 1.01579455331 4800.0
-5407.36774124 13.7944459018 0.753385020493 3600.0
1887.06238083 15.3634068344 0.635038116696 2200.0
9772.4435837 8.92097610621 0.986194699021 4800.0
-3184.35398622 -2.74216675307 0.351101285342 2000.0
-6310.52113577 -12.2985752485 0.832069249531 4400.0
-201.371941224 -23.5367261484 0.697563555502 4800.0
-1194.93623873 -8.20133227058 0.307401693788 2000.0
-3870.76509243 -18.9556663222 0.74377843192 4800.0
2708.29588296 -5.07255446518 0.223406468299 2000.0
-2402.78193156 -13.8065558468 0.553167493389 2200.0
-3511.29943858 -6.83065429523 0.609308243107 1800.0
1225.60381678 9.03543546249 0.423540302412 2000.0
2111.2111108 -3.30155006907 0.203489788519 2000.0
-437.822441661 -0.524478061013 0.105646082866 2000.0
-5160.05377435 14.8589524354 0.635750989249 2000.0
3837.67618033 14.6438029211 0.709944012151 2800.0
-4615.07378298 14.398041856 0.770426512201 2200.0
-4418.49486945 -11.6856897753 0.814101601277 3600.0
1796.92727487 -2.05272963901 0.192235070601 2000.0
-15879.0840595 -22.7054591481 0.995956213064 3200.0
-2679.37245178 9.73915279755 0.250187068304 2000.0
9602.41191556 8.22528600553 0.990917750945 4800.0
5802.11503457 -0.406534346591 0.727166034523 2400.0
-2759.22026378 -19.9262836355 0.719746223748 3800.0
-5095.75074671 -13.7191312353 0.696495004979 4400.0
1403.96080944 4.64714973831 0.231841493278 2000.0
-12785.856618 3.62893569032 0.96129896854 4000.0
-4122.73687245 -10.1823842363 0.681668872758 3600.0
3770.64201886 9.21820200471 0.462391354373 2200.0
-2040.65723358 -18.2024550827 0.636430582203 4800.0
3771.25743389 2.64902571802 0.410394676964 2000.0
-1488.86152997 -6.39880439655 0.27042295067 2000.0
1394.11985539 7.0829747804 0.275197421245 2000.0
2400.61219357 -10.021643448 0.341476512763 2000.0
4580.46433435 3.74698337836 0.619594610813 2600.0
2669.87689717 -2.45917791248 0.259692622656 2000.0
-3906.13201199 -8.042679511 0.66985384717 3600.0
-1332.65180845 19.9072383853 0.726368241754 2400.0
-1201.22184918 11.4318419715 0.420133611528 2000.0
-4288.43273105 9.593774905 0.711814101508 3800.0
7714.0638362 23.7335908532 1.01529038559 4800.0
43.3646973986 -10.8634204873 0.418579607349 2000.0
10148.7967909 0.755918110637 0.977988888266 4800.0
3023.33487347 17.7392935171 0.721850427192 3000.0
3370.24051543 8.82165300396 0.616749596984 2000.0
-8708.01902605 18.9640638885 0.846317238989 4800.0
1532.14308761 -7.73419989214 0.281767788883 2000.0
1653.41439777 -10.799719577 0.422492124542 2000.0
5099.30680537 -1.06832257989 0.550409141196 2200.0
4460.92493607 2.93478571487 0.563735383725 2400.0
-1154.32551151 -3.4682539314 0.249492811203 2000.0
1500.62642421 -25.7370098156 0.69093102773 4800.0
-8357.28280342 -0.417116277583 0.913511506183 4800.0
3248.98806712 2.81284177082 0.352336038049 2000.0
-4981.48918582 3.28985642679 0.539016412926 2000.0
-4948.35366252 -18.3996245925 0.721943487084 4800.0
239.356547787 -10.6487384412 0.458682430054 2000.0
4631.05838024 0.124722543816 0.563871859842 2400.0
4764.78651239 -16.6734007264 0.531701720212 2200.0
-3054.3060639 19.5219498132 0.535915556384 2200.0
-2523.17593932 -30.6783604603 0.798589062457 3800.0
343.554887735 -11.8026176591 0.447960680273 2200.0
2652.94617034 2.72884737904 0.300794953271 2000.0
-2335.11619345 9.05817824181 0.320154975116 2200.0
6837.40398112 -18.6261264212 0.867239676182 4200.0
-8413.43057045 -25.6755259398 1.24462920297 3800.0
-2268.06391346 3.94828644428 0.171461101743 2000.0
3109.77309934 36.0183127341 0.660231620264 2200.0
-7804.28549709 0.983991654518 0.820490914718 4800.0
-4201.20056652 8.77352029542 0.370293207828 2000.0
-1690.22868384 18.6815164643 0.560404831854 2000.0
-1244.08396447 9.23022679393 0.350130769975 2000.0
-4536.03736151 -1.63089380002 0.744952547939 1800.0
541.829606522 0.715301380989 0.113525548078 2000.0
5916.16548606 -30.8453871381 0.919780791711 4000.0
-4343.64809632 0.201943970007 0.438797185896 2200.0
-1274.71798811 -0.427815886588 0.191129216355 2000.0
-4395.79175873 18.0470002258 0.543338797697 2200.0
145.565714575 -0.821889705103 0.1535997387 2000.0
-1313.07777953 -15.5109606749 0.403549273365 2000.0
1809.0586611 8.08454111175 0.437661034663 2000.0
-495.330798808 -12.3787485782 0.481191815424 2000.0
74.5250459102 -7.46597363364 0.32857188648 2000.0
1827.21075264 13.6435284848 0.62894537033 2400.0
2062.00471307 17.3922942091 0.778293277946 2800.0
690.223520809 5.18690255486 0.272358669344 2000.0
51.7900127889 8.20075617741 0.301968259671 2000.0
-1672.89837245 7.93505239038 0.274110855219 2000.0
-4725.03229092 15.5852646598 0.593698918516 2200.0
5432.65226471 -7.8403099216 0.738768779273 2600.0
2286.89150897 25.6863927348 0.496254477598 2000.0
-991.558096742 -6.77374634703 0.333628051906 2000.0
2620.63615303 -25.039782202 0.685202610487 4600.0
-3012.40987336 13.0738105661 0.460483357241 2200.0
-1301.48049644 0.00617112210296 0.161485944209 2000.0
-1317.48893142 -16.5251340279 0.639388140884 4600.0
1120.41458922 21.3201866545 0.72219093363 2600.0
-2444.11312785 -0.128024469424 0.305289482542 2200.0
192.430207529 28.2728203141 0.83532233668 3400.0
10866.1557438 -17.0943241068 1.093147934 4800.0
1948.54945799 14.414749252 0.661570864588 2600.0
-6738.28950106 15.3114314315 0.735841177806 2800.0
8202.6658714 5.36910962926 0.958072307756 4800.0
582.412228762 10.4713480331 0.373150214606 2000.0
-4950.32418567 10.707470719 0.709860390592 2000.0
4159.240097 -23.3080309227 0.753377341129 4800.0
1789.3993023 -34.8597755397 0.794295950805 4800.0
-604.999097369 9.24887236724 0.359569174121 2000.0
-3002.14064901 -22.8863779028 0.784351021485 4800.0
3447.13900391 10.6447667549 0.595256026014 2200.0
4935.15605791 -15.9834517216 0.643275859685 2800.0
7663.17577656 7.01211939455 0.949077559249 4800.0
5139.51670196 11.5456853893 0.618939134885 2400.0
3986.49244162 15.9358149163 0.748116257373 4800.0
-2090.1410434 31.639558972 0.706179764923 2400.0
-3744.52881648 6.57172576944 0.323258625383 2200.0
4629.76310641 -2.62844484324 0.442054781624 2200.0
7189.88528251 -14.7614267514 0.868897217163 4600.0
-5004.67036744 -17.833331311 0.820927010321 4800.0
-799.748750154 -1.78768241942 0.205512738634 2000.0
556.858042421 -6.13208098182 0.214146463156 2000.0
-1998.12210023 -20.0498605716 0.687639421559 4600.0
2074.55118054 11.3409427418 0.455065326754 2200.0
1592.72997451 -10.8869917046 0.373403842061 2000.0
-2522.26418847 -23.6225572328 0.771855347245 3800.0
413.431577146 3.31142312911 0.158694065586 2000.0
-1917.29485645 25.9897302165 0.712357358764 2200.0
76.3832168192 5.82429171379 0.204108475313 2000.0
-1297.91723706 -12.0232468367 0.470120061378 2000.0
1169.21571526 -15.4161229617 0.533958879564 2200.0
2915.77521352 -6.34658224728 0.221516237541 2000.0
-3119.57612764 -12.1740641863 0.54883766521 2000.0
1740.6477134 1.81009010032 0.216046731224 2000.0
1799.51727242 -23.4522136066 0.683907867558 4600.0
-7617.02948029 -17.7931170559 0.997297170227 4400.0
7132.23753535 10.7766382186 0.948705340101 4000.0
-1083.13228711 3.42248189499 0.174203754041 2000.0
2173.29135704 -13.6159354387 0.43935498067 2000.0
3699.40972669 -10.2776399807 0.457289685746 2000.0
3148.17191881 2.22965078778 0.304818395251 2000.0
-5423.39674503 18.4586073647 0.907549118338 4800.0
1162.72843627 5.55508335714 0.313123145285 2000.0
-2888.69985239 -15.4083479354 0.735589912348 3800.0
346.665011045 -16.6026229604 0.625131877564 2600.0
4894.25533111 21.5842588415 0.832544308494 2800.0
-3239.5429996 -14.0846170445 0.569323140575 2200.0
785.345315096 5.52246892917 0.254927025254 2000.0
189.184080731 0.997936662297 0.178866095772 2000.0
3105.14730841 -20.386028926 0.410418361037 1800.0
1928.37911662 -23.3301503366 0.670123723994 4600.0
-895.591483512 20.7509831979 0.761941380368 2800.0
-10908.9136141 18.512077337 0.991578930958 4600.0
-2187.9805625 9.21379702384 0.212061496142 2000.0
1475.35680558 1.74423754018 0.185370030732 2000.0
3300.68719095 5.86323539124 0.517528992606 2200.0
3391.2253134 -5.55573948185 0.263102247167 2000.0
3163.23574345 -4.34238664959 0.375122723774 2000.0
1282.62512494 29.2115605827 0.824417934916 3000.0
2485.71780168 0.978330697169 0.26112570273 2000.0
1153.67857951 32.2133123821 0.890596741824 3600.0
-3902.19921797 -28.3320140423 0.901806106843 4200.0
-4278.0008474 21.7275404931 0.611584309436 2000.0
-5420.54413038 7.95867253118 0.696408205655 2200.0
-4509.93760919 23.3784426297 0.769321627409 2800.0
-4178.64785363 8.3941599416 0.410522601886 1800.0
682.558792633 -6.86183938266 0.268762799007 2000.0
-739.363825071 -26.259008241 0.600408354498 2000.0
-1787.50254484 -2.53845229439 0.226013212698 2000.0
5845.99366209 -25.0701413797 0.830444375498 1800.0
-1699.98676494 13.1526171797 0.469689968136 2000.0
-7010.28062539 33.483027862 1.32810756495 4400.0
3675.48345352 -2.77819319639 0.369344681701 2200.0
2666.30098808 3.18195434814 0.314402258489 2000.0
3334.23361389 3.26183697235 0.416870724971 2000.0
-527.213042868 20.0884842437 0.471861048646 2000.0
-3579.94435134 13.1932423561 0.476459377402 2000.0
1009.504042 -21.9670158874 0.654637934456 4800.0
-1855.08030683 5.6943397615 0.205720246104 2000.0
2843.97966095 -15.0065202497 0.452861266332 2200.0
3340.93011162 14.3080410149 0.634441535021 2200.0
-28.1788856249 14.9975135967 0.649951131143 2600.0
-7469.82678759 16.6225001176 0.835726127858 4000.0
623.902948032 4.16830074926 0.210356763179 2000.0
5915.49579892 -8.25535535518 0.751173666938 4800.0
-3464.81027977 -6.34938540401 0.641675049364 4400.0
-5899.22042341 -13.1818455243 0.888056133722 4800.0
2096.60715784 10.4819395918 0.381446390412 2000.0
3440.77170541 -12.5023131529 0.460982730323 2200.0
-472.632613508 -15.1419597437 0.566561072798 2000.0
-823.907348591 1.95070787199 0.177888995452 2000.0
1085.58372528 7.10147037561 0.336748713388 2000.0
-2221.12896037 11.1531164726 0.275932094304 2000.0
-1199.24362385 3.89446578323 0.157306486443 2000.0
-4888.88012852 2.91642420254 0.712213630176 3800.0
5375.52139365 6.1871277503 0.766061744453 3000.0
-2015.53439796 -21.2337504604 0.683880725057 3800.0
-2293.55026307 12.1320723153 0.365770860115 2200.0
-2121.26040759 -13.9104480753 0.613981352604 2200.0
-6564.91260504 -13.2974412298 0.915856076326 4000.0
-3388.97753007 -22.2142137643 0.739043404629 4200.0
-6391.68203384 3.19153036928 0.848201633907 4800.0
-3572.247934 -22.5283846981 0.808347969891 4200.0
-560.286559573 18.306578907 0.614600543902 2400.0
92.6253435323 10.0256574398 0.438879295264 2000.0
10410.3116774 -13.4327310115 1.05559171122 4800.0
-1533.60425587 0.57094655078 0.152272588189 2000.0
2418.58507959 -12.9844057612 0.322069771827 2000.0
-923.68783221 -2.50117180514 0.20745672885 2000.0
-2762.41856981 -3.52463355842 0.377354367317 2200.0
-5274.53775419 20.4330528657 0.874370201186 4800.0
-11279.799684 -5.61666974453 1.12676578042 4800.0
-3552.66707552 5.52815742279 0.290333596496 2200.0
5336.80867915 11.1060243803 0.77185135411 2000.0
2922.90464673 13.8570044092 0.55885065484 2200.0
-4939.24086116 -2.05672701854 0.716233347242 3400.0
11413.7597759 -1.47473983171 1.19564782921 4800.0
9113.86245539 19.3759070355 0.905269534793 4800.0
1509.74434151 4.1697816381 0.166067541892 2000.0
925.778931922 2.34752558611 0.213137547254 2000.0
9524.29644423 -25.7742897085 0.998149131551 4400.0
-1636.06947874 27.3263517851 0.792310662875 2400.0
-5551.80870902 -8.94168509526 0.848047849444 4200.0
-984.532225282 9.86986468552 0.308141794928 2000.0
-4783.84803988 -7.80577760168 0.672051213325 3000.0
-1250.22343261 -14.3498551845 0.600759797946 2800.0
3808.5181227 -2.89510223995 0.386846063366 2200.0
-4636.12264203 6.8948692988 0.670252570363 2200.0
2960.02625076 -27.2812011472 0.728338103984 4400.0
-1320.53175518 -3.52493909031 0.187302495044 2000.0
7337.42600719 16.0464244886 0.946089206066 4800.0
-1169.06594125 -17.2843908981 0.62946137373 4600.0
558.58259527 -21.7656265579 0.676169009453 4800.0
5879.17235842 -32.3728518194 1.04572584837 4800.0
7790.39244072 -0.797993322104 0.932339256422 4800.0
3500.86454326 -22.7736372269 0.724148024707 3000.0
-583.965384449 -7.80816707935 0.332230781061 2000.0
-983.327715019 4.98862406186 0.169335486745 2000.0
-194.053203052 6.02603036118 0.133657192437 2000.0
4317.69763466 -35.2941479608 0.801233844441 4800.0
8399.54540178 -6.11904723931 1.07336285934 4000.0
-288.704191361 10.5394289213 0.383202386648 2000.0
4283.67079731 -20.6899674698 0.628417756063 2200.0
-1730.20542999 -12.7735830465 0.577851316958 2400.0
8883.03923394 -8.55014961232 1.0650839985 3800.0
-3741.88575152 22.1065515285 0.606469394733 2600.0
-19.0057519779 -10.3966483932 0.416590657903 2000.0
-3934.23700043 -20.3635127262 0.743392409721 4200.0
10683.6101429 15.3376321403 1.00909785514 4800.0
7431.66582575 2.00440558042 0.866517675255 4800.0
-7505.96853794 2.42479762556 0.772294299491 3600.0
2655.43409869 1.3304511093 0.294645199289 2000.0
-1619.79695238 3.21151228423 0.160039776052 2000.0
4825.71253744 23.6909360281 0.882340375673 3200.0
689.061410012 25.8640029046 0.830450331514 4800.0
3003.87621071 2.42109635734 0.285032632742 2000.0
-2025.81338842 3.24009655492 0.192268963672 2000.0
-4787.89448413 -11.6317407107 0.771295973742 3800.0
-284.68384635 -21.1491121402 0.680214538122 4800.0
-3452.77246056 5.7642209844 0.271039311678 2000.0
-581.655716133 -3.34091392264 0.158613193169 2000.0
109.149437669 34.8044447885 0.820454796911 2400.0
825.671819527 8.54763215594 0.325151746988 2000.0
-10459.6109866 21.43926776 0.97273486742 4800.0
-4813.41593386 -8.38970281706 0.757340399263 4000.0
6071.6791757 -16.031979954 0.773873591699 4200.0
-948.730450664 -9.07378700312 0.426993139157 2200.0
-5936.29924836 -6.41737220805 0.752923528298 4200.0
21.4304873772 18.227810289 0.394316126648 2000.0
-3929.72107859 -8.41893376894 0.699226857384 3600.0
-10657.3699913 -9.39040301475 0.976877838362 4400.0
-6729.6468717 -8.93312932797 0.844072073934 4400.0
4404.80052711 0.365678856783 0.549060082 2400.0
-3133.38931304 -20.0956481711 0.758056735541 4000.0
3284.44329191 -3.07680951778 0.376678898886 2000.0
-1835.31714762 11.7389068718 0.420257113609 2000.0
2764.36941758 2.53244638932 0.361039237096 2000.0
4055.13675366 4.37148211502 0.42020387646 2200.0
-3131.39444382 -1.02847321937 0.312038615168 2200.0
826.179814965 8.35810331642 0.387731963641 2000.0
137.219853064 6.96298864171 0.256610576499 2000.0
3193.38399672 -29.4886288808 0.763909882252 4800.0
942.600459373 28.0462357451 0.799054029568 3200.0
3239.33487361 15.5759306717 0.53689013018 2200.0
-5181.74217599 -15.2490946019 0.899497520842 4400.0
4586.168704 3.96913152962 0.618441742498 2200.0
-1750.48279078 20.6774830312 0.444400447197 2000.0
5362.88132761 -2.39076676247 0.671228157272 1800.0
-4205.72943451 -5.82408642437 0.567200375086 2000.0
-8227.59821889 18.1999596655 0.879871859476 4800.0
1815.4834862 8.32725563256 0.430793955021 2000.0
3878.84615601 -9.86048386026 0.458936117823 2200.0
-1917.60471449 9.56832468622 0.257856050918 2000.0
-84.7197944857 -9.65837715087 0.410767622179 2000.0
3589.92657634 -8.55615908775 0.438545168762 2200.0
-1693.85459884 3.48316889005 0.169208684259 2000.0
-10019.966304 -21.3852856107 0.990022839246 4800.0
315.775554558 9.19311590988 0.35977545297 2000.0
6447.68402663 8.17659094976 0.746698212813 3600.0
788.642640066 -27.4693403228 0.740018613635 4800.0
-3423.7309949 -8.58260560423 0.481585222193 2200.0
1325.60553672 10.6566106258 0.538528314096 2200.0
-815.869462537 23.9112962793 0.614641086454 2200.0
-7722.717156 -5.99769705885 0.907534777069 4800.0
10320.9721982 -26.3907329038 1.5269736269 3600.0
-1369.47355835 11.6487643923 0.365622236734 2000.0
-1667.12165972 15.4992829192 0.544150354848 2200.0
-1790.50099904 -29.7584316913 0.738938602386 4800.0
-4047.04847548 -10.2903073544 0.738332675204 2200.0
-12924.7900601 11.6001537157 1.27473621494 4800.0
8988.61464483 2.33844172432 0.938005212791 4400.0
1326.02959952 -12.9946688905 0.523564572816 2200.0
-578.677999754 10.7504439899 0.382089551364 2000.0
12402.6370861 -3.13748563021 1.12055634068 4800.0
-4534.40010997 19.6065353485 0.765237855747 2600.0
4092.93621019 4.74360315721 0.488827785729 2000.0
3218.6388094 27.0527310129 0.788763938622 2200.0
7078.83152424 11.4106280109 0.84047849418 4800.0
-9792.02747466 -14.692488035 1.01344126602 4800.0
-1030.93465519 1.7761206118 0.174308612778 2000.0
-1665.31919191 -11.7140407907 0.594078036472 2400.0
-1995.44468451 7.35505696673 0.253081453261 2000.0
-7559.50878386 -28.566398488 1.09320492266 4800.0
-1062.27564721 7.3700141473 0.169865402053 2000.0
-5609.67420723 -26.2477524249 0.964410023109 4800.0
-3543.04553071 -19.2832431825 0.824822715324 4600.0
428.3493965 -15.4659536151 0.563811047348 2000.0
-1779.86630881 -11.1911590722 0.574891595139 2200.0
-4184.47859061 1.82479093375 0.59586250546 2000.0
1062.80663998 -7.7221465519 0.263747161421 2000.0
-1535.12955793 16.9911322549 0.568812537635 2000.0
-2411.91350395 -7.92529461245 0.497778895799 2200.0
-3206.19235145 -4.96238374168 0.532027800048 2200.0
-8.65580367143 -3.37131096835 0.145542028156 2000.0
-16.4638954289 12.6813954853 0.243898623565 2000.0
-3407.54263247 -1.38666349158 0.323074297721 2200.0
2831.31849436 15.9042502099 0.458708967677 2000.0
-6213.72455746 14.7061762248 0.971270357477 4800.0
2708.5252017 5.31688822679 0.383113079411 2200.0
-2711.68696332 -7.3985843772 0.366309561853 2000.0
4588.0697787 -21.9299542923 0.712496543035 4600.0
-738.052198596 0.0903964996557 0.181436497585 2000.0
6372.77856305 -16.762191511 0.849041114639 4800.0
4076.66155147 21.0406327319 0.786717504609 2800.0
1529.13071711 4.63828609468 0.20893229875 2000.0
238.277364739 -16.1543249269 0.62866525071 2600.0
-1185.92953341 16.833544417 0.36400795633 2000.0
980.747111054 14.1892353204 0.659392991808 2200.0
-5679.75617036 4.78846827607 0.644369714418 2200.0
5508.68264071 0.520951369852 0.713875893988 2600.0
-1855.94560829 -13.5244699826 0.498848821458 2000.0
-4281.12454875 -1.49174653843 0.458102375994 2000.0
-2568.14954617 -23.7299457095 0.787703083321 4800.0
2029.74717972 6.73910938086 0.337320157915 2000.0
-1020.95204074 -2.46238495248 0.233753675187 2000.0
-1262.65321461 -25.6452561336 0.686566316185 4600.0
8713.35812676 -3.60588129533 0.95589036019 4800.0
-63.372364628 -6.64514733458 0.262716263516 2000.0
977.766878981 -24.5765158797 0.687355814676 4800.0
-978.567611663 -31.6111335552 0.779931093866 4800.0
1725.11051544 -0.700315602177 0.183701430788 2000.0
1798.23871622 14.5672832374 0.487065858888 2200.0
5248.64176828 -10.4502386216 0.595974155179 2400.0
-5328.33466204 26.6894563258 0.871931398771 4800.0
-8522.83727339 -0.284789297056 0.924347425219 4800.0
908.842948891 -10.0822229155 0.38072316929 2000.0
2445.58771248 1.6159035306 0.227846769923 2000.0
8105.80576902 11.5633942168 0.998904283011 4800.0
2424.19670109 13.718553711 0.468207064471 2000.0
9961.68891921 4.76779980777 0.974043555432 4800.0
-478.718330555 -15.1821741207 0.56077925919 2200.0
-2521.13632113 9.01474230655 0.290510244706 2000.0
12588.6422889 13.332649122 0.998210412879 3800.0
1349.62377411 2.72477758325 0.210104687108 2000.0
5059.44188471 -0.423761209517 0.569411246936 2200.0
-3028.55886072 8.75217849811 0.338092667166 2200.0
599.357892197 -3.52212910604 0.103389524244 2000.0
3116.61286919 16.0986049176 0.751553323422 2800.0
3322.21988375 4.38151530109 0.434451111569 2000.0
-1010.98938033 -8.71892637562 0.364098306211 2000.0
-3053.10091302 9.34495305967 0.37582848094 2200.0
-4587.32495505 6.21804992176 0.422096407893 2000.0
-447.381864099 6.86477762322 0.222793826958 2000.0
219.607477686 3.53371258716 0.205980397189 2000.0
4349.78222836 8.06408322726 0.577189025085 2400.0
-5603.83647544 -21.2164901692 0.940178294311 4800.0
233.238790082 1.87022796217 0.178456437584 2000.0
1043.27541963 19.4866780785 0.580329634821 2200.0
-3552.25743995 14.8137920723 0.502029536368 2000.0
8173.06140547 15.8181076861 1.02303064279 4800.0
-351.047628156 30.75442336 0.845356752284 2600.0
-3131.61609049 6.15435172135 0.297188463071 2200.0
-2023.36992655 1.8544877887 0.134922858354 2000.0
3769.60956138 -23.4327660507 0.689792531173 4400.0
7282.39624035 18.5558675656 1.01604588456 4800.0
-2625.61902475 0.317782703439 0.184363425491 2000.0
2981.91990685 27.0453672719 0.765112568186 2200.0
492.782361299 -0.910724633285 0.0767358388706 2000.0
5133.95511105 17.6844683049 0.58056167079 2400.0
6080.25725786 25.0560144916 0.946391712807 4600.0
2727.00165409 -9.23980615094 0.325487732901 2200.0
1359.12366315 -9.02549063287 0.218205956786 2000.0
406.166885502 -6.10905783137 0.24205544054 2000.0
9828.28095693 -9.17981750947 0.970742688811 4800.0
4505.34459347 -2.64150685804 0.559180536555 2000.0
5386.87507741 8.81648045184 0.709585820653 2800.0
3297.28407375 3.13542745213 0.363888669269 2000.0
1013.76936582 8.62637164323 0.401920775101 2000.0
-174.476080079 -2.91935442952 0.142293536899 2000.0
-1850.39717167 16.7365864399 0.349739740635 2000.0
518.081313903 7.09255843418 0.268868428063 2000.0
7032.10528037 21.9244798648 0.922382323659 4400.0
-6360.71749239 20.5757493621 0.968530274339 4800.0
-7260.54725426 9.9707652303 1.06831289428 4800.0
4443.28510995 -10.6289207267 0.56628198782 2200.0
405.897236347 -21.3694583722 0.665776054728 4800.0
5122.27390609 -9.03527104397 0.701180691206 2600.0
14071.0669126 22.1443625623 1.25357866231 3200.0
1542.61904298 2.36061938963 0.233090358443 2000.0
-345.367504447 12.6094383256 0.487712573426 2000.0
1542.5840494 -6.78886562507 0.187154162286 2000.0
-6043.82354393 -15.7858843861 0.806787177295 3600.0
-1702.83730175 5.02891785572 0.216969181238 2000.0
4105.34033817 -2.91865611482 0.442201900202 2400.0
-648.292959117 -0.918118970269 0.127361804941 2000.0
-385.366225054 -27.394949841 0.706555802892 4800.0
965.833964098 -5.19771544742 0.21575295219 2000.0
3586.59116535 0.852510204744 0.370468434044 2200.0
-5049.06787389 -0.54439944989 0.483098377432 2200.0
6267.53172789 -2.14720753605 0.745406642459 2000.0
3879.81241748 30.2827558656 0.793324601784 2800.0
3176.29780319 22.6954086406 0.672734022939 2200.0
10700.1945198 19.4392061217 1.0339526581 4800.0
1361.40370956 -0.917614717907 0.137000360778 2000.0
-1276.02981748 -1.93346370163 0.172748756474 2000.0
-183.371751324 -7.29909946312 0.336859538063 2000.0
2229.92112431 -20.2608288563 0.555980537796 2000.0
-14583.5925294 -13.4551980234 0.979965837637 3200.0
4657.12847285 3.9295291189 0.565015829376 2200.0
-4127.37636111 4.49468752607 0.370112612787 2000.0
-3520.22527281 18.0299005064 0.501178326075 2000.0
-555.469854275 -6.26736607127 0.247224085437 2000.0
3354.90953929 4.06002784604 0.39620826355 2200.0
3687.97606835 -1.42545866827 0.372798513885 2200.0
-1414.41408829 13.7009824157 0.402463445961 2000.0
-1609.13272779 17.8344452439 0.617743130624 2000.0
389.894206395 -9.55674085049 0.33136022026 2000.0
-9025.275275 -14.3261188659 1.30943867785 4800.0
-4058.27552391 13.1889998898 0.448258536814 2000.0
-6327.96025786 9.20030174498 0.779308368538 4600.0
4240.53131377 -4.79853186517 0.549538464955 2200.0
-9703.7409552 1.40966219597 0.983681195539 4800.0
3892.44358501 -19.016572163 0.664812759428 2600.0
3659.27542495 -12.5074014358 0.358639982442 2200.0
14280.066458 -5.1362607776 1.04605558482 4800.0
3241.34437508 25.3775067416 0.756045667805 2400.0
-7426.58720075 -17.7223876659 1.30903551986 4400.0
-4277.57302685 -18.6075587678 0.915553103209 4800.0
-1312.530317 -8.01296065558 0.427029106712 2000.0
-2746.96478726 -23.2876160981 0.780972314227 4600.0
-4696.43291055 14.8902366671 0.724609937615 2200.0
-1936.35604883 27.6174772577 0.816103519596 2800.0
-4446.91454956 -11.3049876578 0.805301401613 4800.0
5926.17174044 -26.6984747303 0.784958440803 2800.0
-6390.79366514 16.2508199057 0.685805871679 2400.0
10237.6129211 -15.742110024 1.31918218538 4800.0
-3506.2613516 -24.7532817122 0.923598876966 4800.0
3979.47784685 -26.5380818904 0.712743363588 4600.0
1322.98572296 20.6337893463 0.701063302587 2400.0
5221.87785191 -28.793654153 0.795475109307 4800.0
2196.49353393 -1.91473703209 0.215165899215 2000.0
4127.59414031 -4.27046211233 0.545486456123 2200.0
4056.82041308 25.5720602391 0.903335393493 3000.0
-1186.75169924 15.0631650886 0.494747177775 2000.0
-2346.66292299 -13.217081912 0.643617817715 3600.0
108.532079379 -31.9356001646 0.643420168562 1800.0
4361.0591409 -7.13469431107 0.428726422517 2200.0
-1689.54413667 1.35510417433 0.1671670085 2000.0
-5810.79302781 21.2162952041 0.864100395121 4600.0
2991.78205975 8.89561698241 0.561617946559 2200.0
-455.607528707 -1.50171847485 0.1325842801 2000.0
-9762.48261344 -2.55811419569 1.00118231903 4800.0
-1114.79980364 5.61367267239 0.154081890934 2000.0
70.1446063334 -5.5969073703 0.22622203464 2000.0
-6.08344412977 -12.8938192098 0.523729981502 2000.0
-1007.90633234 15.3323964386 0.528997374571 2000.0
6478.88293723 -1.97146322365 0.822662679711 4800.0
1215.8878546 19.0474039912 0.719852751101 2400.0
-1470.92167352 -6.54378622562 0.324305167902 2000.0
783.89868618 -12.530151609 0.482207126953 2000.0
1054.04649379 0.295224807679 0.137483012663 2000.0
6114.30878811 48.1421494508 1.20454319373 4800.0
4305.06224607 12.7988033758 0.644541637006 2400.0
-1032.17681975 31.2949170441 0.809253113914 3400.0
-780.702949394 -1.98790906747 0.148039835103 2000.0
-4690.92806676 2.46817968155 0.70956235303 3400.0
-4969.74187878 29.0529462702 0.885289189107 4800.0
2028.80929019 -7.44658798414 0.218288864048 2000.0
3915.81813569 -9.84604772838 0.426407907322 2400.0
-6495.24179448 -6.17488403988 0.95880935985 4200.0
-5420.95784099 -10.7206421219 0.878621864599 4600.0
-7267.10173092 -14.8425611323 0.94649401947 4800.0
-1302.54000467 -20.3255784602 0.678050724745 4600.0
-6178.86777019 -20.6001017602 1.11201320484 4200.0
-550.035829311 10.7678164535 0.325868861952 2000.0
6031.70913931 6.4983219538 0.794653732131 4600.0
1532.75317531 0.658836022704 0.164128187167 2000.0
-5171.73124831 -6.8356520671 0.603559930501 2600.0
-7207.53816811 -26.0956761969 1.01817155134 4800.0
-144.475898134 13.4895175504 0.322322234057 2000.0
-2739.42882535 -5.03443654232 0.399196410819 2000.0
3215.1314442 -2.78345282046 0.242108020701 2000.0
-2925.79244933 -2.23665019996 0.324406785127 2000.0
557.958158771 -24.7648679823 0.694083899267 4800.0
1109.50693399 -15.8465349446 0.52695935476 2000.0
1812.86221636 -0.457437718913 0.138229678059 2000.0
-968.872495043 -8.53724897576 0.345402193446 2000.0
-7432.18594696 -24.9345380787 0.801702600319 4800.0
-3941.98360205 9.19719855553 0.489017840663 1800.0
5974.35616779 -24.0685073024 0.808538619335 4800.0
-1551.63848378 -0.109749649565 0.178132130463 2000.0
62.5425827805 -1.91289722125 0.165597429865 2000.0
6014.83157884 14.1810859263 0.784731533415 3000.0
-2415.37554231 12.2062301944 0.296817726235 2200.0
-8488.48854826 4.14545254936 1.25658881738 4800.0
2956.49157434 -13.5159866462 0.390114680938 2000.0
11021.9226167 -14.1881340301 1.10987885354 4800.0
-12235.0609503 7.00732239933 1.24994580423 4800.0
1247.2548677 5.85233619943 0.333387797649 2000.0
-2945.47090615 4.46948300168 0.221233219446 2000.0
-2243.31976256 17.1609484011 0.603588115664 2200.0
-18884.7225257 8.5573474386 0.996848638515 3200.0
626.907348665 -7.88464787052 0.294677796383 2000.0
7211.57712659 -4.8155025137 0.873115609341 4400.0
-2713.04256448 15.4015064355 0.471083089384 2000.0
653.583462777 -2.34545527093 0.138210653048 2000.0
-2928.66965121 16.1198028134 0.554032372299 2000.0
-18.6912836423 21.6559559664 0.772279114788 2400.0
-1640.85979839 2.79255662805 0.176235179779 2000.0
2293.61006342 -26.896823973 0.721959642853 4800.0
-795.676565093 9.34496802239 0.330779578627 2000.0
-3835.51347041 16.5323467722 0.69428512956 1800.0
1734.26763394 -7.8024433629 0.307795511546 2000.0
6250.45608049 15.9075830837 0.742949660844 2600.0
737.360942255 27.2023153909 0.869989022572 3800.0
11109.3053511 -19.6081594836 1.11838454221 4800.0
-8160.67659873 26.9618396943 1.35537665502 4800.0
4440.87416514 14.2196994356 0.793304022944 3400.0
-2207.56339529 -4.56883469186 0.326158094405 2000.0
1117.70884015 -33.1011731971 0.800734093921 4800.0
2527.02185669 9.84075767142 0.399982630667 2000.0
11002.715188 20.7961903165 1.00973314119 4000.0
-2266.00294514 -11.6523412616 0.356809977707 2000.0
-891.132691383 -24.7068516495 0.689763628688 4800.0
-1206.2377542 10.7789248867 0.390077331586 2000.0
-4581.69867543 19.7371335358 0.833961474424 4200.0
-2910.86428492 20.2936349133 0.702402891794 2200.0
10242.528683 -2.10673424613 0.996521511856 4800.0
-4245.53026805 -11.720491208 0.711077890531 4800.0
11669.2554984 10.0400262028 1.00547097271 4800.0
7093.97388167 -2.014039392 1.00138818052 4800.0
-5519.99163622 -11.508146062 0.692971503086 3800.0
474.415639418 -6.16665972445 0.263832843245 2000.0
-3039.21983434 2.26072110433 0.200802389759 2000.0
-1081.61500242 34.0791409349 0.834996962191 2800.0
3450.66753234 -4.11203672052 0.320430092298 2200.0
5548.11168149 -16.9254439913 0.725519258235 4800.0
-6385.52563388 3.45075516736 0.921279158387 4600.0
1381.79704568 -2.38547832145 0.162115267887 2000.0
-8877.8941935 -0.543937689299 1.03642639806 4800.0
-974.79215069 -7.98347303661 0.421619061596 2000.0
1060.44274687 -17.5054184576 0.532733181639 2000.0
-8063.81432238 -18.8017997406 1.36969985313 4800.0
-1911.62075249 29.6459758488 0.864547106386 2600.0
4132.55069728 14.2195492175 0.751833522638 2800.0
-10927.5180219 -19.0049175096 1.04441019387 4800.0
700.968651426 4.92261579592 0.224613713028 2000.0
-1023.29547108 16.3172536966 0.483943306137 2000.0
-3727.22096294 7.70350661693 0.424617820313 2000.0
2158.56772671 53.6811484481 0.981216528838 4600.0
-1599.27812808 11.6613496014 0.420413216739 2000.0
-4060.04735731 17.6788560909 0.634058411311 1800.0
-3501.99909976 -10.9166569441 0.524418832103 2200.0
1128.57011398 -1.28247258053 0.153874735147 2000.0
1652.14076317 4.47690872127 0.264112180287 2000.0
-8477.39386025 1.00721939938 0.907862368037 4400.0
5028.17257434 -19.7029040261 0.767383071151 4800.0
-482.446019958 5.14746555615 0.176861073217 2000.0
6467.50852596 -4.13128053579 0.832556537096 4800.0
562.924071126 -18.2020827744 0.632188267387 4800.0
-2870.6446047 -15.4205386197 0.429405300334 2000.0
1957.43811266 15.3586602508 0.449775503856 2000.0
389.457872753 8.14106362329 0.304534916836 2000.0
-3327.92962174 5.58901484488 0.216186034229 2000.0
9034.60905629 7.6816748099 0.987594224171 4800.0
3504.49997538 -2.05488958434 0.349978853213 2200.0
4252.32419942 0.0249118863205 0.551017420558 2200.0
-89.6085805489 -17.6524837754 0.57756510707 2000.0
972.358763412 -20.8866682433 0.660317319378 4800.0
1122.9227459 7.92970246381 0.314044337654 2000.0
-3559.15652287 1.08364153054 0.440662932755 1800.0
11703.5598691 6.85062241341 1.04011918535 4800.0
3837.11635316 -39.1869241301 0.856046339964 4800.0
1477.63460386 -35.5373436829 0.714955996926 4800.0
983.82557625 -8.97429402257 0.309976743411 2000.0
-3970.59697135 1.37856076781 0.445767962091 2200.0
4421.34371712 -8.4542498507 0.422880025751 2200.0
3591.56783036 -1.41119937671 0.358524428062 2200.0
823.198875685 15.2845938925 0.525675924535 2200.0
-7029.43227458 14.5139485914 0.793580918609 3600.0
-2990.86111774 -1.27365211531 0.340062621004 2200.0
1169.9866735 -17.0668510383 0.625343134298 2800.0
-2495.59046955 -23.5489547776 0.729604431377 3800.0
-460.693633402 -37.4889041169 0.806455163535 4600.0
947.029802941 -8.53074066271 0.287543687947 2000.0
-2556.74769911 18.4537025707 0.609779104063 2000.0
-2868.24316422 -25.6489588202 0.74342746364 4800.0
-2387.72973924 23.5401924398 0.649216535142 2200.0
-3940.40987852 4.3231247716 0.406855595947 2000.0
208.908020857 7.38532568506 0.315914944971 2000.0
184.171903467 6.72659515616 0.234747484246 2000.0
-4317.85668246 3.90589980436 0.709096996792 2000.0
-3022.2979136 29.8274586982 0.777809907947 2000.0
-1576.75173889 -17.6392879342 0.552726703473 2000.0
-4097.47652206 -3.00875099577 0.661050585941 2000.0
10515.0301053 -1.63505686916 1.03119101702 4800.0
4216.70342831 4.86261542195 0.450382676887 2000.0
2199.89747006 6.77987073895 0.338442285911 2000.0
598.387250882 18.1177078807 0.417127347243 2000.0
-1212.00563242 2.58742526353 0.120433211006 2000.0
-2104.28577396 -0.904762591801 0.226583406388 2000.0
3583.31486537 -33.0385871416 0.78336404775 4800.0
1009.72428485 -2.98980438207 0.189565320128 2000.0
3255.12204286 -28.849092171 0.688879805298 4800.0
-10977.8698111 8.17452793002 0.98985765065 4600.0
1619.28106794 8.97003613967 0.522422073283 2200.0
6958.36291118 -0.304386438639 0.871849695079 4600.0
-2102.87170808 9.47190769211 0.224947153776 2000.0
587.56209468 13.0180955991 0.441941633355 2000.0
-5915.25055779 18.5577006171 0.88573577625 3600.0
-1428.05988106 2.32158078366 0.10168752133 2000.0
-299.061284792 18.8742952926 0.491743335054 2000.0
1954.27010561 -17.6278082287 0.471109735507 2000.0
469.971472697 -20.6358010385 0.668760200952 4800.0
-7585.054738 14.8460171748 0.895556388593 4600.0
-4330.89187637 9.00884533964 0.420688817358 2000.0
-4090.97493344 18.2494836648 0.597826457171 2600.0
-1994.24318596 -9.22503202215 0.529444942983 2200.0
8899.03472426 3.02950752921 0.957712050054 4800.0
392.128799362 -22.6960582845 0.682757698307 4800.0
4486.9776552 -19.946670659 0.628375131373 2800.0
-5078.39709602 -8.0586715287 0.741075683247 4200.0
-1378.20875206 3.92760888134 0.1676971049 2000.0
2615.16554247 -33.9812853402 0.769265380657 4800.0
5626.99631644 10.5819831402 0.870099641709 4200.0
-4725.56291889 -21.413181518 0.852344552725 4600.0
368.857346964 6.42928601579 0.156240628473 2000.0
-5410.68842609 -13.046796453 0.858496686189 4800.0
2896.95393322 15.2103862252 0.737258423412 3000.0
-1037.32021019 -5.27069277452 0.301328711014 2000.0
11583.9511777 -2.13182923878 1.05977973119 4800.0
159.513861526 -6.98873388263 0.321244449491 2000.0
2434.72910704 12.2296925042 0.470797669767 2000.0
1460.50578475 -0.721898200917 0.142927349073 2000.0
4943.56900925 2.71270278938 0.563022515302 2400.0
332.330678064 2.09686670598 0.107142348221 2000.0
-166.998134889 10.9682328352 0.443389798863 2000.0
3291.96595162 8.8051836872 0.529181553102 2200.0
6729.14050711 -16.0474840308 0.876238766364 4800.0
427.832621151 -2.16391495739 0.189937600862 2000.0
-35.0701000679 9.97007503078 0.318642438079 2000.0
6066.27511461 -33.0708244598 0.885295776832 4800.0
-6046.76950342 -13.6150488467 0.816057203141 4600.0
6549.15359704 -3.79372340219 0.765712274813 3600.0
7364.08588744 -8.27948573103 0.85914687013 4800.0
1569.95202921 23.2543968361 0.851757411865 4600.0
-1771.53899228 -10.0356797903 0.476753398564 2000.0
-7763.31684181 -11.6424878423 1.32597999189 4400.0
-1036.61282682 -35.8124329238 0.728814090928 4800.0
3776.2195867 24.5192273696 0.94721964506 4800.0
609.938177385 19.7451845294 0.721922208099 2000.0
-12373.648081 2.66414144904 1.09875719135 4800.0
7936.6738062 -6.50692846421 0.884220971494 4400.0
-6443.96294663 9.18037684947 1.04726810369 4800.0
-6844.40696508 16.0503208971 0.701349016222 2200.0
-3700.66402422 -20.2985187905 0.848940881375 4400.0
4441.2305938 24.9994052644 0.874968315247 3200.0
-491.921591517 25.8786723895 0.810726057976 3000.0
2281.0508727 -18.2418670223 0.610052250261 2400.0
-543.646038362 8.84705918464 0.246036285663 2000.0
-2689.6890794 -4.65545673829 0.352374406842 2000.0
5786.25605165 0.487183837667 0.73619545118 2800.0
-525.607554644 2.10430220383 0.107162158218 2000.0
-6028.65262172 3.17989850691 0.79844061305 4200.0
3106.68444053 26.4111944507 0.915840292689 3200.0
6421.46702025 0.957149099463 0.791603174654 2600.0
-2197.23626877 42.7321398018 0.889405615053 2000.0
-1607.49507752 -7.26792201646 0.421454087319 2000.0
-3251.24679522 -7.58490959955 0.520039347547 2000.0
2456.4351001 -7.03086189672 0.280120178775 2000.0
-4280.74354836 20.0212711141 0.720107790477 2400.0
1866.62870612 -19.9431763173 0.620565150696 2200.0
-5837.25226408 -14.0688194596 0.826355889386 4400.0
-9825.28890617 -26.6007159287 1.05778792613 4800.0
-951.364490023 23.7062262593 0.769203021281 2600.0
-1596.99382207 4.80907608117 0.157970813285 2000.0
-4034.47278653 10.526342679 0.637625514512 1800.0
106.00967276 -7.66813684276 0.342863980365 2000.0
1194.00470877 -2.8428394194 0.151959377521 2000.0
-2202.12173583 -12.3025279871 0.54513765493 2000.0
-1673.68756579 -4.26003218305 0.281891214006 2000.0
891.481883017 1.28304242467 0.132309283144 2000.0
76.0473475117 0.714106751304 0.15707196166 2000.0
-1267.75426843 -19.6149015412 0.669035512709 4600.0
-915.046935811 16.2633050991 0.381928898798 2000.0
-3262.20406623 -4.59285862145 0.344722782772 2000.0
-8425.15767364 -11.5594015457 0.933458161775 4800.0
2149.16296534 -5.28783804225 0.207669324928 2000.0
-1547.49597582 -8.34303342251 0.461952162301 2000.0
-3484.23593888 -0.209342293792 0.443357333611 1800.0
7115.70849009 -2.72922619372 0.927799189597 4200.0
-525.631024913 -16.1272953679 0.37095527298 2000.0
288.876951296 -3.72490370945 0.206724973088 2000.0
-11322.0636313 19.7069181478 0.967879744906 3600.0
6771.46699752 -17.2853990736 0.873642311693 4800.0
-3164.89313425 8.48655977253 0.33639189352 2200.0
403.988606514 2.17706110984 0.0883302701584 2000.0
-3833.20238695 5.7102128082 0.431264491756 2000.0
12793.6273305 -31.8742466462 1.05069507363 4400.0
-2034.38752423 27.7918918785 0.451780699135 2000.0
-1710.1650668 -0.55105477436 0.198794290085 2000.0
2347.21672488 -18.0290274572 0.599553273458 2200.0
-1929.98304076 -4.14450413867 0.278484044652 2000.0
-971.771093438 25.3537039284 0.827340163557 3000.0
-1334.13893 -7.32892754996 0.293083067902 2000.0
-3414.9618735 -11.3824425742 0.371656226956 2000.0
-7397.2426779 6.03893569605 0.953248794626 4800.0
-5927.98585628 -20.8831805487 0.872822524692 4400.0
-2170.37359955 33.5034369846 0.897257256039 4000.0
174.67708639 -9.44821659218 0.34036835786 2000.0
5605.64942737 1.85997808203 0.681412845015 3800.0
-1985.69703531 -6.29272121967 0.399228651766 2000.0
1459.16857237 14.0081400826 0.559791223439 2200.0
1611.60680729 6.24249042415 0.350284508091 2000.0
-459.799491182 19.4521682221 0.633849832355 2200.0
-8168.2084126 -6.71700709331 0.937477566414 4600.0
-3294.90684933 9.58699564854 0.337851890304 2000.0
1356.20566539 -13.2306787697 0.328637937914 2000.0
21.015636995 -12.0162362773 0.420551864432 2000.0
7161.62537861 2.32438071945 0.932812206032 4800.0
-1664.57200281 27.464371532 0.879425767786 3600.0
-1041.82341972 6.46666619692 0.211661475767 2000.0
2012.8069806 -8.69749489321 0.309966745168 2000.0
501.972819872 1.71361782546 0.0984624714955 2000.0
10466.6462385 -19.5480368201 1.15766690437 4800.0
289.038640229 -8.08911202911 0.311460731396 2000.0
589.097459694 -3.0478340071 0.120834378398 2000.0
-6750.49711575 2.23149935723 1.0560876859 4000.0
6958.33609623 -11.4923772529 0.866521998529 4800.0
-1340.84198778 -14.6292026769 0.552985260186 2200.0
13.7217767367 21.5938860435 0.745439381749 2400.0
1019.34794638 -10.0277071996 0.313701721157 2000.0
-141.934313708 -3.10162700442 0.138967329556 2000.0
-2358.77903025 -17.8119038829 0.662266562124 3800.0
-9028.78376277 -29.5906463622 0.997233741828 4800.0
-127.208669734 -14.2828011853 0.36875400933 2000.0
4349.67093196 -3.80968433925 0.555258534826 2400.0
-3167.93550088 14.8072751769 0.542083094375 2200.0
-542.814781558 8.36777696638 0.321592151373 2000.0
6625.92054852 1.27917774836 0.840079889133 4600.0
-1704.2105754 21.3589354404 0.526669450263 2200.0
4459.5319667 2.66654670573 0.524202214608 2200.0
9757.62954523 14.4293540062 0.950455862072 4200.0
2505.57503764 5.0046323988 0.300372320292 2000.0
6223.65735277 -12.5149068533 0.845451316926 4600.0
-6359.43710233 26.3284341529 0.979828164428 4400.0
-6550.94561491 -28.6456151535 1.12107920773 4200.0
2072.41375301 -3.51910176047 0.204893502923 2000.0
-587.529735471 -5.53722004285 0.28385992047 2000.0
-2615.50472375 2.6672707267 0.283116156409 2000.0
-4876.85687871 -20.2081083246 0.737353546663 4800.0
2727.76011048 8.09487887833 0.45726640331 2200.0
2138.25052529 -29.8035686513 0.705916192516 4800.0
-5340.54640309 13.3911103664 0.844469957715 4600.0
715.161583407 4.03602454508 0.253035612857 2000.0
-926.375863892 -2.62830197233 0.218863019383 2000.0
3479.61195455 -13.9444190327 0.467275425842 2200.0
-1661.9564854 14.4724599745 0.488743791359 2000.0
-1260.55708863 -8.29159244038 0.448755185216 2200.0
-1695.94086235 -8.6388997654 0.490108442932 2000.0
-6523.62679497 -6.67832015453 0.810414075033 3800.0
5129.40549156 25.4425602708 0.957601673006 4800.0
4029.99170466 -3.36067110557 0.38345389613 2200.0
-37.8150911263 -15.8538182473 0.604022004179 2200.0
4169.4089425 12.0483603741 0.677059565334 2400.0
-4126.08467966 -22.5837321537 0.925621310621 4800.0
2652.66764944 -6.08922846323 0.22406900758 2000.0
-2796.05836784 -15.0866074377 0.653321525164 3800.0
-2762.57245652 -17.1335971598 0.704404322413 4000.0
-1512.8740465 1.34811952054 0.139331342014 2000.0
-411.919234188 -17.6114770131 0.639331890496 4400.0
-4588.80335325 12.0950245837 0.415149825304 2000.0
-5598.45071979 14.6051418065 0.877729940082 4800.0
1221.23058273 35.2760047454 0.911326340216 4400.0
602.487686864 9.03239960669 0.383577873245 2000.0
-4508.41216294 -23.8299982458 0.907440462001 4800.0
6285.07671869 -14.6345492021 0.817226961555 4800.0
-2000.9408542 4.03066650028 0.187129975066 2000.0
877.451950346 6.33584401475 0.284491563746 2000.0
2707.81078892 -7.58325230808 0.353352261376 2000.0
967.09913103 1.87816317185 0.159729947937 2000.0
2192.59102401 -23.5210199116 0.693402008954 4800.0
-2854.09125927 -1.6889643013 0.325061224401 2000.0
892.122351683 22.2220196251 0.799896279781 2800.0
-594.66212944 -5.38548118614 0.259630020602 2000.0
3141.82073963 -1.38753881547 0.251311894866 2000.0
-4016.01598757 -5.87177596569 0.442875618241 2000.0
5030.89395308 -17.0026878241 0.766079287155 4800.0
-1432.13569071 0.14643903523 0.145094126615 2000.0
-5249.22691774 -19.6615128627 0.84612957188 4800.0
6939.03806919 8.46612481815 0.909840490997 4800.0
838.071745963 -21.8583802443 0.646583595453 4600.0
-6350.7935409 -0.63944703517 0.66961185078 2600.0
-3580.49200454 -9.87426244313 0.568179807849 2000.0
3656.57237731 -2.55686689589 0.327179410743 2000.0
3353.97597337 1.31814008438 0.377049228522 2200.0
-1091.18659251 -5.23382163503 0.274618716235 2000.0
1532.35869366 -16.030820214 0.53891420704 2000.0
-4708.43847724 12.2396080177 0.63508140699 1800.0
-711.203897611 12.503879834 0.39988200591 2000.0
128.056074404 -36.3131876049 0.854482001178 4800.0
-6070.76938913 -28.9301234363 0.911787141902 4800.0
-3463.49099285 -18.6518588128 0.751833496876 4400.0
13798.5954202 -13.5211910843 1.30996860979 4600.0
3160.86897588 -16.9701933561 0.525102863628 2000.0
-1402.41059271 -1.63593059584 0.206102002831 2000.0
1597.64507622 -26.9352236279 0.689020291873 4600.0
-4668.23407184 -25.4906978286 0.874618082403 4000.0
2463.69528074 9.63450281057 0.43042274353 2000.0
6299.43316695 15.5005332902 0.890377517257 3200.0
-4781.66957623 -5.83535991802 0.716974483714 3400.0
2534.2120106 -13.8628709748 0.435013292452 2000.0
-560.751190317 21.9493623153 0.747373638557 2800.0
-2885.9711034 -22.0074440886 0.76095195407 3800.0
4390.68542646 7.87484478198 0.600704354368 2400.0
3248.90372364 22.0695972847 0.836173010307 3200.0
5374.6633289 -1.31169244497 0.724744735341 2000.0
-4465.22607514 14.491730451 0.557466687571 1800.0
-2491.01146006 -5.5966730877 0.292799502839 2000.0
1539.83120744 -27.1580304917 0.716952901428 4600.0
-1314.68632612 -1.15558381664 0.16898408752 2000.0
298.860649725 -3.21884717816 0.21757611493 2000.0
-5257.25124923 -13.5670563213 0.775292020708 4400.0
6345.08838168 3.78705926528 0.798806414856 2600.0
5959.70618316 13.9091766685 0.751794729036 2800.0
-1961.65199969 -6.43313877865 0.375738116161 2000.0
4702.16236633 13.3622388379 0.799285259338 2600.0
683.543932085 3.02248933026 0.208883213921 2000.0
3974.90028903 3.30411387542 0.472456442967 2400.0
5959.58326305 -16.8487270906 0.77860657959 4400.0
-4649.38069457 -43.2668733419 0.884280939574 4000.0
7613.8380287 -4.25810738444 0.871258412335 4800.0
-2538.45187131 7.45931842493 0.2689799697 2000.0
2523.81030681 13.0582821493 0.66690619633 2200.0
2107.33949231 -1.0642240264 0.160774450434 2000.0
-11410.0121755 4.30610545617 0.976608973308 4800.0
-5960.8758735 -4.82410149035 0.796224547341 4400.0
5356.73842881 9.56357888942 0.7887257004 4400.0
8770.34391512 23.490493205 0.976803983481 4800.0
-1142.47280786 22.7965379909 0.568859344342 2000.0
-1143.81508819 5.75714846918 0.190210777283 2000.0
1350.13969284 -10.6042602481 0.233940164526 2000.0
-1039.54783467 4.28487218934 0.197480091158 2000.0
1703.22417292 -9.63934777179 0.36799372078 2000.0
-2899.76515287 7.36622349818 0.309800291669 2000.0
-1856.97040417 -10.7265749143 0.402082858011 2000.0
-13202.7418923 -0.767222729341 1.09819060798 4800.0
-5698.0852077 15.749538994 0.750962519493 2400.0
16.9316848536 -1.04301437566 0.138403111531 2000.0
-4503.01248855 -35.6338346076 0.809534746829 4800.0
574.938707834 3.35428383493 0.142504739386 2000.0
-4623.34613183 -18.954973572 0.854060215396 4800.0
4546.09712973 -35.9933868261 0.843219196697 4800.0
-242.772994562 23.852154206 0.651224054348 2200.0
-3691.01391947 29.4926595762 0.827589147354 2000.0
3903.25729132 2.64345845477 0.447911251795 2000.0
2492.58868401 -18.2837346749 0.618440210755 2200.0
-9681.2786041 -5.8218038444 1.00720518395 4800.0
-8984.30900461 17.0987839874 0.964626694401 4400.0
3263.87029294 10.0349372904 0.544524940725 2000.0
1977.87734744 10.2240995992 0.422596511674 2000.0
-2813.76296592 4.87390382855 0.215676108919 2000.0
3824.04614473 -29.5209018423 0.839443743511 3200.0
-2863.23719066 -6.39370749161 0.484341964521 2000.0
-8526.36029869 15.8594137103 1.37265003021 4400.0
1027.50527874 6.41175450392 0.257766566112 2000.0
3398.48995737 7.89381218239 0.446698828017 2000.0
6392.1724325 13.6189054581 0.859921133836 3200.0
1751.33275529 -8.94870024587 0.287095238838 2000.0
3616.35096587 24.6791589416 0.777007500798 2800.0
4576.12750982 -4.20767952014 0.550712812512 1800.0
-2213.72098811 11.8492404831 0.322370124216 2000.0
-3414.64628522 0.0066989556939 0.43287976593 1800.0
7643.59786874 13.519293557 0.988904948976 4600.0
1975.51827405 -4.15927894573 0.205101265488 2000.0
-3201.4657336 -20.9507517012 0.755387814458 4200.0
954.175143254 8.92429936336 0.378146876956 2000.0
920.3804084 -26.3901911979 0.693932986745 4800.0
-4675.50108282 9.78756756073 0.419725808894 2000.0
-649.038204129 13.3721627699 0.410183011157 2000.0
-7642.10728084 4.4576234551 0.805097101624 4600.0
-1896.51395424 -9.45742794837 0.385456404108 2000.0
4844.15422104 2.43467426429 0.608560891127 2600.0
3429.22516334 -26.6069844693 0.701356624887 4800.0
3014.15242838 19.6885861182 0.612665948853 2200.0
-5428.03912074 35.3013725753 0.772737144656 2400.0
2365.93195329 21.4423142651 0.853980389334 3200.0
504.416075953 -14.8253728677 0.594170960173 2200.0
249.790028979 28.9534278845 0.818347306392 2800.0
-85.9502537245 1.89553271905 0.113165916073 2000.0
2833.51580628 -24.9735846096 0.717553862173 4200.0
-771.96375972 4.77257262077 0.226981486904 2000.0
-2007.55043802 -0.956867927851 0.209790504006 2000.0
3767.44594219 -7.51563796215 0.41194516292 2200.0
-8839.87155147 6.61009109783 1.00610323784 4800.0
-4731.64954045 4.9393550014 0.756813482594 2200.0
331.293622922 5.17303632357 0.23231037669 2000.0
5560.36100553 20.3037789362 0.897481076268 4200.0
19205.4130465 -27.1226454629 1.03742242919 4800.0
-2487.75705909 -3.88907066027 0.374210954885 2000.0
-490.223827138 -6.18860038437 0.231475758148 2000.0
-393.169254388 13.2134979764 0.461553525351 2000.0
-760.211332674 13.1578791527 0.425221532927 2200.0
2726.0055332 8.66195183364 0.396099592688 2000.0
-9399.02314126 -26.6693444127 0.935950112995 3400.0
310.820607685 -2.79410556648 0.175560141943 2000.0
2350.9351289 -2.42894182027 0.181699015272 2000.0
1274.73865982 40.5700614713 0.934715227419 4800.0
4545.44970152 -16.9607102081 0.710763717573 4800.0
-2752.00871048 -11.4034194124 0.500480474723 2200.0
-5011.59852211 7.49892995655 0.799540327602 4600.0
-2820.3925275 -0.583472217077 0.283688507681 2000.0
4282.96353356 14.9706396606 0.743253719615 3000.0
-2671.6049237 11.2482497247 0.297987202382 2200.0
8713.89013493 25.1348863772 0.991204757372 4600.0
-5518.92248906 5.2537007399 0.797185923238 4000.0
-7583.20652038 -6.98271081238 0.89668042346 4600.0
467.783655829 -17.582075733 0.625977275695 3000.0
2275.21568359 -0.0970598565891 0.224469910496 2000.0
-5871.49048954 -12.3085105769 0.867405561467 4200.0
-4499.92426042 -18.2415361374 0.816890703646 4800.0
1654.98099041 -13.160156503 0.476740913823 2000.0
-304.641088274 4.68590705292 0.198979020981 2000.0
-267.135794682 -11.7763959057 0.449842840883 2000.0
-1025.6085288 17.8002984527 0.538816596672 2000.0
1107.98884552 12.6099250037 0.441379510811 2000.0
-1612.32322938 29.4014328368 0.785013412167 3400.0
-7267.70104969 20.6634013985 1.01900764035 4800.0
940.026411372 -8.69664622767 0.352781917114 2000.0
10291.2345172 26.5817314637 1.18325351178 4800.0
5144.75312101 10.5504588352 0.880269389786 3800.0
-932.525315162 5.28832536813 0.198707040096 2000.0
-6651.55135059 0.421388222164 1.03971726904 4800.0
3441.18144348 3.61086006826 0.501895725538 2200.0
-397.448325023 -12.1608355058 0.513033128644 2000.0
-5710.25855716 -21.7789317066 0.911361604273 4400.0
124.411700559 1.56522513752 0.166989020033 2000.0
2866.61534849 -30.7770144026 0.755449896543 4800.0
5946.49749218 11.0805972681 0.738375994207 2400.0
-1653.7085946 23.9498005708 0.69912479215 2200.0
2128.3384752 0.162228594701 0.205962934638 2000.0
-2959.94265381 -0.915973935075 0.303529006328 2200.0
3139.85827905 -5.57190902931 0.387740376562 2000.0
-4553.75887792 -8.68400269466 0.728767910329 4200.0
2093.05471152 19.4204462197 0.783057798988 3000.0
-4971.64917209 -3.44523068662 0.517495394061 2400.0
1158.37579325 -24.3043294793 0.694632926354 4600.0
1710.64037134 -5.25805945007 0.196067853156 2000.0
-3524.81751409 1.0587927085 0.471899451856 1800.0
-8204.78369419 4.17349959479 0.862026419442 4400.0
-5173.4847167 -35.437474534 0.976180808614 4800.0
-2106.1713063 3.1676096415 0.215023522347 2000.0
-3927.60640584 16.4745206786 0.490498927416 2000.0
3849.45636956 6.0942656972 0.527382101746 2400.0
5066.42795777 3.59602818337 0.605571977873 2400.0
-7257.06084743 -3.44827000947 0.798243879465 4400.0
986.597492972 -21.005871352 0.639096879265 4600.0
-768.559907341 -8.23617990325 0.387859091032 2000.0
-4726.8360742 9.80049792443 0.455042473385 2200.0
5396.21580392 -29.1851477431 0.851044989703 4800.0
-750.805786447 -14.1723417995 0.506158837411 2000.0
-2835.38948531 20.3103487669 0.594318145619 2200.0
5966.01722518 5.35889956775 0.759482793263 2800.0
-4892.53822135 19.7575412837 0.689704252117 2600.0
-1323.30351497 20.9431886246 0.555012138525 2000.0
-3187.55551204 6.05548422378 0.271818029854 2000.0
2854.20006892 12.4890012368 0.687491148092 2000.0
-4102.64988061 -1.14374313917 0.498902108738 1800.0
6629.30273419 26.2107143247 1.00441610801 4800.0
-1557.61806385 0.533196397723 0.155671338117 2000.0
-2031.89002494 24.3570032389 0.539635231939 2000.0
-5680.23601206 7.02729523951 0.797261139926 4600.0
5813.6121342 0.118434077805 0.656555337036 2200.0
77.4439828347 -15.3278903225 0.614224408379 2600.0
1150.62920112 5.74620705247 0.278886050219 2000.0
4233.15894795 -9.37255831967 0.615426769058 2200.0
2281.19459572 1.5375993976 0.221501780369 2000.0
4511.36941283 -4.42664997092 0.406561644586 2200.0
-597.10880625 11.5164998333 0.424210431321 2000.0
2637.92406475 -15.0107868245 0.528384141544 2000.0
2175.82716396 -2.64251137913 0.191159452227 2000.0
6042.57138678 -9.78489541513 0.762516812306 2800.0
-9390.05722573 -0.580384259695 0.939376931005 4200.0
-1776.06490089 2.67444045345 0.186661355887 2000.0
4399.42528603 -5.99007383758 0.410278642155 2200.0
2550.57060191 -10.2896065337 0.358706071513 2000.0
-6829.03181898 -19.7935181507 1.26326099171 4800.0
-6070.48078724 0.543025813904 0.780823002153 4800.0
899.445495531 -5.22417306329 0.217277110276 2000.0
-1002.63550225 -5.48810524432 0.298311720239 2000.0
3253.2009716 -4.26984284715 0.366169941009 2000.0
-298.902244619 26.905679216 0.431264316045 2000.0
1243.14051417 -6.0030266691 0.231613943456 2000.0
-4915.2423198 0.679450784303 0.708167421023 4200.0
1059.14233229 -0.326944408277 0.130252958466 2000.0
2103.48236429 24.3674872987 0.64666283131 2000.0
8208.73933468 -24.488461219 0.919790229363 4600.0
-4449.14727001 -5.46666557665 0.757002179997 4800.0
4809.86638669 -4.06473038509 0.586453640216 2200.0
887.39090135 35.7034097169 0.996806659888 4400.0
-3368.58745449 -14.0697393301 0.644279066363 3000.0
978.809572345 -3.01208170542 0.142247906482 2000.0
24.4335907857 2.54823515093 0.166997100742 2000.0
2.45088559134 -21.6988164934 0.509069851281 2000.0
-1705.64764285 -19.1027725512 0.677299176737 4600.0
1463.23224575 -6.38515475538 0.222797350805 2000.0
-4839.83024728 -19.5879177184 0.95452557396 3800.0
2636.65361448 3.23116213724 0.307036702306 2000.0
-2679.93431444 1.15423128239 0.284405663025 2200.0
1816.77913187 1.02842639305 0.186690658573 2000.0
13769.477393 10.5047765687 1.01115988501 4600.0
1522.46302917 -11.9399416257 0.426386308175 2000.0
-3701.95350764 4.90195990196 0.372397893832 2000.0
-1376.37654011 1.52331881299 0.141834551027 2000.0
-8866.70714678 -2.83780546787 0.936703480247 4800.0
-6155.61283195 7.02266346531 0.910513780187 4800.0
9838.39729935 10.1292359902 0.980486408165 4600.0
-5425.04665538 18.351660665 0.839008355644 4600.0
-4982.19435683 30.4037758018 0.917635831963 4600.0
-5229.42842062 25.1433427706 1.04947085471 4800.0
-1550.72004708 -2.99325964493 0.221452695315 2000.0
4528.4083362 -10.5911381291 0.618004379547 2000.0
-3066.486432 9.13552387522 0.326714426601 2200.0
3592.47229416 12.7302385978 0.448342444068 2000.0
3971.59851049 -10.5683617745 0.482722541575 2400.0
3195.10376755 -1.61651262151 0.238587075629 2000.0
-4536.67483079 7.69360477436 0.741285513624 2200.0
-518.194225412 1.38971716302 0.0992790526193 2000.0
-1125.87529255 19.1526430563 0.694355588761 2200.0
-2099.01064273 -1.57761472423 0.220377336731 2000.0
3429.13734135 -21.130599645 0.663522462296 4200.0
4574.65648279 22.4421616815 0.946629894674 4600.0
-2287.13040235 -7.47031214885 0.469623343868 2000.0
2658.19865276 -18.4797539287 0.613285157235 2200.0
812.730976246 -1.35577610412 0.131243062299 2000.0
-851.417569666 8.73129434344 0.347218667928 2000.0
3785.53855533 5.34103788743 0.45768345857 2200.0
-296.367246031 -24.5040351561 0.697826124172 4800.0
951.11342274 4.02975208648 0.202702318654 2000.0
-3802.66071541 8.38461361807 0.44165187943 2000.0
-2037.88335204 -2.5873339441 0.272308504595 2000.0
-3880.86165974 2.27257686406 0.308609864777 2200.0
-850.402833033 -8.59066067738 0.318400501899 2000.0
-1182.70216571 1.18303392453 0.159857302345 2000.0
-1006.46902691 7.99498587974 0.25028565446 2000.0
1208.4759386 13.1418488936 0.556981155091 2200.0
1094.96032704 -14.72998667 0.464241204186 2000.0
-767.845287932 -1.93237641746 0.218261532967 2000.0
4013.27742119 36.439628415 0.983955034584 4800.0
-3121.69541635 3.21662292429 0.213228593383 2000.0
2315.28779424 24.2999438806 0.638916612258 2200.0
518.887532291 -7.02436600823 0.271165043945 2000.0
-40.905523534 -1.20508034524 0.103065836909 2000.0
-9897.62610872 -5.19637432869 1.00762548051 4800.0
3739.8698632 -1.49584515751 0.386616538888 2200.0
-3127.22747961 3.58088375083 0.29923189185 2000.0
-1194.01550633 -8.52549033736 0.425750316237 2000.0
1813.81002381 17.4197575641 0.426106378201 2000.0
6897.65419445 17.1972351857 0.963486994107 4800.0
2648.45326222 22.3991092079 0.406541263619 2200.0
6414.89067654 -6.95508199831 0.828521025834 4600.0
3403.21797757 5.01260987406 0.431525748359 2200.0
-4061.32504463 -6.16779074377 0.744641968776 3600.0
-8622.87827092 -5.58815447869 1.34821374554 4800.0
-5472.48043118 -3.48994784477 0.659917102995 4000.0
-1494.23071117 40.5517276677 1.01707069352 3600.0
1534.68484478 17.6355221873 0.533371500559 2000.0
-288.48468569 17.4185470268 0.60464066892 2200.0
8088.51981826 4.66023445463 0.969638824247 4400.0
-1270.43217715 -30.2284753474 0.677908404501 4600.0
5642.84780473 -13.8105837581 0.760540007204 4800.0
-9395.20060737 10.9644106002 0.935065211932 4400.0
-5376.37783453 9.02079478801 0.778065020188 4800.0
5008.86008734 -7.63428865714 0.550554170687 2400.0
2820.9788645 -21.7239449876 0.676677007393 4800.0
-2467.6884598 -11.2138970957 0.55945124985 2200.0
-6310.89766657 26.8171167081 0.911771272523 4800.0
9998.05943148 -9.88354572666 1.35113258332 4800.0
3931.52419634 -32.7582924655 0.762097464278 4800.0
976.556990808 -9.43923506208 0.364027350649 2000.0
1769.93960486 -31.6009096168 0.738675031851 4800.0
-2634.23944183 -12.184774986 0.557279774392 2000.0
-4604.09747333 22.0002290013 0.810619715112 2800.0
-4655.93044961 35.9042629846 1.07765330949 4800.0
-1173.32149947 33.2242338564 0.835023343297 3600.0
-4575.72086007 -4.90485248051 0.718132389161 4000.0
-3233.2405901 -15.9969139411 0.764774183782 4600.0
-8727.81537755 7.0868121831 0.996036604748 4800.0
9005.37696137 6.25594065687 0.933228704328 4800.0
2397.12235155 13.0148641066 0.618390986629 2200.0
-879.547974731 1.23199625874 0.0612444368847 2000.0
1607.71670649 -15.0840041134 0.364316284323 2000.0
-484.413470199 11.1528114072 0.344208353653 2000.0
5173.05361383 35.6387652522 0.791868618516 2200.0
-5067.73924819 -2.66195858334 0.718451877462 4200.0
-3235.47575223 -5.44784119853 0.535308535721 1800.0
4068.94665628 -19.046828453 0.608105158634 2000.0
2917.05245419 -19.6299943898 0.570407262631 2200.0
1329.84143767 2.68951018713 0.204621556036 2000.0
-3492.31113874 -7.33994973566 0.485794083544 2000.0
-3903.33098951 -11.8683777495 0.698853360014 4400.0
-2604.31547462 9.28455493458 0.322271454075 2000.0
-3381.41318697 1.90814504204 0.423104757021 1800.0
3938.62375575 11.7474241572 0.734764775766 3200.0
-1151.56080266 -15.2965341054 0.632906732917 4200.0
956.844289942 -10.700055173 0.312721923013 2000.0
2574.73365783 -7.93927425009 0.292033760026 2000.0
-4399.53532732 -9.54849892666 0.556394017471 2000.0
2262.52882903 -0.213811696789 0.208093578028 2000.0
-1689.54994174 -16.0168346911 0.640634086523 4800.0
-6974.81425698 -28.6167130528 0.857030566736 4600.0
-688.851495105 9.37006860912 0.351441543986 2000.0
-1291.58897605 -5.3480798419 0.329159563903 2000.0
6144.77429257 -13.6428113556 0.75579483426 4800.0
-2453.10228051 11.8346192404 0.440649228806 2200.0
3884.54354758 -7.72064915229 0.439308506549 2000.0
-4124.53775944 -16.6776372893 0.680265206326 4600.0
-4099.08840229 -14.0794462294 0.739696741557 3800.0
-9423.50834201 17.3708194232 0.975518608592 4800.0
5315.6798937 -0.98815145539 0.627349494043 2200.0
-2358.64453271 -20.6417659248 0.6605628703 3800.0
-5296.74335211 -16.8180659207 0.791342185589 4600.0
-678.04248218 2.06970371304 0.0876256956756 2000.0
-1157.7399729 18.5181496746 0.66856824806 2600.0
-119.683917193 -6.57429421036 0.252387573946 2000.0
-89.2997905119 31.317295749 0.914796336305 4800.0
2564.73037814 23.2169092108 0.658045103098 2200.0
1696.71912368 11.0495412898 0.497244220341 2200.0
-1369.50873253 -39.3269100617 0.974570731207 4800.0
-3167.68211637 2.98773402079 0.261575584301 2000.0
-2350.47717184 -10.1440956478 0.3563202606 2000.0
3190.96368346 28.3194865219 0.79494491681 3000.0
-4297.39651507 18.5813214719 0.793609683157 3200.0
-359.135308633 5.93475300759 0.124983310564 2000.0
-9288.01087816 -2.95608307373 0.949478942913 4800.0
4764.05406252 4.22563262919 0.63286608678 2600.0
-3315.31651185 10.4718839214 0.38423869212 2000.0
3405.51746415 14.3819197905 0.802534948329 3600.0
515.256350986 -7.26946173849 0.278981780947 2000.0
-12014.0296535 -6.7776018147 1.13178430892 4800.0
6252.62784635 10.5973387978 0.923565713407 4600.0
-3426.07647312 -1.60221853826 0.352539059665 2200.0
