-6885.84420239 -11.760595613 0.778783220036 1400.0
26.332052707 15.9072037056 0.507645608528 1800.0
-2623.14701806 -5.41251454711 0.354179010153 2000.0
-1912.99473725 10.5053712936 0.337022151311 2000.0
3389.88676943 21.6829114302 0.812174599574 2200.0
-4293.23682016 0.609007281696 0.530261417918 1600.0
-10351.0671856 32.9137785186 0.930743988038 2000.0
-4781.23524797 -14.9648488931 0.626467067788 2000.0
3797.17931449 -6.13178065581 0.470674298133 2000.0
-1052.15238968 5.47291730671 0.335846881812 1800.0
-9477.69212224 -41.101703163 0.889320692062 4000.0
7148.30006959 -10.3139253503 0.787407503606 2400.0
9005.96736185 18.9121774562 0.927051326538 3200.0
-25.678543834 8.66788604567 0.432083530006 1800.0
-4720.40501907 9.84528238089 0.562968812031 1600.0
488.722431008 9.34140160687 0.362566963776 2000.0
-1251.54403873 -18.1603746352 0.596964499672 1800.0
-5635.00547712 -1.20629276193 0.63495402472 1200.0
4288.29072267 1.01430718129 0.609058381422 2200.0
2759.47500941 4.0591237592 0.418339476676 2000.0
-938.709133407 -0.324970416657 0.289217787463 1800.0
3472.98652353 28.6276204052 0.786741786645 1800.0
2393.13538898 -7.314301285 0.383811579548 2000.0
-2601.58590825 -0.864608793945 0.292590338246 1800.0
-3726.07453192 3.68934070582 0.359024118317 2000.0
-11445.8420651 -4.04464096389 0.948536479293 600.0
-10563.9943381 35.6527207226 0.994852153959 600.0
-4298.0914967 7.13126437402 0.533461291021 1600.0
154.710927661 -0.251000662057 0.295108866622 1800.0
-1619.92526356 -26.9225542987 0.693225836178 1800.0
3927.36878452 16.5837398059 0.74301245203 2200.0
-3865.7156093 -15.1818915208 0.503148418957 2000.0
249.966915261 -10.3356486731 0.363190526124 1800.0
1487.39618693 -11.5533061939 0.414401689243 2000.0
-10188.2604526 -23.3904705094 0.96415400766 600.0
24.0198023454 4.83437901864 0.341756192169 1800.0
489.999191488 -26.9674549196 0.667608322463 1600.0
-2564.41321759 10.5505593544 0.402391267179 1800.0
-1525.50394494 25.7746071721 0.714645897511 1800.0
-3543.15261794 20.2653155115 0.418664666146 1800.0
-1218.60551067 12.7548649428 0.482648394174 2000.0
-2640.5700065 9.95083760905 0.355507430431 2000.0
6286.59494037 5.73525534146 0.795601251001 2600.0
-3655.9307443 9.13305842133 0.451323670367 2000.0
-1932.72555898 8.39955215528 0.333668256363 2000.0
6587.34730841 -16.3794304064 0.823172665448 4600.0
647.869415355 10.2699263231 0.43479899059 1800.0
3147.27592435 -5.3994117606 0.36563183962 1800.0
-902.163421033 7.45349320855 0.38369137807 2000.0
-4313.68490894 8.74083311192 0.457161141469 1600.0
2449.88588557 13.9423863322 0.613337322788 2000.0
-3008.48488245 10.2804234833 0.400639811193 1800.0
-5625.05760342 -3.76693787608 0.636901123091 1000.0
-2395.35902229 -5.59863765488 0.348727111784 2000.0
-17.7822967384 -10.5197850235 0.37031950783 1800.0
6599.23634438 10.6310773175 0.817617295032 2400.0
1125.74801801 -5.0713294649 0.316186689908 1800.0
8396.97426731 43.1919084077 0.913465871699 2000.0
3314.79401745 9.9255125351 0.561871955257 2000.0
1420.1264876 -11.4472368557 0.416084815714 2000.0
-3629.23210935 0.922216635457 0.340010840102 1800.0
7338.80814065 9.20667790596 0.859009481062 4600.0
3437.52822327 9.31867463833 0.60883323456 2000.0
-4700.47599353 4.57501024163 0.540045735791 1200.0
-3604.46259582 -0.737962123738 0.399657797612 1600.0
3032.99572673 -4.21413268629 0.352433458763 1800.0
1569.66518956 -5.90604985973 0.329345978444 2000.0
5118.79119829 25.6881285578 0.915909453419 2600.0
-378.140410391 9.68181444748 0.434092912097 1800.0
-6567.85933856 4.25098374375 0.73582833105 2200.0
-3607.8914273 1.33238707871 0.364423680004 1800.0
4139.93743566 5.64224779747 0.630541079877 2200.0
-968.800666034 1.30782397202 0.270363890123 2000.0
-9502.58079966 -17.338957769 0.960940155922 800.0
-3662.13904461 32.0637534436 0.853886860777 2000.0
3112.03095336 -12.4488699489 0.554598001319 2200.0
-1693.0907667 40.2132031131 0.753321479132 2000.0
8499.22517191 19.3791824901 0.984583350922 4800.0
4128.17723749 -8.3713822865 0.416790978036 1800.0
-5681.24941906 23.0786055995 0.791684529838 1000.0
3477.4223079 2.40751300595 0.476926924352 2000.0
6012.13063752 10.5408367984 0.793522626394 2400.0
344.967652923 6.11426354401 0.371960987809 1800.0
-3.2696957005 9.75346287786 0.376047812995 2000.0
223.606742653 -8.14000040312 0.375686812019 2000.0
-3779.68076942 -1.54942622242 0.365882137912 2000.0
1485.77620857 4.06134896805 0.367746152683 2000.0
-3301.17009259 -10.4073326239 0.530325912514 1800.0
6065.29132256 29.6652546109 0.925551245022 2200.0
-226.293011236 10.01506321 0.413378933575 2000.0
-3479.16753253 28.9747823681 0.804695614596 1800.0
-2601.42282923 16.4925914716 0.592719097548 1800.0
573.31296476 -4.8943027577 0.294471230593 1800.0
3102.11855854 -3.75368368931 0.357861686006 1800.0
362.361670625 -8.77160531967 0.390776395116 2000.0
557.864060889 8.48391637523 0.433278429964 2000.0
-7468.65819733 -13.0016496071 0.820537083655 600.0
8342.80837624 10.1288873461 0.906474877703 2200.0
2835.42524157 4.75556928559 0.426636570599 2000.0
7007.90006389 -6.05004379468 0.841659906495 2000.0
2586.41907724 2.09940382853 0.376150547226 1800.0
-4682.89976981 -13.1932661843 0.580555234348 1400.0
1646.67912219 -19.8021732187 0.552818040998 2000.0
6005.4771788 0.476239227146 0.758300076114 2600.0
-7714.44766225 -3.12192555635 0.806098913594 2600.0
-3838.84272611 11.3974202758 0.466160688619 2000.0
439.262104417 9.19421404701 0.445944437691 2000.0
10355.6513356 19.0775819609 0.982486473295 4800.0
4592.14780964 6.90607509322 0.654803939909 2200.0
5461.0758421 -21.2531731657 0.749081968065 4800.0
3526.8445048 -9.86147668834 0.493811806113 2000.0
-5865.13754253 21.0704529195 0.799797962709 800.0
-2566.85376787 16.5829083564 0.499633746997 2000.0
92.1399465324 -18.9660134342 0.581344437772 2000.0
1877.28583465 -3.68935051782 0.316452166134 1800.0
2082.29612968 15.7950847134 0.649660693871 2000.0
2091.9060522 13.2792078183 0.485079203602 2000.0
-908.403970472 27.8891831245 0.80970161857 2000.0
8010.53335514 -11.6362105502 0.873339761982 4600.0
785.618829418 4.95926616184 0.369275850898 2000.0
-4248.70620981 0.367110562694 0.420233785629 1600.0
3618.10530733 15.2400727688 0.646205331046 2200.0
2611.45225298 12.3466229229 0.654249324602 1800.0
1794.56816871 40.3029710687 0.842474408834 1800.0
6013.04850755 -21.8630711264 0.798463082213 4000.0
5252.62230608 16.7545522655 0.925152566235 4800.0
3505.80042673 -3.43278121339 0.37898498641 2000.0
-5510.25104508 13.6607218979 0.743443603928 800.0
-4747.41603588 -16.3359759132 0.678280358398 1400.0
158.79069337 11.0530957057 0.468385641266 1800.0
3649.2514706 12.1994298897 0.560613631895 2200.0
-233.480541372 -2.42142227242 0.277570756138 1800.0
-4171.37274072 -10.1307132385 0.576773069408 1600.0
-6269.29937754 38.0341535086 0.860216911124 1000.0
7907.34184913 -20.8062985538 0.905167474189 4800.0
-1025.66786949 -1.1426125978 0.301907104645 2000.0
-1810.50265112 3.12220411939 0.300749946929 2000.0
-1476.70717604 -12.402237021 0.426277253389 1800.0
-1943.96141354 -2.31443420623 0.304177618955 2000.0
3793.27251637 -15.2227295763 0.571787173644 2200.0
-6910.32646131 14.2929369589 0.711243658517 2000.0
-7078.97425864 -13.3338287095 0.794522834914 3000.0
-4288.04073952 20.0817770743 0.558704862907 1800.0
1000.88886237 13.6069683658 0.550103093964 2000.0
12585.2997304 24.7131313445 0.996343149358 4800.0
3256.33952726 -5.85240242915 0.46095110063 2000.0
-6404.11774105 14.2311577854 0.732200149219 2400.0
-4535.60634731 14.130803504 0.662483210555 1200.0
3341.10295007 4.20096278538 0.457870698996 2000.0
6756.08106843 2.360793372 0.805705971241 2400.0
-428.06911509 1.74569264549 0.294559352929 2000.0
-8315.65752447 12.746238266 0.935244539907 4400.0
-2936.41640113 0.483281926942 0.294157717003 1800.0
2944.91902501 -13.9937547753 0.409434078907 1800.0
-1499.61854457 12.7285693415 0.37440230797 2000.0
-2462.8441966 9.95816412061 0.371597889127 2000.0
-126.051097721 18.2411819811 0.465078808808 2000.0
-3414.23025296 7.30307656189 0.336007800506 2000.0
2152.55793357 13.0914311188 0.524015472582 2000.0
-3947.02202808 -3.91812621824 0.40271296449 1800.0
5857.47954914 2.7965546435 0.783007839479 2400.0
-416.923564246 25.9059432534 0.785628449937 2000.0
-4588.06419746 -2.02078754209 0.546605136967 1400.0
-907.606096692 -2.3231756928 0.297161603326 1800.0
6448.53778834 8.55800116797 0.921835791136 4600.0
2122.04185791 -7.19293200807 0.33043329302 2000.0
-317.458139149 4.65072490158 0.332871369563 1800.0
1644.38867108 -22.4590190643 0.626437721875 2000.0
4954.74768507 -18.1775422448 0.685245730137 2800.0
-3041.72116993 -14.0556532934 0.547438233689 2000.0
-3524.79115399 -4.28236474815 0.407036082303 1800.0
-4479.44152281 -9.2833444515 0.597437331706 1600.0
-1234.36180584 -4.40188722998 0.283248991525 1800.0
-2346.73541582 -32.5342437755 0.727896065747 2000.0
4954.95828376 6.06187439669 0.650835842753 2400.0
3407.81921293 7.11279660408 0.46514836745 2000.0
3779.49066268 0.77162379695 0.490084081765 2200.0
-648.956661977 0.792122385333 0.293066963185 1800.0
3846.34853653 -10.8797807829 0.50096181869 2000.0
-5710.00909298 -16.5793243618 0.714950393416 1000.0
3038.59886481 -4.7588055191 0.388428692887 2000.0
-1728.72189077 0.777457950928 0.295019568134 2000.0
-5897.64198381 -5.5006850798 0.708037645291 1600.0
5571.91558619 23.7597385649 0.791715233532 2200.0
4528.3119585 3.29501352555 0.548212792656 2000.0
3343.37473156 14.2351485468 0.589728803452 2000.0
-4683.3290205 1.39875039505 0.517711022892 1600.0
-300.133513279 15.9591440958 0.445832991858 2000.0
-5433.66353731 -2.09555883686 0.619121005813 2200.0
-1810.50995077 14.7897391842 0.54977920465 2000.0
-73.9577023538 -13.0176145623 0.402146529234 2000.0
4862.67908823 20.3667755339 0.669582240827 2400.0
-9972.76138321 5.47892149146 0.888915078757 3800.0
-5999.24695171 15.790304674 0.714661086159 2000.0
-5719.33177074 -4.65769598689 0.665188105658 1600.0
-7293.52990609 1.60349806774 0.807994137865 600.0
4617.02492781 -30.3845912322 0.790271094501 4800.0
-6752.41924737 -4.2227316677 0.725239088444 600.0
-4505.7082379 -14.4767169991 0.64076212148 2000.0
5348.42254561 14.3454841177 0.744440154901 2400.0
-2093.52248551 -6.11139897354 0.354406837674 2000.0
-3845.86616964 12.7903802448 0.433714672915 2000.0
-1124.22578384 -3.85692069758 0.299651011508 1800.0
4890.4622191 0.0698499204975 0.602491858295 2200.0
-3796.0537787 -18.9736203437 0.668488630312 1600.0
-772.022971271 -10.5088951062 0.392716821827 2000.0
-3058.49097826 2.7531278254 0.296330498145 2000.0
-479.023475013 -13.0804413949 0.450472019792 2000.0
-1498.09860476 22.2531962084 0.677235879052 2000.0
-1431.72698758 28.408098079 0.829216706576 2000.0
-1879.31649778 11.787451129 0.381691638405 2000.0
-928.570249299 -30.6312571397 0.745969282353 1800.0
10651.2187364 25.3408571406 0.953557337002 3200.0
-1393.9838467 -10.7035612519 0.357707766835 2000.0
6595.87601888 16.1390140331 0.772771290435 2400.0
711.168519248 1.1547754023 0.313193813274 1800.0
8303.75405507 -19.5313522739 0.892110140882 3000.0
1788.24546128 -23.9509066174 0.551011228337 1800.0
1187.90665582 0.269355423013 0.325562351568 1800.0
-2638.08705604 5.30251266672 0.317003523949 2000.0
6760.84921918 9.274164558 0.817967594685 3800.0
3706.76898283 -25.6776603944 0.638192076326 1800.0
-44.0189031072 -2.88297396034 0.278908819857 2000.0
-3686.95582608 -21.1103075092 0.668887726359 1800.0
9423.85877681 6.21587199684 0.949070033317 3400.0
-7540.47450289 -4.69196866688 0.787457456739 4000.0
2475.11096856 5.62626144052 0.448812570736 2000.0
6754.48920984 -3.14323052858 0.850716026129 2400.0
2050.50340714 -14.7777141257 0.46869648001 2000.0
5490.44404757 -7.15403881129 0.621979026687 2200.0
-1984.71427454 11.9676607123 0.475233485039 2000.0
-2126.51382552 -28.079142461 0.693052089792 2000.0
4936.09690147 3.60817657157 0.59974798868 2000.0
-1392.18241166 15.2946144747 0.584678178268 2000.0
3885.85590412 -1.78145279184 0.424315864713 1800.0
-3409.58028537 1.55877674466 0.297427014841 1800.0
7174.86657362 11.4966458844 0.868028158064 2800.0
2046.72376032 -0.631575152471 0.315024081541 1800.0
8787.21042793 2.23808326051 0.959463271161 4200.0
-8779.43481695 14.1547405361 0.952719327912 600.0
-5135.46948234 -0.67336007672 0.593312185379 1000.0
5538.52046785 15.1523654944 0.841348677592 3800.0
-561.787827037 -33.4502136919 0.771797052742 4800.0
-4746.62273607 5.17068131002 0.460450804197 2000.0
-693.415786531 -4.16922387888 0.300091768544 2000.0
-2773.43225479 -11.1386312522 0.510296205074 2000.0
4121.76333569 -8.73564260698 0.473072833853 2000.0
3686.48898724 -6.77387133366 0.475550646911 2200.0
-3315.20648125 10.7443888375 0.418863146314 1800.0
-7956.61737377 -12.3721621633 0.808659970369 3000.0
-3812.52372759 22.9088659214 0.725804015635 1800.0
-3826.6216603 3.84149198018 0.369113253377 2000.0
459.659854587 5.03502659655 0.358864581188 2000.0
-3629.6570998 6.11162544881 0.373831325234 1800.0
-4484.38496927 3.14858589775 0.499594449182 1400.0
-515.952727238 1.96733766143 0.295258642688 2000.0
9677.17332289 -12.5742317636 0.941560600685 4200.0
5159.94833195 -10.7172114897 0.427363629586 1800.0
3854.33736849 -25.9941545144 0.703603751597 2000.0
491.519041763 -24.283099596 0.674482593383 1800.0
2106.7161414 -9.99472782054 0.384698854821 2000.0
-2896.73222803 -7.84526578269 0.464532068925 1800.0
-4738.24264216 11.0914568779 0.548439356796 1400.0
9701.91724285 -10.5797766265 0.964051851303 4600.0
-1641.33439995 -23.7582678486 0.683259705577 1800.0
3083.22491186 -15.2986484474 0.517452221636 1800.0
-6148.6559908 -3.4989625741 0.718208382359 1000.0
3202.15323715 -1.37755119801 0.350748875346 2000.0
-2002.1495302 2.1707052272 0.288070901665 2000.0
5251.43040587 16.587308353 0.816747905402 2200.0
-1865.96627883 0.971609932607 0.296187030837 2000.0
1596.9752442 -2.58564510384 0.324102572336 2000.0
-1483.14244642 24.9024371879 0.465017987495 2000.0
1594.44820151 6.7174153009 0.430966172459 1800.0
4071.08018094 4.94431366749 0.524756749231 2000.0
2080.08728381 7.53448941613 0.425195891948 2000.0
7313.70692062 3.75633274367 0.84125361967 2600.0
-1438.42855145 29.6462687904 0.791187937593 2000.0
-1791.0642463 -8.25182603147 0.371457639105 2000.0
1214.93179547 15.5289516439 0.395052262562 2000.0
367.411630418 -19.5546844155 0.60063257266 2000.0
-5257.96039589 -8.78038538528 0.63725373376 1400.0
-755.321924458 11.5558312846 0.485276868021 2000.0
3969.42538295 -14.9242717162 0.495476372452 2000.0
-3496.61180894 -10.9399761335 0.544466338873 1800.0
823.881337985 21.4289551608 0.686053650081 2000.0
-5047.64166011 25.9971949025 0.586282241442 2200.0
-697.499389853 -16.3154297538 0.521214341376 2000.0
-894.544383963 15.711400518 0.584472714625 2000.0
-6820.85358991 0.574781954871 0.802731402739 1600.0
-6445.98060163 -8.15385530227 0.751174782644 800.0
-625.372628378 -9.18506681882 0.364375407582 2000.0
5773.76293902 -7.12433696837 0.771110230313 2600.0
2946.40699354 -3.33532531441 0.35204727887 1800.0
4936.12127629 -27.5406083229 0.77248965888 4800.0
-2222.47986876 12.0988905347 0.394700175449 2000.0
6302.59698082 21.695064282 0.881743088167 2200.0
5814.64882568 -1.54614114731 0.609440259073 1800.0
2366.76370848 41.2317566275 0.877828300689 2000.0
3672.12332383 13.7829966021 0.592314617094 2200.0
-2126.29554761 1.34424144054 0.264688910951 1800.0
2761.21232258 -5.12057845927 0.34399658574 2000.0
1187.70266194 -43.7043919186 0.870809325369 4800.0
3140.05928904 4.13394943179 0.397374384901 1800.0
44.2016017769 1.34289819711 0.299736995612 1800.0
934.508453403 37.3132865444 0.884519253295 2000.0
-5244.42366147 7.67930055139 0.696423957734 1000.0
-1012.01334811 23.7098475159 0.684151688686 2000.0
4316.41257814 2.14443550327 0.520391409312 2200.0
-223.39070771 -34.4689851922 0.789243674569 4800.0
-1585.90477946 -6.4128754383 0.310550133257 1800.0
2842.73248283 10.1991631091 0.511264058102 2000.0
-1368.40027695 -18.2403873388 0.584264098185 2000.0
-2387.78413849 -3.25901209585 0.332863360611 1800.0
-1805.03686903 -15.8456288496 0.532807057833 1800.0
-4533.99149691 -6.00199817142 0.552285043658 1600.0
-2036.92732775 -5.03814790568 0.316697857079 1800.0
14190.3518121 -6.35302413302 0.998742444918 600.0
2364.81942688 4.48636811826 0.41534380038 1800.0
-390.710676791 -4.49813206669 0.278854062088 2000.0
-3021.72976978 -0.281576185552 0.307354115888 1800.0
1189.68020647 -21.5610495421 0.630139085875 2000.0
-1007.17967013 19.0570786104 0.392579924221 2000.0
-6260.25726016 -6.83158603839 0.732431355018 600.0
286.591003739 32.551530612 0.883578140345 3400.0
4842.64568376 1.20517818248 0.558308842613 2000.0
2319.1944403 -5.13351807771 0.342444203775 2000.0
-3198.33328571 12.4135682093 0.473790815134 2000.0
-4560.42134161 -11.3835430044 0.636270302092 1600.0
2339.22310575 19.6265647696 0.565168164957 2000.0
-888.292532669 7.06935809573 0.392258655843 1800.0
1041.77477887 8.37783064617 0.42728980259 2000.0
-651.556190494 -4.07818278316 0.307096216268 1800.0
5469.94408108 -12.382740291 0.552238822255 1800.0
-3284.2604891 -35.2964478165 0.707404127761 1800.0
2659.15190466 1.88456894902 0.392176815321 2000.0
5143.476869 -6.75159269277 0.612188233105 2000.0
-3432.38097237 -9.6481479464 0.491886377091 1800.0
-4589.82623167 18.9886520502 0.649617265359 2000.0
6001.56553856 -8.42133045573 0.7758953748 2600.0
2551.17800802 11.0130477702 0.437111868978 2000.0
8755.40952311 4.72309525125 0.880374680951 3000.0
2627.35815657 31.8093022989 0.848084899227 2000.0
-1746.74982801 15.0740014553 0.480769163782 2000.0
3136.42994486 28.1958361436 0.848898556435 1800.0
922.978836884 11.0978186514 0.43914083599 2000.0
1304.49431637 8.99359185442 0.436625900758 2000.0
-7556.50523365 -7.7879522337 0.829880515717 600.0
-445.161830353 -18.6982576606 0.546947598129 1800.0
-162.925024962 -24.2860104326 0.657017838662 2000.0
3356.45196011 21.0207012783 0.808802224541 2000.0
-5306.86706348 11.9971001686 0.622222063106 1800.0
6073.60533526 27.6194180195 0.922252840738 1800.0
-4248.56813406 14.2683798187 0.435543767092 2000.0
-271.956790936 -19.6951653613 0.58720437272 1800.0
-4584.94345905 -5.06782709064 0.536763443981 1400.0
-6726.7820456 17.4056452206 0.795576768007 2400.0
-5827.59969068 -6.99575830836 0.688268125607 1000.0
10619.7377995 -16.6455545141 0.984256737385 4800.0
9064.81167248 9.12615848622 0.924222554303 4200.0
1506.65145853 25.1303960547 0.473707269698 2000.0
8850.86028312 -15.0808932712 0.946698674976 2200.0
-2437.33618921 3.53992519277 0.294506496622 1800.0
5588.59356848 -3.36018705706 0.72370605891 2200.0
469.634636587 7.76242854654 0.399181479967 2000.0
2654.23864911 -12.2151494239 0.415688681627 2000.0
200.901029744 18.753063281 0.580364371768 2000.0
3849.99193798 22.3642291991 0.610081949651 2000.0
-3746.72380625 -11.8612062017 0.475993240699 2000.0
-13180.5262796 6.53788824075 0.953559765142 2000.0
2589.45510829 -21.1829693588 0.624923640951 2200.0
-3413.780833 4.14189616433 0.333501431587 2000.0
-1967.15814182 17.1794673486 0.426203196837 2000.0
-1539.6867386 -5.32382423378 0.340192871165 2000.0
7908.81264232 2.89482460053 0.937380813091 4800.0
-2447.9331975 -3.61106952416 0.307462282803 1800.0
4472.44348461 -4.24275531918 0.599234727071 2000.0
3591.85911145 -10.1698639024 0.506066756425 2200.0
-105.103526505 15.8829511989 0.582575066449 2000.0
-565.610938301 13.4649158324 0.495093811304 2000.0
2717.79037578 38.3106593021 0.846767378393 2200.0
9701.45597698 -0.834685635899 0.96673229504 4000.0
-7705.02145739 15.2954563754 0.808610822248 2400.0
1168.88832855 -1.3320643566 0.28312557767 1800.0
6934.7130992 16.9983647357 0.814364894947 2400.0
-1028.03513444 -27.5813252773 0.708363741132 2000.0
4168.49710952 6.41451835362 0.623947215784 2200.0
7782.06411086 12.1429723026 0.924827214026 4200.0
-3818.77787543 12.7702257442 0.466628365291 2000.0
6758.92115821 -13.1505230659 0.831233421138 2400.0
1572.37971379 -13.230848497 0.468308798913 1800.0
-6091.22799136 1.44785129902 0.63874856834 2200.0
-3943.35045952 -19.8213774688 0.719952801111 1600.0
-4767.43139474 -10.2248789351 0.589301162141 1400.0
326.320130007 -19.3171726789 0.502164109399 1800.0
-6618.68376417 23.7470702842 0.946072136478 2000.0
7387.12808189 -14.1370038641 0.851585032724 2200.0
-2779.67580257 6.93797949379 0.351542641536 1800.0
8108.79742549 -0.861402059235 0.885595619842 2600.0
-1357.49747337 -18.9197754764 0.528233068968 1800.0
-1722.98051326 -4.8027646011 0.339107899899 2000.0
8787.2677806 -2.88738041654 0.91147156122 4800.0
-3514.98851087 -4.22451505842 0.428045476453 1800.0
183.13342918 20.8007673689 0.475741745345 2000.0
-5066.35254688 8.02667372022 0.5964813901 1000.0
-6627.89306825 21.9079981521 0.815296242 600.0
5879.95501369 -1.82645501019 0.698563351458 2200.0
2397.59201907 -5.65005728615 0.318755070876 1800.0
4132.87701487 5.45874441249 0.543251324278 2000.0
-4734.57579395 1.0703421908 0.488653839985 2200.0
8940.21338802 22.6186364579 0.985455064728 600.0
-726.633687634 7.41894446858 0.33930392569 2000.0
5800.95060304 31.9508489875 0.818501965038 1600.0
10650.3301254 -12.727777842 0.953275646542 4200.0
266.652837792 -14.9357935858 0.397976517496 1800.0
3608.40469145 -18.3137849396 0.569534451579 1800.0
-4241.29236368 -8.68551567678 0.541103008806 1600.0
1550.02357929 14.5336317846 0.522427519602 2000.0
3693.05277944 -12.2163284537 0.401238411605 1800.0
-11729.0874244 6.3923782317 0.956910993841 1000.0
-8659.7983168 17.2699321768 0.901215674607 3600.0
2915.43668539 -3.03046194634 0.393921900572 1800.0
6697.27729014 2.52955356562 0.789999237041 3400.0
1144.98256238 15.4984700424 0.575735253305 2000.0
2091.84142207 -0.502400365002 0.328067606467 1800.0
-433.947116839 -5.15458883749 0.289891916176 2000.0
-3282.13294054 14.7221587247 0.542306613338 1800.0
-5562.47185841 16.9189883952 0.662349678333 1800.0
9300.22111839 2.38351352124 0.970415978855 4800.0
-1357.93864975 12.5524180024 0.479670307742 2000.0
5156.84907057 -2.05890151715 0.640139606009 2400.0
2146.00223635 9.06904933088 0.482647097364 2000.0
-5364.98764917 -22.8255306946 0.769021495302 4000.0
-11531.7866556 -6.59772283133 0.963052916073 1800.0
3373.8564138 -22.480395968 0.661924415361 2000.0
1642.45996814 -14.807578429 0.444476462394 1800.0
5428.65773789 -5.4526208333 0.737647204033 2200.0
-3143.67191029 30.3122870881 0.498645153933 1800.0
-6589.24060291 -11.7420934272 0.772614500813 4000.0
-5713.88015556 24.2456109831 0.762983011229 2400.0
1133.41147742 9.72233615068 0.401805861747 1800.0
-6254.58654633 -15.1820346532 0.725384204514 800.0
-2763.6321735 -0.0467561970031 0.29595842799 2000.0
-1181.99472322 -0.755946559383 0.278009993643 2000.0
295.706117257 -10.4045876064 0.345048539427 1800.0
-2512.53055522 -10.8739449333 0.465437394829 1800.0
2558.79655572 -9.25668516324 0.359292428259 1800.0
1967.12905833 32.7090626364 0.780895533057 1800.0
3346.80686413 -7.00616796883 0.468437940284 2000.0
4595.66776513 -11.0445851196 0.633198586451 2000.0
-3524.54618107 -3.4783897189 0.380549470585 1800.0
-713.890256624 -7.88652577645 0.338720719 2000.0
-3957.34675487 -6.74888153536 0.466892536268 1800.0
2577.5126498 40.8026698975 0.912547151055 3200.0
16821.2282944 -7.95587405547 0.996002410661 4800.0
1127.82303552 -19.6732818737 0.579121843622 1800.0
2342.41126998 -14.2457849654 0.464190125715 2000.0
-7478.23366473 12.939692614 0.915117836844 3200.0
-4163.98404013 8.00094997418 0.43461445064 2000.0
-7125.30539462 14.8211160365 0.864922958861 3400.0
-3231.79271184 -0.181914019121 0.343020517285 1800.0
-4244.23477518 9.29891656676 0.388614185065 2000.0
-4783.35522449 12.2342641326 0.464385708913 1800.0
-696.73848865 8.74798523082 0.361287219228 2000.0
-749.537164915 -5.6138978632 0.302654128299 1800.0
81.9032985915 -10.2404933185 0.376689840455 1800.0
4872.68320083 -15.8905873289 0.566328694424 1800.0
7124.5292836 -7.95770081483 0.884137635269 4600.0
-7348.13133959 -1.01890672136 0.799360990925 600.0
-9406.10049999 31.7277351504 0.993165827494 600.0
4683.44513576 2.49080141303 0.571294284009 2000.0
-2575.57034872 2.96714412483 0.295351742483 2000.0
-8318.52980806 13.7473270758 0.910374002969 3800.0
553.036319506 4.35241263501 0.351911797072 2000.0
11381.6183013 -9.27203460711 0.954176288058 3400.0
-461.07128479 -8.14826632307 0.360108143828 2000.0
1350.94436799 -11.9342454466 0.392989315795 1800.0
-3434.99664988 9.5956863885 0.439179821142 1800.0
-1881.49591084 -4.059403486 0.296555096896 1800.0
2501.30227118 44.5293870351 0.944904420954 3200.0
3403.52040076 15.6451710749 0.753210658143 2000.0
-24.8185874932 -3.63177632913 0.277126256617 2000.0
9644.11733007 -22.8982288069 0.97838351008 4600.0
-1420.93226387 -22.4050449974 0.640090065664 2000.0
10917.5333908 -10.1518882403 0.925208132921 3400.0
2457.98784514 7.05251558339 0.48108011223 2000.0
2811.57290103 2.64599306384 0.428496906568 2000.0
5859.10844136 -0.396819004227 0.766876277776 2400.0
5645.51394734 4.79929031829 0.672473886886 2200.0
1587.36008997 15.7856519786 0.55820125066 2000.0
-1991.78426934 19.0400438656 0.585081064315 2000.0
-2458.3417905 15.5962260539 0.54708639982 2000.0
12630.6571188 -26.4673993552 0.985706292434 2000.0
-5735.11463054 5.0787325563 0.660671079377 600.0
768.468321952 -0.277712192213 0.308764651355 1800.0
-3523.39797735 -6.21042865166 0.436367328478 1600.0
5793.00210304 6.6414643717 0.640512961474 2000.0
-1539.42784228 -38.1853406551 0.805306821332 4600.0
-1448.35242713 -8.41858305365 0.307145501801 1800.0
-5776.20256742 -12.5650707631 0.658481200705 800.0
20.8195955772 11.7041766127 0.42740148762 2000.0
993.178116881 -8.6256545897 0.353637510957 1800.0
911.017669703 -32.4289457964 0.683940732976 1800.0
-5480.29325834 20.2620246451 0.724576047855 1000.0
-256.812306074 -0.55561080352 0.29932543147 1800.0
-4243.32674736 -15.8328139723 0.679045701494 1600.0
-1766.3480758 4.66055660655 0.30926047926 1800.0
4022.21731588 9.02848549459 0.566347208498 2000.0
3920.91156108 0.264976097756 0.48055938633 2000.0
3543.22903203 -25.2158047306 0.679157557812 2000.0
-1714.13765513 -0.160252761239 0.272354651654 1800.0
-300.753447594 -21.6232061687 0.629414550054 1800.0
-4469.89863121 7.34765781568 0.466366056783 1400.0
2701.96834252 14.8439090841 0.717868790863 2000.0
-1179.9716605 -3.61880361375 0.283965028109 1800.0
-3419.83337209 17.5971584287 0.521707012794 1800.0
1292.28157319 -14.0145011692 0.423288207673 1800.0
2639.43148865 -9.46998257396 0.380402844107 2000.0
-5837.89543507 -8.57933469429 0.681035740022 1000.0
1443.37938453 -7.98197256051 0.331013459023 1800.0
2392.68204034 14.8761640207 0.602416239576 2000.0
-5924.75220324 -9.8850596076 0.716367676602 800.0
-412.378784966 19.331472677 0.694665739899 2000.0
-5125.8040702 0.28259776351 0.537237788947 1400.0
-1814.96500688 0.457525076796 0.266485746103 1800.0
-6512.30173774 20.0851490086 0.933661707902 2400.0
2699.25517473 -1.14704551151 0.352078373575 1800.0
4229.02945468 4.17648002854 0.533028366296 2000.0
1617.8475929 10.4275030644 0.447087562169 2000.0
6629.17926722 10.6114589472 0.938718616018 4800.0
-731.074229479 0.479064920697 0.303530159112 1800.0
-4618.0224347 23.0365330993 0.772951361489 1400.0
-1764.16343907 9.56660249443 0.378472576358 2000.0
-1086.27670417 -20.7604869668 0.621849783799 1800.0
-523.2780909 -8.21483212994 0.370697889864 2000.0
1753.31456733 11.3659125017 0.534560643924 2000.0
882.226193809 0.243296761377 0.298782243807 1800.0
-9303.56842404 -24.242440109 0.858821715852 1800.0
71.1285623112 2.66812077822 0.322768367036 1800.0
950.192810518 0.0018689212375 0.306526968357 1800.0
-3034.2797295 3.43777983576 0.292912210201 2000.0
-3711.54969723 4.37656573924 0.378003064276 2000.0
4815.65458344 1.84412624216 0.634922934608 2200.0
-5896.27214857 21.9702758374 0.831536531801 1000.0
-1829.00323935 8.29212832452 0.34719893884 2000.0
-3595.2196924 10.2018014921 0.472226300562 1800.0
4047.10200785 -0.468880508972 0.590425354941 2200.0
-2779.16326062 -2.57238071481 0.304050002935 1800.0
-812.589403406 9.42732622742 0.420073495047 1800.0
7246.80090999 0.877084072658 0.94051946285 3200.0
-4012.0074018 -17.7462565875 0.660613169936 1800.0
-5964.29139846 8.61270457452 0.686760992801 2000.0
1657.69084984 -38.8335650037 0.716715087482 1600.0
-7155.85128149 25.9150231509 0.929076975598 4800.0
-545.652722177 -8.97669418216 0.345585721178 1800.0
5953.40088623 15.2120866392 0.79953332422 2600.0
3380.01829342 2.52082835971 0.477052864564 2000.0
-4347.50177272 -0.0638142124423 0.534805097881 1400.0
2024.87092155 -3.42679188649 0.316689389236 1800.0
-5650.69243917 19.1671856035 0.831222815012 800.0
1664.91299164 -4.89286056427 0.308818195595 2000.0
-1172.32537877 2.94287175132 0.303912383807 2000.0
964.997720921 2.93082539693 0.345342799789 2000.0
393.197903474 -1.45433438267 0.296676357191 2000.0
-7092.0428288 -29.7354851225 0.958391859133 4800.0
-5537.84113314 0.927428233739 0.6429499648 800.0
3566.45730305 -27.0309604627 0.752262578356 4600.0
-1516.05990125 14.1650743023 0.48141922356 2000.0
5728.58785576 29.9121560765 0.965777927949 4200.0
4225.91963438 12.2274346136 0.681299061402 2200.0
-1996.09889155 7.2306295439 0.325777632743 2000.0
-848.21133591 0.803124134265 0.299341679472 1800.0
2034.05734432 0.194967264477 0.342855936046 1800.0
-3040.69682515 9.68506031011 0.379380077857 2000.0
-623.444879418 12.1548844507 0.400164121873 2000.0
-6779.20948509 16.26197967 0.900621565537 1200.0
-434.831501911 -4.55861547646 0.28742409908 2000.0
-3501.6064374 -5.91650912347 0.383743862227 2000.0
-8119.29223587 -11.6929095636 0.794138963279 3200.0
6201.52984015 -27.9282141859 0.859939473722 4600.0
245.536672412 27.3858431161 0.753472900333 1800.0
5358.05504781 -10.3755001601 0.667594155554 2400.0
-1235.32964399 19.4654012057 0.551387498238 2000.0
8537.21980065 6.87419774204 0.887349407351 2600.0
2006.96807328 -23.4856123262 0.648658696672 2000.0
-8492.70069514 24.9709491197 0.952024086751 1800.0
-1231.33855925 4.12067047586 0.337075591336 2000.0
-4070.18205436 -0.166334724894 0.44031018981 1600.0
-1663.23948661 9.25711919948 0.393354237177 2000.0
-4268.3305443 5.9055584285 0.446525826288 2000.0
4776.30971415 -9.35965518543 0.511475316777 1800.0
10114.1961753 27.0373953988 0.997543273457 600.0
-5135.59651546 0.458306889507 0.574681205203 1000.0
3397.4466573 -10.7922155442 0.479972279782 2000.0
-4568.62815424 -16.1495911122 0.640055916473 2000.0
-2062.31821047 -8.0520104313 0.340800594595 2000.0
750.744481263 -14.3814001792 0.467291255374 1800.0
2069.69230113 14.5794604898 0.660448076276 2000.0
968.915396285 -16.7711388088 0.516696344684 1800.0
254.382072121 7.54386040487 0.368662807156 1800.0
4850.05890198 -7.57467617941 0.416383083866 1800.0
1275.45659711 21.4744786348 0.690634605095 2000.0
8404.88450133 1.33402627042 0.908347971591 4800.0
-4348.03376733 17.9149681946 0.64011240496 1400.0
560.186371268 17.7163503087 0.525593713819 2000.0
2337.12229664 3.35700939017 0.414672627583 2000.0
7748.23434325 -13.709070271 0.872967111631 2000.0
7720.92553583 -3.30403524245 0.882275976548 4800.0
3743.87461013 16.5092433237 0.563650524332 2000.0
-751.715486737 9.521410884 0.370520639756 2000.0
-7811.92165126 21.0133608289 0.877234273448 1800.0
-4590.17880496 7.42574532421 0.53952178256 1400.0
4234.25926567 3.31728678416 0.493845104004 2000.0
-5376.51021241 -5.8192882047 0.611148556177 1400.0
3190.7371735 3.95308487987 0.500177582496 2000.0
4671.12732366 15.6952296451 0.643969186378 2200.0
580.335559498 -3.19148836427 0.286041908668 1800.0
-6316.61020008 -3.18387532802 0.644547179646 2000.0
-296.233133711 -16.2493734821 0.54328224735 2000.0
6296.83831436 4.50985514606 0.799362730429 2400.0
2097.00326325 13.1963420715 0.609564214195 2000.0
-144.691094493 18.4600287379 0.608920250398 2000.0
1391.08572384 -1.7946436519 0.317873280695 1800.0
5732.04585421 1.63107754106 0.731696545249 2400.0
-1506.13399038 12.4577902696 0.452946709138 2000.0
10132.9538315 -4.8966688832 0.973579551417 4800.0
1956.03919925 -6.12314671931 0.330980361135 1800.0
5039.44034955 14.1056580034 0.752203056983 2200.0
-5530.46677868 -27.0478695268 0.800028512418 3800.0
-1873.75055231 -33.4944074712 0.664929174504 1800.0
-8011.2891076 -12.2991957676 0.934385012022 4600.0
1018.68989425 8.48993681567 0.44968115171 1800.0
4235.20687845 9.13989417274 0.598300236126 2200.0
7910.1225991 -13.3097273201 0.86139525884 1800.0
1925.69305895 -13.7863601585 0.422344592815 1800.0
1016.15017592 -26.7035496631 0.713664119455 1800.0
4012.38349472 1.83516898071 0.479004772269 2000.0
-78.5520823046 9.00835202472 0.382616005321 2000.0
12171.8603595 21.3932124021 0.97105609672 2400.0
6013.78742958 -0.0687864374041 0.777247728511 2400.0
953.71930756 7.81884416776 0.42324356783 2000.0
1613.77483075 12.37995316 0.459390983628 2000.0
4278.63356384 32.0427707112 0.954219036553 800.0
2144.0523928 11.2327915776 0.584278915453 2000.0
1623.32915812 8.1485290306 0.491958736018 1800.0
-468.311512919 3.77805295039 0.313975425354 2000.0
-2342.67069258 -34.7867051013 0.633111541606 1200.0
-1027.28653231 6.04941047416 0.339553042882 2000.0
-4501.59176799 1.74535010065 0.445330255257 1800.0
2767.13905991 9.83263581747 0.472712524666 2000.0
-5326.2722096 -10.274092843 0.687166294128 1400.0
4832.77162776 -13.1673199962 0.684754628192 2200.0
2461.52212885 -19.8371341422 0.617142039914 2000.0
2114.31217453 21.7196047337 0.555380806855 2000.0
5675.81981604 -12.8835606279 0.759676048062 2600.0
2688.07716505 4.95239874491 0.390285693823 2000.0
-4596.23688221 -20.0231093695 0.719551601429 1400.0
284.637211502 -10.4362555188 0.400943861092 1800.0
-1184.52441055 -0.588315075031 0.269574583523 1800.0
-6796.53358587 7.50249073858 0.845558671827 2000.0
5479.90085533 11.0348466372 0.774133667535 2200.0
-5223.42408286 6.36893837592 0.599890762535 1600.0
-899.523016624 -5.1081085114 0.338337773887 1800.0
3598.40224341 14.23548444 0.625769614661 2200.0
-3052.54538618 -3.476856018 0.367554714869 2000.0
16169.1012156 14.6500198572 0.997087661463 1200.0
7898.61204441 -30.4634758911 0.891627969438 4800.0
4242.67223949 13.4317030218 0.647699538647 2000.0
-2310.24801707 8.99533836181 0.395406990094 1800.0
-5936.57070393 1.68796150939 0.668416389516 600.0
-2140.34651768 19.7188633615 0.542885118335 2000.0
5056.0018156 6.34088300815 0.688483229091 2000.0
1392.51505276 -17.3351984639 0.477470092193 1800.0
4532.8627174 -5.92573797842 0.612132129466 2000.0
2562.81309091 -17.5318842719 0.5650173076 2000.0
-409.535468231 0.440878692101 0.269312512091 1800.0
3113.84924089 -18.6091760364 0.56046326849 2000.0
673.25262209 9.47951476038 0.427239273659 1800.0
4391.44561777 8.82288548 0.621652536855 2000.0
-364.250643878 -5.11406255481 0.305891891966 2000.0
-120.770089432 19.924301973 0.641189146871 2000.0
-9125.24950708 -7.69500653603 0.955451014783 4800.0
6105.50018961 -19.750479185 0.8786298139 4200.0
1901.9042783 -2.19788826763 0.324198444036 1800.0
7428.90501108 -30.5578229522 0.925211463952 4800.0
-4694.50003115 -10.0222763639 0.637501687541 1600.0
-2574.2504549 -6.88054026246 0.378665387645 1800.0
-1612.55234824 -12.8114158367 0.499045144629 1800.0
-1263.31401709 9.56865582355 0.388310181523 1800.0
4744.95366918 -12.1705989124 0.459504618907 1800.0
-2662.51779373 -1.8390819473 0.29525359415 1800.0
-1869.49373099 24.1982478951 0.515335331334 2000.0
-161.309942707 -1.93452844067 0.27367188953 2000.0
-1489.96265016 -4.90832071034 0.316532198814 2000.0
3550.71246835 -2.40587201199 0.461939504546 2200.0
10678.2345622 -9.35159474274 0.945691684305 4000.0
-1020.98375656 6.30880038468 0.333048896425 2000.0
-3939.63727988 -25.5043328434 0.689682508953 1400.0
-596.998052374 4.15729075128 0.318753500228 1800.0
2857.98476874 17.322780776 0.536031629817 2000.0
-1333.01825346 4.26754779788 0.330621569155 2000.0
-2798.21050891 3.85971433751 0.301794046279 2000.0
1631.4906422 -14.1764221535 0.4800416813 2000.0
4722.70631276 -12.3896337244 0.61174122227 2200.0
7615.73916287 -8.03562474844 0.893853742621 2200.0
9892.24924639 7.86862160187 0.912971386297 3400.0
-879.97838069 -6.57624708533 0.314092603574 1800.0
4240.05404312 14.2393473712 0.711041517547 2200.0
2974.42428749 -25.3938846241 0.663265337273 1800.0
-4348.33441219 17.9126372869 0.596866072168 1600.0
-868.071065343 18.2802124533 0.662982245315 1800.0
1092.01789609 9.99722797502 0.468955573048 2000.0
4246.07255745 15.2293181948 0.586683241209 2200.0
59.5156989969 -6.84966946259 0.333108675007 1800.0
-1873.96959137 10.6812195161 0.32336598304 2000.0
1862.33154484 17.4797670139 0.493753742078 2000.0
-8461.41185532 -21.3997137227 0.784986567156 2800.0
8969.76210686 8.44235595176 0.972374771627 4800.0
685.725115408 -2.8725590782 0.298200260908 1800.0
-3721.49434102 20.4179889343 0.705964157426 1800.0
2735.69862627 3.5047088136 0.409071261262 2000.0
-3730.84529505 33.6006832383 0.896780791968 1800.0
-3101.62918537 11.483924101 0.373982330515 1800.0
2431.03198126 -2.83326565702 0.308507068783 2000.0
5648.96551807 -2.45007145157 0.732000838424 2400.0
3155.58301742 -24.1191575795 0.560125282521 1800.0
3593.62280418 3.2792627206 0.506671462201 2200.0
-4068.27762842 11.3400563186 0.499106510774 1600.0
2398.74364818 4.11086098261 0.409140987902 2000.0
2761.26129833 -1.62137552273 0.389278018486 1800.0
-6419.91247887 12.5939232855 0.69561363906 2400.0
778.278673587 5.78725438476 0.394422596925 2000.0
-6026.9703502 2.20164725266 0.642485678891 600.0
634.132992112 -1.63175905138 0.311493700224 1800.0
7663.56571759 -5.15048464458 0.856871925131 2200.0
131.796926435 10.1930444603 0.490509395948 1800.0
1855.38879764 -11.1286043978 0.393885667111 1800.0
-389.350725564 -25.7363229168 0.677985793718 1800.0
-9828.68313034 16.796350401 0.943631181383 3800.0
-150.811972271 24.1579758904 0.61820228274 2000.0
-2622.13420472 24.3753184634 0.530344216416 2000.0
-2224.67104246 12.3749165114 0.4391294926 2000.0
-4372.69957372 -11.4768282288 0.573934844828 1400.0
5825.99389005 -2.32494774148 0.743133813 2400.0
2227.56470181 -21.680471594 0.636270616393 2000.0
-7503.68504006 3.94902046308 0.810808666695 1400.0
1700.23656504 -12.8902880794 0.4400685983 2000.0
2064.03561227 2.33376246139 0.371862498089 2000.0
-5836.78501174 32.1207938243 0.94869537137 800.0
372.571885098 -7.31339993742 0.325066976009 2000.0
2987.58126944 27.2109144784 0.780432276088 1800.0
214.009376034 7.61909109763 0.387877283615 1800.0
-9234.53161644 -23.1214198524 0.798545311832 3000.0
-1574.10141718 -31.1796580973 0.759279038922 4800.0
-1435.37004091 29.8582414914 0.834207046312 2200.0
9189.2848533 20.1792992088 0.983137706042 4800.0
979.395325506 -1.26379913454 0.289287991709 2000.0
3024.48989373 15.327537006 0.64169726477 2000.0
-5107.59548128 -39.7614675858 0.708798591286 2200.0
3107.85426896 -4.68332569963 0.476605512715 1800.0
-494.117562859 -4.73225352072 0.301655811398 1800.0
-3126.91507161 2.94232114242 0.323099780754 1800.0
-5287.63870335 -6.48596375378 0.601759591292 1200.0
-353.084356405 -14.0881502577 0.478752426487 2000.0
-13.4937740977 -27.007356556 0.682613561866 1800.0
-2302.09034013 8.89587072379 0.387504533264 2000.0
1638.70285784 -2.02178283298 0.32784710476 2000.0
28.2658927857 -3.3905637819 0.291916920925 1800.0
-10051.8823599 16.4020699053 0.920865826905 4800.0
3293.20326537 0.378760949559 0.390158120251 1800.0
456.361508946 -6.95858915099 0.344041142733 1800.0
4899.35719345 0.142319137144 0.629705853343 2200.0
-1945.42084772 5.85906560422 0.335049948303 2000.0
-2096.97171222 9.97503391918 0.397594069468 1800.0
-825.079669717 -10.224321749 0.415844954731 2000.0
5977.24962482 -12.8215020606 0.592259857634 1400.0
8647.84396598 21.1734862929 0.940932634177 3800.0
6911.56016346 32.1545076261 0.913908926032 2400.0
-47.4020248092 3.84422422744 0.323663862962 1800.0
195.155939115 -4.04242489886 0.302834249747 1800.0
