-1166.26260006 -28.9690155176 0.720183949946 4800.0
-4682.85155161 -10.9016674766 0.675444609863 2600.0
-3509.95262581 -11.9195725752 0.540840723412 1800.0
-8081.07030275 32.4311681422 0.980043211506 1400.0
-8875.96816994 28.8284900132 0.960526743575 4600.0
-2052.69628738 -4.43156896204 0.28244375987 2000.0
-8900.71786473 8.07968865044 0.925028772366 2200.0
-6517.47076169 14.8489646365 0.720994216196 2200.0
-10390.2889121 -15.6163990489 0.92999232572 3600.0
439.073252675 25.2617418911 0.84351459168 3600.0
-2047.61268963 12.7752104133 0.308944781611 2000.0
8025.61210596 -18.896303561 0.903785041593 4600.0
2251.99643406 -12.0415230462 0.330770977117 2000.0
6436.34761983 3.06025094228 0.798926500535 4800.0
-1956.62989605 -6.88497082874 0.358758818541 2000.0
11.7738615805 7.45894106792 0.271248102373 2000.0
2468.6751018 2.5714105198 0.269954230991 2000.0
6403.20522024 11.0261701272 0.80983539439 2000.0
-3904.61966482 4.99075283435 0.353560045352 1800.0
1100.60843039 6.00661748308 0.324701833017 2000.0
-8873.87561126 -6.82090650038 0.931720635661 1800.0
7617.58520542 -43.7327824509 0.944394343555 4800.0
-504.522866035 -3.75986983631 0.155825248992 2000.0
2420.61228126 -9.99751433027 0.364668217026 2000.0
2778.8855803 10.1930616406 0.493382186099 2200.0
-3323.3723275 -11.9699299791 0.485442284705 1800.0
-4851.24577983 -38.0379590515 0.867081292065 4600.0
-8267.26715806 6.18287803574 0.863779195605 4400.0
-1882.06666015 -6.20943820314 0.357278636884 2000.0
-6716.06007178 4.94212184873 0.821176430791 1800.0
3386.00321362 22.8993107289 0.583496497613 2200.0
1916.25918099 21.2315441455 0.581078694976 2000.0
-2019.91511241 -15.2553610858 0.494459605902 2000.0
-72.262241857 20.3043367476 0.723582119201 2200.0
3351.42246193 3.82879287641 0.453591907646 2000.0
6533.11658267 34.6608191992 0.911418111558 3000.0
4329.59997797 2.97961835591 0.531607258352 1800.0
-677.758807052 15.5727005465 0.408538177049 2000.0
-4001.61363746 2.64629025491 0.377263772783 1600.0
-715.79429239 -6.12810128025 0.24918139184 2000.0
-4914.9687242 -25.4429198338 0.873351440756 1800.0
-1878.08078795 18.4340235342 0.480172147595 2000.0
-819.674673469 20.6154619188 0.595012791541 2000.0
-1751.58729085 -1.95977595416 0.237273801154 2000.0
-3294.96469778 -9.57439983087 0.546961602169 1800.0
-2150.01878176 -12.4180365601 0.516635599328 2000.0
-6323.89542351 -24.9161214037 0.786530658401 800.0
5414.71627978 10.0432510328 0.642407416292 2600.0
645.702103524 -5.02434120631 0.227729139158 2000.0
-2386.28784861 -6.59425196421 0.409339371035 1800.0
14122.3888818 42.2217866232 0.995746120054 3800.0
-7066.2880771 -0.0630582597149 0.766526168196 600.0
-8754.71981058 -7.71957590433 0.921438658298 3200.0
-3044.56899672 18.0043085121 0.555065494709 2000.0
8837.93659561 17.8515448465 0.98533135927 4800.0
2858.22475231 27.1680936577 0.806664444378 2400.0
2549.9509437 -33.0410359877 0.489974939536 1600.0
-106.090166328 -3.98648047208 0.208565849099 2000.0
1753.79944727 18.1383011447 0.425438218541 2000.0
-3896.31777531 3.30163040154 0.350364742979 1800.0
-3825.48246168 -2.86905178662 0.412712954332 1800.0
-4590.477368 13.5428298855 0.592664476949 2000.0
-2354.7807333 -25.4979626066 0.725649874518 3400.0
-1332.11000513 15.0579947953 0.395493667065 2000.0
-2925.54215772 -7.22012937978 0.314603377097 2000.0
6065.82341597 1.59038126021 0.739950808612 2200.0
-1635.06570012 -13.5869585285 0.547915447367 2200.0
-4264.71061038 8.67743279797 0.414014039307 1800.0
4238.85302857 12.1124771836 0.731653484264 3000.0
-5897.10936286 -4.87557327004 0.725912942215 800.0
-7666.14974168 -6.44505421355 0.92993367824 4200.0
-5641.01874046 21.3793132771 0.897283438398 1400.0
-3448.38710572 12.3347541193 0.488893346359 1800.0
2105.93044954 -13.5545066615 0.43973999559 2000.0
6488.58292186 -0.967899916643 0.708531380326 1800.0
648.236624678 0.304451730328 0.165254220719 2000.0
757.132491831 -9.67965958338 0.364057012714 2000.0
-3442.64909852 -12.1338682401 0.654590661039 2400.0
-5860.67500494 -14.573297418 0.733257195769 800.0
-2187.96928271 -10.6981706377 0.501233301248 2000.0
2819.27801787 -21.4886066263 0.668489351936 2400.0
339.500741536 1.01892835758 0.0763110402268 2000.0
-587.959373652 -5.02287632427 0.230934638378 2000.0
-3863.17017719 -9.18615320321 0.593975992348 1800.0
-2280.23528962 8.87643555973 0.32362533507 2200.0
-1374.38202781 -3.29263656504 0.212174298132 2000.0
10126.2512388 5.64516189143 0.989530422123 4800.0
-4113.81298738 -6.7184929749 0.559433473393 1800.0
8199.02079528 7.3303330679 0.896227321627 3000.0
-3106.03064224 -25.7243245867 0.623239935319 1800.0
7709.14047917 20.7547613616 0.888153064659 2600.0
-5391.5178835 5.04077981544 0.481764686159 2000.0
-1253.29932235 15.8716306511 0.455688312337 2000.0
-6579.93647717 14.3471960667 0.745596026211 3800.0
-9861.79718062 21.5013526814 0.955034253822 4200.0
5373.93481014 -8.97239270601 0.583821655285 2000.0
5263.62917168 -13.9587887302 0.634311354325 2600.0
7142.43229169 -8.99864949934 0.858174411813 4200.0
4339.02138857 -9.97970333107 0.463600292617 2400.0
-1169.65493995 -10.1562249005 0.350705737033 2000.0
-6961.16623765 -23.6277528178 0.80774002266 2800.0
4026.97991293 11.044183261 0.695949172647 4000.0
2405.42279201 -10.8132991826 0.32385016239 2000.0
-3.59008929476 1.58301847134 0.117703666154 2000.0
4703.86580697 30.8713395114 0.905280022474 2200.0
-4282.08278798 13.7738089872 0.552629592656 1800.0
1445.01834191 -3.54824359722 0.170708914652 2000.0
-3217.68969948 -2.99259462404 0.322573689907 1800.0
-275.667443158 14.1287378557 0.512801887655 2000.0
-2883.64990421 5.53324747679 0.201207152846 2000.0
-9438.2726594 -2.90033942125 0.891372019114 4000.0
-1144.43235272 14.9231561017 0.519151731765 2000.0
-1264.93337846 25.738772007 0.508665376775 2000.0
688.823232993 4.12478490444 0.225881341344 2000.0
-385.84878329 -8.09447747233 0.242592902336 2000.0
1024.33204106 -0.854956921632 0.128897443368 2000.0
-964.026703326 10.0877089085 0.306714008571 2000.0
7419.38177724 -8.62413362285 0.865365792658 4200.0
233.799658646 -29.2119462795 0.73547820284 4800.0
8935.70635183 -2.99585228092 0.941205068218 4800.0
2839.73202647 -10.0742763619 0.354341095116 2000.0
4930.35173305 -29.8607934549 0.7835349973 4800.0
11372.0046104 15.4854309127 0.963400639442 2400.0
3449.37074145 -9.50998565368 0.486318779477 2200.0
520.627421102 1.51360274041 0.107113895443 2000.0
-1406.98114998 -9.68842524667 0.365044823991 2000.0
-1934.17668203 11.3453340489 0.355777820447 2000.0
-4557.45447601 14.5554080703 0.554819460509 1400.0
-7313.10689485 -10.0888208172 0.816221690219 3200.0
5114.36298496 10.494697218 0.699644111433 2800.0
-497.539670867 20.3992044468 0.672640480215 2000.0
-2336.77100975 6.00018990509 0.235099670691 2000.0
-1836.12465228 -0.74610700297 0.217046833729 2000.0
971.296255515 -8.43641783641 0.225745892461 2000.0
1404.62144095 -18.5570168923 0.445222484011 2000.0
2545.37368944 -5.97257181301 0.225202539963 2000.0
4426.7951729 22.3282185293 0.790049964604 2800.0
-3888.87097736 9.67161769344 0.41837455618 2000.0
-2382.21435471 25.5041959285 0.767881594591 2400.0
-4216.91954096 12.9999288169 0.458368634265 2000.0
5512.99066043 -18.3646585379 0.71204213583 2600.0
3364.93888854 5.42579620336 0.502883496996 2000.0
-4091.39592239 -7.45562268561 0.545370896957 2200.0
-7016.29124741 27.9986485358 0.98885541896 4400.0
-6442.96807039 18.4152333392 0.891978368461 600.0
-2833.72898868 -25.2852380665 0.630049606625 2400.0
-1834.44841762 19.7364937847 0.543539774853 2000.0
-10065.988758 6.98427015711 0.881994142035 4800.0
2280.56249364 29.5102934519 0.891573979191 1600.0
1859.31415054 -5.83420793918 0.186442454833 2000.0
6468.03641667 28.1608827931 0.946732242931 3800.0
-7828.58050417 2.70958272062 0.850681536019 3800.0
-8433.16723004 -16.3147376455 0.955361435518 4800.0
70.0297532462 0.560652680652 0.155867100032 2000.0
1010.19135773 -5.38312955262 0.223097039905 2000.0
-4626.87237683 -9.83407183263 0.732578913199 1800.0
-4178.97835779 -12.5476177242 0.647109537672 1600.0
67.236991565 -15.4709046515 0.465335712203 2000.0
4177.94909849 -13.4612846236 0.392771890057 2000.0
1965.78505852 13.8660017806 0.64165021617 2400.0
-8125.44746262 16.4205125445 0.956048514658 1200.0
-382.561890196 -8.32566846304 0.313901579151 2000.0
-1702.70054608 -12.0932244686 0.47230624709 2000.0
1263.49861262 -7.29315793847 0.261284050997 2000.0
-1241.49662739 8.28731637856 0.290815129814 2000.0
-5056.94864186 13.7688441342 0.657345824542 1400.0
9657.45752129 -18.7624470973 0.935772024604 4200.0
-1194.48645494 -9.21058182307 0.351927290226 2000.0
637.338105979 0.334347214219 0.126726620184 2000.0
-5159.93975106 -5.14685413328 0.696244827389 1400.0
7490.1452668 5.786393196 0.857356050675 4200.0
2181.36227189 -10.6104460462 0.293678663714 2000.0
-1657.36284596 9.01453287427 0.322617588722 2000.0
-8094.00789934 -17.1703336618 0.869173689769 600.0
1497.75310071 18.839174479 0.725123797733 3000.0
2252.45448796 -22.1830588521 0.558740960473 2000.0
-1421.75607896 25.2577749955 0.770214251531 2000.0
-250.609148401 -22.4618442592 0.683198130507 4800.0
-3712.68657889 -6.5793697041 0.569238737459 2000.0
-265.484071586 19.415897995 0.646569092722 2000.0
3101.77201041 -32.3512855861 0.775999045836 4800.0
-368.792194294 -1.09962260762 0.11533755481 2000.0
3128.67317154 -35.4240622317 0.761941689047 4600.0
598.369776559 3.00221762141 0.133664051605 2000.0
7304.69242125 -18.8854134444 0.889252595206 4800.0
-351.855086583 1.65006827686 0.133799272885 2000.0
-2872.06194098 10.0143990235 0.24813778709 2000.0
1834.86868372 6.08280069713 0.296072541386 2000.0
3071.17869659 -12.3692180862 0.525797868705 2200.0
-179.172256776 10.359943043 0.296664309379 2000.0
1954.96133382 4.34450659166 0.263598532508 2000.0
-4589.59098102 -7.12365580585 0.671133406662 1800.0
-202.214219956 8.30869658821 0.324782049303 2000.0
-6886.30505209 -18.9185346425 0.911542625676 4800.0
3816.18577293 -11.6130005559 0.491112110512 2200.0
1700.70768267 13.8067455669 0.578803856231 2000.0
-4273.57914822 1.69216233969 0.392635744103 1800.0
2660.05176927 -5.98047208777 0.24742988343 2000.0
-1524.35345823 -1.11423835298 0.177824117932 2000.0
1545.30849684 -16.9212590492 0.504800937904 2000.0
4234.0502747 -6.46976880534 0.357608060376 1800.0
-4348.32759918 -16.3870921552 0.718042186594 3600.0
135.820669521 19.7926106481 0.616617420603 2200.0
3133.8407956 9.93995108009 0.477728890509 2200.0
-6905.33407419 39.9619979304 0.93339189076 1600.0
458.387626637 9.60811884139 0.300511552514 2200.0
7996.39981293 -18.4405601977 0.888509713622 3200.0
1415.40398973 18.4550803242 0.646160750841 2000.0
1526.23829113 -5.16247807852 0.204883130239 2000.0
15037.5720085 13.0608374322 1.00396409693 4400.0
1051.97310796 8.59641027423 0.38513120598 2000.0
5982.15900295 2.91014983957 0.673636845395 1800.0
1485.46342617 15.122868983 0.561859998536 2200.0
5763.6729175 5.04593049364 0.76387757701 3800.0
-197.391896074 -5.75222822128 0.208874806639 2000.0
214.406438919 -9.06063270994 0.357892328995 2000.0
-6175.57841497 -2.5549643197 0.735780097004 600.0
-435.131195092 -3.72311286077 0.162622064029 2000.0
884.432199073 0.308948894738 0.11487520918 2000.0
-489.829870262 -2.58415003278 0.098695070465 2000.0
-8293.65142419 16.9977950204 0.923274594281 3600.0
-2130.8561437 9.53692513564 0.272140481022 2000.0
8092.38054353 -3.39052446039 0.901731171018 4800.0
156.402042564 11.1222481547 0.41520975549 2000.0
9325.31863886 -0.583625550472 0.927480450697 4200.0
738.35040128 -13.427163722 0.381040150804 1800.0
-139.903435713 -11.6802467995 0.435782603328 2000.0
-936.717013908 -17.9072991257 0.556713518786 1800.0
-1153.30668963 3.02803408776 0.131879650645 2000.0
3177.15159032 -5.73074979643 0.250389128595 2000.0
4873.89918546 -9.84126754529 0.624302475179 2200.0
9056.71329419 -6.51736866458 0.895543892526 2400.0
-1858.53687254 12.2386118714 0.432408658732 2000.0
-223.025918264 6.31309804956 0.260280569292 2000.0
-3482.34396342 -8.79768579277 0.466491419361 1800.0
-357.878120952 29.8250544598 0.822225033626 2000.0
-4201.53316093 -5.44136162682 0.476674299859 1600.0
4854.95757755 9.89483499998 0.672119343664 2200.0
-2546.17468384 -4.18828624921 0.33668452685 1800.0
807.645008351 46.8001104208 0.853690819572 1800.0
479.430544521 -20.2334738484 0.524167783133 2000.0
1975.38675473 -21.4491315368 0.458402779778 1800.0
-6615.97406162 -4.36388057825 0.758582326777 600.0
-5102.52088278 15.6346654307 0.667678109249 1000.0
900.953235203 -43.8377695885 0.851088788723 4800.0
3491.38569981 -4.50485445383 0.403346483938 2000.0
8752.09008926 -13.2419055991 0.950520283351 4800.0
839.745414873 4.29743425265 0.197296605351 2000.0
5120.95294382 -17.8617997002 0.625653680355 2200.0
4260.07006225 -7.75581288625 0.604165875304 2400.0
-3785.11342505 10.3690825712 0.451828993901 1800.0
3395.33639966 25.2914502879 0.869427970132 3800.0
3231.39078672 4.47894700672 0.318378397368 2000.0
-946.889789876 -10.7119053659 0.367556111228 2000.0
-3672.38711576 4.43489465016 0.272728943908 1800.0
4488.76504942 -9.06255187124 0.549591810633 2400.0
-2035.23405472 30.0561740493 0.851491080813 2000.0
322.264495808 -5.57697288266 0.184352241398 2000.0
5370.46498226 2.38966144779 0.726757556682 4600.0
-1730.89812578 11.4775514673 0.413838243164 2000.0
-8037.77080854 8.61239672531 0.857193136502 1800.0
2438.59610217 33.0094919724 0.894095925057 2800.0
8933.01964784 9.34303976021 0.965623259765 3800.0
-973.200962249 -14.6636795083 0.565120114232 2000.0
-2068.22977681 15.3070769162 0.516438094888 2000.0
1297.09475714 5.46626820943 0.166442919492 2000.0
1611.40668188 21.4922330854 0.610695074714 2000.0
3.05262461374 3.83520469234 0.205661318827 2000.0
4022.60767335 2.28856500205 0.436308485438 2000.0
-326.515722271 -0.226114013255 0.0763821831244 2000.0
2769.10042579 9.88989974104 0.534005420403 2000.0
-10310.9370126 13.8914053663 0.927402231288 4600.0
-7029.89564406 -13.873666167 0.910341164984 4000.0
4269.15734947 -16.115171038 0.681203558731 2200.0
-9966.88345812 -36.3193658913 0.939840915867 3400.0
9865.91618585 3.99898970896 0.970270964523 4800.0
-7166.15784381 -2.59067750559 0.814303044427 3200.0
2520.49536875 8.95663109691 0.366505202758 2000.0
4347.95953093 -10.956816667 0.479888253433 2000.0
1830.89602973 -0.496695898731 0.135656242607 2000.0
-690.647754512 -21.087057954 0.591661063438 2200.0
7093.13454251 4.47696915058 0.922557564239 4800.0
3044.27103303 1.06893061924 0.393160058013 2200.0
-1383.35939613 -18.5656681417 0.500790203257 2000.0
-1611.49383976 12.2499339159 0.341851158723 2000.0
-1211.36876109 -10.9094870092 0.446660845156 2000.0
2112.29862029 -19.9188970485 0.530363870114 2000.0
-4722.26423701 -1.10532848582 0.553797008934 1400.0
5936.34264737 -36.9766337534 0.867042637574 4800.0
3804.97916769 18.637674214 0.541050238082 2400.0
-2566.20906586 -7.42794705738 0.381505005329 2000.0
97.8942970644 -7.99229213416 0.323511007132 2000.0
665.536042253 -5.67319483587 0.253990490847 2000.0
-927.282239539 13.2817958785 0.507050954387 2000.0
-2218.56061519 0.682518334304 0.186739543254 2000.0
-6981.60820242 25.0235307432 0.892089112763 4400.0
3043.04427486 5.77032252377 0.366533157063 2000.0
215.523574555 -9.16292370321 0.330663777158 2000.0
3626.81600834 15.956592597 0.713552108351 2400.0
2692.00816519 -6.12103866461 0.213840041906 2000.0
3337.61701617 -1.3133435806 0.269018589813 2000.0
-6594.12254466 9.38509422568 0.808402095545 1800.0
156.434309476 1.55923998214 0.188364467096 2000.0
-2691.48439727 -8.90343639335 0.414804151374 1800.0
3302.44758488 4.69002168449 0.403655650098 2000.0
1847.62249525 -21.1272309937 0.603843740173 2000.0
4557.62377106 3.59157545076 0.585712053078 2600.0
-3969.39926358 23.2276460598 0.664171548183 1800.0
6946.84031272 -10.5084944163 0.882921327124 4600.0
-3859.13197328 -9.60503821158 0.532334296731 1800.0
1514.2184996 13.08391208 0.557223034837 2000.0
-3906.21263755 -9.5887758626 0.562114348138 1800.0
6340.58774599 -4.88066750107 0.822184483015 4400.0
541.124988372 -7.80641706788 0.294016328769 2000.0
368.391974892 -3.74557928019 0.219446407835 2000.0
3721.87008811 20.900337508 0.727775808596 3000.0
3206.42511986 31.085759105 0.898814072232 3400.0
-8607.68653335 -3.80487772143 0.920698303582 4600.0
-2542.33527708 -4.51169864323 0.356243382989 1800.0
1546.3044202 -29.3406154241 0.730902688808 4800.0
2705.86968137 12.4653233786 0.461461545918 2000.0
5240.29086827 7.52836221219 0.58337927244 1800.0
-10244.879246 -1.44349837059 0.910831721561 4000.0
-23.6314751 -7.99073255248 0.282263389967 2000.0
-60.2095787917 -5.98700998352 0.263318490791 2000.0
8589.24556459 -21.6335616569 0.911341578931 2200.0
5409.6989394 -14.6189198576 0.68822611641 2800.0
729.714043565 17.8966096757 0.749503472116 2600.0
2208.11954395 -2.58961896507 0.150488882086 2000.0
2390.29387959 -4.76848804453 0.241703224861 2000.0
-47.6774351434 -15.0331099722 0.307460233283 1800.0
-7135.82776234 15.1245791193 0.896439900914 3800.0
-4363.2328971 14.2608502511 0.473662100666 2000.0
3727.2490162 -10.8988125489 0.390038586116 2000.0
982.217238809 12.9232062794 0.314089152413 2000.0
-2026.10410343 10.8612573413 0.284575938052 2000.0
-1554.12747658 15.2868004359 0.412447206904 2000.0
1097.56259326 8.43010459136 0.29251390506 2000.0
-5229.3922095 14.8384523245 0.702360203364 2000.0
-504.10903203 -1.153155973 0.118049595179 2000.0
7157.66973814 6.39161127352 0.816912561161 3200.0
1007.94010695 21.5690605619 0.751778774054 2800.0
-660.095708192 -14.294536111 0.452125985244 2000.0
-124.229147262 -8.38653461135 0.330930231341 2000.0
5485.64914138 26.7070948596 0.947141277502 2400.0
3851.21146486 -37.2745268679 0.804408834819 4800.0
-4002.7707484 3.93874096267 0.373101337666 2000.0
1531.02387745 13.0589505586 0.392513883308 2000.0
2377.32546581 2.52317775667 0.239344620667 2000.0
-2756.13058574 -16.1051261312 0.565360186358 2000.0
-1050.38920633 -8.47161790129 0.344860580914 2000.0
12451.8867737 12.7863872419 0.999201248881 4800.0
4765.68263553 -12.7853870512 0.605675206207 2400.0
6266.31588725 -1.04878068456 0.817927481815 4200.0
1857.10179667 21.3158645248 0.689283029558 2600.0
2614.13197122 -13.3401618648 0.444566167057 2200.0
-1058.04008905 -0.409249526449 0.141432900215 2000.0
615.597821325 -35.9905141716 0.783310434297 4600.0
1554.24520442 6.35205681045 0.312966274873 2000.0
1694.53678552 -22.9353926462 0.56135510672 2000.0
3514.26892328 -18.7882317743 0.566288781911 2200.0
1845.03095513 1.55639809156 0.1998405698 2000.0
-7145.47475632 -13.5240292974 0.777721364119 4800.0
9106.95345403 -10.5280061602 0.915853567283 4600.0
-3473.7022319 8.52494949433 0.392566455166 1800.0
-9298.0069011 -5.03948821036 0.861674510192 4600.0
-2268.16299561 1.77372370326 0.175306266757 2000.0
1594.60359089 -19.3599916871 0.579251034453 2000.0
-5353.73609415 2.1597057829 0.614246779778 1000.0
2365.56985266 3.29341498426 0.276789270736 2000.0
4485.61572541 15.1572242618 0.699565284201 2200.0
1443.37828 -15.3358573258 0.475436848239 2000.0
1755.57424313 -11.6898675026 0.388262470799 2000.0
5071.81972971 15.1941158713 0.605077371072 2400.0
2501.27998967 -1.72433688859 0.216104541955 2200.0
3814.90605951 -0.432561193232 0.404041638987 2400.0
-3377.84473251 -9.98843785252 0.529578425763 2200.0
4943.07726222 19.5842663564 0.630877045528 2200.0
3647.84381044 8.61874250387 0.512888498087 2400.0
7495.94115797 2.10865356319 0.880288179741 4000.0
-2948.0826955 -13.4188914452 0.508391208808 2000.0
1028.77141414 -9.52032578307 0.335117502497 2000.0
8366.60696666 -1.14895698815 0.907954271035 4800.0
699.97858706 13.6430106193 0.545467127011 2200.0
5234.02212294 21.0483198821 0.748557759998 2000.0
8439.01744372 -13.3848499733 0.906098017325 4800.0
1350.37541092 23.772570753 0.421926212484 2000.0
6108.59239532 6.58418115166 0.916335731062 4200.0
2569.17758302 -7.98134567499 0.334748949959 2200.0
-987.007128364 0.0663690117109 0.16191947182 2000.0
-6550.5834412 -1.45245691569 0.792672286798 600.0
-1222.08364594 9.74657082569 0.231547724719 2000.0
3250.39840261 21.9576038864 0.862393088502 4800.0
11986.244603 13.3182485635 0.969636334556 2200.0
8205.29138671 6.79322660661 0.961749487245 4800.0
158.684814804 -5.14658843506 0.243650459822 2000.0
-1590.36075996 -0.799629534643 0.179475257131 2000.0
-7063.02770929 -3.30113815037 0.840358390178 800.0
-2919.77146675 -14.5218019961 0.453400762446 2000.0
-1589.4664683 -0.450488727169 0.167093717378 2000.0
-4899.71431446 7.29332085278 0.437327552207 2200.0
-3108.38857965 -13.1892104536 0.555362014353 2200.0
2285.82144218 13.2219007646 0.547462663812 2200.0
8046.7717653 11.6869101644 0.892525242281 4600.0
-977.519678534 -22.0577479682 0.692303726228 4600.0
3777.40856552 -33.9670494578 0.734171231842 4600.0
-1160.78916034 23.8523249003 0.673975610137 2000.0
-2553.93940946 -3.36668863581 0.319217515225 1800.0
2443.06343085 -1.84283406501 0.17886394554 2000.0
-2560.25029164 6.62528034897 0.300221953949 2200.0
3148.71969069 6.37409465739 0.435931779277 2000.0
-1336.39476089 -6.47874402316 0.295109602158 2000.0
-4047.24169081 -8.715042066 0.582188078975 1600.0
-1882.79583545 3.28386907524 0.146894610558 2000.0
-10876.9607378 -14.8425521531 0.962401015649 4800.0
259.880945971 -2.15643027272 0.166648166655 2000.0
-1406.73438651 8.01617727149 0.277005959224 2000.0
9228.76379263 2.46419040356 0.952117426179 3600.0
153.813839962 13.4562382098 0.41834209491 2200.0
1488.90191409 -18.8823830764 0.597235542588 2200.0
-181.361965873 -7.99972219832 0.312224181999 2000.0
-576.659295115 11.4282077203 0.355397307742 2000.0
-7277.08617901 10.8293411409 0.788457557392 4800.0
2704.74090946 -1.41454724383 0.211391281328 2000.0
-1424.41216185 12.8992962761 0.465054228611 2000.0
11312.0575113 18.7910088283 0.935975036082 3000.0
3136.59920694 10.7227763346 0.567683492801 2200.0
-146.441447561 24.7434180698 0.562849660215 2000.0
7276.52689808 22.4334673381 0.894716273345 3600.0
-1380.27532183 -2.45103702684 0.203099851804 2000.0
877.728772769 2.50258101213 0.197165908967 2000.0
-580.742686386 -4.31874964325 0.196812334268 2000.0
-1732.66213648 -20.0089075089 0.575440542855 2000.0
-3718.72102912 6.62547582062 0.320986582834 2000.0
-1547.62611201 -11.9089069657 0.283508590886 2000.0
-1498.82503083 28.9437151286 0.849369653766 2800.0
2947.35937594 9.04991974164 0.373929852031 2200.0
5399.32372665 2.43971848831 0.621177680901 1800.0
-4933.02420154 7.2333216047 0.56065304038 2000.0
-2724.3275984 -9.33969405323 0.508565149783 2000.0
-4114.36321881 -14.7258003981 0.583354904747 2000.0
7599.21469397 3.09992430577 0.842662624462 2000.0
12074.7201114 -9.98372574128 0.994861333183 2200.0
1134.96707716 -28.5937457393 0.618087679421 2000.0
2903.77491503 -13.670816702 0.420556611445 2000.0
2464.71764927 34.3828862333 0.870026079679 1800.0
999.709665261 10.6443228752 0.358357502934 2000.0
-1107.0058032 -0.0221879372023 0.12425393494 2000.0
-3263.08895417 4.9669510241 0.34576580424 1800.0
-2110.83601285 -10.2407000505 0.460391714442 2000.0
-517.068728406 3.27238802662 0.125615056839 2000.0
-4953.47893232 -3.69871278523 0.635326893205 1600.0
4219.36971559 -3.8790492694 0.311579430665 2000.0
-5272.02751311 -1.32222320655 0.618735102747 1600.0
4480.74849416 4.79197653143 0.523225035848 2400.0
-3776.75382863 -7.39376076065 0.526018633713 2000.0
-3905.59493633 -12.0361152813 0.64137903837 1800.0
1871.60541831 12.1103947518 0.407190363357 2000.0
-3844.02073373 10.3643297464 0.450914546466 2000.0
-5192.06307885 17.2907533542 0.618899660989 2400.0
-2152.58948275 8.14637782347 0.239611755766 2000.0
8317.26393476 -18.2860304242 0.948040923196 4800.0
548.528908483 -21.5078747668 0.671969236257 4800.0
-30.858584922 -10.4954774216 0.412266614974 2000.0
-9679.53425808 -7.84691385503 0.900004785573 600.0
-3928.67163088 -19.411389998 0.717715292534 1600.0
2308.82364496 -4.52700417089 0.217197805963 2000.0
8252.2191534 -1.15588949271 0.948863071104 4600.0
270.104521654 -2.49685787413 0.162293565858 2000.0
-6053.37852063 8.27764152068 0.714441228759 2000.0
181.169277653 -7.96671475105 0.279568114921 2000.0
-2377.65493725 13.5753767605 0.354128903232 2000.0
848.705362555 7.09704458967 0.233681400872 2000.0
386.843106418 3.65369502099 0.134589492983 2000.0
1990.76179936 -10.1624895291 0.289497699833 2000.0
5798.28048573 12.3658690062 0.72966529483 2800.0
-1792.62293891 12.5435400743 0.358964236803 2000.0
-3076.52077942 1.71631218672 0.183586237717 2000.0
7106.34334733 -13.3235817762 0.81315076875 2400.0
-5418.10158215 3.52143637078 0.667691340502 1200.0
-4084.25639444 15.6954662258 0.574726023246 1600.0
-4585.71022863 -42.6253016681 0.883197915489 1600.0
-5966.57822202 -2.60058074851 0.656117527593 4400.0
2625.3477739 -3.11767238621 0.241945166349 2200.0
-5720.8634133 17.3708839001 0.700981592666 2600.0
-9661.95233536 21.699235899 0.967927062436 1600.0
-4717.96935046 1.88438745934 0.528479879233 1400.0
-2552.10460542 -33.4892239316 0.810148675896 3200.0
294.170259424 -1.18113107994 0.163423680056 2000.0
7888.59031399 -5.73156539626 0.891610078817 4600.0
2269.25516981 -8.13247839298 0.262156920714 2000.0
-2730.34829905 9.67517890192 0.368169451842 1800.0
-106.457219406 -25.0795127734 0.693994381022 4800.0
4218.25953067 7.5914536965 0.608407548035 2400.0
9734.20767352 -4.66992421415 0.967990219276 4800.0
-9289.61068883 8.61366721129 0.968981682142 1800.0
1377.73991028 17.464710298 0.69226351808 2600.0
-11130.668306 -0.12662771502 0.953772440098 1400.0
518.601773221 -12.8026998408 0.459545941343 2000.0
-566.132205311 -29.1898888547 0.733225914281 4800.0
2765.20730981 -32.7127621992 0.777884701216 3800.0
2043.29659778 10.0961289718 0.338989987942 2000.0
-5042.09451605 -5.37991314053 0.558018529128 1400.0
-704.67440843 20.052012972 0.615347974978 2000.0
-2182.22721421 9.78172229476 0.327610552419 2000.0
12439.6005415 11.1748791711 0.966786504683 3000.0
-772.990283483 2.95376189532 0.117290240805 2000.0
3903.05125108 13.3586717284 0.740985830018 4800.0
-995.518574357 -6.66818279796 0.310852727645 2000.0
308.993598051 9.427340322 0.356337155023 2200.0
-2205.61230782 -5.17045780316 0.367503369214 2000.0
1680.1598629 1.22343415515 0.205199201885 2000.0
4146.85172831 -4.87645163804 0.544998192616 2200.0
1765.71728656 32.0427640096 0.756961611088 2000.0
1275.52774319 11.1620164102 0.416467556854 2000.0
2626.89833434 17.6714224151 0.730587188091 3000.0
-2775.86831402 -4.27593146734 0.322679285897 1800.0
-169.751473274 1.59256830664 0.122789509402 2000.0
-4598.05167387 2.35604496543 0.530613928131 1400.0
2778.99461836 17.1304746766 0.531368876182 2200.0
58.3903850371 9.60883972939 0.302452522087 2000.0
-6587.67611603 10.2323305876 0.669344075805 2600.0
4658.44214495 29.7101759614 0.847769276375 2400.0
445.013262521 11.8331672491 0.418422647998 2000.0
5864.25160163 6.66909179916 0.749571684632 3800.0
1011.16436518 20.1586141594 0.611922660197 2000.0
-2575.48302285 12.265398072 0.39663667198 2000.0
-863.103496897 -4.40291959376 0.223122351065 2000.0
2744.06730458 -17.5967918232 0.573640043175 2200.0
-5028.20890494 12.0257128948 0.461072476251 2200.0
-7556.486254 10.9864101591 0.88358862316 600.0
307.23051545 -19.3768351909 0.62057575197 2200.0
-6918.16085614 -31.8522052245 0.831730503498 2600.0
7046.50453578 -10.4896147591 0.798284085343 2200.0
2025.64616502 -5.95061763275 0.232690464536 2000.0
-135.690525705 5.84845026625 0.225993034176 2000.0
4464.11502955 19.2806290148 0.858274662135 1800.0
-451.177876503 6.65789483334 0.266242051688 2000.0
611.387324126 -3.808040611 0.148011136731 2000.0
3579.80147887 4.15120276668 0.468543634167 2000.0
509.31775974 -3.12195323821 0.128158892834 2000.0
8605.80589178 0.35833899461 0.894895196683 4000.0
7487.6280451 14.4920534875 0.887591396552 3200.0
-9117.07757403 17.4834137741 0.985676518118 600.0
-4603.62065694 -14.4859778732 0.697261823254 4400.0
-773.044830225 12.1605789954 0.404130917201 2000.0
-2779.60547623 29.5331744086 0.687011241677 1800.0
6687.92077836 -9.65779388262 0.825596880448 2400.0
-4378.52044694 -2.38435045178 0.578074293439 1600.0
-1580.57709184 -12.5767517933 0.501085108551 2000.0
7311.52499452 13.1766697733 0.960481445558 3400.0
-3411.3008869 62.2937695632 0.769259540389 1600.0
-6437.36872944 -6.52727614258 0.696662020362 600.0
-2442.43280487 0.661341238841 0.243863396945 1800.0
5609.34481591 -20.3995864597 0.792366549467 4800.0
8361.4623887 29.9066004757 0.95467023995 3800.0
-5174.51094146 0.347812794054 0.581983156693 1400.0
2694.3140645 21.5546843674 0.750425495082 3200.0
7070.89078944 1.75110892098 0.918380725531 4400.0
-5744.32264263 -17.6677274661 0.753577472409 3200.0
6714.04433716 -6.59491934714 0.724587181644 2200.0
-2065.43289477 -23.1816391205 0.630150954846 2000.0
-3543.52684476 7.52393513942 0.31274588841 2200.0
2330.40641129 11.0446508308 0.435833430469 2000.0
2803.73897139 -7.49907036469 0.273729775757 1800.0
-7650.33097426 -3.16471971801 0.827531125831 3200.0
-4837.11212728 11.7276307354 0.568188529973 1600.0
2136.12293823 2.73364247253 0.272946407181 2000.0
5052.89301084 -19.8413807194 0.78170050114 4800.0
-2084.40757018 18.0148931059 0.596245408849 2000.0
7051.54081013 1.47467106701 0.846763304384 4800.0
8320.16887558 6.95558876146 0.94088909027 4400.0
119.74516501 27.6690338976 0.65157732969 2200.0
5268.518881 -7.59715849978 0.569721587017 2200.0
2322.37299404 -24.7427369268 0.697136057459 4200.0
11004.2891789 19.482715749 0.963490967436 1800.0
-525.172193635 5.00551851808 0.199925595677 2000.0
-5127.77338137 20.3087352977 0.77054248025 1600.0
7432.13813974 1.40266967395 0.92977873032 4400.0
-1094.60979544 -5.68424835103 0.287633881354 2000.0
4512.62866332 4.48337039103 0.582223723923 2600.0
-331.665063546 -3.76993930742 0.224931758381 2000.0
5749.30104552 -16.26516782 0.64778174311 1600.0
-6817.05625339 -0.585314739007 0.671974586496 3800.0
6482.7547377 15.7804145941 0.912043398212 2800.0
-9076.91335065 24.0476560471 0.990230568969 4200.0
60.0358615599 5.15235168321 0.259798275509 2000.0
2068.31918634 6.05224667451 0.370570231361 2000.0
3121.67065062 10.550826425 0.554169936566 2200.0
2509.11897117 -1.84214535809 0.198701613054 2000.0
2327.90876771 -15.5325544259 0.469107101513 2000.0
-218.998327212 22.4182471305 0.71764968727 2000.0
267.733419446 -7.71928440138 0.311546966689 2000.0
3162.34611607 41.335902352 0.933778700354 1600.0
-2384.15041356 -6.79544237959 0.335073913349 2000.0
764.111002545 -6.83569078834 0.251833640332 2000.0
1267.02156476 11.1561786887 0.42224443912 2000.0
-1141.02913504 13.9293299328 0.533860790946 2000.0
-2016.47634053 -13.3242018672 0.514205073052 2000.0
-1106.57568282 -3.88831187822 0.18960695117 2000.0
2065.25551358 -24.5466425839 0.700703367593 4800.0
1471.52793119 -7.70836340437 0.274644465309 2000.0
-4984.22216831 19.6729987522 0.649686296897 2200.0
7132.02892746 30.351674217 0.879129565323 1600.0
-1225.43109042 0.226385514798 0.136319085864 2000.0
9662.51367694 12.1531496171 0.936076825564 2600.0
7576.76024646 -8.06681787323 0.882436202803 2200.0
-4028.67020241 -5.47168685265 0.503124766501 2000.0
914.265761831 -1.24885195796 0.126250054183 2000.0
8545.10808493 37.1374488805 0.934605487171 2200.0
1909.77037593 -16.4727646732 0.484166279189 2000.0
-1452.69650889 -9.24104499431 0.415066234346 2000.0
-2352.0244033 19.4704029499 0.64812585641 2200.0
-2751.03229752 2.31674573491 0.192610316413 2000.0
-4132.1467579 7.84891646639 0.502754237294 1600.0
-1578.3164417 3.40012402172 0.166056937288 2000.0
-7579.78549078 0.702679508931 0.834519470084 3400.0
-7143.14759938 6.87292757973 0.75559978552 4600.0
9176.68055819 4.48150248386 0.972611864182 4200.0
6217.30159647 -2.73613073814 0.726709776552 4800.0
8843.09042179 -2.28022232642 0.944830253831 4600.0
-3055.06576109 -6.22628040805 0.402857787992 2000.0
5542.81220347 -31.5250250464 0.839697285929 1600.0
5335.78051855 13.3076198456 0.779637892241 3200.0
-13885.5623604 -10.1640328379 0.973728720847 3200.0
2016.07197832 -12.9532349766 0.318121155094 1800.0
-10.9764839188 0.0371462674785 0.103156708828 2000.0
-3186.86505063 -16.9321619206 0.556881786169 2000.0
-9796.91843321 4.2520115568 0.881397552517 4200.0
-1865.06385024 -14.1945682803 0.508172578688 2200.0
-422.857150258 25.3485047387 0.678130806707 2400.0
6692.63949983 -9.76629419636 0.848833294172 2600.0
-2527.3085342 -2.01966966529 0.300566223183 1800.0
2614.92781373 -29.0448746399 0.721620992014 4800.0
4260.33402303 12.9371174274 0.667062599357 2600.0
-2120.38818173 -19.2829806386 0.637643550509 2000.0
-4861.01625497 -18.5636650985 0.709327730706 4800.0
-3447.07933888 -25.2901601417 0.744711091137 1800.0
-5541.58850101 -12.7341599283 0.717060450089 1000.0
2489.25971982 -13.236863743 0.425043330196 2000.0
10392.2358238 17.5068764203 0.956625375169 3200.0
2619.07335749 29.4981385161 0.729751523104 2000.0
5264.3593236 4.64580917892 0.732183004343 2600.0
14667.5082724 23.2505081666 0.993667509412 3400.0
3426.07649348 -20.7214175315 0.660360428594 2200.0
-10078.5512595 -20.1436559649 0.983444904897 1200.0
4965.80241951 -12.8200529969 0.614557463772 2200.0
2533.12076901 -13.3674208483 0.432014826845 2200.0
925.169626923 9.62078625538 0.318429347196 2000.0
-2866.771742 -23.4173480847 0.748478936846 4200.0
1272.48592655 6.31382003138 0.250928038196 2000.0
-1717.37720531 4.66076121723 0.180699702779 2000.0
-2769.24509712 1.75770086315 0.202498045774 2000.0
-2991.20772897 3.04072851499 0.261462420806 1800.0
5351.06980607 34.9579460037 0.969324322941 2600.0
-3514.21170899 -4.37843213662 0.456866958271 1800.0
-1135.92212314 12.1338919591 0.413301560953 2000.0
1363.44340937 15.1650586344 0.536754350656 2000.0
-2299.56403386 14.3630481509 0.371792684982 2000.0
1515.55513171 16.1580311297 0.563053233694 2000.0
-1005.92562718 13.6221648107 0.527508133219 2000.0
2391.20454595 -20.9050401173 0.547935880467 2000.0
-4523.20233691 0.435583763704 0.542420332522 1400.0
-1754.8068032 -4.34588254674 0.258665511413 2000.0
-8159.50370752 -3.59957885892 0.92336854575 4600.0
2766.12881905 21.6115394973 0.671471029208 2000.0
-1572.4791853 -3.77215003993 0.229153964884 2000.0
9279.04064358 -13.114386378 0.963823806266 4800.0
-10078.5522749 -1.26430529231 0.954323174476 4400.0
2753.85204116 -16.5474351683 0.496386664301 2000.0
2632.51794252 2.50022721427 0.27920849197 2000.0
-229.474272641 -7.19945172278 0.305266841426 2000.0
-969.89973043 -3.89296756741 0.243899032124 2000.0
-948.034526142 15.0870077675 0.42180074578 2000.0
-1684.92372153 -24.668367439 0.724336013053 4800.0
1588.18779356 -5.56336697535 0.204659487343 2000.0
-855.99235128 22.8394288549 0.746605462539 2200.0
-1144.18871011 5.67354264402 0.179860627135 2000.0
1219.10861004 21.5324352059 0.599896391375 2000.0
8038.17996909 -7.8431428584 0.937708667058 4800.0
7206.80017269 19.079534052 0.989543262531 4400.0
-6538.66312979 2.56220547288 0.813043231477 3200.0
-731.623364995 8.21787791074 0.199020863628 2000.0
-1019.93719233 9.2504681616 0.273102894537 2000.0
773.650255931 6.11432690763 0.275759568292 2000.0
1562.15895646 -3.51858920406 0.182598720043 2000.0
8783.38159221 3.65919267851 0.903557757308 4800.0
-1603.20218144 4.49396527361 0.183047261283 2000.0
-810.333810158 5.92382880083 0.208039385996 2000.0
-5267.06837063 -8.71789638131 0.703190954577 1200.0
-8600.91264879 3.56916190179 0.846498152112 3400.0
5676.93761552 -20.1023658215 0.694732613083 2000.0
881.999311042 27.0743014442 0.784026015127 2000.0
-4244.8917569 17.8216211453 0.476622538402 1600.0
3966.75969995 -10.5397739101 0.443186870152 2200.0
101.331427066 6.66566981157 0.304062292675 2000.0
-4263.76571925 -4.31526710512 0.448397982503 2000.0
5995.62338488 -17.3962740266 0.759370749238 2200.0
2503.3089009 -21.1834083922 0.567414499269 2000.0
-250.672621524 -28.6892794462 0.733362343723 4400.0
4349.23434717 7.93232863297 0.500845058382 2200.0
2398.47250208 15.5376500925 0.560571437384 2000.0
-3614.22477867 -3.05291571846 0.395180720591 1800.0
-1947.54578132 -10.1460401792 0.421301936834 2000.0
-1414.51817114 -4.27601933314 0.222972845711 2000.0
9223.76846545 23.2537792866 0.960613463904 4400.0
-262.288469332 -22.3587762919 0.560562624072 2000.0
1184.54066434 2.96805388265 0.216246262265 2000.0
-159.480927608 -8.03430979564 0.221181886192 2000.0
5510.45050391 16.0488779533 0.826475836637 1800.0
-6978.16283553 -12.2006904053 0.776152927956 600.0
2885.46244235 11.3044541871 0.545166616602 2200.0
-2309.3821977 -1.34591479262 0.224591718552 2000.0
3598.96580599 -13.8850399545 0.513405769422 2200.0
-116.702044435 -4.04364218113 0.195431544764 2000.0
3577.80463027 -16.3591962494 0.420077589579 1800.0
-6376.66920913 3.07656622226 0.679504535212 3800.0
-841.531435548 1.25237886312 0.173813292589 2000.0
1412.92301716 -17.1649678644 0.464239993722 2000.0
3835.23065351 -31.5835932689 0.734382598213 4200.0
3134.94581804 -19.8798305556 0.593730614233 2000.0
-9838.52670009 -18.1665097503 0.89690997962 3200.0
6971.45055851 -23.1351871912 0.924841820676 2600.0
-4030.5761029 13.4415004106 0.470280943504 1800.0
377.121966803 7.44095123735 0.303172774149 2000.0
3444.96859936 25.5821593751 0.887201081362 2000.0
1700.29473853 -2.20680622319 0.153090368913 2000.0
859.094495207 -7.78091498002 0.281637719027 2000.0
9111.47330143 -17.2780151804 0.98095454529 4800.0
8698.81510576 18.4574303799 0.987388660572 4800.0
1048.09061683 -18.7546980798 0.583275212516 2000.0
1547.29100277 -19.2198872015 0.506200810949 1800.0
-4533.81077673 -6.85601415835 0.643046165446 1800.0
4695.28914139 -17.0688687249 0.667928591189 4800.0
-567.552384436 19.3805864719 0.583732089792 2000.0
9952.90814445 3.29112124183 0.977795378935 4800.0
1027.89890049 4.63089093067 0.253314532452 2000.0
-5525.48292924 -5.4824519138 0.619672645887 1000.0
6197.44708962 12.7754880083 0.917085911124 4400.0
2351.31105943 -12.3464631867 0.358826998285 2000.0
-1755.41560185 22.1914419833 0.52423933061 2000.0
-16582.410814 5.74745004109 0.965649354628 800.0
3340.68644977 -12.6643692174 0.405840759812 2000.0
640.57929212 16.2568897831 0.507963240711 2000.0
6735.48043105 -19.9147707483 0.776833647917 1400.0
6172.17078983 -3.93572294441 0.746016275502 2600.0
2534.9032675 14.1249960331 0.708773171049 2800.0
6283.23107801 -6.59565375023 0.738013914517 4000.0
-315.69046622 -6.05036983981 0.210881569557 2000.0
-3370.65006247 -7.97947987313 0.442331400892 1800.0
-2974.89375902 13.0326015033 0.405112203877 2200.0
2183.96559281 4.46200305358 0.267836284661 2000.0
145.644206896 -2.31068072545 0.174742509002 2000.0
5824.40578388 -3.08469264894 0.735113002361 4200.0
-4115.40462813 -27.7642065387 0.812577951942 1600.0
-2923.05555776 -12.8412103352 0.601719261459 2400.0
5203.96487064 2.14591566291 0.595805913194 2200.0
-2100.35932138 11.129656589 0.311754476587 2000.0
-12283.6622816 14.9437855036 1.00111764892 4800.0
-6918.07538826 -12.1737413446 0.776068996209 600.0
3542.78331928 19.3382399815 0.668676400056 2200.0
-2684.67382528 2.51051547741 0.207392585887 2000.0
459.35761567 9.86213177074 0.321344046043 2000.0
8788.6939284 16.3037598604 0.986498556163 4600.0
5374.79079767 22.0691949457 0.796008484818 1800.0
-5152.41502069 10.2525643174 0.686955501743 1400.0
-2470.87733744 -5.81073205486 0.365513030142 1800.0
-4961.55879413 0.0455493747114 0.58097644714 1600.0
1949.21310697 -15.2821212664 0.463029578155 2000.0
-4518.20525695 5.8668097063 0.513240781583 2000.0
-475.812018214 -26.2068190333 0.713839177295 4400.0
-3639.75843758 3.24377086306 0.347149100046 1800.0
5558.21685412 10.1061792489 0.700950300225 3000.0
-5181.93914257 -4.01265374799 0.632486125354 1400.0
2131.72746042 14.1625061302 0.593197813506 2200.0
6677.39263374 21.3915341743 0.928798692746 2200.0
89.9202263899 -5.17976301223 0.195708319627 2000.0
2706.67453512 -5.97405879452 0.220176217383 2000.0
-5317.52805828 16.8284397229 0.595076115099 2600.0
1805.53197479 -8.63612517962 0.27382169607 2000.0
2599.22898197 -0.273379812103 0.228239623841 2000.0
769.259858703 16.7974182525 0.665658076577 2000.0
4193.26300181 23.2177967984 0.532675558284 2000.0
-9299.44390421 -7.30500175834 0.848032705819 3400.0
2520.84574644 17.0011492217 0.733150114025 1800.0
-750.665214895 -1.46929027871 0.194829971098 2000.0
3810.25204359 6.64338737166 0.490308881221 2200.0
343.703647314 6.90266494577 0.314726296274 2000.0
-552.475815462 -20.421005997 0.643957148804 2400.0
-3922.23609792 -1.61124097425 0.391868922926 1800.0
3101.60911516 -14.921130417 0.455974011646 2000.0
-4138.94426568 25.9313120772 0.701935604654 1600.0
6532.36381638 -15.7487398626 0.859789883523 4800.0
-1987.4940215 -15.91764672 0.340827380276 1800.0
-3130.4204815 11.3874334744 0.333708429219 2000.0
5016.80885629 -2.93139195609 0.459328885042 1800.0
-519.026840926 14.1492212288 0.469652750772 2000.0
-3498.16004552 -11.9465645266 0.631132504132 1800.0
-4180.60368681 -0.725909238141 0.419664322549 1600.0
304.250122406 12.5383485605 0.393413317375 2200.0
2940.76828129 5.72809978572 0.434685587251 2000.0
6053.44126768 -5.37253565284 0.748558104658 4000.0
-2409.86562303 14.7536585353 0.429697277094 2000.0
570.577128869 -1.29525587745 0.0915587765204 2000.0
-5546.59675946 16.7569885933 0.708914824315 1200.0
-4476.00381833 18.6944412339 0.716283024663 1200.0
-589.939944567 -9.17458989096 0.345857935003 2000.0
-3609.5236515 -2.0097105794 0.325376621487 1800.0
-11563.5570452 23.5914152788 0.943603736286 4200.0
2668.19965973 15.5239054542 0.577026133598 2400.0
-6756.67017678 -9.0706693141 0.745511372507 600.0
6549.17818879 -12.1187310504 0.823635497563 4800.0
-9019.23333485 7.26149590562 0.894702217642 4600.0
-4206.09010996 -5.52001411339 0.467012511989 1600.0
-3070.26055526 0.817454969787 0.235100773687 2000.0
-768.277030686 -9.39454151674 0.311845142146 2000.0
-2358.51533937 5.91805488875 0.225324298989 2000.0
672.378835147 -10.8322694788 0.37582585563 2000.0
-12169.996133 -22.7575906595 0.975603224021 4400.0
14.8249883802 4.43525041564 0.216675293904 2000.0
4754.18182327 -34.1202939198 0.778433397875 4800.0
2212.8136727 -2.66715912748 0.184610843727 2000.0
-5952.50129375 9.67151122213 0.649763893237 600.0
-2380.08283356 11.7323355729 0.231471069844 2000.0
-2273.60823669 -0.219971763951 0.19564973105 2000.0
3080.36465236 0.363565409992 0.393481144744 2200.0
-85.8625676676 13.0980061846 0.416531832743 2000.0
1188.06411403 6.78189087146 0.227426076649 2000.0
-2014.44170355 6.52488438274 0.241276023698 2000.0
2197.85872497 -1.97610065843 0.18289119865 2000.0
4306.70666159 -21.2817533167 0.708173130224 2400.0
-936.911489622 -18.5635749682 0.618199743329 2400.0
1342.37388979 -9.87572256726 0.353731983426 2000.0
-2059.37100844 2.82421988719 0.140581865602 2000.0
-203.590439393 16.2641888728 0.613018760417 2200.0
3150.69404217 -25.500324156 0.702844792454 4800.0
774.169096469 10.414903266 0.359012739435 2000.0
363.445172579 2.92542993423 0.202369354633 2000.0
4841.0699504 3.98994977271 0.584476442175 2400.0
-754.27920617 -7.73459198593 0.297899743914 2000.0
1253.11297152 13.043981853 0.342624691121 2000.0
4590.13606245 4.26126687364 0.553373499019 1800.0
-2892.7064232 1.7937044513 0.189978091984 2000.0
-3294.78963462 -5.30354336533 0.411356304072 2000.0
-760.674216754 11.3405351575 0.36779234306 2000.0
-3593.35812427 2.15994547576 0.289899340947 2200.0
8816.31293962 -21.1026955943 0.957154155979 4600.0
-1260.58957675 7.58070491743 0.27240466895 2000.0
-409.364543247 5.4642421409 0.200573949147 2000.0
5721.025086 -36.8624575738 0.836529080808 4200.0
5046.47545974 9.59253253455 0.686186355238 2200.0
3813.32381039 5.81029679444 0.470763763888 2400.0
1247.20911863 -1.71866591421 0.119669092338 2000.0
-3672.78004637 1.29654183667 0.300791486582 2200.0
-1060.9407329 9.08840596918 0.29603987294 2000.0
-880.265949084 13.6052774142 0.370421145097 2000.0
-4105.00060003 10.3180101807 0.503529782675 1400.0
-8310.82475448 20.720480101 0.838903201162 2000.0
1933.85757362 -3.35780901494 0.185387077039 2000.0
-3542.44771707 1.55632696111 0.350288519718 1800.0
6741.48738304 -4.94952200047 0.795086320453 4800.0
399.586215994 -1.80203361313 0.0876233612223 2000.0
-387.767202652 -4.85225103601 0.254251283627 2000.0
-290.856716199 -1.02793402558 0.155003666866 2000.0
442.417633207 30.7016306353 0.465493273828 2000.0
-3416.98435831 -6.50593542962 0.3739786334 1800.0
3691.83661075 -13.7551621213 0.544383499529 2400.0
-856.394925794 -14.0998956202 0.510939888158 2000.0
3669.34864389 -11.2179330637 0.409576682632 2000.0
-4208.48875215 -12.7423884267 0.574701907633 1800.0
-10846.218582 3.40069971813 0.956990193452 3800.0
-5322.08853378 -2.20778578738 0.595441177709 2200.0
-3735.1373097 -6.51084171125 0.439886806753 2000.0
5761.55381049 13.0612143466 0.7236004138 2400.0
-905.952281108 -3.81605697645 0.217652429657 2000.0
-2580.72735862 21.1509173986 0.696575768098 2000.0
4569.20596773 -7.01378250635 0.431992967868 1800.0
-2730.65194933 14.857160885 0.468321423126 2000.0
2596.71570167 6.65286227622 0.479739965864 2000.0
-57.1957474333 -15.4530985261 0.37412372731 1800.0
-3558.77771069 -3.08015439497 0.372078067096 2200.0
-6805.26099299 2.91605426745 0.760713720251 3400.0
6911.32640633 -2.20982006886 0.858627632702 4800.0
-1660.9372863 26.053777817 0.546910518857 2000.0
-3961.46925738 15.2695210438 0.551768454452 2000.0
3332.44917303 -0.812538988272 0.365882485419 2000.0
-2267.75836034 23.4372267044 0.775504591822 2600.0
-270.273415917 -14.0157641845 0.521283517129 2000.0
-5947.34383153 0.540515607776 0.630078562542 2000.0
1809.87188545 -24.0028820803 0.494022131872 1800.0
298.75653284 -31.8579255739 0.73730680705 4800.0
-3927.75570998 -7.33324405768 0.506340692592 1800.0
136.374263964 20.5417320239 0.503701717379 2200.0
4277.5054992 -5.40845489735 0.372910940793 2000.0
914.262744439 -1.87216403901 0.121983192623 2000.0
2039.66762786 -6.60513207648 0.205574026363 2000.0
8284.16122477 -6.48516716968 0.873206731185 2200.0
9244.20989099 6.10471263749 0.965125335232 4200.0
3182.97549241 3.37491424966 0.350354350355 2000.0
-8245.57686096 -38.2338331857 0.96807201819 4600.0
968.980812599 -6.18682988555 0.24618748631 2000.0
1530.21519407 24.0110731208 0.70910911857 2000.0
-1989.7610119 14.2628989162 0.311814412 2000.0
4185.85359682 0.568735991925 0.532608860893 2400.0
2339.05656784 10.9729847497 0.51493840601 2000.0
-407.404675717 4.53031752195 0.159703454255 2000.0
5121.39085718 -5.77361390801 0.713962566784 4800.0
-1492.88670291 7.94111820431 0.290410491117 2000.0
-1020.59101808 -15.523217955 0.398388626445 2000.0
-5762.17073597 29.920468556 0.922145092306 800.0
2244.34836536 17.8631611094 0.51772946398 2000.0
-3011.41448437 26.3010668795 0.69236112125 2200.0
-6927.97123529 5.63388048305 0.708212411216 2400.0
-2391.06800246 5.90230682495 0.187604184383 2000.0
674.866330861 -3.54223755199 0.192626743575 2000.0
-5883.77481964 -0.143535723993 0.643177985101 2600.0
2196.19117003 -2.38541939396 0.207895562223 2000.0
-2286.10036317 4.0738325816 0.24652835452 1800.0
1293.12944067 25.4189184553 0.824806485826 2600.0
942.422447988 -12.9284956697 0.401601929162 2000.0
-3137.60075924 18.1907125066 0.40368110512 2200.0
3032.65799745 -0.243808172282 0.267323631465 2000.0
14812.200704 12.7523359891 1.00018210057 600.0
-6217.73479173 14.7424540579 0.585220810213 2600.0
-6153.85101615 4.34089745042 0.781437688054 1000.0
5599.58410253 -13.5472822616 0.763478701287 4200.0
355.4681927 -2.26920920363 0.0715128412105 2000.0
6770.40319208 20.637467598 0.937080805762 4800.0
3356.22964672 6.82184106736 0.411749747694 2000.0
1355.77588068 -16.0258982262 0.492925247411 1800.0
-4713.42345702 -5.17010391734 0.544138734243 2200.0
-1769.6995078 7.39789407085 0.245074811287 2000.0
3322.0496112 -7.09694369603 0.247461846777 2000.0
-3788.08511122 15.5792948621 0.48348065764 2000.0
4530.3447198 -3.6095210448 0.564170568551 2000.0
-1875.98777789 -4.3386575705 0.303629867801 2000.0
-3791.53399779 -21.2957300313 0.842497878517 3600.0
314.3275015 -22.1219277398 0.61073552385 2000.0
-4583.31367136 -23.6262200502 0.795222396707 3400.0
-1577.88447861 -2.25977513728 0.1998453272 2000.0
-4463.41781366 -7.10141714955 0.534758542744 1600.0
1054.47550286 -20.4732728339 0.574903779816 2000.0
-3882.7146201 17.4848872417 0.453565884388 2000.0
-10109.1067916 11.4230437856 0.932992293941 3000.0
-3795.81834627 17.969704237 0.636907784043 1600.0
-4400.67570352 -8.27036775779 0.617931146693 1600.0
1518.76874946 3.46086029359 0.245315822038 2000.0
9050.97443535 19.0087573463 0.981249117583 4800.0
6345.7001655 4.43723812688 0.749064722627 4400.0
2472.51556349 19.8096125815 0.62876709027 2200.0
794.399976686 -13.9198422315 0.480723448992 2000.0
6224.44666721 3.33174542226 0.822606200618 4400.0
4181.59477099 8.58562720742 0.527861682831 2400.0
2236.02410645 -25.0741686537 0.576309318604 2000.0
1163.78136136 10.3080596984 0.413585648034 2000.0
-1799.18596326 24.6323838837 0.591556709878 2000.0
4531.82893745 11.2064365976 0.658740119675 2600.0
-2016.74949695 6.60765956119 0.24700447229 2000.0
8021.62375341 46.294520727 0.929720060064 4200.0
6052.95722534 3.82308940553 0.741073163061 4600.0
6360.93327815 -25.1228197494 0.87786173747 4800.0
-1443.19253756 20.0723428819 0.37832191637 2000.0
-1488.34865869 6.87373484134 0.217517262063 2000.0
-6139.78066859 12.6575715432 0.828255065704 600.0
3313.08551544 4.62760646043 0.421148860521 2200.0
589.898717495 -5.35026810419 0.186935783073 2000.0
1632.11339424 -9.47455249996 0.261826995518 2000.0
-5095.63341851 -8.33333130089 0.582625908233 2200.0
-4873.958652 -19.5171630021 0.794110553793 3800.0
8109.2937651 4.16783920561 0.894112360759 4800.0
-2899.3182083 3.29590249912 0.270439973387 1800.0
-3056.41249755 15.3087007239 0.519877346873 1800.0
4003.74918845 -32.388186043 0.754622949909 2600.0
360.935057205 -6.11148679986 0.230327045143 2000.0
-308.570532188 12.4896058638 0.505837228863 2000.0
212.555750998 -18.1853249412 0.446036510064 1800.0
-3728.67200384 8.61767433426 0.292014584711 2000.0
3777.78811415 -8.12603004348 0.4291005686 2400.0
2840.37599991 26.7228266763 0.600575849478 2200.0
-1955.94831572 9.74072713642 0.324307546348 2000.0
-11164.1290501 22.7758218004 0.882673772245 4800.0
7906.58548414 1.3160501027 0.855500013006 2200.0
1401.39561962 -23.1289178792 0.678693646752 2200.0
2197.62247072 -8.94960347839 0.285344256761 2000.0
2319.22945801 -5.74320457349 0.26862218544 2000.0
-2553.25898897 12.3696627222 0.267886789311 2000.0
-1153.31735613 -13.89104517 0.554500374113 2000.0
-766.806561864 -9.61964106295 0.316335099783 2000.0
3072.21978897 10.154190305 0.493916998283 2200.0
-3864.20747598 -28.9357502401 0.825164816175 1800.0
-7652.01284126 10.4641396962 0.708354816912 4200.0
731.601412792 -4.88147940025 0.19543688127 2000.0
-1095.92054141 6.34922193787 0.133793024714 2000.0
5755.11603028 -4.06949108891 0.590716853397 2400.0
4610.17267756 1.75938177378 0.590843187151 2800.0
2382.69554764 -11.7094591647 0.395479715625 2000.0
9285.64239711 -1.38569332249 0.927820325007 3600.0
-1812.59910468 -6.50193722743 0.363767654792 2000.0
6153.52167059 -12.7894161394 0.840017908242 4400.0
-379.060208799 -18.8332808346 0.620046136103 2400.0
3342.51601433 -12.3149484074 0.369634594463 2200.0
1130.69643218 14.2819009391 0.658186529002 2000.0
-6939.63399368 14.382440044 0.818771925066 3200.0
3517.09709001 -9.01010967751 0.450434890184 2200.0
3954.0949735 -10.4769865118 0.381668171641 2000.0
-4006.5888446 7.02947295242 0.395793778297 1800.0
879.042068411 12.8208544494 0.430868036194 2200.0
-2861.24926013 -10.9287847831 0.530586334215 2200.0
6144.12316306 -14.919666251 0.67428881777 2200.0
339.436510936 0.222902202548 0.166749333662 2000.0
-5400.37834328 -17.8318543418 0.715147915496 1200.0
-2751.22698095 7.35045657527 0.302186656864 1800.0
-335.830433795 -12.3769642208 0.470046075248 2000.0
384.644129629 -15.9395685359 0.536446596098 2000.0
-1106.77946795 -8.73111383013 0.397022919926 2000.0
-173.628074882 18.8660374063 0.613940694107 2000.0
-2996.13816926 13.2265469161 0.461670674481 2000.0
-1238.0745133 -0.241032357982 0.143302157224 2000.0
5650.31374481 22.5637086482 0.896673986029 2200.0
-3018.67555792 -5.54418030796 0.433555487018 2200.0
-8432.88828885 2.23840959651 0.923396005527 4800.0
1517.23142589 -26.2819143988 0.67600454209 2800.0
8654.40101995 2.32035144964 0.955793245062 4600.0
205.261679116 0.338693182872 0.181894990316 2000.0
-5994.46308616 14.2840480055 0.813034344879 1400.0
3983.96523538 -6.62473536775 0.422742570786 2200.0
-5788.92720341 -9.95641147785 0.722374742433 800.0
-4092.49520204 -6.8095823569 0.472721376791 1800.0
4077.24242372 -6.1113875753 0.32914092623 1800.0
4145.54928542 -4.02157790937 0.402111140887 2000.0
1495.57397615 -32.4137652708 0.710387545708 4800.0
5813.98320174 7.40293901638 0.726554359147 2800.0
2683.42787468 -11.1862730242 0.422065514467 2200.0
757.485867381 -11.7452874333 0.422906947184 2000.0
4950.02392894 1.90894491812 0.592786068885 2400.0
1713.36563672 -11.7878273188 0.361586215912 2000.0
-5190.78832021 13.4863078766 0.638073549423 1000.0
765.105957199 1.68126450925 0.129677820292 2000.0
6560.95250002 22.1226738777 0.9518114722 4400.0
3302.95599641 -0.986562856068 0.366095862112 2000.0
-3242.41375132 10.821593025 0.332084068784 1800.0
801.071050287 8.21829431723 0.304734396374 2000.0
-1323.95186824 -1.51654488055 0.138259795895 2000.0
-3680.37415969 9.50873089051 0.394756939067 2000.0
2172.10081524 0.168503513428 0.18356012814 2000.0
1763.19248174 -18.1673367969 0.430560450689 1800.0
6718.79570687 10.5016408136 0.856192735663 2000.0
-1150.30534646 -23.95335751 0.711887478413 4800.0
-2726.2577278 -11.6863421182 0.474533294507 2000.0
-2608.50649337 2.58013109585 0.216669025534 2000.0
-12160.8497113 9.55471098389 0.991167076926 600.0
-3967.47806551 -10.9720164827 0.670627175195 2600.0
-4424.10906211 0.669673119809 0.416034259654 2000.0
-9406.16231193 -12.4307586518 0.939131813339 4000.0
1985.71267577 -9.96030119265 0.286120140559 2000.0
7105.0586695 -43.0474040526 0.874285493531 4600.0
-1178.35761761 -9.14515750234 0.422109482025 2000.0
2316.12574406 -0.45357121159 0.195500436247 2000.0
-1753.26977883 -5.42540151641 0.299235407166 2000.0
5130.40040104 -15.098352768 0.664925221712 2200.0
3882.72823491 3.6375860297 0.446359231476 2400.0
-2244.95474871 5.24752904112 0.211007039608 2000.0
-5745.5417175 -9.45122557415 0.705457395715 1000.0
-6312.86953364 -3.2622676613 0.76911231506 2400.0
-6059.47499293 8.49790830545 0.624227978023 2600.0
8066.71208312 22.4760758166 0.914936564731 3200.0
830.679441444 28.143928024 0.674914016249 2000.0
2570.85710557 21.68122502 0.559200165642 2000.0
-5379.97838575 -14.1572723117 0.725905645215 3000.0
-3130.7799961 12.8776556117 0.434539096043 2000.0
-791.352740517 6.00017604311 0.24805049749 2000.0
-4194.80860075 5.18089261493 0.363045594169 2000.0
-8004.15307859 -0.156076274196 0.82138241074 4200.0
-3440.13173438 23.9212049288 0.647682518893 1800.0
1073.59178208 9.85175798153 0.433047238202 2000.0
39.0069025576 6.48838915167 0.306481778286 2000.0
3384.22387931 12.8219196591 0.703150913621 2800.0
2554.45541644 -0.791803068409 0.222954509761 2000.0
10600.6482917 27.8545182895 0.993195602491 4800.0
4501.02099365 17.3864965114 0.891043245376 2200.0
-1265.27490248 6.70461253483 0.190679840552 2000.0
-4017.76221836 2.46179102032 0.361938571771 1800.0
6558.68675718 -1.33458085552 0.82104650205 4800.0
6387.83610962 7.34231330316 0.823091655919 4600.0
333.657020935 -10.1451567092 0.349090829827 1800.0
6030.42203507 8.78274573796 0.746050434411 2000.0
2029.53721448 15.4476970647 0.543399212277 2000.0
-3843.25728871 -18.759399213 0.731694603448 4400.0
2913.11737877 1.20348761266 0.325072228674 2000.0
-10524.0020911 14.105694983 0.85876293754 3000.0
4937.082319 -13.0962901039 0.640647585799 2200.0
1220.48670726 1.15314154271 0.18786915278 2000.0
-3881.84000269 20.4745143288 0.643256988845 2000.0
-5629.0618994 -10.6708760406 0.674536890613 1200.0
4083.94648485 -7.83704797902 0.429937924378 2200.0
354.50923262 0.294693584649 0.062049145635 2000.0
11490.7266172 1.31419827601 0.996100935398 4600.0
1264.91877755 18.7358414074 0.59542031707 2200.0
6782.86155915 7.91870334705 0.800530236431 3200.0
10267.6214043 6.39986206174 0.932698456485 3400.0
316.845567576 30.6648316631 0.770899624621 1800.0
5832.87320277 -1.1713271351 0.678240269637 2000.0
6620.32570709 -19.8194301853 0.752887684417 2000.0
2254.98595461 -1.77317980028 0.192940593545 2000.0
3925.34277205 4.93689850447 0.502562142071 2000.0
-552.761766742 4.74131918612 0.176455214348 2000.0
-7101.90959125 5.40791561071 0.859819973166 3600.0
2299.67269268 16.1503511361 0.480690432075 2000.0
2333.29560643 6.98654006014 0.433295593798 2000.0
5006.52143034 4.36288544529 0.675775010403 3400.0
1776.79146961 14.5420322664 0.460582259952 2000.0
10427.1631497 13.0461685973 0.971108815771 3000.0
-1256.34770891 12.5304392207 0.400549671311 2200.0
619.640440282 -3.29924254785 0.131844553036 2000.0
-9128.00693383 -24.5050903274 0.955925961845 4600.0
55.8878134069 23.1728899638 0.514387204776 2200.0
5736.33617934 27.2057498395 0.89577270368 2200.0
-2445.97376158 6.4321508232 0.213282506758 2000.0
3423.19316901 18.5049586603 0.668057708069 2200.0
15551.8477553 10.7793202441 0.9905478134 3200.0
10888.6276025 4.79868292823 0.985681627182 4800.0
-4318.51660354 9.65807963102 0.442307019789 2000.0
1562.87743304 -3.76515457867 0.183977888166 2000.0
3356.67871887 0.473074313014 0.351359128745 2200.0
-243.790934397 21.7549628948 0.748610834676 2000.0
3868.91870908 -3.12824505886 0.302680325651 2000.0
-7359.28019425 19.9001984966 0.895793983828 4800.0
3731.45778565 -14.6906192354 0.536304815269 2000.0
-5128.52086844 8.00329439903 0.512795390824 2400.0
2665.63519048 1.0646104017 0.264430276914 2000.0
-3420.48985882 -19.6246018288 0.705185081906 1800.0
-2182.99496407 14.2434984811 0.302215822002 2000.0
-15.7447372158 16.3100911464 0.63424942891 2200.0
1990.0836404 -15.728807632 0.509443125367 2000.0
256.775898749 -15.6605236315 0.40378756879 1800.0
-8456.43630772 27.6424343065 0.959333933201 1600.0
-2478.5747064 2.81225245186 0.260739883734 1800.0
880.579549594 -6.16403280361 0.21802988567 2000.0
6464.6184128 7.86287509176 0.8948477072 4800.0
8211.38601118 23.8166449952 0.856292839158 3600.0
3958.71337476 14.7082561938 0.554905005812 2200.0
5589.87703621 -4.53321639717 0.572873522099 2400.0
-3614.93672091 -14.1404283089 0.687940859416 2000.0
15476.3339934 -0.742488098596 0.999870267204 3200.0
-162.560920536 20.6744066221 0.516738446175 2000.0
-2275.24166889 -7.46425388396 0.311580285758 2000.0
5445.76927244 -18.4047076542 0.769911219614 2200.0
-5005.08917542 6.42039516239 0.43108776654 2200.0
161.99729777 26.0433851573 0.813968947803 2400.0
5300.53212184 1.72811818346 0.601013231412 2600.0
8339.18715672 8.60602319459 0.94085933507 4600.0
-9190.18401517 5.42015504753 0.942691787741 600.0
4629.09533619 12.347523058 0.655790115213 2200.0
-6206.00164066 5.94915051704 0.715812957755 600.0
-7507.28780028 -2.79188061199 0.812696213257 3200.0
590.474876652 -13.4696513092 0.482560984469 2000.0
-5320.92008025 -19.5047371738 0.733876491502 3800.0
9514.48195221 13.1760806678 0.986938858128 3600.0
9876.83043947 -9.52423795589 0.953130897137 4400.0
-4172.67698169 -20.8100267789 0.755536177322 1600.0
3402.03331079 5.99264273113 0.543383778774 2400.0
1099.0151068 12.5578595901 0.540240309772 2200.0
5669.01385526 1.2830115729 0.658807095811 2400.0
2968.67175812 -23.5113469165 0.53642777837 1800.0
-6223.44956124 9.67087756273 0.662554827999 2000.0
5514.31992166 5.65281102544 0.683677465681 1800.0
-3624.91293009 -0.0536101969297 0.362898144458 1800.0
-6831.693493 0.445788201078 0.783202487497 600.0
-1466.08978775 -12.1060360911 0.377087285406 2000.0
-575.232134442 11.2578279006 0.399370302846 2000.0
-2163.05474458 -9.04811132678 0.416211737207 2000.0
9446.28238826 -16.7205217669 0.935659836123 4800.0
-745.576573788 2.95295994376 0.186161100058 2000.0
5221.83130715 -4.9455104859 0.608401099098 2200.0
-9045.88464016 34.8478609826 0.980289355343 1200.0
1555.15063849 1.47955936619 0.179829160731 2000.0
-3024.84630796 0.556424210326 0.26252388089 1800.0
4198.44944398 26.7963982754 0.79779450878 3200.0
-1051.71061172 34.3951234234 0.814031951311 2200.0
3414.66899 -6.5823012407 0.279261527988 2000.0
2880.89080492 -18.2165867346 0.575684697718 2000.0
-3445.82160923 -15.472986434 0.645148210659 1800.0
-3672.30265189 5.09683608593 0.366716605234 2000.0
2030.05460818 5.09109389263 0.293651149581 2000.0
905.922210875 -3.13509587445 0.129643133222 2000.0
-2516.14903345 -8.7627078433 0.461330082639 1800.0
3747.8141747 10.7347109166 0.652475688794 2600.0
302.578728044 -11.8286302075 0.423694630635 2000.0
4167.50505066 24.2963827969 0.856617383 2200.0
-5602.96349831 -20.0391963619 0.888402917577 3200.0
6381.1334222 28.7180401958 0.775095470134 2400.0
-3644.81520141 21.863469257 0.723671814801 2200.0
3637.28244757 -12.5157730495 0.349218708825 2000.0
1159.07878852 -26.7328930077 0.718187691195 4800.0
5294.52461061 10.2015479993 0.721802662088 3400.0
-247.398054227 -15.3101750731 0.526882043315 2000.0
-997.55981893 12.4667606591 0.453147951872 2000.0
1416.06497869 -5.10443373692 0.185769883284 2000.0
2499.52353018 -22.4023926583 0.643389139507 2200.0
-913.734796591 -0.0230567396785 0.191784036091 2000.0
-2232.91223647 -19.278422824 0.655278160962 2400.0
187.717258782 -9.14128465162 0.329501391534 2000.0
2494.58116344 -37.4906534324 0.772883808615 4400.0
10441.6684547 9.06894414484 0.971333946998 4000.0
3012.08080344 18.7805039369 0.668152707005 2000.0
-13734.8498452 -12.2618087739 0.991100332436 600.0
-4438.86106118 -21.7748469522 0.780214454276 3400.0
-122.202594273 -17.2565177392 0.604063180856 2400.0
3938.44795646 -9.62510653607 0.478061727491 2000.0
3170.70786873 -1.02246706993 0.255342365068 2000.0
