-4722.07961624 -4.38043403222 0.874686339189 4800.0
-6827.02545505 0.385528117566 0.954982210249 5000.0
3576.28027674 32.6208250482 0.93785542379 4000.0
-2106.71728879 7.47749016776 0.882140345339 5000.0
1628.54897652 -10.566048876 0.890423500041 6800.0
-1774.0198217 -6.83543814458 0.878492644427 5000.0
3635.85113691 18.540481809 0.940210523442 4800.0
3036.70947585 5.59943132646 0.916331604767 5400.0
-1287.99059636 -3.46055872932 0.889806875559 4600.0
3447.29726719 -17.4955220644 0.909547626349 5600.0
2720.62005697 -2.7443000218 0.9148931092 4600.0
-2623.10950384 -1.34413852014 0.889599752505 5000.0
-757.742492814 7.95621739769 0.884736010195 5000.0
-1886.31207933 7.28238159634 0.867687125047 4800.0
1443.52282819 -13.6031468652 0.918164267884 4800.0
-6419.07270332 7.45339801691 0.95317702933 4800.0
-7819.83417848 1.64609543553 0.991388515972 5400.0
-7061.46021624 -1.2401542249 1.0185286352 6000.0
-1553.25537226 -6.48344975134 0.884969655445 4800.0
-725.479928774 18.5904724097 0.920487781424 5200.0
-7539.65271597 -17.0820023688 0.944189973707 4800.0
7789.36515509 0.145627346133 0.973161529143 6600.0
-4156.04772882 -3.99179136037 0.872930523638 5000.0
-2725.0767368 3.71634178698 0.879122808035 5000.0
6605.07546421 8.22838332279 0.977535386433 5600.0
-1849.88522683 -17.290337644 0.896431679169 5000.0
-880.670658453 8.94963224469 0.874311206756 5000.0
-3338.94426774 -6.5314627042 0.871676151179 4800.0
11814.0987956 14.6372009835 1.02479406767 4800.0
-1469.41097853 10.0383149856 0.874813292509 4400.0
863.346735604 -3.78934564353 0.879496699424 4800.0
3024.26909908 -16.6637569074 0.904787737653 5200.0
4715.41891814 -33.1833943243 0.921180622099 6000.0
-4881.60341312 1.79631134359 0.903357288518 5000.0
-4294.17068932 13.1725040476 0.896860760898 4800.0
4692.82843785 5.59777546288 0.931524541917 4800.0
-2656.39726496 -14.1893844272 0.853550202501 4800.0
7486.5492489 -9.89543073546 0.996778077926 7400.0
2668.30552141 6.12756787374 0.899044464656 4600.0
4611.08413663 1.15402627145 0.921417329984 5800.0
3545.82501626 23.7794497329 0.912833708118 5000.0
4938.32627651 16.3781577615 0.94509239696 6000.0
6657.84718698 -22.791984929 0.94086965357 5800.0
-6346.23761119 35.557689773 0.992932622468 2800.0
9781.6892805 -5.65585473516 1.02090807649 5000.0
-177.162642564 3.15523438377 0.920540835104 6400.0
1799.31742079 -12.163239889 0.914854329078 4800.0
7258.45560923 26.1326742166 0.955437379374 7000.0
-2983.37157872 -3.85948331228 0.884711502394 4800.0
-4967.13608233 25.6743972546 0.944364955163 4800.0
-4601.08527049 2.9438231346 0.894263152088 4800.0
4688.85868983 14.1431433201 0.906427746078 4400.0
905.564399209 -19.5488811566 0.872398599653 5000.0
127.190595071 -2.00244869442 0.894391698448 6000.0
-2248.66737653 -7.5696247719 0.867497597154 4800.0
-2141.82797853 0.993424077133 0.863651549449 4800.0
-3608.7336002 -11.9265298525 0.849528580762 4800.0
-2372.95227355 -24.6683531635 0.88563631824 4800.0
2077.75938479 -9.16214847726 0.897387798119 5800.0
-43.7945076604 4.08985609536 0.880170937815 5000.0
-2275.19156959 -15.3481743764 0.87807044213 5000.0
-4661.8892989 -20.1417644265 0.896744213691 4800.0
1049.88535061 -19.65604224 0.899892977942 5600.0
5801.94221427 7.49243668744 0.915619937345 4800.0
-442.813860409 -9.47100793413 0.916674782241 5600.0
7507.45120848 -15.417315343 0.918160299672 5000.0
-1496.04209462 3.8961969732 0.887444924629 4800.0
9811.53273901 0.142514056859 1.01329966674 4800.0
733.991782143 -4.60955686557 0.865552763928 5400.0
2604.20120931 1.32262884837 0.886872694747 5000.0
12423.663195 4.04660272651 1.01766131232 4800.0
871.622446183 8.28474159701 0.881754192164 5400.0
-1907.57196236 -5.41114497839 0.873324647861 5000.0
5223.87221004 10.0657224566 0.933386048109 6000.0
1747.41155813 12.9970683358 0.901229293031 4800.0
3506.46550067 6.46577839963 0.901352604362 6000.0
8389.09315867 14.8842472725 0.99536007899 7200.0
-489.807995065 8.76209853017 0.907729797111 5000.0
-3794.34369626 -1.37752346987 0.858081586125 4800.0
2475.4495141 6.34246453074 0.894738690212 5800.0
2223.06239301 14.6870777946 0.912879428391 5200.0
5742.20790064 18.4862984047 0.956289456793 6600.0
3570.97836365 -15.0530433381 0.887144302575 4800.0
4551.5304816 -10.7478050669 0.895834337634 5200.0
1437.38717423 -0.621523399358 0.899927466968 4600.0
-4875.62413341 -17.7933125786 0.92110589422 4600.0
451.429429569 -1.52935984778 0.907467140541 6600.0
-57.3858551151 -8.00659787553 0.913833707865 6000.0
-10271.0438037 24.6310866436 1.01587061102 4800.0
1371.2089021 24.2309694721 0.921938665496 3800.0
-6471.27965091 -5.67327609054 0.966273368085 5000.0
-4070.24813437 36.3043391763 0.959092212804 5000.0
3140.43686446 -12.3713571423 0.916211362904 5000.0
-3425.65251537 -6.5625174683 0.8787984281 4800.0
-2589.02253001 15.5829113617 0.88610996725 5000.0
1409.31282261 -14.3984406325 0.890069573886 6600.0
-3909.81319448 4.29328481137 0.90821395996 5000.0
-2185.05745255 -12.0622082641 0.838405234742 4800.0
-8298.85742003 -1.89478588036 0.987104431644 6000.0
3142.74019858 -2.04793250783 0.882570191131 5000.0
-6780.02353377 -15.6522072194 0.957323046014 5200.0
1781.02524955 4.82466938123 0.882078351224 4800.0
-2522.97512772 7.96517289284 0.875702847539 5000.0
4227.33352539 -14.3933603748 0.896088391674 4400.0
-852.212982763 -0.290889609469 0.899341394816 4800.0
3864.35372699 1.79399122976 0.911421624501 4800.0
-976.847816277 -13.34462215 0.914200278312 5400.0
1203.36379973 -1.99597853727 0.889920457597 5000.0
-5900.6954921 6.57167934821 0.930291411927 4800.0
-5095.70224026 -2.58747553338 0.919603711611 4600.0
4635.4335947 15.5988914224 0.922190684066 5800.0
4257.60851919 0.351283392058 0.902321879775 6400.0
924.812998632 -17.4199875899 0.885195381841 5200.0
1486.97382557 -0.534309930086 0.909280688676 4600.0
-473.271839318 -20.2906310732 0.899795539009 5600.0
126.603169139 -15.5536920298 0.899453326328 6000.0
1540.16284031 -15.0090276755 0.886463973731 7600.0
171.173240961 18.6907581477 0.916234687046 4000.0
2797.94776617 -5.62430372402 0.92638688776 4800.0
-9243.7709916 12.7886147168 1.03942407727 4800.0
-2893.52545261 -3.92526585525 0.858635631684 4800.0
-8098.58861787 -16.500225707 1.01032421288 6000.0
-3199.81272427 -3.96259733873 0.893897948622 5000.0
4879.94518101 -27.925734401 0.917373620175 5000.0
-212.923637383 -10.0433745867 0.89687836711 6000.0
1859.9328692 -17.0542907143 0.909328266765 5000.0
-5522.49081684 -24.0636436285 0.93350282024 5000.0
-1131.21047413 -12.600832824 0.890989972923 5000.0
-194.332033971 1.89514818581 0.908028738913 5800.0
-779.469645365 -9.92021379181 0.901620575823 7000.0
739.849634691 -7.70641110777 0.874947761071 4600.0
1540.3512779 6.2599017474 0.906887253481 5000.0
-6987.92340688 -9.42516563263 0.92777762195 5000.0
-12880.2166098 -6.59671522141 0.992823726354 5000.0
4517.05944386 3.71378616494 0.926732831897 5600.0
1989.89057545 12.62881118 0.898817495641 4800.0
-1626.66944133 -11.4028203679 0.872322976918 5000.0
2918.31458391 3.79566017622 0.911191581478 5600.0
3485.04648956 -2.47950736492 0.913736545657 6400.0
-959.261304141 -10.0513603608 0.898762789557 5000.0
-3878.17261766 -1.52507262879 0.888397334905 4800.0
4899.70201119 6.97908721047 0.901059061405 5600.0
2676.80338179 -23.7474992293 0.925160246662 5000.0
3316.06852901 3.86721106406 0.917496224279 6400.0
-7679.09924759 4.50929348417 0.989685575616 6000.0
2666.89514563 -5.77283860934 0.914718616473 5200.0
2145.42087083 -14.42578718 0.900051155298 4800.0
-1437.35075649 1.17691868451 0.870211263728 5000.0
4115.59890317 3.68021572281 0.908068596196 4400.0
24.0150617025 14.0717908269 0.88690830089 5000.0
-2137.59620853 -9.84343225706 0.869044678782 4800.0
7095.90529846 6.35409880889 0.968766150127 5200.0
-4016.00684289 -3.97130804105 0.833629118494 5000.0
3523.11159207 -23.7404048126 0.918330600022 4800.0
-3840.73359557 16.9687898352 0.921994660318 6000.0
-8179.82456292 17.1816477303 1.02057858557 7800.0
-4308.83204898 3.23222072015 0.918712635136 5000.0
-3980.59914515 -4.23815243029 0.902868926132 6000.0
-1366.87902389 0.934802021927 0.880138830243 4800.0
4042.02147746 0.252713542345 0.882108306012 5400.0
32.6328483344 0.044385501145 0.880560664423 5000.0
3517.80692672 -13.4582986116 0.86223127919 5000.0
1369.20724347 -2.18566908075 0.883594383988 4800.0
-523.459741855 -11.5287090478 0.887208180926 5000.0
-4374.06112795 1.42752367322 0.933279111713 5800.0
1524.78149271 -0.494599367046 0.890423295437 4800.0
2285.43800491 14.3668211057 0.919435006722 3200.0
4238.57046939 -6.38407329237 0.894680673611 4600.0
-8388.99034505 13.3817668113 1.02323920445 6000.0
2496.52000994 -22.3125946596 0.905262261822 5200.0
-4466.24950031 6.80138544383 0.903844297337 4800.0
3413.56914259 12.4883536777 0.898350953609 4600.0
-330.782308811 2.40415573875 0.908894094456 5000.0
-3916.94142265 -8.42729889157 0.908259990268 5200.0
2677.31598114 -3.4034810948 0.907923146772 5600.0
2895.47720434 12.956025917 0.901105926146 5200.0
-7253.34413408 -8.02168699459 0.977466517777 6000.0
984.554571734 25.4002800717 0.934898606167 4800.0
4513.84200589 -9.242763677 0.889444764668 5000.0
3405.16872471 4.51739719649 0.887357828617 5000.0
-5026.96066344 -2.18530345479 0.911741991523 4600.0
10168.4363283 0.179279189496 1.08778703463 4400.0
-829.231109158 2.49760123792 0.896096873569 4800.0
-781.687303385 6.59504703131 0.931035322102 5000.0
-8162.5743799 12.1635820402 0.99849028424 5000.0
-1912.65880231 -20.0370017128 0.865045614148 4800.0
9348.05761226 4.86984145288 0.967462991896 5000.0
333.750179676 -16.990295636 0.876505964361 5400.0
-1115.05689948 -8.21745019918 0.891926514789 5000.0
-1188.82781006 -10.1907494147 0.88133488338 4800.0
2981.33787748 10.4246847921 0.895399830048 4800.0
4521.21680366 -5.48690333967 0.921796632096 7200.0
-5871.98856804 6.47172742295 0.959754702886 5600.0
807.025578435 17.0708657798 0.915340170454 5400.0
-5928.01115476 13.2450466721 0.970074811851 7800.0
-5230.4126292 -11.8493584992 0.913064941443 5000.0
3713.70445929 -26.6388589369 0.934723991815 4400.0
-595.202465073 17.2365652536 0.901901332081 4200.0
-1468.59163304 -18.5855544556 0.896614752882 4800.0
-2722.76718667 -1.44603429327 0.898922130701 4800.0
-5267.91782879 15.8063259422 0.964297862201 7800.0
193.33747507 -5.93041170307 0.895390876177 4600.0
-1600.80199373 -9.53449050171 0.855621341956 4800.0
4256.75838714 -2.10252366828 0.903472916807 4800.0
-3844.79126176 17.5976823649 0.921727426323 4800.0
1107.4676188 -8.96665079636 0.898306349757 5600.0
10570.8502437 19.3957749305 1.1133685869 6000.0
-953.340047632 5.23938214356 0.894316443831 4800.0
34.6079235749 -9.72441839658 0.87931099406 6000.0
917.546698599 38.3032256357 0.908565769265 5600.0
-4954.16247434 1.65440066163 0.939469511897 5600.0
28.5633212278 -36.3566523771 0.876832679209 6000.0
-6300.34652076 10.0482692867 0.955806104681 5000.0
2718.36230051 6.93616384398 0.891613065577 4800.0
-698.721806308 14.4364874192 0.902150565411 4800.0
-6535.40888991 24.5839624568 0.98982623613 7800.0
-3472.32540787 -1.10207223079 0.901662715653 4800.0
11737.2108493 12.1539878812 1.12188408735 4800.0
-1353.23166863 -1.11125017863 0.885486640325 5200.0
-3618.25175898 1.55228753898 0.873460531202 5000.0
-1575.15891979 -6.82658307903 0.892387005591 5000.0
675.108296129 26.7226230916 0.884780490009 6000.0
-23.4175623026 -1.71344420757 0.889117748999 5000.0
4579.1794162 10.0352582454 0.924036134749 6000.0
-5181.4498578 0.439340724789 0.950691469034 5000.0
-4052.3874851 9.06008881602 0.905654246761 4800.0
2733.68706145 -7.15015111458 0.916624269919 4800.0
1924.60605357 12.110182702 0.905538983394 5400.0
-2696.33520636 -4.68059413252 0.885263026563 5000.0
-1806.60716089 -0.781882555054 0.891843878616 4800.0
-1770.41491388 4.75963469173 0.885215440396 4800.0
5070.94178816 6.5566189327 0.921472380104 5200.0
-6344.66187092 -3.59164479712 1.00169896794 7800.0
7639.81880754 -26.4759786954 0.968275236872 4200.0
2071.41866228 7.28674591849 0.89945109664 4800.0
2471.30071751 -5.83749707691 0.894839221085 5000.0
-5253.65429693 9.96222883283 0.922291152185 4800.0
5919.48025432 0.129028781785 0.894682610209 4800.0
2777.53759351 17.163393235 0.905511806278 5000.0
4667.40910381 -5.55740274756 0.918461946292 4400.0
6199.10111513 3.67016550961 0.93688636829 4800.0
5017.15778658 10.6376450598 0.927071216125 5400.0
-1839.62824102 -0.23583436514 0.892558963424 4800.0
3822.53658342 5.97223678868 0.908969369095 6000.0
1199.73499197 -12.1668846101 0.904458618145 4800.0
1588.7046648 4.69879710406 0.903879847328 4000.0
435.814994998 -2.49606329829 0.907788095895 5000.0
1645.61487803 36.7589620499 0.939853120678 4600.0
3168.32171137 6.91833467941 0.887540126578 5200.0
1909.60142304 -4.03187309249 0.891491949482 4800.0
-3767.89685142 4.47038206778 0.905850687592 4800.0
3354.66662534 -6.85652833878 0.905125789955 4600.0
-5929.78580405 -2.77226407191 0.931273007381 5000.0
321.450694128 7.56437460887 0.879705168817 5800.0
7917.10443276 6.41746495724 0.977256005568 3800.0
2458.48940823 -0.622586042954 0.890260073341 5000.0
3122.78098843 0.871995430833 0.910136949363 5200.0
-2999.94527137 2.7582192774 0.911082552939 4600.0
-2409.52354671 -5.04736066457 0.83546375608 5000.0
-2906.90429298 4.78393917811 0.864843984033 5000.0
2189.50453201 -4.9866273124 0.892486511047 4800.0
1462.16812289 25.354400995 0.920157838119 5200.0
-2396.87200618 16.6148710397 0.911619821803 5000.0
9749.3847321 -19.1595448068 0.962106510928 4800.0
7454.07471813 31.79170333 0.966900347748 7800.0
-751.406672001 15.1224537044 0.880672346345 5000.0
3789.3400555 -6.67231335286 0.896874772541 4800.0
-2700.07998293 17.9094954286 0.908929982148 4800.0
1694.04958559 -6.15588307284 0.916365139992 4600.0
-2198.61274231 -0.511468156511 0.885981022398 5000.0
877.582666978 15.6122778101 0.924495797754 4800.0
6105.02756353 5.47055803228 0.932658807033 4600.0
-3196.01208546 6.0821553175 0.898812305326 5000.0
-2541.42689795 -0.434503965051 0.877475460217 4800.0
-2156.86333897 5.1543570939 0.894361595179 4800.0
5396.43145603 16.2455147496 0.933771101783 3800.0
9508.53246292 -2.5541144585 1.02372290013 4800.0
730.002941237 -5.3270198005 0.857079141189 5600.0
-5735.60882215 10.260449766 0.964922229786 7600.0
5436.81419773 -5.44586636278 0.931140608473 4800.0
2614.5785076 -14.5824874036 0.894908753203 7400.0
-3712.4035052 -15.4977176093 0.893849436343 6000.0
5088.19561585 4.31067561512 0.916925196461 5200.0
-6713.32734223 -15.7604170595 0.932348358947 5000.0
2014.25781334 10.1737897095 0.876875329028 4800.0
-4594.46007024 23.4723444956 0.968000625221 7600.0
-917.557722479 11.7966491966 0.911050915212 4800.0
5539.14769308 -8.81328268708 0.914658160606 5000.0
-2276.01927063 0.256588142461 0.89640549796 5200.0
-3590.92082515 7.86642417619 0.880396471758 5000.0
-4267.51047069 -1.75302175288 0.867091562246 4800.0
-9653.94074371 2.09522447371 1.02605600238 7800.0
1815.34250621 9.84465564626 0.872079206243 5000.0
2596.70223908 2.66768148842 0.904707994829 5200.0
3570.81873519 24.7758250338 0.910964794341 5400.0
-3998.77110714 -11.6894236839 0.896855607768 5600.0
4428.77060385 22.6298812253 0.92176320574 4200.0
-7780.42601465 -2.64049872446 0.981489649077 5000.0
4003.1809705 -18.190255989 0.903700188107 4600.0
61.7905149267 -1.0405299523 0.876204421701 5000.0
2018.31289648 6.91034076836 0.88267576654 5000.0
-744.953569166 4.86624431233 0.893068026229 5000.0
-4551.59530631 14.6789670696 0.90117561864 4800.0
-2523.90709053 20.5561984555 0.901137423584 4800.0
-4523.00059137 16.17824057 0.949609777374 7800.0
8519.20455608 33.4300743775 1.12509882886 1600.0
8776.72331301 5.34827050962 1.05372918206 7600.0
-2182.64041035 -1.14819795354 0.90645274222 5000.0
2409.06714236 6.4543793109 0.921618172671 4200.0
1924.17672916 -20.9662534133 0.91572933187 6400.0
1423.16465289 -22.8644437504 0.904646735279 5000.0
-1431.94788432 -11.5837188646 0.896214560907 4800.0
-5021.42968187 -1.85014923319 0.922095148805 5000.0
-5196.41657638 3.7424430124 0.915467439982 5200.0
-5714.09514863 3.52780365205 0.98117563794 7800.0
272.048159675 -25.0007047037 0.889092674481 6600.0
3318.81793945 -0.48876396587 0.891025131054 5600.0
5683.25702815 36.373878435 0.979068520697 2600.0
-1762.51006177 17.8738368904 0.888013643711 4800.0
2287.99209685 11.4638699145 0.91603253942 3600.0
-5294.73714087 9.17378883483 0.929409360022 5000.0
-3619.30241584 -12.6515669281 0.861277332366 5000.0
-2621.69817244 22.3766639412 0.908078578515 4800.0
-9498.61487714 3.38741146949 1.00718001396 5200.0
2769.24437605 6.71982352291 0.888139987133 5400.0
4469.43690954 21.3182198313 0.911205598942 5000.0
-485.668151048 -6.20758431752 0.874055056933 4800.0
-4077.27699635 -4.05514421373 0.869316054551 5000.0
-2593.15042155 -10.7940787028 0.851562441718 4800.0
-416.333004189 4.47398144194 0.879778444271 5600.0
1851.846924 2.42256332623 0.912339246708 5200.0
6317.60904922 24.5715242884 0.942447877763 6600.0
-6037.52393207 -6.66979741555 0.927631735824 5000.0
-2294.33360905 -12.3997099443 0.926366358615 4600.0
2533.96860465 6.14805098271 0.915397561725 5800.0
2932.75866638 -2.92599972338 0.893700374897 4800.0
1212.87904572 -2.03195322074 0.903968019729 5600.0
-4767.46015757 14.7373736221 0.956173625145 6200.0
-6033.74095368 -4.55011404039 0.953064569332 6000.0
2878.79285288 4.48101029331 0.903022208752 4600.0
-2226.06331186 7.71631979694 0.896879386055 4800.0
2442.94599103 1.91476476938 0.908244871596 4600.0
1571.2554245 15.1626073555 0.892354739969 5200.0
7145.41855489 12.7707412976 0.994630258238 7400.0
-7093.24951878 12.3567944921 0.968946498955 5000.0
123.659554053 -11.4171227287 0.903369921028 5200.0
-4461.98031717 -9.60204751592 0.897905118998 4800.0
-21.2262400537 -1.60906214102 0.861089605562 5000.0
5086.36113959 10.3292507725 0.939196865336 6400.0
-4077.36526176 -13.6617716359 0.872292095218 4800.0
-1728.62433069 8.46488757225 0.877168214735 5000.0
3363.50636769 -17.1572994059 0.892105136989 5000.0
343.734813408 5.39884332661 0.88729584134 6600.0
8811.17244352 24.1325120951 1.05833419708 7800.0
-5130.04828819 -16.7395771097 0.908652116363 6000.0
5353.27060458 11.7878042485 0.928716151802 6200.0
-254.734069803 -1.60749023739 0.862517741799 5000.0
825.347931088 21.5988464774 0.858605874494 4800.0
1375.1155388 -0.790776521441 0.911917149617 4400.0
1945.66959209 33.1547468084 0.931719063261 3400.0
-5350.96896881 18.6030531499 0.992789997191 7800.0
369.085748941 -9.18041844088 0.89334548555 4800.0
-2530.53272276 4.56559009227 0.876478345795 4800.0
-1333.59266816 1.49996123114 0.899490665335 4800.0
-2595.59883704 -21.5317296034 0.897291953132 4800.0
2775.41589509 16.2925336747 0.921828583475 3000.0
-4012.0790041 8.73508868496 0.883592209919 5000.0
-6984.80849293 10.3717895295 0.961326971608 5200.0
1128.82441243 -15.9798309644 0.894290800861 5000.0
-1441.90571776 1.12016603292 0.882862951221 4800.0
4652.72883034 -9.346541996 0.929912885427 5800.0
-3432.26319912 10.8085051331 0.873717875928 5000.0
378.969694057 7.03659930854 0.912733560872 5400.0
-2244.16313901 12.9987308259 0.884617565155 5000.0
-6861.64951502 4.26767049994 0.978785734209 5000.0
-3068.306685 -0.91778691698 0.872300351061 4600.0
675.11366704 27.8383465322 0.910489027872 5000.0
1882.60129666 0.67291229969 0.909911269471 6400.0
1645.05684659 -22.4855413663 0.911965641504 6800.0
4121.20440294 -4.22772442456 0.92094392784 5200.0
-113.887071988 -11.3828947341 0.861243065161 5000.0
5309.69922827 -15.0047380899 0.908681250328 5200.0
3395.63833071 17.5977050084 0.927559824921 4600.0
327.310215736 -8.49736387852 0.893697779935 4800.0
1717.11116099 -8.64650498328 0.905103120664 5000.0
10399.9825443 16.3912849431 1.08450823755 6000.0
-7016.12126558 10.0692373563 0.967885469439 4800.0
4084.09625647 -3.27115622866 0.87736808367 4800.0
785.139185451 3.7927976172 0.888904183118 4800.0
-8325.17597876 9.83302715867 1.04777390151 4800.0
-347.337329863 1.3424781356 0.911505338592 6400.0
1246.57226415 -4.49399403669 0.889407150203 5000.0
-7815.60231284 24.3801473105 1.04909345258 5200.0
2673.41589921 -2.70546578364 0.908536436833 4600.0
1424.33461373 -19.3240957903 0.8947243868 7200.0
-14157.3607516 2.18631282578 1.02194407286 7800.0
3979.38088447 -18.1093162169 0.916036765749 4800.0
3734.49619473 -2.96001476144 0.905911052179 4800.0
-106.109710282 -13.9443002849 0.876011549919 6200.0
5753.28801453 -6.22667541304 0.878137013722 5000.0
-5078.49969249 17.9002035138 0.963101765564 4800.0
-9397.87818842 15.862179998 1.05306237024 5800.0
1969.04802839 -11.1917706956 0.9054452169 5000.0
3584.65780958 -6.52981639851 0.912670149145 4600.0
-2414.72138258 3.27623152988 0.858557853059 4800.0
383.637431305 14.0054258362 0.912078517202 5800.0
-918.209035393 -2.27603608205 0.893619998653 5000.0
-1176.7864599 -12.0325839378 0.907566022623 4800.0
2290.88537585 -4.83799636628 0.880239713358 5400.0
8453.782509 -7.35834592123 0.933854121295 5000.0
5724.7674617 -5.32155187744 0.93041162351 6000.0
7185.76441323 1.14817022405 0.946092146426 4800.0
919.873699511 6.28544995762 0.896990994157 5200.0
-1209.82009282 -8.49531087006 0.863759226513 4800.0
6469.90117759 14.8734023295 0.957704093553 7800.0
3463.45351174 -2.22940553336 0.898129844289 5800.0
5601.94674126 8.10118876778 0.906394834439 4800.0
1837.61522908 -5.1151686298 0.922760470464 4400.0
5123.52053257 -0.0302876087449 0.929907177811 6200.0
-8548.5138288 29.9833518424 1.10646910665 7800.0
-2007.75252376 -23.6937890557 0.87460184574 4800.0
-978.23036149 19.2488355871 0.902487259023 5000.0
-9246.56166823 -13.7065914698 0.975605349879 5000.0
-1067.24071305 -0.756057242859 0.894318507565 5000.0
4394.01561007 -12.025890257 0.905181514917 4000.0
-5003.1916639 4.96109970163 0.914497001081 4600.0
5530.94851552 28.6541807585 0.95339779491 4200.0
5566.70939461 -13.5861417432 0.965600750396 5800.0
12018.1336524 10.6960519221 1.02491118409 4600.0
6344.61667866 3.35610257172 0.9758936677 4200.0
-2201.75861978 17.5700671057 0.889776360712 5000.0
4500.44307078 -34.2379101079 0.921467493031 5200.0
-2795.29245185 -4.64235418772 0.907571997527 5200.0
-510.531991773 -3.16084706467 0.892230918692 5600.0
-2885.9851956 9.19730324731 0.902444509622 4600.0
-4339.61210532 9.87787451119 0.900661672986 5000.0
3205.75842673 1.00931690256 0.867969305374 5000.0
1348.30602316 13.4820039312 0.893541971134 4600.0
-7097.80075206 11.1786288213 0.976453031504 4800.0
-454.852701969 30.9801102226 0.940662482835 7000.0
-1959.75374535 -8.14248059202 0.895972108176 4800.0
2031.3180193 -20.9610734382 0.896940203378 5800.0
775.717065564 -2.88835517926 0.875385547489 5200.0
-1111.62499849 -6.01318292689 0.882238285902 5000.0
-3261.95153883 3.77455084962 0.862596767295 4800.0
2676.02495823 -11.7911845688 0.891418355499 4800.0
591.606056048 -8.24473685484 0.89348193215 4400.0
712.265304423 16.2334236239 0.903174012733 4000.0
6108.80027035 4.26340222329 0.92349177853 4800.0
3587.00757465 3.0641170065 0.920111219468 5000.0
-5481.87189095 -13.410370634 0.915860461212 5000.0
-4486.83520667 2.7090100678 0.879979803393 5000.0
-1876.2813724 9.6831190862 0.874057793831 5000.0
6200.73556225 10.7620953328 0.964198856027 6800.0
-6863.01538153 5.53316675195 0.962178127999 5000.0
1711.1070667 5.45230881829 0.92613443697 4800.0
1851.27800207 8.47088582083 0.908234677154 5000.0
2536.37364969 -36.1197358491 0.880752562179 7800.0
-4258.27659287 25.7950143601 0.949796206571 7400.0
-6528.04956164 4.74030154012 0.95004739426 6000.0
4063.49476167 -5.08068375268 0.900761187925 5200.0
2241.81905619 21.7752388245 0.906430155619 4600.0
3912.30343272 -14.1405784891 0.909288838982 5600.0
2020.60571615 -7.33610298893 0.913489508623 6000.0
1337.64791756 -13.9476091547 0.878274943488 4800.0
-1804.4743347 -1.09432011255 0.884126867999 4800.0
1852.28475356 8.00505999776 0.892216336824 4800.0
-808.394970967 16.3465163714 0.913037250401 4800.0
498.113600069 -9.72388939722 0.913717563171 4800.0
-6394.74663111 -7.95152500448 0.950379058548 5000.0
7043.98342507 4.15510306945 0.922566465387 5000.0
2556.64461451 -7.39081036122 0.899153391963 5200.0
984.019640922 -18.1127193283 0.863965482707 4600.0
-3078.60258879 3.83752158471 0.910786710249 5800.0
-1382.14243556 12.7775912224 0.913524311133 4800.0
-916.372561621 15.1404070656 0.921290447298 5200.0
-1525.64717946 -1.40586014313 0.899419981319 4800.0
-1680.96108508 -28.3547391306 0.925330907492 4800.0
1395.14024607 -13.13268724 0.896948230287 4800.0
-1404.49948133 6.50524174517 0.887038876576 5000.0
5408.019129 4.91045059656 0.913965106981 5000.0
-1649.49518594 26.2697782399 0.923582825058 4800.0
2187.11503772 19.8789389558 0.898793910288 5600.0
1989.25816034 -6.98237443349 0.908850575195 6000.0
6351.6941555 0.501336367596 0.952158980746 6000.0
-4730.10378872 -4.55336968543 0.922601072594 6000.0
827.607096214 -5.06299281689 0.88382191567 6400.0
-649.92862409 -21.2415392152 0.905991722427 5600.0
6883.37148184 16.9550517235 0.966736310487 4200.0
-237.21331584 14.2083576566 0.882638095352 6200.0
4635.13589382 8.60576228998 0.916092447019 5600.0
2133.14740626 10.5672121779 0.891714629409 4600.0
-3514.06086059 -0.826424474008 0.865347980674 5000.0
-7312.30374266 8.95216926032 1.0415990535 4800.0
3360.28491706 3.60128084819 0.909032566365 5000.0
-3543.07242504 1.25341845384 0.85517820689 5000.0
-5874.48838216 -12.4102968481 0.939332289923 5000.0
7595.53701205 -1.49458355266 0.956928508502 5000.0
1317.82785476 -11.5255500771 0.907016384754 5000.0
-1091.99525018 -2.14729097419 0.905960368708 5200.0
-3108.30157246 19.9174418915 0.918745875367 5400.0
6577.76686277 18.7769677519 0.975562720585 7600.0
-3931.76668519 -16.1591093554 0.878480760785 4800.0
4731.46827406 -28.3601251836 0.917146752082 5000.0
3800.01970046 12.32278787 0.911190997096 5800.0
-4696.80466721 10.0805597 0.947801024812 5000.0
-567.670285251 12.3741801603 0.915532430476 5000.0
-6068.51544306 3.22373806736 0.979141698636 7600.0
972.475854755 12.1483638254 0.885458355034 4800.0
-1724.87559261 20.6874130374 0.904192490484 4800.0
2503.44874234 2.55578753696 0.90336733927 4200.0
-763.302159181 0.715732988032 0.920728670951 4800.0
4241.19587444 20.7994436697 0.922160479159 5600.0
8069.82263153 0.567943517016 0.944829518167 5000.0
3087.01130969 5.30296393765 0.905802346091 5200.0
-930.880636062 11.3649257494 0.88797438904 5200.0
-7580.16582555 -4.26310734673 0.984361975497 5600.0
1748.98474344 -0.0490530789151 0.886429094902 5400.0
3819.69391895 11.3620674202 0.893070139073 4600.0
-1601.77115128 -11.6505863099 0.888311026496 4800.0
-2120.2943793 32.1458209544 0.951829174832 5600.0
373.323207551 -24.3389060226 0.8809949966 6000.0
6007.67359781 14.9731929258 0.971881886377 3200.0
5866.54972144 24.6861509084 0.910085225958 4800.0
4613.92936562 0.946077387075 0.911295301699 4400.0
-8777.8500037 -2.06819216227 1.01315259059 6000.0
-5949.96685644 14.7162012687 0.958767143991 5200.0
2236.88454053 -2.67283138597 0.894616197123 4600.0
-1134.54879113 0.315796836929 0.900525962133 5000.0
1935.49708457 13.5172064637 0.900440588523 5400.0
-2053.93150865 -13.3300532607 0.896348772893 4800.0
3797.15495506 -5.47274153996 0.894934874903 4800.0
-1504.44198645 -0.736558579193 0.871496339988 4800.0
1860.25939096 -1.23477364801 0.904884930184 4800.0
-7164.89988858 14.6412126283 0.994952720579 7800.0
-3057.68246927 3.75005942522 0.861814171005 4800.0
-8152.7681619 -0.398677958973 0.987610732286 6000.0
-468.299874016 11.5631362207 0.882731005555 6200.0
2363.34944085 -0.996290731672 0.909495207403 4800.0
-3097.34888616 5.53333743142 0.90364871666 5000.0
-2714.55210734 23.3401114286 0.932034202925 4600.0
-2178.76518606 -15.9567626439 0.888159148803 4800.0
-3124.36973618 10.8165603853 0.895493881275 5000.0
-489.087147489 -10.036530724 0.900233184231 5600.0
2896.39201775 -1.60572708846 0.917944964822 5000.0
3298.45628844 -11.4030631072 0.89744165033 5000.0
-4539.95152966 6.71673023561 0.931906464723 6200.0
-3779.74453963 9.53592459542 0.897593599337 5000.0
522.782665483 -4.03487963623 0.905361213124 6000.0
1084.65943829 -29.1222401177 0.916010216337 7200.0
1483.16305683 4.68987939401 0.889878090615 5000.0
-1341.05165413 11.1321117578 0.924279152522 4600.0
6112.5774724 14.673748225 0.975446735138 2800.0
5313.88231665 0.513701436807 0.905339577851 5200.0
-5936.5975522 -5.69077141897 0.920415192566 5000.0
302.563916046 2.80774851566 0.893816626879 4800.0
60.9622592742 17.6264931118 0.878186411845 5000.0
-3328.58745157 1.62885674348 0.895642823649 4800.0
-1219.68720079 -25.3042260965 0.897156127559 5000.0
751.147139243 9.52050300446 0.901967514718 4800.0
-3517.80702222 -11.5528747645 0.888714865962 4800.0
-3026.59763411 9.85152123015 0.896406988408 5000.0
-654.437871564 -46.611478059 0.893163730234 7400.0
-7428.31297206 3.52348968614 0.971822571271 5200.0
945.948740719 -15.9881936777 0.88932604555 6000.0
-344.966187094 0.442466623089 0.891623832932 6200.0
3839.57807857 -6.43635982606 0.901637072287 4800.0
-5067.68531425 -20.3885247776 0.876570470057 5000.0
3466.91560761 11.244432905 0.905252190125 6200.0
-5418.13507857 11.5107774769 0.923377324994 4800.0
-3065.84191768 -1.63254900984 0.888213853736 5000.0
-2011.57262598 19.2908838061 0.901696277629 4400.0
-1394.04425443 2.71112169166 0.885485487859 5000.0
-3222.50154585 -1.69671625889 0.82815403606 4800.0
-1961.35401546 -6.35043723254 0.891378589325 4800.0
-5854.75743228 -12.3913827335 0.919292834742 4800.0
-11166.864099 11.4884858974 1.05045734235 4400.0
2455.34225282 28.0120536714 0.900740814223 5000.0
-4321.55902679 -14.0016110822 0.881362853211 4800.0
-7069.76133865 6.82624969972 1.03325656581 7800.0
-1720.85926526 -10.9618677688 0.885699988188 5000.0
3898.1351214 -16.3182981663 0.922964268555 4800.0
4861.83633444 10.2425883463 0.905646155154 5400.0
-1405.01583892 19.3535540962 0.92082510692 4600.0
-2029.19258265 14.7093984981 0.909448137811 4800.0
2182.14934604 -8.49704543551 0.882390371364 6000.0
1274.04504336 -43.3079285789 0.954527910418 4000.0
5014.86439536 -1.75318805513 0.913236433784 5000.0
516.30849135 39.1319207226 0.924053183555 3600.0
647.460623876 -4.22747828472 0.890897748343 5600.0
5146.42138593 -20.9532530673 0.899135175874 5000.0
-8833.54795885 3.38373048492 1.01793042898 4800.0
5430.85003783 -15.7949306238 0.918380211177 5200.0
-3601.43800405 -3.50855369595 0.906952493799 5200.0
12947.5976808 -6.11695093538 1.02388320885 5000.0
315.511483129 -3.67053657157 0.885373883685 5000.0
-4775.34824752 -23.6769216208 0.897255160885 5600.0
-1200.28151991 19.009075271 0.909269369668 4800.0
-198.673308554 -12.0325884361 0.911748245211 5000.0
2653.65920043 29.4062944222 0.932123244672 1800.0
153.206028285 15.9296920594 0.900826563541 4600.0
1807.01063529 -2.21418156162 0.891357093434 4600.0
-2909.94454931 -4.44174325234 0.858970725058 5000.0
-5365.63145087 5.69147222428 0.921661288689 4600.0
4238.31875834 -4.34473912072 0.925222501398 5200.0
-1368.69897431 -12.8855813413 0.898779349933 5000.0
-3167.19809732 -9.55069049427 0.890826720313 5000.0
-2637.49184125 7.57035779704 0.880912018225 4800.0
-367.632711751 -9.68202411288 0.896329621044 5600.0
3048.52369254 4.2758424578 0.91260769597 4800.0
6357.50027395 2.9790467133 0.910888740035 4800.0
5732.29968721 -21.30398028 0.89752518576 4800.0
-129.871774242 3.98436556906 0.876903333328 5000.0
2298.25097953 24.859017143 0.931431729881 5200.0
-3934.71560614 6.87503765411 0.869833765018 5000.0
-6259.62098589 10.9983552709 0.986952015572 7800.0
-2457.07477688 0.93326342785 0.870981025014 5000.0
7263.67758478 6.88715322934 0.970035533789 6600.0
502.035002808 -5.72711241413 0.90066634099 6000.0
-2679.07447225 -1.62339037167 0.872936812195 5000.0
7172.43460221 63.8880694079 1.02957406895 7800.0
-9834.98979024 -13.3898785385 0.946845301836 5600.0
-3149.7682814 8.9270834518 0.898923170919 5200.0
10953.7736034 5.63668694971 1.00145793928 5000.0
-4230.84900644 7.30773175622 0.907731257954 4800.0
2199.74577999 -13.2173454605 0.870319043502 6000.0
-110.726327684 5.04822585565 0.867012795425 5000.0
230.809759724 0.288123241439 0.91547146027 5000.0
686.314994391 9.51976240679 0.905239382471 5400.0
5703.0466585 -12.0901143343 0.928801910219 5000.0
-6623.78612191 2.63323444054 1.02017522668 7800.0
4825.39810065 -6.88685726539 0.918095721746 4200.0
1177.52936182 7.9432377913 0.925266135427 5800.0
2078.58589501 -1.08883344989 0.90729953348 6400.0
7646.81323024 4.59244804305 0.950559454345 4600.0
5723.92292167 9.21618101866 0.939996184663 7800.0
-2458.89350152 4.30066789223 0.906939352095 4800.0
-5876.85215673 6.15630066968 0.963934433262 4800.0
8840.90852763 -4.71868161112 0.966969392611 4800.0
-8001.15390383 -6.8033983731 0.954665437022 5000.0
1382.46502252 -0.732442900837 0.905091475333 4800.0
-5063.8001448 -2.57192569514 0.896817469879 5000.0
525.257218377 -25.8136660126 0.901519990673 6800.0
-3507.72863972 9.63139612347 0.873918063306 5000.0
-4820.08526845 3.45006722705 0.886963108308 4800.0
-2705.99750489 -0.41085393958 0.88708631801 4800.0
-5791.02851209 0.00336481585199 0.939159862699 5000.0
1119.89022579 19.0426082844 0.878637544971 6400.0
5061.64232657 16.9633890181 0.942687856358 4800.0
416.827555 -15.8512168451 0.885908373091 6800.0
7461.23470144 -2.70920189572 0.995538568225 7200.0
-2100.74677378 -7.51138163868 0.887999797846 5000.0
-5824.29870839 0.904669830574 0.926449655755 5200.0
-5066.80737334 -16.9244935882 0.906636540217 5000.0
2654.4028788 -9.60431619657 0.904710716453 4800.0
9892.21430297 4.56505503231 1.08592730014 7800.0
-2201.5576261 -2.85543232042 0.869201703718 4800.0
-90.7437517271 -1.02249163035 0.877251808231 6200.0
7297.4463505 -5.75287494897 0.980537482882 4000.0
5160.89805705 -5.97394200383 0.933575254612 5000.0
9909.85400206 -10.1994883377 1.01962651039 4600.0
2950.26720736 -3.23888042475 0.886556880238 4800.0
1305.82007267 -10.6533159796 0.893999489687 5000.0
-988.556965838 8.37781269589 0.885749543612 4800.0
4099.27794681 -4.94343872988 0.899729725144 4800.0
-1700.18614563 -10.0486532591 0.87762913627 4800.0
-650.761400734 -31.5114140187 0.935634422658 5600.0
-844.325041935 2.05205635948 0.864989536603 5600.0
1707.84581523 -15.3143825159 0.906770192767 5200.0
7888.0865001 -10.4797053913 0.951730225788 7800.0
-2749.23806107 13.2740000136 0.883802865463 4800.0
6522.96822502 -27.4184101568 0.96408291074 4800.0
-3146.13472554 -5.56696157284 0.875435234208 4800.0
-7356.99742602 15.6973373449 1.10357325326 7800.0
-2374.38449936 11.5642078289 0.887281145934 5200.0
-5251.73959522 10.3015262074 0.948557162609 5000.0
2129.66396666 1.82323456602 0.899338738573 4800.0
3071.74819024 6.50338172718 0.904841942804 5800.0
6969.60106283 13.6260100726 0.987069394226 6200.0
4328.6905422 -13.1623284892 0.894638024636 5000.0
-9040.20630377 -2.37165045317 1.03134005226 7800.0
1950.25519739 -18.8051095742 0.92328345898 6400.0
2831.04721509 9.46605461541 0.883753574641 5000.0
-7650.42953848 7.88137077509 0.993670658716 6000.0
-2482.79218668 -11.3728702189 0.892164135949 4800.0
922.675163375 6.83309838436 0.894284186605 6600.0
6119.67628073 9.01106612212 0.935424417362 5200.0
-6640.93977405 -2.07021122404 1.01558481289 7800.0
-4988.38318533 -1.55810652389 0.943968216336 6000.0
7108.37688805 -5.38600159453 0.931965030705 4800.0
-7699.33884333 14.3795003578 1.01820891576 4800.0
-7613.49636976 -2.94670559353 0.989038677603 5800.0
4675.93790134 7.4732232676 0.895637719681 4000.0
-2860.91157049 -13.3742229562 0.870048632635 5000.0
-3798.31746402 8.82230146198 0.896025886044 4800.0
1752.51614786 -11.7067749018 0.884197938276 5200.0
-958.800224112 13.6652569979 0.907451492599 4800.0
7642.77983405 19.6699794404 1.00256966426 7800.0
1161.05656355 -15.1836345113 0.899423540526 6200.0
3672.73188684 -2.86584578527 0.88519706812 4400.0
-2066.21286825 -12.8053270477 0.858578764801 5000.0
8160.37673947 -10.3817851474 0.946501544841 5000.0
1678.65878741 -11.0147286333 0.874722283371 5200.0
7161.53005783 8.06927919258 0.978355605295 7600.0
-2415.59786496 -16.1613779598 0.873612556702 4800.0
1979.57069689 -5.82280692971 0.921051807246 4600.0
-1029.74424011 6.85913212322 0.90684701179 5000.0
83.9545187962 -6.11040552043 0.893542197879 5000.0
-6782.22060109 -25.7308397861 0.964094668511 5200.0
-3036.96858074 8.55377152195 0.846855754028 4800.0
1459.38849442 13.4863619169 0.895062781147 4800.0
4764.44153899 -9.56342392147 0.916116578803 4200.0
-3619.20670931 -4.52779571905 0.880806693533 5000.0
-2251.23537676 35.7011893758 0.947810038761 5000.0
2291.50085715 26.3974411206 0.924430539397 3400.0
821.864509817 -1.06847028388 0.900023053309 5200.0
-486.581448271 24.806575576 0.911619591485 5200.0
560.838763718 10.0424790623 0.874112235265 5400.0
2632.82963572 17.0447461978 0.906212766804 4600.0
2104.60362493 11.5227945156 0.928387620724 5000.0
2423.34325972 -16.7999638494 0.909828841688 4800.0
5412.2566087 15.1354700119 0.946724279635 4600.0
1390.37179633 3.89691304477 0.877593173334 4400.0
-5445.11526024 2.11325622111 0.903109966422 4800.0
-2015.13305186 -11.7828092172 0.875087230709 4800.0
-2336.3994349 -6.97129763638 0.861195847136 4800.0
-920.798772214 3.5094627487 0.887899252386 4800.0
-995.774667709 2.59380083313 0.896091452555 4800.0
-3815.18672251 1.65000886373 0.865177988441 4800.0
3561.32320268 11.5244231988 0.913715974232 4400.0
-1306.81210515 1.4429812914 0.87976112601 4800.0
2999.84926592 -15.9578373169 0.912408642503 5000.0
-1495.08716256 29.3762720681 0.942269039031 4600.0
3807.70629004 -11.1225748155 0.895058742051 4400.0
4395.96723704 -0.455725521653 0.90025275328 6000.0
2312.58422504 13.8158027558 0.907020313248 4200.0
-1868.02840183 -16.4481151025 0.873689542546 5000.0
7477.65601727 -6.43821211838 0.955002860628 5000.0
-668.605949153 28.9428503486 0.895225912467 6200.0
-3248.83707479 -6.43792361893 0.866447008295 4800.0
1537.14628619 -2.62906078296 0.917339402944 4400.0
3332.73591675 3.21050258281 0.912689025425 5200.0
-5150.975919 8.15805473022 0.937508984489 4800.0
-683.102986718 5.52021601017 0.892460634396 4000.0
-5545.02551431 3.54916996927 0.924864575775 5000.0
-8121.07266757 2.07020605776 0.978306575187 6000.0
-9851.59997482 -9.0886618258 0.976228960415 4800.0
-2174.56810051 -15.4241795353 0.896536378991 4800.0
-7674.25936359 -8.79300855179 0.973905768083 5200.0
-2546.5621293 20.4781738561 0.920653926787 5000.0
-6018.88477413 5.04758264935 0.975494736884 7800.0
-2419.66114613 -29.3725182989 0.927658043093 4800.0
-2025.67391407 21.1328351718 0.929898177446 5000.0
-2253.98730772 -3.12684747632 0.869954634484 5000.0
1437.21677517 13.0036156325 0.923985392278 4800.0
2766.83765171 23.112638586 0.922766770204 5200.0
-2375.66981971 4.85453666184 0.872748103976 5000.0
-288.260990752 -3.21953204552 0.910524711291 6200.0
294.363809882 -4.35286545086 0.901923176976 6600.0
4574.43344865 10.1354214108 0.910333157427 3400.0
-6842.38642774 10.1378428868 1.02563913847 6000.0
-3773.57055518 -0.455206287569 0.863464721631 4800.0
-1522.19199674 -4.02852024105 0.913455479183 4600.0
-2958.0386886 0.161464198278 0.893731337512 4800.0
-3147.99677228 -6.6856010777 0.873408687084 5200.0
-1421.68964161 3.12772784226 0.892135492872 5000.0
-2102.32777853 8.73276110964 0.893859543271 4800.0
5248.94413616 25.2548753219 0.965193375847 5000.0
-6223.30561422 4.88271855524 0.940828291749 4800.0
3028.02724056 -11.9766977764 0.900066688073 5000.0
2501.01095959 -1.37695724775 0.903965113804 4800.0
-4011.5158974 -7.49091586639 0.909534997196 6000.0
-369.761578853 -17.1636440854 0.889282445843 5200.0
7460.30113846 0.0800627126822 0.925065088941 4800.0
6530.43086247 -6.19987516304 0.947260630081 6000.0
7389.64898057 3.70646287159 0.934642763293 4800.0
116.675408132 -4.04835853018 0.883944337604 6000.0
-4111.95683471 25.9828780103 0.947063610046 7400.0
1188.76247909 14.1846371366 0.908531946254 4000.0
1717.98290983 7.60914951704 0.901447433706 4600.0
595.518028771 23.8290400431 0.88922785153 4800.0
-3672.35035481 22.5102586075 0.910099609307 5000.0
250.227895374 -4.20352989354 0.890070350118 6000.0
1032.55411298 21.9609000845 0.910857786505 4600.0
-4520.23249923 -2.13373905385 0.872438065983 5000.0
1328.37370172 -18.0970548295 0.910262917506 6600.0
-869.144054349 -13.3416691148 0.889269421405 4800.0
891.684731852 5.8088233253 0.873179742294 5800.0
1095.1917498 -16.7939480244 0.8988737671 5800.0
3761.04061935 20.57166496 0.917302294882 5200.0
736.126986054 18.7979622936 0.87977557793 5600.0
-4195.3145016 -5.32787435213 0.884066815456 4800.0
1749.51427061 1.98201362624 0.885213870584 4800.0
946.132105383 -9.18178963057 0.9175202696 5400.0
2514.45107296 -6.95649721661 0.90727134485 5000.0
-1833.06894421 -33.4896038766 0.902615288955 4800.0
1050.60570077 -1.86860687881 0.916116631511 5200.0
-6300.65545837 -3.82851348705 0.943532713209 5200.0
-1393.45872233 10.6860275549 0.906824279725 4800.0
-3684.10627772 9.20014175938 0.922149072943 5600.0
-3303.73634375 -3.31308867414 0.884912109671 4800.0
3787.78603162 -3.99182185709 0.923843637099 4400.0
-2453.58540809 -14.1099991173 0.894307286489 6000.0
4243.16409019 18.1082275371 0.902455106066 5800.0
430.567415604 26.6645825428 0.908311089047 3400.0
-5653.78285939 -1.860524947 0.929674542654 5000.0
3993.65503885 -2.46518068162 0.884552766746 4800.0
-7801.51843184 0.492295307891 0.955169935062 5000.0
1615.79626898 2.77667367731 0.889094444911 5400.0
1443.80474502 7.04609498129 0.881212322864 4400.0
3504.53299309 -3.09431147758 0.889142178686 4800.0
-12502.878458 12.9805100971 1.06683490743 6000.0
-6166.55291108 11.9339653056 0.982609671299 5000.0
11119.6425123 43.9292463603 1.28156078983 7600.0
1387.45137238 -2.90507281412 0.892402465239 5000.0
1916.3803261 -13.3081437659 0.917730931511 5800.0
3673.41370608 5.53567891186 0.911722386107 5400.0
-2796.4013767 16.5291803007 0.901027273731 4800.0
6591.62199246 14.2255060051 0.983628323771 6000.0
1236.63705367 -6.49413283619 0.882421836195 4600.0
8001.99913801 25.7187811875 1.10541054542 7800.0
-251.262756126 34.0199086521 0.886491921439 5000.0
1283.36206494 -1.20581093597 0.911646716508 4200.0
-2768.59494771 9.91256496276 0.910947111386 4800.0
7622.01981078 10.177018899 0.962507586568 4800.0
-5759.86814788 4.54639002894 0.983339372802 7800.0
3766.37020095 3.37290068568 0.911810079483 4600.0
-1395.25043402 13.7557057088 0.894899540158 4800.0
-829.186528793 22.4913580018 0.92361455697 6200.0
-4393.97565192 -1.56685045333 0.8996396846 4800.0
1368.02719154 13.3469819668 0.910807989211 4600.0
994.275414356 21.1635336081 0.892377776151 6000.0
6357.26455259 12.9236473077 0.95743589233 5400.0
7575.22032707 5.18547585363 0.959936732359 4600.0
1797.45915261 -9.0091462164 0.86975898179 5200.0
-6893.63399653 2.85900043425 1.03306013178 7800.0
314.495840712 -13.9496550794 0.895383261212 5400.0
1514.48990439 11.1223511104 0.885179992043 4800.0
-9615.46669109 19.4834195145 1.08861396168 5000.0
89.0348158634 -8.7445370743 0.874675816306 6000.0
-2924.88426051 -31.9497375972 0.88790365792 4800.0
-466.779847358 -11.4618481232 0.878999758993 5200.0
1316.18887654 -18.6259037526 0.897413792265 5600.0
1210.43861641 15.6803130363 0.897217711686 5000.0
-4550.16644532 -9.96321213813 0.908830503611 4800.0
-5307.95350411 39.5032857873 0.930133279896 4800.0
967.929396388 30.24890762 0.922213327467 4400.0
-428.363521042 14.2315553346 0.920271652649 5200.0
1891.3502632 30.1149878267 0.89726033243 5800.0
2355.50894063 -12.9930512149 0.901870946037 6600.0
4590.68730127 3.66307169163 0.8924270393 4800.0
-2596.8208874 -5.85858061781 0.854605631285 4800.0
-8946.57113568 14.724522736 1.00549715705 5200.0
1714.59505241 -5.0452892341 0.900127793028 5000.0
-762.307827397 -1.31967262507 0.900413633812 4800.0
1164.27670444 12.0671831329 0.922367214541 4800.0
-4346.92509904 15.5168001389 0.913024940876 5000.0
-3055.17592915 5.52872245599 0.886342191865 4800.0
2247.76429235 -5.29536550783 0.89530389118 5000.0
-2228.03707697 18.3872083236 0.862164856481 5000.0
6669.93422969 -14.0004026215 0.956068970621 5600.0
1609.85250376 -25.0468319087 0.910862118974 4800.0
-1286.91508246 -5.48613630653 0.863576951649 4800.0
3789.4816049 -30.4252764598 0.905810110054 5000.0
4768.00326925 17.9998466789 0.923544793532 4800.0
13030.5135683 -9.76444945384 1.00581380452 4800.0
1796.06692808 -7.94882171156 0.889457125829 4800.0
-3729.07935881 -10.9536751393 0.875549355111 5000.0
6641.23364925 24.6729798009 0.928969477193 5000.0
-5384.2145534 0.692827078952 0.934147115718 4400.0
8320.1297344 -15.3708143666 0.93767686078 5000.0
2884.09995046 -0.177019814111 0.894105608773 4800.0
-4795.84044367 -9.02574286492 0.874567570611 4800.0
4040.27727638 -37.1489855888 0.89944135801 4800.0
5443.97825936 -4.69200938526 0.93302912952 5400.0
-3668.62057134 -1.22495786064 0.893167705763 5000.0
103.713997591 8.99381230292 0.891035700413 5000.0
1888.87317004 -2.50560412214 0.910119372523 6400.0
8019.70266289 0.631882549259 0.9448783134 5000.0
-11207.0016055 9.43821470916 1.03896079947 5000.0
3060.48865471 -8.44456333494 0.90434370419 5000.0
4907.37404854 10.0195810407 0.894355317518 5000.0
4185.91615099 14.2437551233 0.918477289097 5400.0
-1333.83623768 14.3521804821 0.908538494837 5000.0
6588.00148968 -17.0713306263 0.913406717304 4800.0
10621.8929132 24.324909581 1.04787208923 7800.0
-4926.40459189 -16.8328803455 0.886604260175 5000.0
9399.19110096 15.3459840631 1.0876826911 1400.0
-579.758532303 4.9037411788 0.885666763618 4800.0
279.993189753 9.48440670323 0.884719566893 4800.0
-3703.51025103 -2.12583768573 0.876470845932 4800.0
-5873.54114958 -9.41115867959 0.901236535637 4800.0
2721.68429751 -8.23722395783 0.917675474069 4600.0
2892.46157109 -8.47161322074 0.884474669528 5000.0
-9490.94640915 -13.1742705312 1.03009541838 5000.0
-4073.63406761 1.01477280212 0.910346992674 5600.0
950.629129963 -6.59287244583 0.90187785239 4000.0
2478.68105422 -12.3531276856 0.908530972468 5000.0
-1646.468324 22.0420738878 0.881365979799 4800.0
-263.768409229 -11.794712764 0.912007552097 5400.0
-3388.92398277 -24.4009321819 0.882513146597 4800.0
-324.475896323 2.53505423968 0.917146351786 6200.0
-956.327438597 -1.58454515884 0.902861106066 5800.0
2991.64358093 2.26362089341 0.893709326991 5400.0
-760.423344542 9.00278075253 0.892011986485 5000.0
4453.0596563 -12.2063328601 0.895618300492 5800.0
-2119.9849726 -12.8146935209 0.888778888016 5000.0
-1150.62346982 3.32150366516 0.902871435016 5000.0
1531.87671582 4.13302768608 0.865461863451 4600.0
1775.1305687 3.87619616539 0.882628019606 5000.0
3137.29633915 -7.27574090282 0.882044710983 4200.0
-1451.0914113 -17.7912658546 0.89764095553 5000.0
3430.43053401 -2.63415534613 0.907831087273 4400.0
2668.42049856 -6.23855014875 0.885960237817 5200.0
3478.22678898 4.7208446866 0.912631381619 4400.0
4183.76600268 -2.30503915213 0.915263249131 4800.0
-7912.3591998 -2.37228117825 0.962694272176 5000.0
-5085.95689791 21.4569851249 0.937294223114 4800.0
2850.31547899 -29.0249031714 0.918385533339 7600.0
8265.06176925 17.2383883447 0.948120091077 5000.0
2064.02714914 13.1264750297 0.910991327319 4600.0
8112.26167448 -0.637689841451 0.940962390158 5000.0
-3927.15786663 6.32501963648 0.905616806113 5200.0
-1488.70417996 -9.44258765144 0.863956306495 5000.0
2290.75501839 -19.8349778764 0.894915655791 4800.0
-3519.22429918 20.3340186298 0.903128624703 4800.0
-5797.17645863 3.74410494834 0.978087126383 7800.0
1546.39831474 0.485139861188 0.896462681515 5000.0
6109.68579039 5.0457942988 0.956096691772 6200.0
-500.277939615 4.88135341655 0.898171476338 6000.0
1231.75122239 -2.63940927898 0.910070041711 5000.0
7325.93459054 -13.3929332944 0.921254739987 4800.0
2060.00521846 15.7173620236 0.908917413642 5800.0
-2364.59287934 -9.74303700714 0.882289691252 5200.0
682.379265876 -10.9246609415 0.880844647442 4800.0
2968.29193934 18.6994416853 0.903245476523 3000.0
-3628.86180132 11.5065916997 0.894414559749 5000.0
2741.8649574 -2.59518587426 0.901708218281 5800.0
-6584.69002026 -8.68495244982 0.952352856214 5000.0
8713.76808946 20.6194974913 1.0202241462 2400.0
-7950.16297225 -16.7189130627 0.968485109593 5000.0
-2687.72600784 -8.64627265504 0.878585806477 5600.0
3707.38417889 16.7345954508 0.906084183557 4400.0
1712.60886057 -12.9719938758 0.888803164656 6400.0
-3363.57345805 12.4176256833 0.926478014034 5600.0
-4036.70215409 8.06698903052 0.913297560804 5000.0
-3897.67713376 6.1263901511 0.913157578622 5000.0
6420.87219673 -0.53804677534 0.9438094457 5000.0
-4088.31275882 2.58527109148 0.887572278867 4800.0
-244.230311109 1.40260007101 0.882154548278 6200.0
6014.97850174 -8.39064231944 0.891217869735 5800.0
11154.6468792 1.61699893119 1.06704426259 5800.0
521.143587246 -14.5316716947 0.900378842376 6600.0
-4034.35946568 16.9893678345 0.918394012679 4800.0
7233.91389248 0.280861953048 0.927028746319 5000.0
-6155.61921162 -32.2868217389 0.938211393892 5200.0
-5415.67874304 -7.53386417046 0.897701774413 5000.0
3360.02484026 -7.39120517675 0.8823733417 5000.0
-6114.27305803 29.8877803699 0.937008896835 4800.0
12285.3062947 -4.74267200801 1.03953524801 7400.0
1000.6384487 -26.8386069977 0.890021206274 7200.0
-3209.86307261 -8.47513795785 0.854817766379 5000.0
2739.92314431 9.45813905088 0.907265715718 4800.0
4216.28913293 -6.82693533326 0.920696076128 6200.0
2345.01093138 3.83387485741 0.917360525838 5400.0
-4030.87026905 -10.5551297722 0.860565205381 5000.0
4669.57570686 20.0722818765 0.956789001173 2600.0
5999.83477938 -1.63815285073 0.935855223386 5000.0
-1783.23993083 -3.1729123113 0.902476647361 4800.0
6321.98098965 -21.4191477615 0.929166632925 6000.0
1848.8314809 -12.8659440162 0.889468763392 7400.0
-606.901559921 5.89139737308 0.879157245182 5800.0
442.263416741 2.80345608625 0.902404844291 5000.0
588.199930949 -12.1399407016 0.901409214685 7400.0
9200.42976193 41.9345034136 1.2260252001 7800.0
3128.22503139 3.65321361838 0.886854432869 4800.0
-2786.9031527 -16.874276489 0.876663839906 5000.0
-1118.32323326 2.07287086423 0.892109644273 4600.0
1986.46385854 -0.161865086207 0.91028511827 5000.0
-4542.78015687 0.586415263089 0.889511718603 4800.0
-2750.09350541 -6.34957290903 0.900580995044 4800.0
2181.36197975 -3.31437888092 0.909046647375 4800.0
8573.4810189 0.104547853665 0.949929088682 4800.0
3439.34168187 10.5974141189 0.918117343202 4800.0
