2349.36131588 2.1134231457 0.907262072701 5000.0
1087.41446183 -0.120381769102 0.884363884997 5400.0
-2905.85126932 -19.5030366762 0.915679160783 5000.0
-4645.76239454 -6.36087065923 0.902235870579 5000.0
-2302.20156066 -9.52788322682 0.861469833205 5000.0
-4715.61852424 -10.3357495364 0.930678260555 5000.0
342.485831382 -6.24789892873 0.893057354646 5400.0
3930.65957648 -7.4893261324 0.893963606562 6800.0
-10608.4474913 12.2631348637 0.987957304166 4800.0
8511.49066441 17.2006185442 0.98155880067 4800.0
1375.11285231 2.31495502074 0.836393576704 4800.0
-4523.78102312 19.4158969648 0.939365164085 7400.0
1660.6610656 -7.61192548135 0.882502162435 5000.0
-315.881029693 -9.46896120065 0.914561304496 5800.0
-3000.89625403 1.3455147152 0.830629725835 4800.0
3727.79757129 8.73881008145 0.938513756705 6200.0
-3396.70767872 3.3651745306 0.860503357683 5000.0
-6053.15193119 -9.25426760742 0.943612288996 5800.0
-5166.01576613 -0.171189140925 0.862746123314 5000.0
10330.1219432 -3.77783073751 0.977116637793 4800.0
4971.9472403 -17.4369582921 0.902218008495 5000.0
-797.629258628 -1.79344917461 0.884146377512 5400.0
4403.99381771 -32.3028319979 0.903481175215 5000.0
7261.86398199 -11.562967698 0.924066639101 4800.0
4619.89708813 -10.306831543 0.900737656057 5800.0
-4001.53620848 10.8071339204 0.901647567604 4800.0
1987.1370211 6.36751599676 0.889677260084 5000.0
2166.52902845 -9.49602705332 0.901574299895 5000.0
-1775.88523569 9.97735676542 0.880040806452 4800.0
-2985.4293664 -30.7429597405 0.878487524434 5000.0
3945.06045279 -2.00172079118 0.922937621929 5600.0
2919.57715247 4.09931427139 0.906571658305 5200.0
-1598.20579188 1.64176479805 0.869228507878 5000.0
1224.21386143 -0.392650892563 0.891995599193 5600.0
-3178.35862712 -0.679750861467 0.870066472114 5000.0
-5190.97247366 -29.2594374381 0.897065350643 5000.0
1617.61990258 -13.9104297246 0.89541890363 5200.0
3236.05386743 7.50417453491 0.90446483127 5200.0
7519.58284366 -0.295239866511 0.936917545176 5000.0
4549.75695762 -14.4927156068 0.903683137303 7400.0
-1073.87518652 -4.96104747637 0.877357304166 4800.0
-1310.65927831 0.596124047959 0.887031599639 5000.0
-7222.67387736 -14.1388864468 0.966372068206 4800.0
1824.35377655 -1.02916803353 0.902895928417 4600.0
-3729.57263992 5.33778896968 0.882039786943 5000.0
-9465.76685957 -5.61876344035 0.987249970502 5800.0
-4322.18695943 7.08415579096 0.832167225413 4800.0
6505.37014153 -7.9034552529 0.87087522996 5000.0
-7286.31705145 -33.9813576438 0.973500437721 5000.0
2471.43064039 -4.77054200606 0.877434337041 5200.0
4119.8847044 0.888202520249 0.897355084266 5000.0
-7840.42127551 16.9299567744 0.986042142262 4800.0
-3909.57126077 17.9532828731 0.933617716788 6000.0
2079.66157527 -5.96263505314 0.895019591794 6600.0
12981.309379 -13.2421237707 0.995466557348 4000.0
-4355.1790146 5.26142469069 0.875217739474 5000.0
-4357.30348018 1.40350452163 0.887872783264 5000.0
3721.15176868 -7.92646608957 0.8872833122 5000.0
3527.15591181 -7.76071261717 0.91867051119 5000.0
8872.82290342 1.56779865159 0.976900115592 2600.0
-7549.96462498 -25.5764922613 0.936333087242 5000.0
4642.86187557 -17.0832491567 0.917297492073 4800.0
-1350.83467074 -1.87222832029 0.88728672444 5600.0
3575.05575451 -1.82993370747 0.920590238013 5000.0
1281.7379631 -18.5162422684 0.927473940544 6200.0
-4413.65493789 7.6392567809 0.888603499609 4800.0
1549.95142882 0.941918507617 0.901985908107 4400.0
541.353609083 -0.977390476979 0.875874199438 5000.0
-822.742311233 -9.14405730566 0.90027990571 4800.0
2941.90931287 -7.19936885259 0.891397746005 5000.0
-3897.8144882 -4.34935318613 0.899617887577 5000.0
-7627.35357296 11.4221110138 0.977016387355 5000.0
-4201.42787317 -7.75403488501 0.90506419 4600.0
3054.74081146 14.1662260644 0.89248073707 5400.0
-1220.18827123 -18.8471644388 0.898812016951 6800.0
1814.03285711 5.8841104328 0.885701236283 5000.0
-279.579873796 10.5816171664 0.903964032536 6400.0
-6296.2387182 -11.5084140867 0.932324081808 5000.0
1945.04771492 5.47442712949 0.904620633612 5200.0
-3068.70892951 -18.113409039 0.876200879326 5000.0
1288.4055439 -9.38045701951 0.884197490984 4800.0
1281.1945995 -4.03608410666 0.907754454876 5600.0
-6844.2248366 -18.8951874482 0.939769740133 4800.0
-2829.89426523 11.1239459719 0.903949837166 5200.0
1285.7112186 -9.3381908641 0.894473440298 5800.0
-3224.44789912 -0.792209819016 0.890631225187 5000.0
-1050.1179075 27.1058046221 0.90133407446 4200.0
-3463.68145684 -15.2754935854 0.878256461446 5000.0
4517.04063098 14.1391679026 0.915437344527 5200.0
-5799.98468746 -2.69015539046 0.971138792544 4800.0
3963.14629765 7.28942923977 0.894061471377 4800.0
-938.073573235 4.74510144096 0.90950952573 5400.0
6930.51942631 -17.5411737883 0.974756929178 6200.0
915.751939313 -16.6942938847 0.906376692914 5000.0
-4224.8800151 33.7130507463 0.969872295757 6000.0
-4155.48983885 -14.3659129623 0.890234228309 5000.0
-79.6083685144 32.4740518088 0.89824746966 5000.0
-827.801724971 6.72777705646 0.876827569923 4600.0
-4069.298177 14.4309277232 0.916056893393 6000.0
1683.80691545 31.1909628452 0.910891478544 6800.0
-535.478011809 2.52898741195 0.869917771916 5000.0
7681.51913949 -11.5072269538 0.993104444182 6600.0
-3916.02562638 9.03072456714 0.861762787492 4800.0
-7705.23314476 -3.53680287708 0.947044346152 5000.0
-3925.20239537 -1.78649239118 0.828467617374 5000.0
3809.31838781 14.4434168413 0.910018136011 5000.0
281.413459908 1.44914880143 0.913873215043 4800.0
1829.35013833 -7.92985213199 0.904037609388 5200.0
-2080.77576471 12.3098388514 0.87548138906 5000.0
-97.0845495738 0.364231933746 0.877451646841 5000.0
-8103.76713364 -6.81820805622 0.979922252178 6000.0
2938.33121299 4.59369128002 0.902006937672 4400.0
4353.34395512 0.520472674566 0.922733469488 4400.0
4500.68432917 7.80889602502 0.911407094923 6600.0
-7964.12041029 -2.01332824017 0.964505463763 4800.0
-3361.77800642 -5.49674324558 0.857505101233 4800.0
7296.25394478 1.673842234 0.93323265093 5000.0
3199.00695553 -10.7236546039 0.897359201398 4800.0
-761.837415567 10.1214571648 0.868777064267 5000.0
2269.70283821 9.79676631432 0.89335719469 5400.0
-1242.62595127 -0.501231495372 0.875642590949 4800.0
2414.68682712 5.64709869046 0.899811781869 4800.0
8703.90807083 9.72609123823 0.963275292088 4800.0
4341.9964934 -15.1043024911 0.925502788067 3400.0
-2687.63192299 -9.79225622752 0.850662453624 4800.0
2464.35960229 -11.8187802896 0.902238262421 7400.0
8358.11673626 13.1881810997 0.985365113067 3200.0
-4423.01652097 4.73276040152 0.888967445532 4800.0
-6729.25026695 -22.1989168098 0.967461722437 5200.0
3808.57428127 2.63765617997 0.890090400652 4600.0
-2568.96407139 17.8002474789 0.873974110431 4800.0
6166.0329907 5.71999576008 0.888584503253 4800.0
8287.40315314 13.652671898 0.974367070676 2800.0
-2247.06255509 13.5400869616 0.907783147952 4800.0
-1381.85561442 -5.09008246885 0.858437921869 4800.0
6691.24123248 -6.24461232151 0.980019477651 4800.0
-6630.54616509 -22.0627313147 0.900712821551 5000.0
5912.34706933 10.2242294467 0.923282286772 5000.0
5731.63575844 -3.84159642959 0.924621308353 5200.0
6074.97851031 12.5124032699 0.975271364871 5000.0
-3601.89865111 5.87563433615 0.902802038626 5000.0
1245.45749851 19.8178646005 0.859714311062 4800.0
-2629.88298475 0.838754137009 0.883555566415 4800.0
-8765.00255923 -12.1567211727 0.987457396454 6000.0
-7672.49943307 -4.84493668277 0.978414891383 5800.0
3294.89716545 22.491722003 0.918194775547 5200.0
-681.653563464 5.05521591732 0.896651013755 5600.0
-6824.64965288 -10.0763481263 0.951546351692 5000.0
-109.554182396 10.2723333117 0.905859544042 5000.0
-263.005903973 -0.669891444606 0.855950703393 5800.0
5645.34263303 -8.0349471624 0.957953311776 1000.0
6766.12043325 -10.8866827943 0.927818054873 6200.0
4445.4865562 19.1898798415 0.933026025656 3400.0
3122.05963336 -2.97384108613 0.892448965412 4800.0
-3920.91314353 5.59087800348 0.903982731839 5200.0
-9599.18989563 -1.01355698748 0.989233778727 5000.0
-1535.91149528 21.3674390477 0.896473332167 4800.0
4996.5492942 -3.16550964783 0.903570926519 5000.0
4021.41076932 -17.0246632641 0.924514303906 5200.0
-13387.8564571 1.31217027527 0.986681722577 5000.0
-5379.60256087 -17.3013848348 0.869343986968 4800.0
13053.6571135 2.06237654527 0.992629141346 4800.0
-3334.72382429 1.50022473316 0.840649741966 5000.0
-2126.4484571 5.72712967835 0.909760753382 5200.0
-3896.84694432 -2.12949751622 0.864629882902 5000.0
4632.69868674 -12.259413326 0.896806052538 5400.0
-467.775091198 -23.8002666215 0.912519770017 7600.0
1734.44438281 1.5577054614 0.868026724027 4800.0
-2600.11791431 -8.27478966978 0.886674548955 4800.0
1340.31650587 -1.01530308773 0.874686039941 4800.0
-2015.81273661 -0.828982723927 0.850277135542 4600.0
3991.51466933 8.38017172068 0.88102903723 6400.0
-277.381440579 -5.28284243902 0.864024531841 6200.0
6343.0266323 -9.34443635551 0.944222635825 5000.0
-5436.94505372 10.3669060609 0.940799529092 4800.0
-2960.73953272 -3.70357561706 0.868885676937 4600.0
-184.432078083 -8.95806469233 0.85886568434 6200.0
-3040.49224829 47.1781692772 0.941620724155 5000.0
-3935.543391 -9.83469701618 0.870352287098 5000.0
3084.15572113 4.20396748453 0.904914066284 6200.0
3551.6160807 -6.77545355354 0.925590662448 5400.0
161.639847263 -31.0313045376 0.89885083963 6000.0
-7658.24336729 -0.912823507423 0.981445091856 5800.0
-1650.78884413 -5.85553614721 0.842638164178 4800.0
-3149.37293519 -11.6575135635 0.872315203756 5000.0
83.1458544715 1.81304917575 0.910035139799 5200.0
2161.05494051 7.48482072742 0.904318794221 6000.0
-4752.2906845 6.60522461525 0.940296544405 5000.0
-2901.47099397 -21.6451656343 0.875219048591 4800.0
-3761.04711189 15.0040474279 0.947594052795 5400.0
-5247.61642474 -50.8518689055 0.896431785185 5000.0
2603.09174421 4.32149847262 0.888105952666 5000.0
2087.52980752 0.895993437232 0.900730636101 5200.0
-5750.77065256 -0.754881762121 0.924504586404 5200.0
1764.66752701 -6.11791667714 0.861068696774 5800.0
366.444202342 0.691377301486 0.886149535671 4400.0
-87.7842082312 25.374137025 0.914713872311 5000.0
5662.73131782 0.481525157387 0.875659316461 4800.0
3338.86003277 -15.3419126094 0.932645121644 4800.0
-1513.75465331 4.08762081035 0.877294917207 4800.0
-356.52709583 -21.5483073264 0.915978901654 5200.0
4164.37459609 6.13872436697 0.863594558654 4800.0
-8949.95899694 -4.09128927645 0.974851603659 4800.0
4520.41525883 4.48658480966 0.87511647193 4800.0
2674.1089678 0.268733610008 0.875652372838 5200.0
2903.29127475 -7.84847307841 0.907152105814 4400.0
-5194.50077934 4.31071797989 0.917227358635 5000.0
-3922.98521876 -3.52924343655 0.864447402502 4800.0
-4155.33220262 20.0035025663 0.934819909703 5000.0
-1703.01907376 10.6418698031 0.892679874613 4800.0
2241.97382174 4.48437156799 0.879514670043 5200.0
2945.8568382 -1.17158968699 0.870466962283 5800.0
648.546619928 -12.7401607777 0.898124840726 6000.0
7137.77639843 -8.42948220902 0.95450089937 4800.0
222.033623984 -9.20800533233 0.907665576048 5400.0
-7701.76867677 14.8612855729 0.982125035084 5000.0
3680.13932924 -2.82341128312 0.912182724082 6200.0
-17958.1291482 10.4523974903 0.986298650312 4800.0
586.700659922 -7.04074162133 0.911329547087 4800.0
-6176.93255731 -1.41993989292 0.959698756195 5000.0
2461.53802009 5.53429010824 0.91735098065 4800.0
-4745.13345151 -12.3690640472 0.875408525299 4800.0
1827.14069045 6.72843790931 0.910647581401 5200.0
4729.39540101 -3.61257736078 0.917209288453 5600.0
1613.33308244 19.8526646711 0.911271026991 5800.0
-1765.68937736 7.82270370253 0.883054070039 4800.0
425.840689058 -2.83992296416 0.877163004398 4600.0
623.895573737 5.15272662709 0.874392731397 5200.0
3297.87749678 -8.24383893377 0.914954981504 4800.0
-3350.09193825 9.53729788583 0.872256880702 5000.0
3874.00505675 -4.36265240165 0.900839785519 6200.0
4725.94628433 0.0902744218672 0.913652996702 6000.0
-714.078863564 -13.0905011092 0.89130710305 5200.0
-2099.74689351 -1.90474186586 0.882867945363 5000.0
-7523.96350674 -0.486859010588 0.975298018248 5200.0
2515.59577908 -12.3071256288 0.897437076237 4800.0
9754.96854531 1.63615997837 0.977737729859 4800.0
4813.53480295 -9.6876854219 0.899727123452 5400.0
115.051465505 2.22016509064 0.826973777077 6000.0
990.785949522 7.89012732683 0.893756616445 5800.0
-1165.33958514 -19.7570756591 0.900278401203 4800.0
-3550.79755605 -18.8980092187 0.820037258137 5000.0
560.214757767 16.0268624352 0.899894445809 4800.0
4637.9344755 28.737153249 0.951006389151 5000.0
-5621.49964093 12.0035200486 0.977356023389 5800.0
814.108758015 6.62005717869 0.890118183455 4800.0
7145.18315553 -10.6837658436 0.984040464171 6400.0
-5561.42251129 -12.1716087201 0.93423029756 6000.0
-3650.59663275 -17.2950803196 0.912325546379 5000.0
-3700.15963897 -26.1497414637 0.916592101546 6000.0
613.538793483 -3.48317301844 0.884785934528 6800.0
-6639.64413368 13.832923243 0.958123220291 5200.0
-1587.11313947 -16.9035895866 0.874842599474 5000.0
-5009.74186136 9.77372144319 0.904717766894 5000.0
817.587894976 -6.66582888443 0.899817538156 5800.0
3635.31220888 -14.9949537317 0.914268246043 4800.0
-6837.26614964 -12.6411093962 0.941585643175 5000.0
6982.51057907 7.79440634795 0.941153658253 5000.0
713.071849503 6.68327698416 0.89520169706 5000.0
2743.10490675 -18.4337952327 0.922388806984 4800.0
4321.58556705 -5.13158216217 0.921807036133 5200.0
-3647.81214988 -38.2415470111 0.945815269938 5000.0
488.146778884 -29.7782272674 0.896459812738 6800.0
4504.5444964 -9.01734890299 0.907411948698 5800.0
-820.935193167 9.26992486826 0.879980462227 4800.0
-2686.13134823 -39.2155980106 0.903705685268 5000.0
598.525122055 -20.2089937502 0.893281160375 6000.0
283.823912784 -4.34557946749 0.864831490572 4800.0
-3120.37164999 19.2469808001 0.882912061033 4800.0
8318.87757175 5.43310338788 0.99341147083 5000.0
-6139.34200903 24.1726351934 0.968504037027 5000.0
280.162638316 -8.58431257867 0.870084963458 5800.0
-1131.04027779 -0.883365713291 0.875526160465 5000.0
-5475.43663391 -18.3343622256 0.895203985438 5200.0
110.673831888 -6.11478277601 0.885646881055 6000.0
9954.8912773 -21.1651156079 0.960625841924 5000.0
-4482.18386076 -0.835959573846 0.929683978592 4800.0
257.78404015 4.41744007584 0.85501581221 5600.0
5477.3496478 -15.1803271651 0.915557874492 5200.0
8437.63800745 3.53304083603 0.971461718104 4000.0
869.800885035 -8.15802781002 0.895626104776 5800.0
-1297.11734725 -9.38138490617 0.89588653715 5600.0
7896.02670383 6.99988917692 0.936361961758 5000.0
5353.03478544 7.88256293286 0.937711364386 5200.0
-1183.70373195 15.6220325827 0.917338404318 7800.0
-2793.89000255 -23.6214131441 0.875808599937 4800.0
2377.69675433 11.7217724034 0.90922676444 5000.0
-746.864152059 11.0305728271 0.885848157014 5600.0
1743.71940881 6.76033379026 0.908403253987 6400.0
603.194421077 -15.212253898 0.916262871035 6600.0
-2904.17447634 -11.2969098748 0.89001761818 5200.0
-2830.70329009 -4.31696119002 0.864687035012 4800.0
-4923.41551016 1.72068169787 0.92271055448 5000.0
2217.2540302 -7.08613199631 0.881410487477 5000.0
4809.28521464 2.41455852306 0.929059784799 3600.0
-3039.78394416 3.48296277923 0.880714208262 4800.0
6260.6377893 0.471048719568 0.884987195237 4800.0
3448.87512032 -4.11346541898 0.91806453145 6000.0
-7010.964096 1.96644191123 0.953643178715 5000.0
4869.40509085 4.16195102894 0.941156570587 3400.0
1532.31290084 26.4990709745 0.904191946705 6200.0
3715.91584959 15.225824674 0.933874171653 4400.0
9210.732487 11.7548997881 0.978784153945 2600.0
1258.88081613 19.180618111 0.892782966883 4400.0
-4986.38139032 2.26398474955 0.906911185245 4600.0
-9401.75445374 1.3010205707 0.983202796501 6000.0
-344.189480817 19.457521184 0.918536004131 6200.0
7170.51763194 -0.853354971333 0.986639659 5400.0
4309.21459819 -0.082519400074 0.894922911202 6600.0
-2180.17125819 4.21503674827 0.840677158834 4800.0
3128.87537118 -10.9134222012 0.906501033679 7000.0
-2552.09070859 -5.63442432132 0.86738621282 5000.0
-6029.55253075 -1.08471360748 0.960230903422 4600.0
5493.84935055 -20.0093750014 0.867076981498 5000.0
-130.364773414 14.8358925287 0.887438011949 5200.0
-1100.59320863 -8.4965408775 0.88014303744 4800.0
354.857314088 16.0543190467 0.860254563958 3600.0
2105.08447943 -5.27632213915 0.8855691801 4800.0
1013.59558788 -4.74867430962 0.902134756951 6000.0
3722.14453744 0.100777847403 0.909898217843 5800.0
2697.21753046 12.2237322746 0.900294053563 4600.0
-3331.97358284 3.9407883546 0.83717273134 5000.0
-1649.92396018 -8.51186998987 0.872492991165 4800.0
789.500459436 1.09695444292 0.887610376583 5600.0
-4009.89230959 -7.64699185327 0.86319221333 5000.0
8081.36724071 17.5569952281 0.985712571489 1400.0
-225.811304679 29.814718144 0.917241571275 1400.0
2087.00287462 -6.23079273311 0.894062473423 5000.0
5638.23820367 17.0383978624 0.947291613057 6600.0
-375.535201553 -5.91150352723 0.899789241199 5200.0
560.425057936 23.8282216946 0.906484722068 6800.0
5021.43889171 -20.8996811493 0.882886796772 5000.0
-2237.67713049 6.21436416733 0.869649356503 4800.0
-3101.91497093 11.1223992627 0.89093518155 5000.0
-123.247641427 8.76892767392 0.877214712335 5000.0
-1027.95215715 12.7162936712 0.884837009834 4800.0
4837.66351345 -4.88187594422 0.902259001432 5400.0
-4206.66074903 1.19874012109 0.900061400578 6000.0
-775.320467104 15.2009822139 0.90142884872 4800.0
5825.95267505 2.4484845032 0.935056472354 7400.0
199.113949477 3.45115776249 0.877862131238 4600.0
-6047.56144487 -16.209962527 0.934499450933 5000.0
-4510.6036166 -9.48108748166 0.870282774543 4800.0
2721.09207833 2.94176120602 0.875719801639 5200.0
10085.5263094 -18.5353839643 0.96973533192 4800.0
4693.26085484 4.45088427315 0.870431542052 5000.0
4921.73561955 6.92521379624 0.913327666264 5200.0
859.261607064 20.7488264825 0.907475928422 5200.0
5376.74089866 -7.11064448661 0.917830700928 3200.0
2102.00236695 12.9255100335 0.890738756629 4800.0
-1495.34298163 -21.5721849283 0.915355699885 4800.0
-7749.57745689 27.8861557616 0.981449743309 4800.0
2004.44063428 -10.2323363374 0.885400472052 6600.0
4915.67039161 -1.93827622371 0.928677673172 4800.0
-4696.14335903 -10.5361548844 0.924386870752 5600.0
-797.807786982 5.94673738705 0.861467451806 4800.0
-4973.62429508 -20.9243945665 0.880459396921 5000.0
3858.74857784 -3.368605475 0.854071537168 4800.0
608.865750399 1.72121658809 0.897361246356 5400.0
7053.67956281 -2.49835441494 0.929009129635 5000.0
-1544.90462826 7.15606803736 0.880840289977 4800.0
-650.190443962 -7.27208546798 0.888194014141 5000.0
-1373.64167191 -2.56218346602 0.891556947818 5000.0
-5768.11761934 2.46956436768 0.937198259367 5600.0
-5596.36376422 -6.30985059945 0.950759303764 6000.0
-1262.61161686 -8.70324028399 0.895483689889 5000.0
-4350.34974325 15.0920923814 0.916551763409 7800.0
3105.72599349 -16.0194660684 0.899805972443 4600.0
-916.06060245 2.3988495445 0.878627734929 5000.0
-5814.05248733 19.0758664334 0.980316479118 5000.0
39.4067057659 -4.87790293949 0.882815655412 5000.0
-2511.502908 -2.0311571464 0.866274646141 4800.0
-7285.29435937 -9.27128096561 0.952619592115 5000.0
10455.6185174 -11.151224716 0.979507417034 5000.0
4162.60077036 -20.3023909659 0.901795647452 5000.0
-1251.99692054 -6.29812903747 0.907381358483 5000.0
5965.43155212 7.90021625439 0.937552029417 4800.0
-8205.4252037 -19.1794890898 0.985265098463 5800.0
-3510.88778504 17.8867698887 0.89237142101 5000.0
1429.20711165 5.59854838116 0.90487023665 4800.0
621.944375947 -5.54475984533 0.861163794042 7000.0
-4525.88443387 0.768903716368 0.895296615328 4800.0
-2791.32599981 8.60167179955 0.867706154224 5000.0
-5527.05593789 -9.77813281359 0.947420366573 6000.0
-6466.31639399 4.20588827598 0.961560138355 5000.0
4955.76957037 -5.29344948783 0.913128263209 5000.0
-5127.66946166 -3.19450728428 0.908059222596 5000.0
1093.33052379 4.28870640725 0.887991151859 5400.0
-437.52181921 16.783023292 0.908207937356 6600.0
4032.89978068 -4.14048830969 0.914573557526 6200.0
5346.38091225 -1.38811452672 0.936758059111 4000.0
-514.037109837 -7.81562765992 0.899326745862 5600.0
-3600.5090163 10.0025622422 0.876399368767 4800.0
2887.09555911 7.99563670913 0.889227199149 4800.0
-5573.60726889 3.46277518534 0.934271959287 5000.0
745.385038424 -2.80396648618 0.884682045721 5600.0
273.850243213 -7.36241239104 0.897082717189 6000.0
-10420.9794551 0.184518482979 0.984412909307 5000.0
-2205.54043918 -20.2758788721 0.875636696606 5000.0
-3040.98572353 -0.853332282672 0.871255348717 5000.0
-6731.69066674 3.89771169045 0.975348181686 6000.0
-1724.74683414 -2.52362105234 0.891977068613 5000.0
-1451.65846136 8.68121361668 0.886501423965 4600.0
2171.95525576 -10.9963358632 0.904031471413 5200.0
4207.28146171 -13.553580421 0.908736637208 5000.0
3359.15216577 -0.309358242965 0.899053345071 4800.0
-4844.89563789 18.1116733877 0.956761930506 4800.0
523.258732792 -9.72744662112 0.905803432238 5000.0
-7444.20840782 3.06035598642 0.973662387125 5000.0
-7082.93077415 -3.54417885333 0.960221498801 5000.0
5318.25007511 8.84224718476 0.94261795757 4800.0
-5267.10310045 17.9431742503 0.959243290969 7800.0
-7589.34906939 -0.994335595206 0.967414689041 5000.0
1471.67771036 -6.00929758691 0.905923933855 6000.0
-583.730333496 1.42490466713 0.905707524594 6000.0
-8829.54004514 -34.2163198604 0.982316194981 5000.0
455.373537664 -5.57263479174 0.90350525166 6400.0
-5398.90888019 -0.755174754861 0.946263857539 5000.0
-6251.94963919 7.79032200849 0.946603059538 5000.0
-3324.22691913 -4.05579501362 0.865950329847 5000.0
-2758.88395813 9.04697208807 0.910492356874 5000.0
767.988773058 11.9055624116 0.890536869341 4600.0
-5826.28716941 -11.7105329678 0.909377403965 4800.0
-578.9258607 -10.2974854738 0.890441349201 5000.0
-5623.90910189 -7.15388579101 0.941045820929 5000.0
-4702.12876817 2.95805171311 0.912787536405 4800.0
5924.48554502 -9.04407298007 0.961395846143 6600.0
-2029.84199945 -10.0691582006 0.884920957203 5600.0
-6820.8278518 -6.36719600579 0.923513740632 5000.0
-6864.45116733 -15.7832084771 0.966298886277 5200.0
-3213.70609944 0.697912725404 0.873559135987 4800.0
-4295.47558949 -7.43141909852 0.900027722138 6000.0
6853.70190865 9.40140639014 0.945206786892 4400.0
2180.00501301 -17.299241621 0.909508621423 5000.0
797.101681032 14.3195662272 0.897066133565 6400.0
1963.55738008 2.9523098156 0.889987917145 7400.0
-2460.77120573 7.56188776495 0.835206242212 5000.0
601.886062297 0.915176379789 0.864752748639 5400.0
1765.41988604 -6.14095675001 0.885243022722 6800.0
2708.5759772 -20.980619793 0.875664885996 4800.0
1068.24639585 -7.43429196063 0.898012510438 5000.0
-1773.01991755 -22.2385336233 0.882277092012 4800.0
-5154.84563879 8.71014380035 0.910492898365 4800.0
-3505.87134851 -5.29868641462 0.878725763485 4800.0
-5753.41135138 -7.14907545188 0.90737542543 4800.0
5402.37645349 -13.588533492 0.92482588497 4800.0
-1596.6913835 9.20052470586 0.876843368468 4800.0
2711.99855891 -12.6828553006 0.901845915449 5000.0
216.221199016 -11.0716733717 0.848414745617 4800.0
-790.23730642 1.20049408746 0.895767182894 4800.0
4654.66042863 25.8694451926 0.905099303008 6400.0
-593.332334979 2.97527240498 0.898534815162 5000.0
-5285.01665194 -3.51953006045 0.880559690607 4800.0
-3685.70753673 4.15415085425 0.872547943517 4800.0
7065.20549663 3.16433787088 0.962834420675 3400.0
4122.13670068 -26.598883958 0.896935967136 4400.0
4753.9646076 0.805693658997 0.931561554821 7000.0
6293.29764942 5.10916244502 0.974561467913 5800.0
5099.5839355 1.15593190669 0.9318609555 6600.0
4880.92581642 0.210354599321 0.902992398085 6400.0
-4823.76144143 -9.24654317622 0.89127509394 4800.0
-6590.43869024 3.10637735262 0.958800669839 4800.0
-6118.27458513 5.72594144861 0.959701102404 4800.0
4069.36083117 -5.55578800524 0.906734794478 6800.0
2152.3734836 16.3348861728 0.908605666263 5400.0
-4209.21778776 -13.0104753026 0.896468414328 5000.0
2260.02385436 -2.92526976317 0.894475266539 7000.0
4033.60224374 -7.46130872048 0.883439345673 5000.0
-1682.57987525 0.14998223044 0.876329699528 4800.0
-2765.98892016 -7.43872478363 0.90541795697 4800.0
-8579.16505032 -1.66086347072 0.981117935255 5000.0
2690.43883653 21.1681623878 0.877882890189 7800.0
5105.1498148 -1.7781639637 0.906146394809 4200.0
2850.58288501 5.50849681679 0.876881826613 4600.0
-3971.35026665 6.40880909798 0.887578597801 4800.0
-829.138680417 -18.6827436228 0.897282848737 6400.0
951.623706889 7.63012976968 0.871748095906 5000.0
6583.11414373 5.28898991644 0.952865964781 2800.0
-6577.96908626 -21.3247039039 0.908693012163 4800.0
2320.21069074 -1.07587845716 0.893695603061 5800.0
-7647.87991809 -37.4810514667 0.943468118675 4800.0
6198.20079588 5.80143566977 0.949742659488 7200.0
-954.435497484 -14.1155559922 0.918713159577 4800.0
-1685.62185607 20.8361296791 0.896527084472 4200.0
-6285.05051231 -9.84341921257 0.950094677219 6000.0
16075.0193763 4.96985794988 0.993145409897 5400.0
-4322.91774769 12.4124783182 0.884605729528 4800.0
-4669.83184223 -18.9632496097 0.871036485948 4800.0
-5404.06111332 -2.10249468011 0.931451492369 5800.0
5056.23108601 22.2153225479 0.927982191029 4800.0
-2591.40627747 -5.85347606955 0.878552407861 4800.0
1510.71670954 -3.30197491018 0.895558076873 4800.0
1571.2453386 1.04625956357 0.886532521568 5600.0
-9063.38341767 -2.83615811773 0.98271136883 5000.0
922.775792667 -0.121659215114 0.885771834092 4800.0
-3331.1866869 19.2897665973 0.876431531424 5000.0
815.062115468 -1.54845467793 0.897694266287 5600.0
1915.62631564 -12.3711664924 0.91030944118 7200.0
-3189.82854896 10.7921598292 0.868938162333 4800.0
-5365.8266348 -16.5495897501 0.92986484202 4800.0
-6163.60260073 20.7154013632 0.982265151793 6000.0
-3055.91074372 -5.70700260115 0.853555234659 4800.0
-4885.7038031 11.5739536642 0.913473527975 4800.0
7661.21293818 -13.8245934144 0.955346304175 3000.0
1696.8922307 -4.64661022962 0.89009200894 5000.0
-3530.06981872 -0.210266554026 0.843574065142 5000.0
-275.186217728 19.2258985185 0.879861789605 5400.0
5795.44419296 -1.05405225262 0.945261865738 1800.0
-1622.25758291 18.6236738087 0.892466008363 4800.0
204.880186208 2.29139370209 0.906340812371 6000.0
-1071.22219087 -15.5426145418 0.890187118986 4800.0
-1463.74009041 -10.3761150888 0.878678697931 5000.0
6801.50103711 18.1565419584 0.920389126448 4800.0
-2145.9239698 -19.9650360815 0.900907566049 4800.0
-327.811871549 8.33753812256 0.896543028834 4800.0
-3033.44856442 -1.97386078564 0.86010612842 5000.0
-3909.55486768 -15.2407861827 0.838897489696 4800.0
1676.88285196 1.48860068508 0.8818450461 4800.0
-1057.6518021 0.357716357737 0.877542367697 4800.0
1731.57836302 9.26913536636 0.917230412973 6200.0
2541.20671154 8.35790021645 0.88625365099 5200.0
-144.926801037 8.09317982181 0.894705642402 6200.0
3658.7630666 -0.909788778098 0.883336166304 5000.0
4089.2485552 -11.2631127598 0.902602339212 6000.0
3228.30100226 -10.1174975417 0.896725446392 4600.0
1755.0632087 -18.6862358145 0.879505172711 6600.0
-5739.84445925 10.354804041 0.944208053376 4800.0
-10080.7986924 0.114363702524 0.985518208402 5000.0
-2809.91111269 -9.15271221696 0.85226600225 5000.0
15601.4182956 0.767955869499 0.995011582991 5400.0
2817.50710072 9.49573291384 0.906529505231 6200.0
-2304.24137574 16.3812110085 0.890742413235 5000.0
1192.30916613 31.7620332843 0.902726099112 6400.0
2780.18181938 -0.130927989001 0.892395055564 5000.0
-2784.94202882 12.1784553611 0.84421583364 5000.0
9331.42879823 -2.4258780711 0.99592329495 4200.0
3051.84813737 -13.966104595 0.92838952272 5200.0
1690.2785277 16.7677467006 0.903905192978 5000.0
-4466.43298524 -7.99912815009 0.884044313874 5000.0
5161.04800184 3.2134161294 0.936235253568 2600.0
8553.4716524 -9.45459760618 0.976256908059 4800.0
7823.97682419 -11.1651799796 0.983542401928 4400.0
3480.71772151 13.691386938 0.922924323229 5800.0
2969.84765604 -6.90966808415 0.883999085897 4600.0
2259.04460138 14.124040523 0.914376665244 4600.0
-5343.28267524 15.8611712632 0.950716815258 4800.0
1969.18253429 15.9629802541 0.918514259169 4200.0
-14.235551437 -2.94935338626 0.887820675586 5000.0
-3400.15387053 0.0440710741846 0.852631939377 5000.0
9577.82514216 -2.92357038608 0.978927960153 5000.0
4985.91862996 10.9261290355 0.944421665463 5000.0
4311.86133985 15.2639264544 0.900227908599 6800.0
118.720064664 3.36527151549 0.875676487824 5000.0
5577.84665166 -7.83699374673 0.905241034829 5400.0
-3420.00506075 0.960245378392 0.866345991342 4800.0
-6439.654706 7.18601629666 0.961249247008 4800.0
-674.683392657 7.15986315402 0.894270578221 5000.0
-6129.03504294 -10.9869510645 0.942234782348 5400.0
1914.73118061 -10.0674431668 0.903623303356 7400.0
-5186.4977427 -5.48771587416 0.934876676451 5000.0
1573.86261038 7.05652337058 0.875211856732 5200.0
2822.08493294 7.95135986612 0.866249587851 6600.0
-3013.87375288 6.59181148395 0.843497516184 5000.0
-727.932752615 -6.50917288966 0.904944312322 5000.0
3182.14501094 -5.44120152132 0.891557154609 4800.0
3155.84925342 6.46721239148 0.914494900786 4800.0
-1545.24887091 -20.0919447174 0.9145236611 5000.0
-740.582511032 10.195136398 0.906278101121 4800.0
-3201.82547946 13.2719001077 0.844477919639 4800.0
496.972419802 9.09082813644 0.898644926256 4800.0
5893.6935244 12.2155283071 0.947783418542 1600.0
6846.46996866 2.82515293168 0.947295841812 5800.0
404.305590447 5.94380913062 0.883943075363 5000.0
-67.1531930478 31.8588804477 0.920863611513 5000.0
2814.5370097 -5.27976468403 0.902654499979 5200.0
3481.9095254 2.34831043145 0.892934757395 4800.0
5475.81577808 10.8549812084 0.952868481047 4400.0
-8559.65417158 -8.7974090651 0.950124374771 6000.0
-3597.20524071 -11.4827027454 0.903576612417 5800.0
-5258.5204088 -4.45240050002 0.939866640301 6000.0
5841.94763086 9.90243801682 0.896198122341 5000.0
4826.02616949 -0.436431379378 0.903035556779 5200.0
-6261.33648046 -2.68521942514 0.956505253523 4800.0
-2856.05208859 4.16613966655 0.852231775114 5000.0
-635.013244369 1.60814634814 0.913939146357 5200.0
-4338.9909003 20.1154305949 0.954662015382 6800.0
4033.37021077 7.97727402788 0.915659101986 5400.0
-1011.63059438 5.37009155977 0.878969510478 5000.0
-2522.65633281 -13.0730354001 0.801029566283 4800.0
1980.59597217 -9.65696294261 0.861847595458 5000.0
-1559.99243386 -2.12031409134 0.869333283166 5000.0
7571.1352091 -4.23703849145 0.951420736711 4000.0
-4637.44436774 8.32780484179 0.914366459484 4800.0
864.393301453 -1.94706367855 0.88345363946 6600.0
119.973474994 11.1347828652 0.890979461208 5600.0
-834.265245357 1.35061096011 0.867966124078 4800.0
-179.740194882 13.6819978959 0.90331785226 4800.0
1984.80059346 2.92845842241 0.880085982026 4800.0
-2866.07125307 -3.22901463064 0.844838255691 4800.0
374.829873809 7.06078217902 0.898714030204 5800.0
221.277185207 3.84757094574 0.892880514534 6400.0
-1758.83376457 -4.32114772631 0.850653083329 4800.0
1549.15250985 -15.1996790835 0.889497771782 5800.0
-1773.92749279 -0.0880037222359 0.905138970538 4800.0
-1155.56148004 -24.9489664133 0.927628096549 4800.0
-443.738685932 -14.2922074953 0.86096460326 6600.0
5747.988144 16.7414594926 0.935468513888 5400.0
5302.01245106 -5.12873341271 0.911034263063 5400.0
1034.35807312 -0.26201823517 0.908250351368 5800.0
1073.31876537 18.2449775258 0.883557769307 4000.0
-5101.71456987 11.7644044248 0.955729034819 4600.0
479.579900738 -11.3367230633 0.852760514747 7400.0
1130.81904708 5.68587810155 0.897738482174 5400.0
-8572.01189358 15.7820746716 0.985964943326 5400.0
7761.22408767 -1.25435133508 0.950896366198 5200.0
-1173.81179691 23.2466275056 0.900565167728 5000.0
891.551729035 12.8875010089 0.884884406993 5000.0
-5139.9813947 2.16568307786 0.940239421002 4800.0
10467.4505217 -13.6138668233 0.960099941005 5000.0
-3610.77103312 -5.68501489676 0.856446060063 5000.0
5890.82516714 -9.3260135617 0.929746854252 6000.0
-2439.70289407 -3.87049518776 0.864859821311 5000.0
-1850.61208715 14.4706622848 0.899599173436 4800.0
-1316.191461 -13.8553839978 0.921796892632 5200.0
-3465.23242758 2.51856606521 0.878754713623 5000.0
-312.777339132 -17.9323872255 0.88339584505 5600.0
315.067197781 -3.60438348396 0.891867032856 5600.0
5982.10090588 5.3006864583 0.970989438178 6200.0
1306.12561432 -6.53237597854 0.889336998254 6600.0
-1207.21937431 0.65497840557 0.895456652282 4800.0
9525.55530385 6.52237097267 0.981213118923 4000.0
-5303.13012427 18.3371832584 0.96365780431 5000.0
1831.97240852 -12.5020124444 0.895430789363 4800.0
-1322.59225841 -15.7298178493 0.890736276756 5000.0
-1463.04978397 -11.0063341973 0.857858383168 4800.0
-5399.39962116 14.0132641212 0.937033458299 4800.0
4325.84693594 -4.62364487642 0.912575576274 5400.0
-3404.29397845 -9.59784515868 0.859506055899 4800.0
8414.3925413 12.8645505385 0.960041888269 4800.0
-5759.63560851 -4.06393253119 0.961034310868 4800.0
-3571.64947668 5.83771090526 0.919992746335 4800.0
-3576.21191373 -7.42533324849 0.825915665238 5000.0
4494.7839251 -31.234857032 0.912639920351 4400.0
-299.546925235 8.58421283766 0.874537895188 6200.0
-2744.90175547 -2.79542419747 0.8351579271 4800.0
-3848.47181565 19.3217731318 0.915574521354 4800.0
3256.29827935 -8.68752326709 0.884996494557 5000.0
4587.91159204 -0.889897559992 0.923412562243 5800.0
9427.90322373 -27.657616153 0.974627429021 5000.0
5235.01899916 12.3856653121 0.888270204065 5000.0
4070.4839516 -13.8359282582 0.898488312525 5000.0
2725.1871499 -7.27411295778 0.915874787902 4800.0
-3669.11607636 5.19383671172 0.897523845803 5000.0
-6044.8979563 11.1893042795 0.957618597554 4800.0
-5285.9592568 9.12459460198 0.906819620982 5000.0
689.463066768 -12.3421173026 0.912094044608 6000.0
-1166.16965051 4.26287030565 0.887964214469 6200.0
2506.21596074 26.8300790439 0.924694787918 3600.0
-335.778267264 12.6135091331 0.872798071305 5800.0
5250.85380525 6.655775813 0.892682218966 5000.0
-279.801332545 4.62841528697 0.8996791866 6200.0
-4175.64366595 -3.06315388231 0.881627655611 5000.0
-6316.98211757 -10.7565594614 0.921466063052 5000.0
4539.0624538 11.0218387174 0.926456397149 4200.0
875.683918177 13.4739373246 0.879687994386 4600.0
771.136628075 5.96391438902 0.875467961127 5000.0
-5424.07633555 -3.98179649478 0.903964303984 5000.0
4104.89973554 2.44801360424 0.869536274983 5000.0
5976.10395394 5.46435709359 0.904506044645 4800.0
832.243218416 -2.00953733966 0.858639831254 5200.0
-7918.68776688 -12.7228334323 0.982144739126 6200.0
1439.77881104 0.52143771926 0.864422959076 5800.0
2144.07448449 -7.82860937804 0.903371072194 7600.0
9395.96985632 -5.6471270776 0.943993855377 4800.0
8287.00531379 9.36337149991 0.995981644043 7800.0
4307.46665487 -3.45879548497 0.91830957109 6400.0
-599.255039027 -18.3230552161 0.911056391335 7600.0
-523.007118228 22.7500757946 0.921592675906 5200.0
6323.5596384 26.6792862183 0.924090273297 4800.0
-3792.36381398 20.388974847 0.902475634194 5000.0
3990.85343256 -1.84627210011 0.879947866594 5000.0
1050.20144827 6.75390739253 0.886580241726 4600.0
1469.28532027 -5.98792305152 0.890514063591 4800.0
10617.2911557 -0.93191281457 0.981352319109 4600.0
507.197586356 11.5986745484 0.892207716565 4400.0
-1513.04964622 -16.3981495171 0.890519576057 4800.0
5218.37406628 -15.3398960734 0.911021190019 6000.0
-5816.8808478 9.63479084306 0.95743604293 5600.0
564.974893495 -2.98686766588 0.874559175475 5200.0
535.991396177 0.9996751534 0.88201927978 5200.0
2893.48453904 -15.2565641169 0.914982365541 4800.0
-3158.01106716 11.0950673955 0.884295575844 5000.0
-4540.87322293 -4.84890549928 0.854038023534 4800.0
-4402.62732802 -10.8755992853 0.878806587784 4800.0
-6193.12877831 21.4900898565 0.974726819285 6000.0
-4690.40923434 27.8201000405 0.950038921875 7800.0
-726.500387302 -18.0127634721 0.88750428378 6000.0
-5834.00042631 5.657829583 0.953064754017 5000.0
-6832.0938903 -19.9087998419 0.94048987793 4800.0
-2923.91885122 -6.1976566629 0.872385597186 5200.0
-262.173182028 11.7456417125 0.888537272312 4800.0
1265.75701774 14.2873660918 0.90574161089 7000.0
-1229.7918999 3.52776161744 0.89930422856 7800.0
105.924131028 -11.6189204731 0.87355748635 5000.0
-4404.17824666 -9.45738742635 0.896130806435 4600.0
-1308.75032523 3.0736731185 0.879580763563 5000.0
1034.67841415 22.4316446949 0.889005891025 5200.0
-3905.32603363 11.7940710798 0.904476704511 5200.0
5400.76210573 -12.3732125942 0.913242774239 4600.0
160.318480029 10.0119098631 0.893759271389 6000.0
5852.60979194 -5.08644694727 0.913094706357 5000.0
-2718.57691232 8.37576841019 0.891055342678 4800.0
-2073.17510186 9.23916020688 0.898816067219 4800.0
7505.93055233 34.0489557475 0.966147017514 5000.0
8823.83321335 -0.586343421586 0.961082745863 4400.0
-8497.30211262 3.60421321475 0.983337186479 6000.0
5836.46417248 -2.21442886646 0.888629755247 4800.0
4371.47856493 6.12926694787 0.912217606747 6200.0
2734.4293493 -4.60341501697 0.894607007532 5200.0
-905.837489787 -5.84956818378 0.875778907542 5000.0
-517.536224614 22.4546070029 0.911115646613 5000.0
-7179.48948807 -4.25934765196 0.971447536976 6000.0
25.8790519623 -9.73880640497 0.882672090901 5000.0
8446.70350629 13.1022196904 0.978188778123 4800.0
-5051.3200876 19.6464731553 0.931759355647 4800.0
-3446.73589237 18.2916224078 0.912727088508 4800.0
503.811365795 9.59911587177 0.886388901003 4400.0
4126.32179047 26.0763037355 0.945679952541 3200.0
-4383.06747406 -7.56250280815 0.852124124982 4800.0
-2345.5187686 15.3058492611 0.883449194672 5000.0
1220.37124431 4.4298595663 0.896535055398 6000.0
-136.79048867 -6.17677003617 0.887591954871 6200.0
7128.64769997 -5.5674727682 0.917949202352 5200.0
-2479.44131718 14.3332201161 0.857441600525 4800.0
-615.850462265 -0.906140945833 0.891968992663 5600.0
-3644.34577626 28.2765940345 0.92805005516 4800.0
640.411836624 20.2471180987 0.916354396927 5000.0
-8126.9076517 -10.2492950682 0.972061713495 5800.0
-4361.41638959 -2.05642260094 0.90960727066 4800.0
-331.194012853 1.2363545875 0.852688543161 6400.0
2532.82957979 17.3876654773 0.908322181453 6000.0
5298.92713366 9.83722941094 0.970046538736 5000.0
153.646727874 22.4620132049 0.90896985024 4600.0
-5186.26059268 4.90275765608 0.954212489014 7800.0
370.375229751 2.9115630604 0.893214085199 5600.0
-2793.91472932 16.5014989881 0.904378174088 5000.0
2537.93231191 -20.8186665524 0.899501856602 7000.0
410.418578144 -15.4830926887 0.880289471198 4800.0
-1914.01216191 -5.17292611761 0.886238141546 5000.0
-1451.35443514 6.80015336606 0.873085979157 4800.0
3568.98002276 -13.0039266404 0.905395387164 7400.0
12281.8914439 -15.1603803813 0.986921260664 4800.0
4784.86566247 -2.06022689742 0.931237633304 4200.0
-2922.35778139 -14.8360326004 0.855880719401 4800.0
-2129.66998842 -9.18704487704 0.866210969374 4800.0
-6813.10140263 15.8412885254 0.980341002792 4800.0
726.618845822 16.9400903415 0.899306228636 4800.0
-582.607173663 2.65258123766 0.89959427615 5000.0
995.345352829 -1.49262721044 0.899585903823 6200.0
-2386.83395942 -17.5583554903 0.889469822689 4800.0
3902.47600669 4.0402934618 0.900550799777 5000.0
4037.93322942 -4.16771082811 0.900872576418 4800.0
-11883.9404762 11.2827498047 0.994048930149 5400.0
-7412.08526086 -11.1389393908 0.960887975417 6000.0
-8768.04586504 14.5770522951 0.992547954118 6000.0
2078.99497437 -22.4326366014 0.907623024934 7800.0
500.770415701 -6.53899260612 0.879009168301 4400.0
14211.6500721 -2.3460985271 0.994217876931 6000.0
-1607.24581354 19.1631730209 0.873471264597 4200.0
3776.465602 -17.0572492827 0.884937183509 5000.0
-1023.81185282 -9.32267753456 0.908673697248 5200.0
5564.18629685 1.36856072859 0.911339464874 5000.0
544.955846892 -8.25268755301 0.887289892682 6800.0
4113.64975436 -7.87547163343 0.874980605692 7400.0
-1124.28317878 -5.03613617982 0.86102228862 5000.0
4560.52710377 -4.30043592063 0.914247256833 5000.0
-4027.03207894 6.62573130357 0.86598101238 5000.0
493.795255393 12.545905133 0.908048531149 4400.0
9387.97610952 2.42276601034 0.996085376022 1400.0
459.493471091 2.32217464598 0.894689556067 6800.0
-6648.2766621 -8.92032944496 0.965482783339 5000.0
5454.47768441 -0.760860926076 0.945193207506 5800.0
-3904.14486064 -1.44960621371 0.888481069808 4800.0
2730.67897618 9.51874271912 0.911081338275 4400.0
-1467.44667905 -9.09154882839 0.879886926372 5000.0
-4600.20708046 -18.0650500209 0.853057225622 5000.0
1892.65550376 1.54223669033 0.905112495915 6000.0
6171.46441084 18.9508255546 0.914817038444 7600.0
4783.76550914 4.43884399691 0.852904828277 4800.0
-4701.82863584 24.76598732 0.949214084696 5200.0
-2209.57639525 5.96523500292 0.863712704585 5000.0
2960.18430006 -8.70188246887 0.880482509274 4800.0
7545.30273608 -0.0820322910618 0.915398254143 5200.0
-2908.5080134 0.102041678482 0.893794742024 4800.0
2163.17202439 -23.5175494879 0.906504017719 5000.0
113.366841174 19.6245815234 0.89488493545 5000.0
3388.24173755 -0.547568211767 0.912235490014 5600.0
5488.46684277 16.496192171 0.926002738763 4200.0
2700.62124236 -4.28799695454 0.909459384606 4800.0
-3040.55196077 8.32570836246 0.859606465331 4800.0
-3436.40944957 -21.2137292147 0.879056613388 4800.0
-980.348569856 21.4208269595 0.893233653651 5000.0
5714.75731264 -2.00232013505 0.933542099115 5800.0
3158.48018419 -2.93054148397 0.907075411338 4800.0
2164.20794499 10.009928128 0.89741224617 5800.0
-741.196510851 -12.0546911871 0.874876845181 5200.0
-2890.5176385 -6.2407833206 0.87702389836 4800.0
4533.24577931 5.53087500495 0.909186209621 4800.0
5465.36016149 7.43690932289 0.917303901705 6000.0
1856.62605556 -4.93454216841 0.910236528853 6600.0
2332.6432272 8.14430795903 0.893827478648 4200.0
-8783.19552108 -6.37616256033 0.975833651604 5200.0
4393.86502646 -24.6841238925 0.886019236613 6400.0
4551.13072559 -5.1315521292 0.934057214078 4800.0
-1134.0432319 -5.99228614024 0.884002308362 5000.0
-3415.34041755 -0.464225923499 0.850905043588 4800.0
5234.15701201 4.72737353369 0.891907841633 5000.0
2448.98325067 8.84297684224 0.909911150076 5000.0
-8356.7858493 13.2141627369 0.985963485643 6000.0
2160.31292227 33.5406913249 0.938341409668 5800.0
-2452.45111615 -4.84559603689 0.870833991648 4800.0
2102.08024946 -27.6923731869 0.909478928873 7600.0
3286.17520694 5.49746116294 0.880652057008 5200.0
-3954.07243457 -7.59597062323 0.841113416557 5000.0
4416.65046052 8.52441581029 0.931660981998 4600.0
-3693.00580688 8.93604794514 0.875255123501 4800.0
959.077830267 11.2333046119 0.920019482052 4800.0
-492.093631493 15.9933046792 0.882599349677 5200.0
4758.87774825 11.4193429904 0.931822668237 3400.0
5026.37623279 -13.5275028046 0.911280267588 5800.0
5716.51850193 -0.235464335857 0.882056206553 5000.0
3106.00438635 23.4749996447 0.904690334424 4800.0
3539.79936566 -20.3589719891 0.885098617628 5000.0
2325.87379916 9.28251983334 0.904629738166 5200.0
-1064.44066815 -5.38576378944 0.868703773897 5000.0
-1818.49072191 -3.27301476043 0.899810874873 4800.0
2146.76997052 0.638752781584 0.894838358059 5000.0
9117.96869612 11.0340625376 0.996842208516 2400.0
-811.206750354 3.00209551887 0.903973437098 6200.0
10597.592551 -25.6139742883 0.970847116151 7600.0
8252.77622423 10.6295489736 0.97106063893 4800.0
9401.87760935 -2.65265863291 0.970603695095 5000.0
7068.40089512 8.50616706834 0.956356582105 2600.0
8316.84686012 12.4691136442 0.959631799411 5000.0
-2507.19670468 5.63509230378 0.860797912029 5000.0
613.243704526 13.0589235082 0.895946174616 4400.0
-5013.59120738 8.93621395356 0.928446472426 4800.0
-7399.85867366 -3.35292947271 0.962364212286 5400.0
-6223.24331476 -11.6816590063 0.93393847431 5800.0
3600.70452173 4.66735450077 0.907968379369 6000.0
-5416.74951331 24.0764022239 0.959924990212 7800.0
-5824.91853318 5.13295065366 0.948030259022 5000.0
-2187.64695488 -11.3374020631 0.898656144525 4800.0
-4949.73919223 -28.0940757971 0.960015753393 5000.0
-7146.3850736 7.72014364864 0.951227576046 5000.0
2151.31687736 -2.48646553196 0.882733692915 6000.0
-2886.68550551 -14.3275446165 0.861020435894 4800.0
-123.437342357 -7.47713469105 0.90076586769 6000.0
-2712.45848283 -11.3019816499 0.853946052723 5000.0
-1274.53994766 -15.8734270321 0.888129420736 4800.0
2822.7157441 3.06073114459 0.902513429111 4200.0
-674.831233284 21.8315354973 0.903477665789 4600.0
-2684.28728311 17.3098778047 0.872277818218 5000.0
-2003.88866821 6.24532400012 0.868410712949 5000.0
216.777963419 -11.9892968368 0.856907250009 6000.0
-706.612775865 -24.0584537543 0.898481968505 5800.0
-259.565692337 20.0228349295 0.920079488489 4600.0
-2095.55128057 -10.9574802843 0.869746224074 4800.0
-3625.11117595 7.39460229669 0.865551523238 5000.0
317.978918804 -3.39489643003 0.911729485198 5800.0
-2332.60897054 14.5635267141 0.915305874518 4800.0
-3080.23017484 -6.57623318882 0.806195164188 4800.0
-5012.11028953 9.69818299244 0.907119854471 4800.0
7825.07977318 -9.19337431756 0.929128327722 4600.0
1285.92444458 19.260572589 0.91877992555 6400.0
903.79405273 17.7519732407 0.904202515255 4600.0
-351.386657351 -13.7332241981 0.897585846796 5200.0
1587.78705006 -11.8925719679 0.908695707847 4800.0
-1166.29212207 -4.73619445072 0.911007217947 5200.0
-1738.52400125 -22.8197449757 0.871596126302 4800.0
-3002.3210723 4.37210396743 0.880776681774 4800.0
-1761.00058331 9.782382336 0.886962295952 4800.0
5135.12714638 -19.3178184943 0.928016663487 5800.0
-2421.75665994 10.5873407021 0.888006767359 5000.0
-4128.1792446 -2.14850363629 0.834229534567 4800.0
-2715.60761617 20.4512735229 0.906461004358 5000.0
6666.71825422 -12.3121358681 0.973141529139 6200.0
7589.36742297 -3.24043475672 0.906377035653 4800.0
6310.08016227 -10.4956241702 0.909399516332 5000.0
2198.311305 11.9537887896 0.875420568605 4800.0
268.987697009 3.77082926853 0.891634082322 4800.0
-4307.59585301 -9.06776447861 0.86845041319 5000.0
1718.68049303 -6.38143110107 0.875765717744 5800.0
3223.73065128 38.1830813079 0.931429347524 2000.0
-6265.68318845 9.60199583969 0.976243830553 4800.0
2233.06201493 -4.49492216981 0.907483410891 5800.0
7832.45857656 9.94145878946 0.946794493947 5200.0
3926.72539175 -11.7776287948 0.911628418548 5200.0
-10969.4265427 -2.40609263082 0.984756898718 4800.0
-557.725830681 10.8570818518 0.879415166804 5200.0
1708.81917811 17.6483701232 0.924079581808 6800.0
-1819.44437467 39.4253441072 0.929411474968 4800.0
6242.97536369 3.26822238542 0.955754575878 3600.0
-2455.10268724 7.01101385898 0.886359693157 4800.0
-3894.87860586 -26.5573687319 0.851475495016 5000.0
-2119.79610975 22.2053360739 0.901710846939 5000.0
5131.25403554 14.7716315382 0.930214081488 5400.0
257.47085308 16.2176675704 0.875358399896 6000.0
10316.6513256 -7.49100647467 0.994006668434 4800.0
1020.37310198 3.37749791344 0.889446743088 5400.0
-818.985475836 2.62702668116 0.886981675016 5200.0
-864.041557059 7.13230343034 0.875465452319 5200.0
-5707.96717265 -3.9182790397 0.926702116439 4800.0
-3373.93041316 -0.965056109231 0.85280812371 4800.0
-2754.97387701 5.33853083828 0.85584352251 4800.0
9450.20071465 -19.2824060701 0.987667885019 5000.0
-4916.5921978 -0.400264162364 0.89429371064 4800.0
-4963.06899161 -27.1768395106 0.878956882878 5000.0
766.834725932 -6.56573428077 0.895358842458 5000.0
-1514.30899021 -7.85892324793 0.893198111853 6200.0
-2481.80729796 -9.61250024326 0.863228062844 4800.0
-1979.22173532 16.4279989385 0.868502267772 4600.0
-678.083423747 1.87157012545 0.89761882771 5800.0
-1629.19668726 -1.82541973643 0.885696246979 5000.0
8494.38766453 -11.1521085524 0.964334686142 4800.0
5891.09741922 15.3665697199 0.935852239594 7600.0
1060.54116301 -8.47920670719 0.864795570197 5800.0
-8001.20805224 -12.8373701723 0.982962583378 6000.0
1028.19839974 -8.94065921337 0.887664172473 7000.0
4979.60365821 -0.995339078407 0.932363967763 5800.0
-3716.61792857 -6.62060370954 0.857443767592 4800.0
607.29287826 -5.02249003442 0.902056121124 7800.0
2479.64605202 -14.2654767323 0.888759734283 4600.0
-5837.66720557 1.02793445631 0.970377735444 5000.0
-4289.08375487 18.3268033656 0.935736681262 5800.0
-3290.5313417 1.48878166348 0.866418961968 5000.0
-9420.77791946 15.5030235858 0.992204898774 5000.0
2854.44588812 -18.4988628927 0.900575995154 5200.0
-3722.9885801 -15.826042257 0.856238046266 5000.0
-6851.39217694 6.49412524522 0.962239741923 4800.0
-2349.16410138 -13.0434527934 0.876483942739 4800.0
-4036.88129011 -21.1619945651 0.910877507379 5200.0
-591.942518634 7.79844329017 0.856510140432 5600.0
-4943.67448027 2.50390774173 0.933042436723 4800.0
3158.59164344 0.943263392963 0.923448207187 6000.0
-2543.84548725 -1.03853360825 0.882921883095 5000.0
3703.74878998 30.8957759701 0.933560322073 3600.0
-36.378881903 -10.3446040781 0.851350014002 5000.0
-3666.43343947 4.33061587637 0.845854821925 5000.0
-953.919667742 -7.38373043329 0.873168726702 4800.0
-5756.20016138 -16.3925753938 0.936875519769 5000.0
680.589242666 15.6856595568 0.863702676647 6000.0
-450.015045052 3.50767307404 0.89596320692 6200.0
6883.9527695 0.038707105165 0.955844823122 4800.0
-1762.82091665 -2.40935545425 0.889693314335 5000.0
-5732.06787383 -18.8199438564 0.903414610496 5000.0
-2395.7957652 -5.02799480561 0.830309854329 5000.0
-1901.12438569 16.2814123857 0.874982337228 5000.0
-4889.87973652 -19.4958226931 0.945405337128 5000.0
-5352.06497083 16.9083759458 0.96008033781 4800.0
409.980150414 4.2502736831 0.876770018706 5800.0
-4320.5254243 -1.06711284601 0.930385168439 6000.0
-3449.51125079 -27.5023527634 0.862546818654 5000.0
-1243.32472839 0.0258582800649 0.881202042526 4800.0
211.256998048 6.85639727065 0.885141807271 5200.0
-6696.41938779 -11.1612755443 0.939073555024 5000.0
-7854.65310012 7.84489559391 0.986913095418 6000.0
5111.69462625 21.7841955778 0.913464928717 3600.0
-8016.73145064 -14.8382763923 0.960395168174 5800.0
3543.15762946 -11.0657917892 0.883541877791 5000.0
1027.82251523 1.25262755672 0.893048975776 6000.0
2233.20063562 -3.16718443248 0.896462589987 5400.0
-4766.64430095 7.17612346283 0.943940535076 6000.0
5331.16641484 8.21879387417 0.94673254985 4400.0
10071.781639 -6.34348460548 0.996928455232 4200.0
-3841.04433703 12.1298079342 0.871830209929 5000.0
-2234.44823263 14.9228537728 0.837910607273 4800.0
2359.71909757 -23.3420157287 0.921564804961 5600.0
-3771.25219337 11.0008496261 0.893006589858 5000.0
-8331.25001703 -3.47530496968 0.983621751483 5800.0
8232.00134422 -10.2467857016 0.939560983148 4800.0
-3435.64550988 -8.42360516263 0.862659311496 5000.0
-708.594423287 -11.1460198849 0.904206636473 5000.0
-123.751784112 3.46029471375 0.85252648155 6200.0
5786.3883214 19.231696348 0.923377046764 6600.0
