700.9596237 1.35646003206 0.906892246203 7800.0
3371.82869205 -0.995518317716 0.951101611163 7000.0
2455.22471419 6.65329797773 0.938041289479 6800.0
7348.99107561 5.82719717696 1.08899041221 7600.0
5644.11854882 -5.61102017425 0.9568965596 6400.0
-715.456952498 -16.1946095802 0.952662472952 5000.0
-1498.02294355 -3.93730722799 0.898083399184 5000.0
-428.533949077 14.2867983838 0.899942002812 5600.0
6916.13245897 15.1463727224 0.99719048642 6800.0
-141.017631487 -9.88857083213 0.8952206244 6800.0
900.929733287 5.45477977071 0.943276705784 5800.0
-1295.93809118 -6.14817480779 0.922170811424 5000.0
-3657.06159121 -18.9616597956 0.952010854508 6000.0
-1349.86295306 1.60208671426 0.910608806888 6200.0
2326.72332567 -12.1959387415 0.944733739054 7800.0
3940.14527572 -3.39987682948 0.924082086636 7600.0
5754.79533165 -3.02018282073 0.925953545708 5000.0
-4851.71396631 -8.98628304008 0.956218911196 5000.0
-1250.6860912 12.0479535267 0.941599577651 4800.0
2373.50608045 2.50000902226 0.934154101341 5800.0
1518.74346952 4.4302775194 0.927916865188 7200.0
-3740.83113056 -3.80584912644 0.859188358703 5000.0
1161.49533937 -2.00470404955 0.920169482763 7800.0
4007.71167368 5.27762958312 0.933196629773 6800.0
-1958.95983523 -20.5531901415 0.919898060127 5000.0
1572.62441189 2.79498852213 0.931634339275 7600.0
5764.36574983 18.6674601873 1.02890874687 5600.0
2521.70444352 18.0046954986 0.947408034669 4000.0
3001.93294266 -19.5695294719 0.918111778404 6200.0
6271.88604021 2.51392418798 0.967456445741 7200.0
4877.22193946 15.8170236746 0.985706117539 5200.0
5146.55666606 2.3787441662 0.972894103546 7600.0
-250.61169281 -5.87781553428 0.912645298837 5800.0
3627.75884159 -14.4708108126 0.942396837391 7800.0
2470.92977816 -4.9342635846 0.889000328105 7600.0
-729.990862988 1.79330661594 0.904755184856 6000.0
5823.51049804 14.260632944 0.966485922577 7800.0
3631.81024756 -26.6414792622 0.95703628862 4800.0
2874.94567703 19.3159070296 0.941523321997 7800.0
1081.95539971 19.9052809735 0.934007547839 5200.0
3181.34893594 14.1092731486 0.93208631629 5200.0
1729.73301874 -19.1359553462 0.932638996093 5600.0
-4384.91845638 -24.497012614 1.00746527507 7600.0
-7249.57861586 0.743718526516 1.25510488327 7800.0
-1315.80649834 -8.00069570346 0.915668759689 6400.0
-5557.91570471 -30.9901414063 0.918672751733 5000.0
-2882.9941039 5.34247854964 0.904180632502 5200.0
-3477.22816611 -1.10182166634 0.871419168986 5000.0
-5842.36761002 0.219265680038 1.01737296097 6000.0
-2807.09541389 -3.87806077551 0.909724933612 4800.0
2310.54838831 -11.3668816299 0.940171946607 7600.0
5709.88352522 -16.6548357159 0.965403161795 7400.0
-2803.79526854 -14.8568644921 0.89421012779 5000.0
-4488.31225221 3.89598212584 0.917976921436 4800.0
842.689539183 2.60795199574 0.93360363464 6200.0
526.865244934 29.906288353 0.969606199574 7000.0
-1084.15568856 -11.9968354476 0.902037988379 7600.0
3776.92123672 22.5888856899 0.971110113595 7800.0
-4670.80244498 -11.6827014678 1.01847101043 7000.0
-552.759241158 3.25849721135 0.918536308914 6000.0
2271.82181776 0.651926772274 0.933685399158 7400.0
-871.596242531 -5.57421705631 0.927482265742 4600.0
-4856.78298113 38.6083292684 1.06022636187 6800.0
-998.494402392 -18.3756165768 0.939683114901 7800.0
324.2531625 0.398000739779 0.863492974093 6400.0
-6006.81012175 21.0469405546 0.983706335982 7800.0
-448.005938476 8.55036122552 0.905068902156 7000.0
-8735.5680855 -10.8938671181 1.14462461911 7800.0
2271.42701311 -14.1721987216 0.908347731864 7000.0
1108.54573434 5.29852742809 0.904601656314 5200.0
6989.56877706 15.7180890677 1.06771741604 7800.0
-7490.37409321 16.6249369377 1.04934737579 5000.0
-1859.63690384 3.91925609663 0.892942413758 4800.0
1796.73484453 -5.77767960738 0.905278871689 6200.0
-2340.82432078 6.05343741972 0.903765958743 5200.0
-4474.7601253 -0.809623128902 0.967315201868 7600.0
-2153.64646311 -6.60588696337 0.909212186391 5400.0
-4952.53489581 11.3081051064 0.973733946926 7800.0
1662.57808705 3.87142599676 0.943397240353 7000.0
-2696.76219712 3.58815999218 0.915318203328 4600.0
-2795.00754435 6.62298369744 0.911796125966 5200.0
-1367.00328421 -1.06664045552 0.90869632318 4800.0
8550.8220205 -20.3825423604 1.03163272638 7200.0
-609.255619383 12.8896034363 0.940255896834 6000.0
-386.07873871 2.06605042087 0.883462087942 5200.0
3090.91250098 -10.3418170276 0.935980489112 7200.0
2148.37715064 13.0816720182 0.948029296963 6800.0
794.93285774 -9.0281057822 0.890093813911 5600.0
11225.8582915 0.98811580447 1.22548128837 7800.0
6903.39268642 3.11953329289 0.989284948825 7200.0
-3817.51185059 -12.2177054255 0.886365585345 4800.0
-2726.15572425 -2.77604247409 0.922645494311 4800.0
-2216.17967367 6.65170215024 0.898901531212 5000.0
3040.86670498 4.55934493598 0.891089028655 4800.0
-957.194167359 -0.0803338166658 0.883717780156 5000.0
68.6052100003 2.44394999953 0.88623699198 6000.0
4178.15576286 7.68779983114 0.955722609348 7800.0
-477.309913893 -19.5098562494 0.978021356499 5600.0
-295.819299926 -2.98276938212 0.888260692289 5400.0
-3574.04879477 17.0029785142 0.928191421192 5000.0
-3912.09529995 28.6730711316 0.941646781732 4800.0
-4115.04723907 -4.96902013994 0.937591564626 4800.0
-3231.00174971 29.6768533953 0.941172737717 4600.0
2582.63402153 5.68817608794 0.942236959683 7000.0
1711.70947658 -19.3460018146 0.925317532093 7600.0
3936.46607503 -7.4142072841 0.927221561171 7600.0
5845.92142293 0.420465981641 0.89433937283 5000.0
-2027.4308922 0.424680322431 0.908720640999 5000.0
6436.8360915 -1.09390967046 1.01589260624 7200.0
3202.9875738 -2.95026691307 0.939669962514 7400.0
-4036.81797087 -15.548329033 0.915943659549 5000.0
-11876.2090178 22.0297637764 1.12571903762 4600.0
783.705712657 -17.6594297545 0.944272399865 6600.0
-1435.32318024 0.174809158185 0.923883827914 5200.0
-1998.73331883 -3.88375908523 0.892003728582 4800.0
-4501.57854615 -3.15527806196 0.920877240956 4800.0
-1916.51775521 -14.3370834488 0.935200277697 5000.0
5162.50271547 10.509902805 0.980651598274 7200.0
693.869276231 -10.208569228 0.884109688794 6400.0
2134.22951029 0.639422618264 0.909977994606 5000.0
-1802.62234174 -1.92003061769 0.892762884554 4800.0
1083.42028704 7.23727515764 0.89401003795 5400.0
-2410.77070451 17.6522450689 0.93278743869 4800.0
10543.8995033 -22.2219486196 1.23915311632 4400.0
-319.698640323 -3.87847177547 0.93182825128 7800.0
-5903.08793066 2.61222631227 0.961424928626 5400.0
334.149205822 -5.56745154582 0.926619874915 7200.0
1305.27731773 -36.0016267792 0.968835694213 5000.0
4821.67297643 23.2888494492 1.01389295994 6800.0
-3841.50050896 -14.9305082221 0.962819084066 6000.0
-4348.79928582 -2.51065864215 0.918162205629 5000.0
-6718.3777618 12.2103056292 1.06070123293 7800.0
4630.87906196 -9.01663206487 0.933272743776 7600.0
8249.09919332 0.743739478214 1.1563748016 7800.0
-4480.80028168 19.0721124467 0.992427927653 7400.0
8643.88559475 10.0594718281 1.08279203852 5000.0
11708.286541 -13.7229885718 1.33355587917 7200.0
-2158.67891215 12.6198749891 0.897030517125 5000.0
-7369.66891264 5.18397551577 1.0737351817 6000.0
-3158.1099976 1.77151053795 0.922819346094 4800.0
-803.204086194 0.366419994813 0.90737868189 7000.0
3865.86931539 -3.88491109753 0.940487612489 7600.0
-4689.6067645 -0.298466180883 0.929849725624 5000.0
6974.71504271 5.47528465821 0.975151856336 7200.0
4519.19483796 13.098463514 0.973219028277 6200.0
-3513.30634952 -13.8268287879 0.914585627771 4800.0
-551.63982215 14.7966885809 0.924836419573 5000.0
-1125.77400237 -6.67467460636 0.9339512434 6800.0
-3226.03318552 -3.05916729815 0.861764156015 5000.0
-5117.54087117 -16.0676889513 1.01960986362 6000.0
1198.5800921 -5.24622064395 0.895157434002 6400.0
-3259.56309728 -11.5636133315 0.874815129895 4800.0
1731.46153249 2.15806386158 0.927573902831 6800.0
-837.623658871 -1.54054590403 0.909805953652 7800.0
-285.717784884 -5.17419945413 0.936946509194 7600.0
2673.87872014 -17.1937638073 0.928022941504 7800.0
2270.46219973 9.36599432481 0.929530129213 5200.0
-7363.71480251 -1.92388718365 1.0982290184 7800.0
2031.90256481 -1.85922789376 0.913097353032 7800.0
1414.43137619 3.0777221028 0.934257577612 7200.0
-9251.11676571 2.41085828099 1.24947513765 7800.0
105.664409403 -9.39974511765 0.910999490535 5000.0
-500.456200029 -22.4414893191 0.913912104171 7000.0
982.177377052 13.7874636516 0.891172286122 5000.0
10528.4330613 25.7270879573 1.05850003046 7600.0
-6255.73149291 15.8972566067 1.22285342633 7800.0
-777.94000452 -5.54988722598 0.920226055775 5600.0
-1302.53785849 15.2481749275 0.871902539087 5000.0
8651.48112671 -3.33436190793 1.05840477899 5000.0
-3860.58340301 -32.9503919346 0.877456692678 4800.0
-6248.07583997 24.0858950478 1.01902893695 7800.0
640.427555494 -7.21601341937 0.910358963896 6600.0
6174.32853447 -24.5636258025 0.975879563852 7600.0
3185.15669911 -13.932223161 0.952002626329 7200.0
2661.59144598 12.9178251257 0.932105131541 7400.0
-246.135072889 5.18895875025 0.889977549367 5200.0
-336.068542526 0.107205725069 0.914003142943 6400.0
-9150.51296499 11.0579097202 1.21617181773 4800.0
7362.23138521 29.4724697572 1.10417605091 7800.0
5564.34791374 8.42627611466 0.979603423809 7200.0
-4628.54128288 2.37500652892 0.94394312896 5000.0
-1682.99429221 6.61870879233 0.916759608676 5000.0
2848.63725808 21.1615392428 0.941349638234 4200.0
-1332.98135846 -2.30906195166 0.912800600146 6400.0
3485.5195187 -8.16539616237 0.931902992944 6400.0
-2016.68383889 6.11042152539 0.924044609792 4800.0
-3778.87033332 -17.1413158976 0.907863137925 4800.0
-5142.9818915 5.90882728777 0.96239476892 7800.0
-5567.85932437 -6.1320937726 1.00624954412 7800.0
2937.6655859 11.9002766059 0.922848076104 6000.0
-72.7904037492 -8.5066852835 0.920459542542 6600.0
-482.114487737 -4.68289974894 0.91816788927 6200.0
2021.81070975 -1.70534444548 0.916864434707 7000.0
6144.80799856 6.62971840488 0.954371110879 5000.0
4196.09103449 -6.55010985508 0.940643051405 7800.0
-2261.49663409 2.83432148009 0.890986422987 4800.0
-827.19460529 -10.0832038181 0.918706082856 6600.0
3910.99596938 -19.7479857436 0.966136476579 4800.0
2273.41094507 -13.9110272285 0.935956262978 6200.0
333.104452485 -3.03271052941 0.918837877914 7800.0
4884.34633774 -16.5987674509 0.969924286518 7800.0
7059.14475819 -7.8026233659 0.970914275 4800.0
1290.76333479 -2.57436577886 0.900212136477 5400.0
6200.74195963 -2.92911556891 0.944458702443 4800.0
6036.13074538 2.7571027903 0.930110970365 5000.0
-1800.32601814 8.72963186473 0.933021078619 4800.0
1570.52963559 0.959998066307 0.911426784112 6800.0
2873.11384998 -9.042418733 0.905674894454 5000.0
-3680.59333081 26.8897195169 0.913389630845 5000.0
-4707.27484803 9.84124021185 0.946333547988 7200.0
2576.58640261 -8.60244044201 0.939827877285 7800.0
-4944.08905459 6.62617702849 0.909104358074 5000.0
152.602786244 -4.98684383885 0.883937182314 6600.0
4673.94474306 -0.210654920992 0.939721021417 7200.0
-1879.8460547 -16.2572197624 0.934568783908 7000.0
2066.23202303 6.37350870238 0.931706528223 6800.0
5290.78350163 -6.80528089496 0.956677211784 6000.0
1713.49349596 23.6585367958 0.943799233596 6600.0
-5680.02185499 22.3791507318 0.993519879778 7800.0
-856.74726661 -15.7388695135 0.900267035895 7000.0
2655.8336813 25.1535332389 0.980685884572 7400.0
-6885.43554794 -0.292679611117 1.04642721454 5000.0
8224.67567508 -15.6952137264 1.00550689578 4800.0
-238.02437171 -12.6629876257 0.948667160273 6200.0
7903.02801935 -0.453087215091 1.06954344046 7800.0
-6574.4184878 -4.50192785597 1.04877289337 7800.0
3408.484766 5.21671807612 0.944636323788 6200.0
-8435.91977469 12.4487982431 1.34897872903 7800.0
474.283818496 5.69835963533 0.89583150998 6600.0
1676.06529039 -4.52070209015 0.922704239417 7200.0
5420.4676005 6.29630628833 0.912176561289 5000.0
4349.7964292 17.3051241618 0.99240051728 4000.0
-4077.78355295 -7.47991625285 0.893974872085 4800.0
6136.60912106 10.5263753382 0.926161105952 5000.0
2735.79421156 -11.0978818656 0.9367301041 7800.0
4901.21273267 -24.0198096195 1.00018725288 4800.0
-4945.11975719 -1.98754172477 0.912310553092 4800.0
-7672.8430789 1.23017574909 1.084663834 7800.0
1323.30793383 6.64387241906 0.922013643902 4800.0
-1123.11772539 1.46122544511 0.926019769604 6800.0
-3179.59388072 16.649251423 0.943464160414 6000.0
-4051.90502932 -20.8874514644 0.902643580416 5000.0
3242.84387014 -5.95294483479 0.921183849199 5000.0
-2420.01864403 9.84405083072 0.889460215649 4800.0
-8329.57210551 -15.8489185201 1.05806651971 7000.0
1746.20223789 9.13953218962 0.927084819399 7000.0
-2497.5496692 -1.97334936138 0.900109603434 4800.0
-2527.83004516 -4.8461764213 0.852577023291 5000.0
-361.081007228 2.40917697964 0.90115292566 5400.0
4284.75404516 5.96413669276 0.944647810311 7600.0
5835.17698979 -3.46780574803 0.968691207188 7200.0
-4792.40463273 -19.0329184556 0.924633351748 4800.0
3070.71184652 8.99262265618 0.930563008932 5800.0
2246.73562071 -4.87521006097 0.913113416362 7600.0
11532.6660878 -8.56204492747 1.14666142367 5000.0
-5307.3794853 9.89720276978 0.94480603942 4800.0
4067.98943623 6.09948334377 0.922049700942 5400.0
9132.01719713 3.19360387295 1.07117421322 7800.0
6589.70912493 -10.6121268922 0.935807580366 5000.0
4791.65405289 -8.00181388249 0.982352933848 6400.0
-2031.60601251 1.58885534291 0.887449876958 5000.0
7705.54347164 11.6506913139 1.17813781606 7800.0
-7907.74656917 -8.89602261458 1.04283388387 6000.0
-4648.63115845 8.47903977132 0.920515990781 5000.0
-1482.22363856 32.461171761 0.981552595519 1200.0
589.89909554 1.32491225177 0.888800040364 5200.0
1057.94136739 2.01715256844 0.939497275128 7800.0
-4980.95208637 -0.78187004195 0.920034981278 4800.0
4521.52119351 -6.52453739123 0.936876877463 5000.0
-1638.69824078 -15.2105624034 0.916139255739 4800.0
14981.5872467 33.8335567825 1.04251183251 6000.0
5390.31058163 -12.0391307566 0.962547914286 7800.0
-6243.57025089 -1.50374915661 1.02846650729 7800.0
-8573.08416769 -15.1597208934 1.15707966435 7800.0
-1704.29582833 -0.484111431292 0.896816696257 5000.0
-1888.67848421 3.20425411335 0.900799436793 5000.0
-8645.82515868 4.13679123649 1.12763098243 6000.0
526.0944791 -5.97217313347 0.912063829262 6800.0
3784.46313088 -9.32672590816 0.921755269163 7200.0
-4850.43516069 -15.586764233 0.910094707992 4800.0
6646.90122719 11.8915112812 0.931117862125 5000.0
-105.215368414 16.3406316193 0.882028482856 6200.0
2252.02715196 -1.32403186869 0.912749079494 7200.0
-5513.51645018 6.17111951935 0.989780376949 7800.0
-5812.44901596 17.3634175544 1.11922648262 7800.0
-5538.34425613 -16.825250156 0.965637539936 5000.0
-8663.84405434 -5.16081379552 1.19883962737 7600.0
4466.59543556 14.1107356448 0.9740414596 6600.0
-920.401860189 -7.75574896842 0.891612336829 7800.0
-5909.49724743 17.4868489239 0.99036021495 5600.0
-5892.12830262 15.9919460463 1.00394960901 6000.0
2092.38365085 -1.86905559795 0.919363471703 7800.0
4438.39716472 15.8767872735 0.987007082091 6600.0
-7541.46224494 8.79306860984 1.23925885033 4800.0
4284.14983318 19.606202324 0.97464371063 7200.0
-7445.29634053 -9.81340149242 1.04401867124 5000.0
-482.146463606 5.73040221571 0.900102143781 6200.0
7052.83628993 9.62329658843 0.993212114688 7600.0
-4415.80878911 -7.08742594256 0.877121100289 5000.0
4780.45039706 5.48276728987 0.954926990066 7000.0
-3508.35494501 4.82870461613 0.868523609568 5000.0
3414.49780752 -7.07987188757 0.931607524624 7400.0
2619.71775964 -5.34902123302 0.916527540177 7800.0
-1701.91404305 15.3480628272 0.93270220781 4800.0
-7935.37913703 2.86455001117 1.10216228732 6200.0
-6618.91057851 -18.9114145859 1.26872483004 5000.0
-1093.92155449 12.9933616957 0.926709445773 5000.0
-7781.0609947 -19.4387493243 1.16611010384 5400.0
-5632.14310961 10.8806368805 1.00122185757 5200.0
2816.57346312 -7.84195911672 0.919579927314 7000.0
908.987871208 -2.77882718033 0.894275194956 6200.0
6622.04271257 2.43553319219 0.947110788358 5000.0
7006.65216342 -12.6926507997 1.00760652638 7800.0
-8485.28853759 6.93401451458 1.1796362862 6000.0
-4158.49731714 -11.5608205869 0.898856776344 4800.0
5066.35990757 -4.07053784058 0.955406210527 7600.0
-3125.07367051 5.07342982021 0.916368120605 4600.0
2649.02255523 -0.512990939746 0.958356418328 6800.0
1842.0412315 6.41340636367 0.903751820572 7400.0
3049.11292135 17.4012721959 0.948118576088 5800.0
-9738.54146181 -1.78279143243 1.12459156578 4800.0
1501.79832741 -6.78858342994 0.926788127466 7000.0
3330.04061531 -5.81842017289 0.931016159892 7800.0
2597.71067489 20.0361630494 0.930485073791 3800.0
-493.788662087 -2.25636575493 0.897594986958 5600.0
-5941.07781647 3.81334040643 0.966316760353 5000.0
-3336.68185937 4.20475133909 0.898585922832 5000.0
-1787.22455955 5.06244346856 0.878029399751 5000.0
-3899.41846629 -5.94151804743 0.918356240738 6000.0
-2034.62702213 2.77730199611 0.906401725388 5000.0
-627.933655599 -5.68802519631 0.894808672078 5000.0
2886.87186068 6.67880073191 0.934973194851 7400.0
5138.07673707 27.2335505234 1.04488300467 7800.0
-26.9787029674 -0.0946447411179 0.881575311411 5000.0
2531.77283274 -17.0533359452 0.934024180381 7200.0
-5761.73435729 -7.15101549548 1.02548517592 7800.0
-4866.65957439 -13.6635079768 0.934687184838 4800.0
-5021.89165111 -2.27277082119 0.988249141417 7600.0
5030.67467334 12.4681302875 0.848947956841 5000.0
-4366.44743672 5.03859655143 0.929569283596 4800.0
-1848.12387514 19.2332760696 0.902464382562 4800.0
529.776946142 2.7884449664 0.917592692444 6800.0
6890.54137201 -2.89629365847 0.953161404536 5000.0
-4798.0683966 -16.8933964777 1.0077156986 7800.0
5541.27136938 16.8596146626 0.940671495658 7200.0
14228.9313937 24.2292062193 1.50985041007 7800.0
-334.629586739 -1.83449230298 0.921745371802 6200.0
639.783228687 13.7635373992 0.90113028659 5000.0
-8349.15288782 -24.5684023617 1.04432919549 5000.0
4502.31642732 27.8818828045 0.973459720434 7800.0
35.8201895398 22.959705594 0.940850498343 5000.0
3082.52340862 13.708383487 0.937396846025 4400.0
-1701.56645862 -1.45415166683 0.912940058665 5000.0
-6406.42150713 -0.995300497088 1.03421406686 7800.0
174.301621726 -4.58076715883 0.903562023641 6000.0
-448.073218386 12.2318817226 0.884262696722 5200.0
-3307.61287899 -11.0719995677 0.881506976374 5200.0
-6556.21750636 -8.88045102826 1.0375031628 4800.0
2996.76886116 4.0722733684 0.923209083728 7800.0
-2992.97067348 9.20014926385 0.887074762534 5000.0
6728.3537217 27.0054667248 0.943419369321 7200.0
2155.11528792 3.79399489474 0.896947019653 7200.0
-7880.05974818 6.37119625733 1.17992245437 7800.0
7637.84229807 -24.6171029811 1.03201371291 5000.0
7325.28339854 -5.35744075826 0.972179089726 4800.0
-4637.60786485 -6.8927995628 1.00145833111 6000.0
-4953.53653211 9.61856527463 0.951032007728 7800.0
5770.26476348 5.8631122809 0.961493328203 7600.0
-807.55853679 34.3989880249 0.975570939734 4800.0
3415.96185796 0.719109430933 0.923761200139 5600.0
5029.98931785 13.206790576 0.894634387941 5000.0
5372.44052868 -8.6003886082 0.964666358226 7800.0
-2395.41538478 -19.9356613703 0.914589484532 5200.0
-1132.0204467 -1.01065733751 0.89741014788 5000.0
53.8810039935 23.6374325429 0.93509100911 6000.0
9989.88673106 0.595606131499 1.28880136827 7800.0
5386.37409262 -5.23084211061 0.959327431127 7800.0
3778.04783313 12.6376928399 0.961280766678 7000.0
-6456.63963492 -3.72596696892 1.07323724723 7800.0
-4965.10519642 -4.47204658532 0.943066941807 4600.0
477.62498259 -17.9204868399 0.951905628311 7600.0
7345.12459609 1.17501253885 0.998565847933 7600.0
4359.34982378 -13.6028685893 0.958228532773 7200.0
-8542.15107551 -5.55516551738 1.14401958681 4800.0
-4034.59185823 -10.3894578399 0.899090510138 5000.0
5657.54126926 -4.46211604441 0.895784080191 4800.0
-358.240942023 -10.749751998 0.901798242038 7800.0
211.185231001 -5.49941874695 0.90977978038 7200.0
3963.01489437 -9.81020705766 0.927333585568 6000.0
-2697.89583376 16.0919437158 0.927740851113 4800.0
931.653072703 0.493638680679 0.916691795955 6800.0
6368.38297796 -0.135533793099 0.958306840835 7800.0
-1404.46742084 -0.392860979893 0.897676026152 5200.0
6718.85292322 -15.6978875798 0.995903692154 5200.0
3137.33491225 -6.53640354684 0.949039372549 7800.0
-7128.02773636 0.272493124422 1.12672487612 7800.0
-7083.31414769 3.4701010677 1.0617641043 6000.0
4718.31245861 13.0149062147 0.980404280955 6400.0
-11196.2201852 13.4929623168 1.15749305071 7800.0
-4330.50182692 -1.60343017315 0.928001446372 5000.0
-4581.86606544 9.43789012523 0.958447809177 7800.0
-880.249424085 -15.2524525379 0.951282899565 7600.0
-6343.31557257 6.57993592512 1.12186441181 7800.0
1522.15468785 5.80640457794 0.923128775592 6000.0
908.765410635 -7.04090413767 0.901307671134 6000.0
6703.6885891 16.7495783651 1.09851585826 7800.0
1834.34002243 0.750040983298 0.923273726224 7600.0
2912.82692529 7.44379644223 0.933055285678 7200.0
-641.858515774 -38.4121317704 0.938207068726 5000.0
-5885.79449951 8.00212873792 1.0048013002 7800.0
-6493.33192993 0.0649595177978 1.10470897592 7800.0
-5201.19823119 5.32635228386 0.940621530432 5000.0
6735.91875101 -10.2394179907 0.97210759359 7800.0
-5661.3724896 8.24443503223 1.0000820501 7800.0
-6019.1387553 -5.7937671656 1.08057414775 7800.0
-6368.62849001 -9.53731578703 0.989515807091 4800.0
7944.33064257 7.44821332269 1.02206130113 7800.0
-1915.99782666 5.13031343651 0.918228352701 4800.0
-6544.25912094 31.7549494532 1.23805072945 7800.0
4066.80415603 -7.55781958443 0.920546416756 7800.0
-73.0429984036 -40.3336946573 0.990083606272 5000.0
-3339.66003069 -15.9957060416 0.835943670984 5000.0
-754.535295816 1.80144467155 0.901587360815 5000.0
4390.64649839 10.6469245198 0.956032537742 7800.0
6813.55751328 -6.23437952428 0.966209229936 5200.0
10130.8109792 -6.53904636217 1.07338693241 7600.0
-2563.46006746 -7.58506494229 0.909748242722 5000.0
10301.2169058 -1.91027920721 1.17221899789 5000.0
1102.93397743 23.9881742093 0.908269016974 3600.0
1540.75660275 6.99789902421 0.898204690028 4800.0
3812.73545863 6.71394538816 0.936759710471 7200.0
-3544.19909729 12.5813367449 0.903215669081 5000.0
9546.48552831 -4.97455536148 1.04869625719 7600.0
-1306.71580192 44.428930654 1.03064673282 7200.0
8401.45443199 6.55681542852 1.01969378131 4600.0
1728.66048724 7.93549557261 0.927269948889 5000.0
2043.21368588 -16.7044887036 0.955814754042 7400.0
5223.76570692 2.71033371301 0.963047577917 7600.0
-4768.8381985 1.56749755899 0.915959605163 4800.0
-5857.94850025 5.96818633733 1.0489510309 7800.0
-1373.39653773 -28.7461540339 0.976973351106 5000.0
-4658.9400881 12.2509845861 0.938073236969 5200.0
4804.04982225 -0.915002804177 0.938407270099 7000.0
-2292.46274215 19.6453142273 0.944365869157 4800.0
-1878.0187225 -22.0272395671 0.938692164525 5000.0
3057.25796336 9.05457207954 0.931801449821 6800.0
-2058.67342634 -2.92038938411 0.902830006725 4800.0
606.989518485 19.6434756422 0.935197909462 7800.0
3517.92701318 -12.8418290379 0.931585061766 7600.0
1659.11333145 25.4757568278 0.932652158966 3600.0
-5011.77491822 17.3700183598 0.973116730499 6000.0
2073.65721932 5.78526720872 0.957432525281 6800.0
-1652.54291428 -1.04895319178 0.927364112354 5000.0
-2688.17793757 16.4361452109 0.923351810897 4800.0
-5546.04102417 4.55571783092 0.951316920331 5000.0
7298.62009023 -12.3765609974 1.00447711755 5000.0
3494.87095302 0.890535398139 0.915385089115 6400.0
7639.46933086 -4.9446595809 1.10861040499 7800.0
2895.65283267 -24.5786098203 0.970603934417 5200.0
-3378.67115622 6.25083072332 0.963725142947 4800.0
-8689.59467141 -2.60048609226 1.2425766621 6600.0
-1688.31613111 14.1103895729 0.880402966437 5000.0
-3070.48134755 -9.75557770707 0.866489873598 5000.0
7839.63535128 0.392859419014 1.10733774409 7200.0
2720.72014588 1.54100141783 0.923847237554 7400.0
-4485.90550907 -7.05082401737 0.962502913831 4800.0
-1519.7818837 12.319165632 0.913376362857 4800.0
1666.84265141 -13.2436483891 0.908295838417 7000.0
-7465.52292436 -11.4999920723 1.10161610792 5200.0
5836.10672233 3.54116865532 1.01664469192 6400.0
-2597.01256184 0.348641230289 0.887117071803 5000.0
-699.257617789 7.97839812691 0.890346274036 5200.0
-4641.14432974 5.27033810384 0.912335923391 4800.0
7265.34815247 4.02828446192 1.07945380459 7800.0
6549.45466755 -9.95156903278 1.01052066053 7800.0
2210.59059424 -0.583070953741 0.93086431514 7200.0
-2413.50592239 5.71139033699 0.902027747252 4800.0
-2849.60732242 -1.61443103282 0.896624918716 4800.0
1181.9453606 -1.38383755834 0.87979496683 7000.0
1322.04042403 21.7668030202 0.94451439896 5800.0
3607.62994004 -11.4848096791 0.924410597093 5000.0
-5042.71160807 4.79292655458 0.969015617362 7800.0
4195.6982997 -22.1932799907 0.952768499463 6200.0
11678.4478881 3.68542795461 1.20555775203 7800.0
633.975632975 -8.27729401769 0.906379662767 7800.0
2129.35927144 -0.72307602059 0.884400593393 7000.0
-4193.38601603 -9.58155098329 0.898010334189 5000.0
-2879.83641283 26.3223698145 0.945653530732 4800.0
2159.10948585 -17.7341135315 0.986981814951 7600.0
-4757.63326092 12.3528274676 0.968521490904 7800.0
-1141.6210247 4.00279424825 0.934989201679 6000.0
1065.03820852 -8.41361621256 0.916409219355 6400.0
-1275.26174336 28.7642911845 0.962706409725 5200.0
-1263.95928941 7.07281024894 0.928395475443 6400.0
1145.55826301 3.37067904144 0.905375028082 5200.0
-3154.03686798 26.1067222904 0.960945580407 4800.0
9302.07287279 18.7455539802 1.36441086128 7800.0
-1638.99302125 5.83197688685 0.898666598272 5000.0
4871.21389761 11.2389609142 0.938122720273 4800.0
7180.7276025 -17.6586739445 1.0228180162 4800.0
5673.43290032 -14.197263441 0.975201986719 7200.0
640.393215661 27.9701556459 0.910986012942 3800.0
-2848.8624285 0.742471273683 0.855433420271 5000.0
7312.61187286 -4.26063754863 0.9850354195 5000.0
5452.42336672 -11.7810016019 0.92473942775 5000.0
3362.1894541 8.43668485218 0.920478030342 5000.0
-311.394738763 4.58461995945 0.901256810189 4800.0
4922.12981285 -12.167266946 0.957171955838 7600.0
12323.0668337 4.56557429287 1.49228458127 7600.0
-4451.71488691 9.03164916106 0.888660740649 4800.0
-5422.68714684 -0.210749751629 0.926949005724 4800.0
-7840.01425053 2.502481073 1.13303251819 7800.0
237.309589153 -10.4692231219 0.9094969798 7200.0
-1839.85354025 -20.8193692323 0.939827387132 5000.0
-4940.79309891 0.870154248567 0.932461208228 4800.0
-3319.00853701 15.0783585449 0.952387186772 4600.0
-1714.3209417 -12.04238088 0.896283296828 4800.0
296.120802727 -3.60367620595 0.865460496405 6000.0
-6054.36539119 -11.2735378633 1.02622792607 5600.0
9355.28490015 -12.1656664991 1.11324868951 7800.0
-1812.61114546 27.2259548082 0.961269828253 6600.0
-4741.03685554 -19.266615738 0.939257272618 4600.0
768.04272657 17.2043035914 0.934281035612 4600.0
-5229.08782699 -10.6402762478 0.958868144961 4600.0
7151.95166323 -9.97631031972 0.967322910582 4800.0
1137.86559949 3.01000471337 0.918649971883 7800.0
-8815.72934112 -8.17321185161 1.09595225993 7800.0
8308.21268024 13.2551058528 1.04230238246 7800.0
2549.99549339 -1.81501253233 0.930085611915 7800.0
1635.39840583 4.14431888963 0.887054095318 7200.0
-363.229579992 -18.7976834706 0.934388496319 7600.0
-4445.99894329 9.23503445793 0.992575139658 7400.0
4618.14866012 2.59973372285 0.941240583155 7200.0
-470.523847329 -3.30637804111 0.897527712762 5600.0
1283.95884388 -23.6898732607 0.936480012478 7800.0
-9529.04001553 30.6681737473 1.34439022971 4400.0
-5988.94635857 -8.15111322794 0.963431046248 5000.0
8527.16515279 -50.6114988014 1.2974082769 7800.0
1496.64018144 -17.6194946844 0.952806816508 6800.0
7722.44954937 -18.2993247771 0.995649637186 7800.0
-3287.37426111 9.45349561536 0.911531014109 5600.0
-1846.53724856 2.73172260146 0.876341693709 5000.0
1048.37775099 -3.71285791581 0.887138766209 7600.0
2899.93433464 19.6042485752 0.955541403943 4600.0
3511.45242684 -8.81213750823 0.946876534646 5800.0
-1705.52576842 -16.8031266423 0.947325092695 4800.0
-1590.84305838 9.35982135673 0.896688874684 5000.0
-7086.24444547 -4.12772785634 1.18626695198 7800.0
-3443.79234745 29.4152868981 0.981691359824 7800.0
7658.96789376 -2.16781521586 1.04217095641 7600.0
11268.6889165 17.477361202 1.50024515371 7800.0
-796.972389615 -14.9920243608 0.923618338445 6400.0
-2456.14047255 -14.220561878 0.950391386054 5000.0
-2380.64519232 8.46088638276 0.936243968423 5000.0
-4008.84690755 -12.0716227361 0.901340839958 4800.0
-58.9220549824 1.32585825403 0.874133281612 6000.0
5505.62659907 -14.7629963414 0.945385833747 5000.0
-2177.70032179 13.7288225601 0.908103240039 5000.0
-8642.81943242 14.0485899253 1.18301861419 7800.0
-773.462393158 -5.03942924044 0.866635331388 6400.0
-3788.09599633 -11.0140002881 0.929095860627 4800.0
6009.75549969 -8.11930437397 0.954271498328 7800.0
-5344.39287738 -10.2442069203 1.0022900879 7800.0
10174.9394443 15.3070967554 1.35769457549 5000.0
1909.8977306 -4.51358203627 0.926848767687 6800.0
-5855.19890432 10.5222499423 1.02977832774 7800.0
1116.90313904 12.3631082987 0.915135859352 4600.0
-2842.26315169 -22.2626369014 0.906686882469 5000.0
454.400901429 15.1286540114 0.883429201084 4800.0
-3885.73926475 -7.14742160211 0.894786654631 5000.0
2134.36010999 -22.0365000879 0.934479663633 7600.0
-1653.41780544 15.5879576698 0.943892622191 4000.0
-2935.73515973 -1.72554893147 0.893532875942 4800.0
-2035.68295666 4.50474453078 0.890934240624 5000.0
-2701.16306555 -8.94642509035 0.882609504426 4800.0
-4830.5624131 -1.81911470931 0.965250786428 7400.0
-2654.40545157 -5.72830368529 0.899461521942 4800.0
11476.5958403 -3.61000717054 1.36984485263 4800.0
-941.313679941 -24.101499751 0.971014788414 7800.0
-3632.80259171 10.3561461831 0.932214479732 5000.0
-827.812867505 -12.9112037334 0.940561616221 7400.0
-917.769186056 0.884776370363 0.897460471955 5200.0
-4731.90394959 -5.91959974732 0.973907866573 7400.0
-1691.76142755 0.717547655095 0.906301501253 4800.0
-5198.66599104 28.5221430905 1.02211156376 7800.0
-8255.19535861 3.95799268102 1.11244108165 6000.0
9414.2101607 -11.5872875458 1.27901254255 7200.0
-5518.28417752 -4.23379267373 1.01253306305 7800.0
5894.72164331 14.475902128 0.942483661941 6400.0
-1606.94829878 1.93086399964 0.895135521948 4800.0
27.4627804484 7.05399253778 0.921028318899 5000.0
2575.24837373 27.5515976517 0.980180516446 3800.0
1223.78396552 -2.88325197616 0.916491892297 5000.0
-1158.19413191 -4.52723257157 0.904814646539 7000.0
1688.9359016 12.9620763895 0.920430458733 7200.0
-647.588868932 12.4135064712 0.9223107401 5800.0
4173.41355972 12.0010343898 0.964266948883 6200.0
7700.64629923 22.9488220682 1.02303214158 7800.0
5447.31513654 1.26875114034 0.942411726389 6400.0
-2797.31541815 -6.33214745719 0.92806125208 5000.0
-4527.12526132 19.9387533232 0.971343696009 7800.0
-7496.12268804 -4.92706774014 1.10989820249 6000.0
4238.40143418 6.16766679144 0.95110524292 7400.0
-433.517035325 -14.1127212879 0.909523166022 7400.0
-4635.45351063 0.364492427322 0.979854183383 7400.0
28.9928133567 3.67567342163 0.861024437728 5000.0
-4091.06522754 20.1225909418 1.0163801654 7600.0
1418.47639859 0.588068547939 0.92391436795 7000.0
-4186.51010171 11.7423355307 0.916120784253 4800.0
-5346.20440341 -0.477588498755 0.936738718714 4800.0
-5485.6479134 6.29535042423 0.972154686501 4800.0
-1643.41098284 13.2750667885 0.888858217312 5000.0
8783.63559584 18.2056949068 1.1941218231 7200.0
2028.56690952 -1.34034221605 0.925396319549 7000.0
-871.974270252 -4.92303434701 0.897782654071 7000.0
4060.22734386 -12.2427351563 0.908209942162 4800.0
7171.87552153 -6.40603905758 0.981504357888 7800.0
-1996.24943883 14.9438779565 0.944005983773 4800.0
-4791.43248049 -8.15960416474 0.951427754974 5000.0
-4876.68756891 -25.2416797646 0.924333871404 4800.0
3809.71982194 -16.7553157447 0.951414654252 7800.0
-1923.55463295 -19.1762739908 0.915989342136 5000.0
773.824080406 3.42266176823 0.885980440014 4800.0
-416.894810772 -0.460705602909 0.911773657747 6200.0
15389.8904746 10.9944451562 1.43818439489 5800.0
-1650.62994606 9.89348445898 0.941917981814 5000.0
-888.219771211 -6.22734662878 0.931620539383 7200.0
2575.01356983 -18.4955491522 0.971077275835 7800.0
-3194.77564953 6.58132496205 0.884476520424 5000.0
-3279.68694508 3.96956767832 0.919459498649 6000.0
-7777.69254849 -7.43221266917 1.13698037433 6000.0
3873.94218679 26.5066807565 0.941239605308 3400.0
-404.55460798 16.0957253539 0.936558772109 6000.0
8834.58537071 -11.6631925763 1.02160407872 5200.0
430.387506588 15.4081552497 0.929257802168 6600.0
-1593.66948288 -1.48258339008 0.904957585512 4800.0
-6.18907147981 -12.3809355655 0.889103594464 5000.0
3949.30392974 -5.2220514471 0.910628325847 5000.0
-7820.23102387 -9.89384845683 1.24150470702 7800.0
4355.55786581 -9.62043003085 0.966070205116 7800.0
10734.7744854 14.7237661041 1.36617891834 4800.0
-2176.29717159 0.418984667671 0.889251802372 5000.0
-5882.11572723 26.4639767628 1.00885517224 6200.0
3295.73157584 -4.31251928017 0.959877958321 6000.0
3163.90801288 4.57815146905 0.912485716154 5000.0
-245.808627047 -6.20426622981 0.918489086942 5400.0
-2530.33958085 3.47173096547 0.884257892023 5000.0
-160.301988763 -9.43856073738 0.917769795836 5400.0
6813.13949526 6.52757462047 0.934223865804 4800.0
1313.69829572 10.8255502756 0.917630867965 7000.0
6696.14027477 -21.7591392701 1.04404592269 7800.0
9738.11605461 11.0447058286 1.03516122287 5200.0
1310.80601471 5.2686314447 0.918261619646 6200.0
3957.45018173 2.58246291067 0.937427076743 7600.0
735.582712305 1.10327287318 0.907533066676 6000.0
5452.48435857 3.40070316655 0.938767147196 7200.0
-3292.43601968 9.72984968146 0.867701777841 5000.0
1284.58623274 11.069395374 0.897609111645 4800.0
-928.09075189 20.7249788064 0.933693078656 5400.0
377.441425523 11.8768196414 0.887111053421 5600.0
3206.8012047 -7.17383440768 0.933584990677 7400.0
2785.41932278 -1.95483842027 0.901482991842 7000.0
-4309.2154492 16.7633952125 0.924567650131 4600.0
-6354.31076715 1.4804068022 1.06217484487 6000.0
-123.100006838 10.880787236 0.903857057433 5400.0
-4373.43453369 -21.3170139628 0.938285148324 5000.0
4452.05258378 4.57389011799 0.950612723755 7200.0
-1455.11524025 16.8753870488 0.896429396854 4800.0
-2994.8117079 -8.68117908375 0.908528950755 5600.0
2636.73492516 15.4376801891 0.918372148944 4800.0
-7214.41645548 14.0798678992 1.15060052154 4600.0
850.96221031 2.93691396089 0.940933158123 7800.0
2194.13392577 10.809343211 0.922385679724 7600.0
1727.92027616 23.8813500613 0.944828798461 5200.0
3006.12992574 -5.52194676708 0.92056771701 7800.0
227.02020017 10.0140030556 0.922604369904 7200.0
257.858530447 -14.0987393811 0.915370446567 6600.0
-4949.77563325 7.03751439783 1.02426218709 7400.0
-1744.73044004 -1.38477932293 0.906650542324 4800.0
5031.95617502 -11.5859956634 0.942080003392 6200.0
-1345.79878107 1.15611185217 0.90908656326 4800.0
-5781.51129711 6.33103546066 1.08993281004 7800.0
1799.88950502 10.8499093219 0.929705556595 7000.0
836.912838662 -9.61499351055 0.921129687115 6800.0
7959.60817068 -5.44012577583 1.04742199279 7800.0
-6044.09128588 -1.64505615019 0.994873095824 6000.0
-942.876821959 15.2572611863 0.933695746968 5000.0
-4522.77561204 -7.87401223012 0.956050367764 4800.0
-632.734751042 16.7819850822 0.946357582139 5000.0
-322.311023418 16.8356041331 0.934805296085 4600.0
8836.32558599 3.75818069745 1.02720105705 4800.0
-1261.70208379 16.9241019162 0.93020790537 5600.0
4391.17532609 16.8751699585 0.982426958765 5800.0
-7273.20543942 10.3590303062 1.116168777 4800.0
-2373.31032199 22.4537689505 0.924991929638 4800.0
185.346293452 13.1607253164 0.947193394065 5200.0
4678.6242295 -3.76534834307 0.937576542142 7400.0
4788.65716204 -13.166960236 0.946931143683 7000.0
3590.70952564 3.08852810042 0.91698398958 4800.0
299.564645214 -10.0267393176 0.930462970788 7800.0
-2817.00480238 8.60018717016 0.908332857351 5000.0
-3767.0933214 -18.4056336904 0.924266496565 5000.0
-929.52270761 -5.79166885873 0.904291800181 6200.0
11897.7374012 -0.531633592232 1.38502316552 7800.0
1998.30455024 -1.27128254031 0.925490069291 7800.0
-3514.06986032 -16.8901307946 0.910406203266 5000.0
6001.28506501 7.25822366052 0.999372993774 6400.0
1457.65872659 -4.64024616424 0.938171724769 7400.0
1925.55877239 6.06417239517 0.927959455408 7600.0
2698.20450663 7.74861168984 0.899448000703 4800.0
6200.49603521 -4.55526763928 0.931097984939 5000.0
-1617.25691941 3.12938061089 0.927636133089 5200.0
-149.939925052 13.7319646714 0.863163895172 5400.0
2409.28961181 -6.47844583234 0.906522974662 4800.0
777.818261446 -1.85430722836 0.88233665183 5600.0
495.628211744 0.106620917449 0.901086075606 7800.0
8545.78052957 15.6512829424 1.13603845115 4800.0
262.307028009 -7.45943904511 0.922500432038 7800.0
-632.62002628 -6.4340321864 0.947106421198 7400.0
2954.93329072 2.37557073913 0.91493317426 7200.0
-418.253529075 17.0721815451 0.894710854743 5200.0
302.982783652 26.6770562159 0.955962129018 5800.0
-2320.56514787 -4.87826609673 0.883445981605 5000.0
5206.59429575 17.9564454212 0.986832936321 7800.0
583.79018248 -10.7364858634 0.932458330587 7600.0
-956.054918335 1.87874512666 0.918514506718 6400.0
6832.24814102 -12.8876694461 1.01818833212 7800.0
-6192.784568 -16.0117309894 0.941040909123 5000.0
2464.29620269 24.3118007527 0.995432633572 4400.0
1944.20136435 -4.58705245662 0.925729241187 6600.0
6811.26601266 -2.5056870321 0.967816144347 7800.0
-2180.08471654 7.99721043812 0.880344873891 4800.0
-437.271817537 3.55612512662 0.920482246342 6400.0
-6815.78297768 13.090703699 1.27402763109 7800.0
-7453.3342443 -5.53433738398 1.10180474804 4800.0
2915.60193723 -5.36182754914 0.940295950299 7800.0
-823.968690648 4.78386310499 0.906117628859 5000.0
-3345.83843353 -5.9847372967 0.859493227952 4800.0
350.539503294 -1.39521895543 0.8993342593 5800.0
4661.06672996 -16.1440307887 0.98658581349 6000.0
-2010.29031278 18.7047340804 0.929623313567 5600.0
2291.32875946 -14.1568897083 0.908762057096 7200.0
-3863.3810452 -16.1811839854 0.882956828464 5000.0
2485.17170513 -10.0780631988 0.948189736869 7800.0
-5763.5894429 -7.97018291773 1.0091729289 6000.0
23.2357598442 2.63578795146 0.92327063241 6000.0
-2788.96116624 0.404691424694 0.833562674363 4800.0
-1511.87391426 -9.86727811436 0.938404086805 7200.0
-5783.84960792 8.07071784238 1.05309280977 7800.0
-1603.92167153 19.7799826229 0.926903762286 4800.0
2087.71593657 15.0580518472 0.918029199997 6000.0
-5098.06467184 -13.3240079277 0.964160086946 5000.0
-2830.67598656 13.6930354455 0.922303851346 5000.0
4781.96202791 -2.4170400186 0.921315059346 4800.0
5826.83208173 9.35648655773 0.987127879351 7400.0
-4028.95724229 -30.0562707304 0.853088167119 5000.0
4209.79652949 5.35085733674 0.942667848105 7400.0
543.937009978 -2.00865926715 0.915658704719 6800.0
5925.20576854 11.8910403099 0.959003923372 7600.0
-4437.02175483 28.4762830883 0.953296491101 4800.0
4032.18072137 -7.23042034585 0.95389463664 6200.0
5913.26036674 10.8056943484 1.04115063882 7000.0
3413.66098939 9.77064219503 0.93367850057 6000.0
-5957.9272185 -15.9812888039 0.957672667423 5000.0
-2201.27188067 1.42400192261 0.919700196728 6000.0
1820.64670535 21.1407086631 0.9389892899 7400.0
-5558.7028088 1.88461354117 0.971340418984 7800.0
-2579.09380609 19.3621258335 0.866795474073 4800.0
2707.32598528 -3.6667260119 0.903135337179 7800.0
910.045995188 2.57080606894 0.914876774695 5400.0
-11221.4060883 -8.17564480788 1.11455637852 7800.0
1660.79488616 -7.01179709951 0.911807324344 7000.0
-4865.02353037 11.7051353613 1.02116844565 7400.0
-919.201340483 -16.4875781927 0.951384881815 6400.0
477.472417741 -15.5285489379 0.895335127973 7000.0
7307.56343115 24.5118017137 0.961061959747 7800.0
850.749844945 -15.519831206 0.910100109316 6600.0
-5479.9580692 -4.9694057775 0.963184689435 4800.0
3400.17479872 14.4967986145 0.937184125483 5000.0
-1820.04457191 -8.67819221326 0.946940727896 4800.0
-5273.0748367 -12.0571227465 0.913389763292 4800.0
-2111.58998706 14.8646098084 0.891650769022 5000.0
447.695120803 -2.53956872994 0.893043329738 6600.0
4611.73260506 14.123963262 0.95570152422 5400.0
-3449.47233062 17.420105487 0.920528374678 4800.0
-3879.42180864 8.055261552 0.875299076577 5000.0
-709.780240974 3.01793460928 0.906407428995 5000.0
4897.28536629 -11.7032430541 0.944920489671 7600.0
-4756.49937941 -7.1209296493 0.965523962394 7800.0
-1246.13236595 -2.88394355748 0.920444829322 5000.0
6571.32768458 0.185134424456 1.02328762678 7800.0
-3539.02607292 24.7417183898 0.954883714553 5000.0
-1685.58311193 -15.4466097687 0.931634092049 7200.0
2974.76463457 -26.677358607 0.962378321743 7400.0
1077.66903416 3.26913415488 0.915810699175 6600.0
5422.12677583 -12.247176228 0.976365628791 7800.0
13911.5582756 11.3764388982 1.59636179141 7800.0
1443.23343729 9.72199325504 0.902401773946 6000.0
3109.71291885 13.5419642513 0.938894080133 6600.0
-4684.24234757 -8.79127991567 0.889839368085 5000.0
-5156.76790818 -3.54742242359 0.961834079123 5400.0
5900.95135219 -18.5557636466 0.982728045203 7600.0
-5172.8940238 -0.706000232956 0.970253332766 5000.0
1616.60245758 -28.4194064777 0.986926797115 7000.0
2620.78639361 10.4456011465 0.919221919089 6600.0
-5451.85167668 11.1985518801 0.996119986006 7800.0
6199.53106707 12.0950525873 0.967898800793 6000.0
-252.579902584 -11.1318844808 0.896824609024 7600.0
5792.06052069 0.581074661654 0.942667512062 5200.0
1838.21459196 -14.3095982147 0.938233233163 7200.0
-1185.17634648 -0.421946227061 0.926523786318 5000.0
-861.771729841 1.48071629873 0.894509356159 5200.0
3707.8164393 -11.8945519725 0.956407601554 7600.0
2898.64379515 -5.63046464279 0.928078284167 7000.0
674.454230485 9.28938266828 0.92493257177 5000.0
2521.16995448 -14.8105994527 0.960346966872 7800.0
2723.33236747 13.5108559933 0.883859296603 5200.0
-3732.11564335 -22.4053362626 0.877579099298 4800.0
-3590.19429296 -2.18432335959 0.884077614086 4800.0
1264.0750187 -8.53421001037 0.931078586007 5200.0
-4076.69057242 15.3506412847 0.939159512873 5000.0
-4101.90331475 13.3850908041 0.942803322688 7800.0
3433.42065755 -16.6883357112 0.985901095642 7400.0
3718.81164171 -6.9952209442 0.9211778461 7800.0
3913.7349828 5.52520613559 0.93853830569 5800.0
-1898.63073942 12.4076871026 0.926898986721 4800.0
2610.05956514 -6.44008068279 0.936425734959 6400.0
8945.25868145 8.44148204144 1.10627470125 7800.0
2571.00141282 -7.52876665721 0.959526822306 7800.0
618.142692604 -25.5695133709 0.966263173996 5000.0
-3591.10582655 -8.56500295089 0.959547348214 5600.0
-2123.50650412 20.2938768046 0.929279891081 4800.0
-3941.33235711 -11.0143845844 0.892378494758 4800.0
-2652.7546021 18.9567180349 0.873267009315 5000.0
906.888658638 -17.5685722535 0.909855940648 7200.0
-3854.69036382 22.112237377 0.921276750855 4800.0
-8545.17636046 -10.5517151982 1.20027220191 5800.0
5494.28592267 5.90463858234 0.980850255232 7800.0
-5200.69012794 -15.0356212735 0.974308636721 7800.0
3105.13605373 10.6350972795 0.959065963897 7000.0
-8485.33645519 -7.49365536541 1.1625425736 7800.0
-2367.85087011 3.53780292241 0.869323976999 4800.0
8319.42549259 -2.90284186972 1.03621477565 7800.0
5438.45225516 -11.3109007821 0.901512715893 5000.0
7414.58491504 -11.5105461627 1.01124602148 4800.0
-1881.75948765 1.66224219782 0.861524056432 5000.0
-2412.08993022 20.4800940218 0.930221019801 5000.0
7694.76205155 30.2072860576 1.01437883684 7800.0
3732.14535373 -3.97464735393 0.937325079256 7200.0
822.926176862 8.17411346876 0.920717314448 6400.0
11342.3071793 2.1789397182 1.26709755363 4800.0
-2218.64754495 26.1290345919 0.961225797901 5000.0
-1499.47082785 -17.6452393178 0.914226104927 7000.0
6188.81321081 6.17853063374 0.948753576604 7800.0
3859.05646313 -15.487165452 0.944862269924 5400.0
4602.61660611 16.0801725884 0.992696311821 6800.0
11943.8267427 0.686530319634 1.34292018611 7800.0
1447.03160016 31.3728880576 0.935500463112 3800.0
4739.26012236 -4.48674245707 0.936018949911 6800.0
2134.86575363 -0.349385931512 0.892976038772 7800.0
7289.03335152 4.80549741386 0.992210147289 5000.0
-1545.90225755 0.302870626517 0.910001895156 5000.0
-572.60057936 -18.1893180433 0.935554199516 7600.0
-4430.27580089 14.5515159225 0.947547277661 7200.0
-2652.60525802 -10.6360951929 0.903676703022 4800.0
-14510.441243 -2.58004297869 1.14309704857 7800.0
-6569.3095029 0.519522220368 1.10063041992 7800.0
-2219.39552753 4.68921534472 0.867005529117 4800.0
1823.7881943 -5.521714216 0.895681674839 5000.0
-3468.63618891 -6.48734755518 0.871592055258 4800.0
-1474.95130957 9.19348939892 0.93190900915 7600.0
5976.32827673 10.2300522732 0.92917221985 5000.0
-6856.25139166 7.17468460458 1.07150719436 7800.0
-5414.13410834 27.94046829 1.05845572763 7800.0
2536.28250286 -0.783483207041 0.929446302224 7800.0
-5940.65251982 24.5677420724 0.977273668702 6000.0
5636.7108922 13.5139378321 1.02346705701 6600.0
-3508.51363564 5.25932574787 0.895016294401 4800.0
4887.29106445 -5.22894613182 0.973670774447 7600.0
1686.77594108 16.050010137 0.91561455702 5600.0
8734.77809043 -14.8852468579 1.21920362948 5000.0
2877.3177887 24.3873716889 0.982229847193 7800.0
753.480499922 14.3685981886 0.920548713024 4000.0
2030.62898543 -28.8922816804 0.963021448215 5400.0
911.334131211 -29.0854270715 0.964570192539 6400.0
-4093.65788014 21.1775644328 1.00643816972 7000.0
10019.9445138 -3.59792596497 1.27167536639 7800.0
-4284.07751803 -4.67250807071 0.952786510289 5000.0
3930.6085607 -8.16464249276 0.9350869637 6200.0
-1198.72916415 9.73165205058 0.926744262559 5000.0
-329.409518383 14.6362180539 0.891522311072 5400.0
-4451.41477477 20.8879562692 1.03659034616 7000.0
-8437.3319964 23.2246507357 1.27009039912 5000.0
-5636.70090845 16.7174202391 1.04273831646 7800.0
6297.44014774 7.62317851885 1.04026789375 7000.0
-308.753713911 -15.0752184329 0.944740947988 5000.0
-6783.12531916 8.47740387278 1.06910117651 7800.0
6500.98069282 22.7306594455 0.927306749009 7800.0
-703.44733519 -10.0556182207 0.934339895331 7400.0
-7910.58658948 -3.24971562787 1.11795073415 6000.0
-2194.62795542 5.19742886545 0.900682466072 5000.0
1120.17374549 -6.83320133503 0.925215509183 7600.0
665.600092801 -10.8526421715 0.880833293892 7800.0
8016.44072807 3.27977222689 1.01547429571 7800.0
3025.11839841 -16.4921007125 0.930849587759 7800.0
8588.76873286 -8.24407224423 1.05630504425 5000.0
-1461.66493533 -10.0893461929 0.916842554902 5000.0
7692.12141826 -4.55219934625 1.04770135886 7800.0
3154.79017525 -1.83020582874 0.918924974331 6800.0
-7189.0828344 -6.63520226906 1.11473187232 5000.0
3319.00166855 5.84056537751 0.923395927107 5200.0
-3326.931603 3.71449905097 0.873762017069 4800.0
-630.622982008 -17.5171424284 0.948574114784 7400.0
-580.446902039 8.12811915542 0.907636676093 6000.0
-2699.93164288 10.563285478 0.920958523415 5000.0
196.190540073 27.2565353385 0.954224867687 4600.0
-3615.10942196 9.84208456063 0.878993206591 4800.0
701.184580108 -17.5540068857 0.893657937972 7000.0
9394.83998626 10.0249862576 1.3337071571 7400.0
-4204.69483931 7.27397990497 0.915833738328 7600.0
1154.6058838 -15.9948482199 0.944485028058 7600.0
2414.65982128 -3.59289514309 0.91139330068 7000.0
5410.40147187 13.3584567856 0.916180337808 7000.0
-2631.95273594 4.46018090982 0.908424625549 5000.0
2395.26582606 -1.64993352786 0.912875685054 7400.0
-8038.56941902 -3.86864273081 1.04269053347 5000.0
-2326.32664271 -15.2157932317 0.889326479803 5000.0
-1475.57710073 21.8067756661 0.917028422732 4000.0
1445.05568497 9.62386094966 0.927241919983 6400.0
-3097.54559242 -12.2742201817 0.867336883129 5000.0
-4561.6073485 20.7886231989 0.949914927105 7800.0
4462.88151748 -2.35732288623 0.92432771978 7400.0
-7268.85329223 -2.94647159233 1.0499013946 6000.0
313.737384264 11.5677873141 0.928837823521 5600.0
827.136193753 14.0568419788 0.922347547925 5600.0
-2.15471315458 -1.68283792426 0.887056611749 5000.0
1673.76507557 10.4133806469 0.894627195916 4800.0
5598.29892616 5.50411883271 0.945986577873 7600.0
934.135338388 3.70872018017 0.915990744261 5000.0
6541.45846592 32.2251286897 1.17460874807 1000.0
9503.22340363 0.708227191051 1.29535884518 7800.0
-1838.21161169 10.9673828895 0.863581415551 5000.0
7050.18452593 -1.58514878084 1.03733213496 7800.0
2726.44653459 9.42141439368 0.913019601076 6800.0
-6112.07341692 3.03080648569 1.09969787511 7800.0
-1746.45592584 -23.2644997831 0.917851460186 7600.0
351.433727552 35.2997228217 0.928469528032 3600.0
553.241129664 18.5233085272 0.942159957666 5000.0
491.080062161 -8.86921409916 0.920916871367 6800.0
1262.43348352 10.9975200348 0.916516503481 5000.0
1114.6890738 15.9823925112 0.958027899398 6800.0
-5113.46550016 8.43014744312 1.03033094686 7800.0
-5385.43994202 10.210773489 0.973419562857 4800.0
-2722.92414486 -15.3276096891 0.86819878661 4800.0
494.047561999 -31.7067933611 0.962812678643 4400.0
-4277.81627428 -7.50611311363 0.911857490715 5000.0
-5523.65723424 -7.24304518037 1.01539745543 7800.0
1150.86647764 -5.20439789935 0.888249258821 6200.0
1016.28815656 0.808533572914 0.912304962111 7800.0
178.198261374 -6.23358871867 0.922188951622 6600.0
8358.21621809 14.1415436989 1.25286708166 7800.0
14503.3141702 -14.2195334025 1.53635911171 4200.0
4693.83455871 11.792781401 0.931053058167 7200.0
32.9204181986 -4.5133629729 0.891948899686 5000.0
5786.99954031 1.39173213448 0.945824595653 6600.0
3044.17359054 -8.99917910379 0.917114585801 7600.0
850.843946512 -5.5118327937 0.905586412082 5200.0
-8425.1510345 11.0198671736 1.10810401127 7800.0
1134.21859181 19.5824009614 0.95310574951 5000.0
-5611.40044982 0.96136415024 0.989793051299 7800.0
-1950.71242388 23.5501369708 0.938830715355 5000.0
-2022.64976838 -23.3884606693 0.921351249882 4800.0
-7157.62400402 -11.6210084826 1.08680239134 7800.0
4698.60221974 2.68922405288 0.958717526035 5800.0
9344.36796866 -11.006212852 1.15297231177 7800.0
-1089.03507861 -17.362149609 0.902410877273 7400.0
-6397.21011229 7.85463070196 0.99966467475 5000.0
5353.26555855 22.9413480704 1.01087176253 3600.0
-1623.72953261 12.8864239945 0.90633638718 5000.0
-7771.5919665 -14.3049862647 0.975266911545 5000.0
1188.37271694 -3.49298682626 0.933455760141 7000.0
5004.61332104 6.56228117909 0.952564830834 7600.0
6193.04877496 -4.71720714715 0.927197439374 5000.0
1039.41698051 5.57871405402 0.945962178008 6800.0
2051.06664599 14.751847197 0.944210463159 6600.0
