-1895.9771241 -1.41008576709 0.877994453147 5000.0
1981.80394666 -15.5405211536 0.899349555217 4800.0
-5642.86214436 9.01547739183 0.940641152251 6000.0
-335.354534638 7.93038872986 0.908111055766 6400.0
81.7240565811 17.2447495386 0.885362977912 5000.0
2844.40575195 -15.5360597502 0.891852384519 5200.0
3035.24264716 9.01370218287 0.894462868598 5000.0
-4502.18866537 8.12616695451 0.938904781144 6200.0
3758.55037205 1.65137313152 0.887554427439 6000.0
-4162.51095685 -0.859345186716 0.887223976045 4800.0
-324.042992386 9.98377540784 0.879277925944 5600.0
408.479202576 -18.078054252 0.86023212947 4800.0
687.372050291 3.33510430824 0.884909441509 5800.0
2179.39118929 3.27520156238 0.867316313945 5200.0
-3085.73401563 15.5722466681 0.897098452205 4800.0
8026.6707701 3.87879398923 0.955350347981 4200.0
8174.54136713 -3.1647864294 0.941419102674 4800.0
5488.34409042 1.49900815325 0.937972824115 6000.0
-5238.58054572 -5.66609990265 0.902378145556 5000.0
2200.04699621 -11.9762254564 0.893417428917 5200.0
-1882.50310547 6.77283508309 0.896594560717 5000.0
-3685.21331799 9.45190280885 0.905785444317 4800.0
-4844.16479957 2.22507467484 0.90434655547 5200.0
-4735.88525947 -2.55171995496 0.907205401418 4800.0
-1601.57069913 -9.22043070306 0.85877024615 5000.0
-3791.77560075 0.900965533519 0.885541205078 5000.0
-4606.19773268 -1.20724491679 0.877269324904 4800.0
-7007.93394295 -34.0293192037 0.896726552873 4800.0
988.068287507 9.63312460724 0.904641057303 6200.0
2291.48088538 -10.846164471 0.919692158647 6600.0
-7660.74635841 3.86281937522 0.962209710554 4800.0
705.846090852 -9.788349198 0.866274054135 6000.0
3683.50207266 -8.28489949569 0.873803829438 5000.0
7907.33679863 -7.36184593501 0.907320543538 5000.0
3458.29013532 22.5116207912 0.895045210694 3400.0
7244.58670502 14.8252173678 0.975323119841 5800.0
6253.71187486 -1.22556718473 0.935828360933 6600.0
2015.63406349 15.5403938385 0.919761008106 6200.0
-490.397746482 4.48633032326 0.879976838537 7000.0
5079.491502 -19.8595051836 0.903160786204 5000.0
2714.64168737 15.5278134853 0.914049824839 4800.0
338.684628448 6.04822840029 0.89698978882 4800.0
-3667.4301922 0.681675671464 0.881749831859 5000.0
-1078.10295633 3.84405728304 0.890748350572 5000.0
5706.7688735 7.85546753843 0.93553207097 3200.0
-3079.37816849 4.04067058935 0.898045122095 4600.0
4322.84775869 8.06476259521 0.894506595486 6400.0
-3530.56308329 3.81777507364 0.850867778898 4800.0
-2847.42986082 4.14189377108 0.875150553471 5800.0
-5914.20328952 14.0583038035 0.976415088886 7800.0
-2065.39590477 -16.1525087238 0.879871414695 5000.0
12755.7206288 -19.4786851799 0.99034769303 4800.0
-5393.62144131 2.8316382365 0.916575496389 5000.0
-1976.64334752 -3.90128319882 0.876121539292 5000.0
4365.37509224 -14.8662062614 0.879824932154 4800.0
4175.12629252 4.46824945776 0.91191531927 5800.0
-6475.14834143 -11.5309573351 0.938149641898 5000.0
-339.654390094 -8.34174946452 0.884417806112 6400.0
11680.9149197 -8.84993076586 0.982366913052 4000.0
340.384506804 8.45852976063 0.871261641452 3600.0
2766.78247551 9.16426933592 0.890122293571 5200.0
1589.4766719 8.88672382232 0.886498865129 4400.0
1845.71298594 15.5122215522 0.902023379231 4600.0
-2282.07851977 2.59093191448 0.852843916926 4800.0
-28.2710045049 8.97979275049 0.883765669405 5000.0
-7047.67605147 -6.35856284457 0.938476428949 5000.0
785.724882027 -6.36330247511 0.868249570159 5400.0
-3172.05451434 -1.42656077197 0.844717922892 4800.0
7554.73126188 -2.22770950765 0.954777649533 5000.0
5306.45010233 -3.78241123545 0.884875809348 5000.0
-5283.95737533 9.68273458404 0.928086888394 5000.0
701.317996956 -5.06601865663 0.861328341665 6000.0
-2832.0396669 -1.67104702069 0.847043468997 5000.0
9123.77028226 -9.86898496157 0.990696440258 5000.0
-1487.97531438 11.2998912922 0.915376655659 5200.0
1450.77771291 -17.2121055239 0.899660627051 6400.0
71.9870141834 -0.161452257417 0.895674402848 5000.0
5363.83694575 14.7386278672 0.937482794335 5400.0
-4060.96954838 56.7244281483 0.919139896194 6400.0
2597.01259447 -9.54457713814 0.918760836901 5200.0
-315.019656328 -1.17667900147 0.908041808192 6200.0
-2847.03650641 -1.52238808382 0.862872133098 5000.0
-1954.10151102 -3.24705293937 0.859883935079 5000.0
-7972.21484863 -24.7345749544 0.986481244867 6000.0
-7203.69317599 -2.50062506297 0.969278125751 5800.0
-10834.5847831 20.9013686086 0.991758563749 4800.0
-2806.40246372 13.1537369903 0.87495344766 4800.0
-3959.70707684 0.955174397519 0.884043177448 5000.0
5437.94358696 -8.74193693811 0.931216854091 5600.0
853.598037079 -1.50290633707 0.887441854893 6400.0
4625.62636722 -2.69558481725 0.904550342736 4600.0
-2477.16955723 16.0687973771 0.890535126205 4600.0
-745.227152428 -6.54893446684 0.880147284944 5200.0
-3712.08387029 -4.53805843302 0.858743633707 5000.0
-1352.37574435 17.1336196671 0.917569433148 6200.0
4188.2830854 -2.86192925755 0.90158846852 4600.0
1615.82319408 14.8930707241 0.87672482659 4600.0
9166.84201003 8.98614107169 0.996018188292 3800.0
-2210.15874598 -3.09434367951 0.873304306607 4800.0
5230.71852879 2.15891530971 0.9495358128 3800.0
-7089.55614916 15.5661806773 0.981048128768 6000.0
4484.76490909 36.4971334944 0.967110130294 1400.0
-296.536415877 3.96970904768 0.885370234121 6400.0
3773.86304006 -4.49545248424 0.903625765751 4800.0
460.558988282 -1.3197903412 0.888665940284 4800.0
4095.14657766 -3.72303078902 0.897056618362 5400.0
5483.09944912 7.16279060025 0.919769613312 5000.0
-370.171210186 -0.925310922093 0.891617431988 6400.0
4595.20871448 17.4461957316 0.921014990311 3200.0
3782.5589589 1.92033820938 0.887485338397 5000.0
6075.89720741 -2.44791252309 0.872962396066 4800.0
6231.68554598 9.36289985977 0.957713372003 4800.0
-4730.85091221 2.28423098172 0.893347060638 5000.0
-5683.61735641 -34.6265035081 0.969354276096 5000.0
-2268.78105734 -2.2246108032 0.848772230019 4800.0
1279.12408335 -13.0899383529 0.877960566332 6000.0
4221.21152044 6.3039713956 0.90812748463 5000.0
293.543097084 6.22870576575 0.886628760738 5800.0
-1160.64800742 -13.5823119073 0.897874044892 7200.0
-1673.21190842 -0.948574222342 0.862126038648 5200.0
-1238.03796335 -10.0457913685 0.884151303737 4600.0
-1500.11934154 -14.5478868447 0.903651514759 5600.0
7360.10348758 8.05068188553 0.972079579613 3000.0
7852.82151176 2.77263398277 0.991391368595 6400.0
6078.83028163 -3.93388629597 0.971465039335 6000.0
11135.8192821 -4.58531209507 0.969301458686 4800.0
4195.37772915 7.76975946077 0.905640916088 5600.0
6878.94575419 1.82386008716 0.958492931725 5600.0
2917.52986937 2.70196123638 0.904356582378 4200.0
310.993549486 -8.54433256418 0.868989560078 5600.0
2498.03630761 2.26938468343 0.881813435683 4800.0
4702.56318476 17.767824523 0.919932908103 4200.0
2353.74940159 13.2123646777 0.889376907003 5400.0
-839.909105214 8.46487252662 0.894726722171 5800.0
4221.48608022 -20.3811033231 0.909042312306 5800.0
-3555.75849251 -0.845660488579 0.899934329168 5000.0
-2084.25777225 -19.8113175371 0.914441364624 5000.0
399.61060493 5.43025085556 0.904469056676 6400.0
4565.87845626 6.02810220603 0.858897892948 5000.0
-1455.77651203 -15.6015775563 0.871224815458 5000.0
705.751429033 -7.15248026116 0.897348459186 6000.0
941.070264327 25.405499085 0.934248489605 3600.0
-6035.77862059 7.18812989169 0.938434289092 4800.0
-7151.51191044 39.4362742015 0.995502265241 3600.0
-7369.20700768 -1.52950070155 0.951425710303 5000.0
-2953.34797204 -8.9475001178 0.858671376798 5000.0
2270.41447032 -10.5122241493 0.894047486287 4800.0
3285.01669991 5.11880978636 0.907657860367 5000.0
1191.25995086 -0.502544462258 0.880239570762 4800.0
-332.460349185 -4.34057382681 0.878215903457 5600.0
1730.35819089 3.66827432804 0.885230202638 5000.0
2347.97616279 -3.46565770409 0.921992638405 6600.0
4650.35307018 28.7959226727 0.933697566678 6800.0
-3000.41752636 -13.2373416297 0.849932595204 4800.0
5649.52976549 -5.12948841733 0.923650869641 5000.0
-3173.10117716 5.41249440153 0.824249331771 4800.0
6337.17841546 -2.0349482955 0.905523699949 4800.0
-900.713710661 7.29901792117 0.908886631531 5400.0
-5806.98252042 -7.1370535268 0.947437627468 5000.0
2591.61261098 12.9895200314 0.89985280204 4400.0
3946.44999851 16.0314091504 0.930493935105 5400.0
-2739.95250328 -2.79825323939 0.860803711859 5000.0
95.3123603241 3.87633854854 0.87871749138 5200.0
-4718.05217726 3.77623626498 0.943204997818 5600.0
3362.2915739 -5.19797083403 0.86972227466 4600.0
1491.71319069 11.1041160241 0.888951630012 5000.0
-713.283768725 -16.1217065862 0.871966946458 5200.0
5389.78655613 0.127334116499 0.917471514595 4800.0
-8181.42541772 3.61215114448 0.983754238442 6000.0
3728.51050662 -12.8250435271 0.916509342777 4600.0
-849.578208069 1.52235889861 0.894116318503 5200.0
5305.0682819 0.734158844651 0.925484329563 4800.0
12164.1992144 -5.99019271722 0.982815851535 4800.0
-4770.16552838 -17.8221345375 0.893531102159 5000.0
2048.43432876 1.36276684835 0.902966724394 5000.0
-250.407838639 27.9687791012 0.919622644438 4400.0
3607.25974167 -0.211484238858 0.908076419634 7200.0
-3694.15938729 12.7051064358 0.884848730314 6000.0
-6034.87177071 3.85027626182 0.956476225402 4800.0
-902.907906367 -1.00592169914 0.88711885636 4800.0
2279.74393653 46.5355485573 0.920447309426 7800.0
-9135.79410802 -3.53702687575 0.984246941629 5600.0
6435.02965754 7.84987636632 0.976355993873 1200.0
-2026.05940464 3.96984580189 0.871122147611 5000.0
-3281.4712978 3.56815011098 0.864060182104 5000.0
949.764704062 5.61628404083 0.883231556983 4800.0
4218.58102763 1.83389577507 0.89812896801 4800.0
-3741.39578156 25.3442636176 0.936020124603 5000.0
-257.349090986 -4.48396585965 0.865188276855 6200.0
5426.02402317 15.3633495664 0.961049111854 3400.0
3270.17054784 -2.6409610694 0.886031885913 4800.0
1478.02193316 16.0235563639 0.903218824397 5600.0
513.086453598 6.96005173427 0.898700395681 6000.0
-2440.21800048 -6.97086289905 0.854731540279 5000.0
1012.0086341 7.18175052598 0.88035998418 5000.0
-3420.5168157 -12.8496110109 0.854964278328 5000.0
-933.80440134 -21.9685548133 0.914792554217 7800.0
-3330.35828275 -13.0921229445 0.914625233445 5800.0
6679.13774706 16.3434783708 0.989625330573 3200.0
-768.096003256 6.93090454538 0.863909469278 4600.0
2819.26254825 -8.23212132598 0.884526000308 5200.0
241.871499666 -15.3235656926 0.880151000498 6000.0
-4462.95128044 -1.9834787104 0.915819771293 5000.0
-2380.73980458 29.1321478471 0.905618148133 5000.0
-8567.6559259 5.77483372034 0.981367061585 5000.0
-4781.51043536 5.79574611424 0.929079050416 5000.0
5035.53925653 -11.5789225719 0.912113778385 5200.0
-2053.15752755 -15.8364770568 0.899385441661 5000.0
-4230.02793648 16.6891894549 0.896104645353 5000.0
3115.36665155 -9.99854135081 0.908470182577 4600.0
-354.404241284 7.09011991419 0.896082926752 5800.0
2004.02982135 -12.1468958679 0.911774818479 5000.0
-8482.29492138 9.42563058747 0.974568278194 5000.0
4737.3695746 4.42274913225 0.943887999193 7600.0
47.9002607373 3.86760740173 0.840536505033 5000.0
3579.73368476 15.374719681 0.919720527441 4800.0
-1317.46329446 -5.0537661282 0.87580784008 5000.0
1236.62041569 -13.7454232939 0.902109540146 5400.0
4175.68189284 -18.3961808686 0.907592047447 4400.0
4763.63853126 -8.77583903946 0.897421020365 3800.0
3091.10280329 -18.7030771729 0.911835166584 6800.0
-459.763556054 23.4687220512 0.907211705628 5000.0
-8018.09123174 29.5493080704 0.998183593273 4000.0
-6840.30321421 -6.69150123911 0.953215222396 5200.0
2420.5421197 7.94448661125 0.916530664077 4800.0
-5009.81571916 -11.4011237255 0.93378327597 4800.0
-4223.45576128 8.12218765384 0.911918752884 5000.0
1655.882715 -13.5364318106 0.895786866622 7200.0
-5096.62450527 6.85821957363 0.925144980485 5000.0
-4553.07042016 -19.7345567832 0.873212397235 4800.0
-7794.07442098 -4.33436849746 0.948868327287 5000.0
-414.814511779 10.291195357 0.888823336208 4800.0
331.154386789 -17.0698101333 0.902707647652 4800.0
-2803.45949487 -2.12347912158 0.783882740203 4800.0
3726.11116523 16.7060078117 0.886516826573 4800.0
2085.66228103 13.5961882111 0.922136513743 4600.0
5046.9237185 -11.7862879933 0.882404402803 4800.0
-4785.06577933 14.8114923782 0.921185132494 5000.0
-2121.12209552 -26.5209138425 0.875818168332 5000.0
647.979802918 27.7868086776 0.90271038027 5800.0
-3103.01143241 -14.3995719828 0.847353888032 5000.0
-626.320308194 -20.036322475 0.91086803605 5200.0
4529.65788123 17.7228691232 0.932999520315 2800.0
-216.840479394 -11.4792722583 0.85553843578 6200.0
1369.66276253 10.1577426971 0.896943351538 4600.0
-5650.89171602 5.323250876 0.957123462472 5000.0
4212.6479552 8.15296872002 0.911551348321 5400.0
-2599.59075772 -2.30707411953 0.856541615579 5000.0
2967.59091046 8.82379058379 0.886293478283 4800.0
3983.32026745 21.7271683795 0.913227497452 5400.0
-4699.48011731 4.39820281452 0.925311490726 4600.0
-2595.86991025 -14.7412268285 0.87758741386 4800.0
6983.73605007 -6.08134125737 0.941483508449 6000.0
2853.85426096 8.95613195911 0.892805831582 6200.0
2440.82712119 -0.053970152729 0.878173316471 7000.0
-9391.93539935 4.91448214806 0.993343319196 6000.0
3744.22945238 16.4773656518 0.897864479611 6000.0
3450.10324052 -0.893342113886 0.882104365547 5000.0
10.8917555765 -4.49472998091 0.86100379157 5000.0
5059.37709646 -11.4419856037 0.910117383409 5200.0
-1771.71714126 4.82974626091 0.909433583577 4800.0
227.062021736 6.59267503079 0.90327511673 5600.0
235.74264269 5.96319634599 0.87887213747 5000.0
-2176.55386476 -13.6004290932 0.866501844496 5000.0
2845.09624275 -3.72241258025 0.920311125752 5400.0
-2026.82928048 -3.25073003516 0.869557576701 5000.0
-2767.11352445 1.04488858683 0.858321512253 5000.0
2595.71541029 10.8156975379 0.893310297207 3800.0
-2329.6403513 2.00264451458 0.850398203601 4800.0
-1765.308792 -19.7975638266 0.872791140097 4800.0
-64.097656497 -16.1696912233 0.876399364516 5000.0
-1459.64562031 -21.6085043543 0.894558558365 6200.0
-1597.42098421 16.4868046665 0.903201771503 5000.0
-8916.22115277 -8.43164622147 0.969763219049 5000.0
-908.864341521 13.9545721903 0.893899259332 4800.0
-1027.07736665 -11.9699763643 0.855634609322 6600.0
-729.374020535 -21.6667266933 0.885520219995 6600.0
-1078.47984374 0.729185267292 0.863880036838 6000.0
12823.0037589 2.25808126969 0.990625110964 4800.0
12311.2600659 23.5684978376 1.00320032608 7800.0
-1073.80892546 -4.38455400667 0.900556201767 6000.0
-713.582482444 7.02120859317 0.886994199642 4600.0
-7965.51872271 -4.39511013544 0.964881745819 5000.0
3969.52953584 -9.61094432084 0.910816241794 4800.0
-501.810069426 -17.1909694673 0.928737204155 5800.0
183.394045492 -27.7430139422 0.905951013235 6600.0
-777.26158586 -1.52888604818 0.877132713759 5600.0
-4556.27918504 11.7865081591 0.919151830364 5000.0
994.440866557 -10.5269455107 0.893638351162 5800.0
2620.61911515 -2.81579639043 0.857738289571 4800.0
717.405853577 1.79356041915 0.873193848203 7000.0
7993.5499542 18.7364788001 0.970420835806 6600.0
1506.4041589 -26.8750944436 0.910011149296 7600.0
4900.50421129 5.28665101414 0.902353484456 4600.0
1761.42355725 -2.28984651011 0.920430294277 5000.0
-4537.52845097 6.09525032753 0.908329589919 4800.0
4716.87309331 3.37380232345 0.930330536261 5200.0
-8440.16190718 14.3535186515 0.982273303186 5000.0
-7111.33413413 -9.30805135863 0.973980505689 5000.0
1399.08199605 -3.06895830389 0.909290096959 5200.0
5273.10486879 18.543010634 0.924485906719 7400.0
5093.22071994 3.87423627178 0.923332787367 4600.0
1619.24430419 -7.69927911991 0.895056598133 4800.0
6382.98721639 6.22643575593 0.94365565813 6400.0
1709.95890528 -0.456996322826 0.884786610867 5000.0
-3115.67548103 -1.39870350388 0.891434058545 6000.0
229.142187765 -13.611432137 0.888915812587 7200.0
4593.43093875 -21.9896565586 0.913202781096 6400.0
-5296.7600548 25.6574913155 0.975813122546 7400.0
4710.25547782 -7.03975966213 0.885851700962 4800.0
-3842.49895761 -2.23713910925 0.899481861732 5600.0
2710.45140226 -9.49786875217 0.905206120369 4800.0
-7335.17622798 -8.51474948177 0.958374957772 5600.0
175.028137171 -13.4143708519 0.888524134032 6000.0
-1725.91102737 5.2561199119 0.896281302446 4800.0
7176.04618254 -6.12568150771 0.979919415602 6400.0
-7948.8468558 28.5475464721 0.979339581173 4800.0
-2957.22684419 -14.3007479103 0.846007017333 4800.0
5104.46868961 4.66212494103 0.913655255655 5600.0
-1142.46592856 3.34725450244 0.890005609173 4800.0
2092.8222747 3.61164179389 0.91750176663 5000.0
-3162.65183917 3.15958432071 0.872830480177 5000.0
35.2915540822 9.88225865823 0.866929166851 5000.0
7144.21526163 -6.47046022618 0.918856580168 4800.0
-5604.66563498 0.616312373667 0.958209938925 5000.0
3078.86363138 -2.86182366948 0.892437586217 4800.0
5633.59165479 14.9533037104 0.904868442909 5000.0
-578.012406963 -3.59408691271 0.8927995157 5000.0
6396.23075878 -1.4928634891 0.901203665801 5000.0
-7451.62008119 5.21319310025 0.966485407709 5000.0
-3022.74836661 -0.201527710517 0.893527932634 4800.0
-6101.24372183 2.04287443728 0.942886111624 5000.0
-7094.23511341 8.01252811551 0.97134934765 5000.0
1787.6980407 23.5380385103 0.913795078413 6200.0
-7342.49509396 21.2975610616 0.989353063118 6000.0
8271.41275391 -11.3708831582 0.956623436663 4800.0
1278.7693 -9.45804962291 0.888846752104 4800.0
799.61118911 23.5319341711 0.907056273923 4400.0
3149.94456999 13.3409289688 0.914426205697 6400.0
-5444.34756673 0.0296892285937 0.927459926074 5000.0
-100.722253711 3.1624891625 0.905620514831 5000.0
-4777.44742648 -15.849959998 0.892531416621 4800.0
9303.73793467 20.4161832868 0.995834940242 3800.0
4273.28518282 4.43427305108 0.910711495273 5400.0
-2252.10097096 11.6950582027 0.891955517631 5000.0
5517.37151144 6.23289406097 0.923637067463 5200.0
-4241.34915543 -12.7849300526 0.880416932196 5800.0
562.111204319 -9.03753169832 0.888462268115 6800.0
-5038.18751293 -21.9272816773 0.879147040379 4800.0
-5673.75368176 -6.53072301584 0.932149672369 5200.0
-3296.28803106 -0.112902861696 0.894947926625 5800.0
-4873.60447155 6.61238024367 0.945480586327 7800.0
-292.16192327 -3.99141567633 0.878791807966 6200.0
-3301.87145448 2.72765035426 0.89567227689 5000.0
8946.98938858 -0.466015525173 0.993668850699 1200.0
-6272.13826804 10.9731219839 0.956206936653 5000.0
5129.31873615 32.7250947279 0.928942671841 6400.0
1538.23544566 -0.0774341508088 0.895970439798 6600.0
3438.87572964 14.4784888653 0.928535331235 7200.0
-5376.08696918 -5.42980869118 0.875934795998 5000.0
2310.6415474 22.9974140397 0.931112378216 3400.0
-5692.67484798 -5.93019967615 0.891896495894 5000.0
7536.70109508 24.8026934643 0.980221388906 4400.0
-1861.48729314 27.8604439691 0.901157682481 4800.0
5303.34421546 -13.4950906939 0.918212996719 5200.0
1305.55579956 11.4877332276 0.868553799085 4600.0
-2898.61600154 15.4758709682 0.869076083189 5000.0
-4670.73759327 -6.62289649194 0.924285237817 4800.0
-1268.88208073 -8.11813867173 0.900233934662 5000.0
-1312.75591339 14.754685852 0.885794262424 4800.0
-7302.01742707 -15.0527771378 0.947707798392 5000.0
852.270880386 -17.3833872846 0.877555185673 5200.0
-665.508524077 -8.68109253343 0.889248255646 5000.0
668.062225266 6.38079974192 0.89517793832 6000.0
-99.3410672673 -23.172468387 0.886303311707 5200.0
4775.93840449 -16.241925771 0.912122872387 4800.0
-4770.55147731 -2.53635227225 0.900529345711 5000.0
5025.03963498 -27.0484792025 0.925981560151 5000.0
-643.740803782 -5.9170010332 0.898903505779 5000.0
211.237917772 4.11235794939 0.899156762134 5000.0
5129.82213299 1.75628884016 0.928821666761 4600.0
822.603675717 -6.62740651115 0.901131486325 5600.0
-1040.62157341 -1.29801666094 0.888147831806 4800.0
-6086.95455706 10.9356747978 0.983937066435 4400.0
-347.448677579 -10.8968226284 0.861441051033 5600.0
-2450.12913975 -1.93622303972 0.854987772992 5000.0
-7713.81437147 6.47938553398 0.976796936851 5200.0
-445.629375297 6.37175005652 0.891521649864 4800.0
-1562.33192573 -4.17137249248 0.87055082796 4800.0
-885.062614626 9.05901354773 0.893716961637 6200.0
-2129.98038696 14.8035879344 0.860816003273 5000.0
6674.27315511 -13.0002339504 0.921141437021 5800.0
-2373.84763753 -10.5882898744 0.862596001522 4800.0
1215.62912872 3.91524977844 0.878171598299 5200.0
-3608.3799736 9.37569732838 0.895251116375 5000.0
-7171.15853593 9.73422582785 0.95237741687 4800.0
-951.946020533 -15.6144466794 0.897748941412 4800.0
-991.525851368 6.39702386571 0.891915278446 5000.0
-5312.85094224 -11.6738737256 0.96276890091 5400.0
-5735.74213843 -7.37778529168 0.910529950336 5000.0
257.99124124 15.9510215685 0.896187074993 5600.0
1524.62494815 -6.17384270099 0.91228510283 6600.0
-2627.17706267 -7.67852055442 0.881652066428 4800.0
2116.85555104 3.86405719368 0.926449267463 4600.0
921.360279078 3.44432204852 0.890212354985 5200.0
-6656.38277185 -4.53508767293 0.942271632936 5000.0
-815.249484445 -1.41091343021 0.895178638528 6200.0
5286.14833764 -9.04447504385 0.886536474408 5000.0
-4127.78935601 -19.1065674826 0.872620085934 5000.0
2074.00809831 -14.4394885726 0.899770848277 4800.0
1197.7403031 -2.5898672956 0.888585294529 5200.0
-3914.52418396 29.7660466116 0.926377358666 4800.0
-569.302863016 3.81109400854 0.866142401187 5600.0
-1001.86180638 -14.5024418122 0.891794459364 4800.0
1874.76889107 19.7974237056 0.927821118016 5000.0
-2377.6689794 5.07549760221 0.879333988056 4800.0
-7728.11386806 19.030711172 0.98554109026 5000.0
1282.3006998 -0.709235443728 0.898392135458 5000.0
3486.66354766 3.24464610595 0.902550070392 5000.0
8014.15590723 11.8517928351 0.997546344062 5000.0
4799.76284157 21.2582847268 0.925167949263 4400.0
3029.38107395 -8.37103336534 0.923314612151 4600.0
4846.90382757 -24.7532152929 0.953424064333 4200.0
4473.14542525 -0.722020562685 0.903389452476 5600.0
6487.63205262 19.3668758721 0.922341000022 4800.0
-537.258014627 5.23023280645 0.901374122262 5400.0
317.844694858 1.15478639119 0.864330102037 5600.0
-4249.61529686 1.58626750065 0.879420681242 4800.0
3401.734786 -16.5839482408 0.894479808787 4600.0
-5085.77829464 -3.1687722008 0.950105378864 6000.0
-283.697156601 7.18282698419 0.867098388655 5800.0
-1977.55263564 -27.1120744383 0.891143606778 5000.0
-27.5524635958 -10.0324208363 0.891312093596 5000.0
-738.079411665 -11.193400931 0.867350949865 5200.0
-4167.87637912 12.7844860153 0.943606197121 6000.0
753.810518312 -18.3108680884 0.884995921636 6000.0
6428.96138331 -12.9642717582 0.920431964305 4800.0
-422.471408458 -1.97059365223 0.896768201124 5800.0
-5086.69554 -7.99293539236 0.944425343507 6000.0
7645.26476066 -14.8006054843 0.912027979821 5000.0
-1802.562705 -9.66337979817 0.892707342149 4800.0
2377.83517129 11.7875699943 0.916837933199 6200.0
-152.15274519 1.48549059077 0.895853260993 5000.0
-451.656632086 1.25610200625 0.883374068699 5200.0
-971.895666811 0.557326369639 0.893566390932 6000.0
-152.831133341 -4.76655791539 0.879888438298 5000.0
-474.332809178 8.5944154649 0.880928894453 5200.0
2373.7981932 -8.7624237931 0.907220286748 5600.0
1193.25322646 -11.3525261776 0.890423609253 5200.0
3828.32049562 -8.87506361335 0.87813354809 4800.0
-8219.68398165 -11.1494368768 0.956300193095 5000.0
763.318959366 10.8779347869 0.91282686484 4000.0
-173.310514278 -10.5958591319 0.87695574641 6000.0
-1121.00741302 1.16008718294 0.907673649385 5000.0
-4283.68811023 -8.40988527029 0.858122911142 5000.0
7421.46196776 -4.80692140715 0.98683091821 3200.0
1353.00426412 12.438073071 0.903639898427 4400.0
-7623.27222484 -4.42326173338 0.961467586769 4800.0
9340.42033091 7.7921775122 0.976388726795 4800.0
12017.6395918 6.3613493086 0.999717978798 5000.0
-4499.20297248 5.77916003346 0.926238950819 5000.0
10053.0428029 -9.4539851898 0.988851301933 5400.0
5281.79926795 1.62044724597 0.930970895148 4400.0
4429.06657905 24.4676550424 0.909836166822 3600.0
-2227.73525817 9.59726526936 0.880517726791 5000.0
3805.69751965 9.91251267791 0.881635524029 4800.0
-7256.1771218 9.39886206376 0.966606158978 4800.0
1237.87106973 9.75575950406 0.899145313004 4600.0
11362.9512978 2.7696703515 0.990910016742 3600.0
2138.61832067 -0.632129078173 0.908079143922 5000.0
-6921.49740537 -12.198954988 0.970734899895 5000.0
119.680178907 1.60357857627 0.879753333947 5000.0
3057.18585764 2.9338720426 0.89648868125 5400.0
429.758194465 1.18131267725 0.879556154275 4800.0
-5488.7026691 -9.9736733404 0.966484042175 5000.0
-4191.30969112 -15.7474865549 0.900000551621 4600.0
-2291.4320153 13.2193574313 0.879855530927 4800.0
-1828.41347149 -2.41393648627 0.830208493417 4800.0
4659.32002115 -7.06105088073 0.915222920126 4400.0
1391.18763473 -21.0874162414 0.917934435604 4800.0
3131.94257373 4.28085075988 0.905600068498 4800.0
3738.29826641 10.4596278722 0.899779622989 6200.0
1789.2803296 2.20797166605 0.883580916219 5000.0
2275.70798903 -22.9671016351 0.903495026551 7400.0
3022.28101141 -10.6691621734 0.887131391811 4800.0
3246.76488806 -1.74360826539 0.90990060649 4600.0
3567.48089484 -0.984712139393 0.889734028057 4800.0
4980.37550653 -1.15787691645 0.913815085342 5000.0
1696.13659444 0.809196346902 0.914375609238 6800.0
1119.26546108 -20.3309452935 0.898541074151 6800.0
-2137.62313666 -31.5463902745 0.926509981673 4800.0
7387.38605151 -8.40777809985 0.93154266463 5000.0
-696.283955241 0.799210204516 0.85302470526 5000.0
-8165.97944587 1.27821477709 0.973913276262 5000.0
-6125.44701209 -1.7265791517 0.966519860908 6000.0
2749.88946002 17.7712646211 0.929541789785 4000.0
6318.27218351 17.2293342717 0.980438540579 1400.0
-5080.66998396 1.67233948837 0.917537496068 4800.0
-4579.75710403 -15.8894119033 0.879957473956 4800.0
-6871.44275153 -6.04269341058 0.95779073949 5000.0
-1346.49935831 0.428395635806 0.897775229353 4800.0
-2557.32217896 -19.2847815151 0.870599315596 4800.0
-1704.40837461 14.1490229019 0.904665027063 4800.0
1791.26628715 -4.70460689418 0.910458710045 5000.0
5065.89153073 -8.29027619636 0.915195030835 5600.0
-2637.87704472 7.63621157123 0.901045727377 4800.0
-108.338079683 -0.494989241107 0.8870361471 6000.0
7982.80882418 2.97281039328 0.94438840885 4800.0
-3109.67807902 15.0856903908 0.873500675563 4800.0
993.058359001 -8.03017707758 0.906151483237 4800.0
31.7222874319 -27.0591847922 0.880515816911 6000.0
-3260.71754988 27.5275282086 0.923586751318 4800.0
3636.20323486 21.0322930972 0.924042158472 4400.0
7213.89464767 -6.03462200897 0.948281130529 4000.0
-2167.52280319 -17.2703299316 0.879819648718 5000.0
-4969.92188771 4.26150612626 0.867463705928 4800.0
4093.57429807 9.27304707337 0.894930772693 5000.0
-1383.35491365 -2.69804291468 0.879471504702 5200.0
-1107.53997533 -4.35919174455 0.866587546084 5000.0
4684.00102871 7.31317062216 0.916663536736 5800.0
1237.73720105 4.79217866248 0.900160688998 5000.0
7562.86512813 0.878677061897 0.971766374013 4000.0
-4093.29978689 19.0985021054 0.912394932924 4800.0
-1243.77263029 -33.793374755 0.917377073501 5600.0
-5615.50808895 -4.2166415073 0.92020291203 5200.0
604.807753003 0.422621131148 0.890406454661 7000.0
4143.77962015 -2.17680756765 0.918910420346 4400.0
-8324.72538244 0.0894053815524 0.976587745921 4800.0
-476.947733542 -1.77069184012 0.887568861648 5000.0
-1213.35948803 12.0966341891 0.897637697753 5000.0
2388.90344489 -4.67918756589 0.907146779949 7000.0
-1259.75266352 -23.3386659426 0.897651482816 4800.0
-2666.37863662 4.32093114005 0.838270225042 5000.0
9152.0297677 -13.8895065901 0.936094542268 5000.0
-3561.00331767 7.47610427622 0.881504221984 5000.0
7364.14694998 -9.22267918794 0.981985163764 6600.0
5925.26890399 -1.55700156317 0.934640150708 2400.0
-4674.53593181 -38.0340453922 0.903582073604 5000.0
94.4605486825 7.57134616395 0.876343438749 6000.0
-1921.67989913 -3.18633501841 0.872164132599 4800.0
2055.83239698 16.318103255 0.899376514645 4800.0
-3592.78855621 6.43490673467 0.879791485582 5200.0
6995.68819247 -7.88614464493 0.911494915526 5000.0
74.589890894 -4.2352282484 0.89910342006 5000.0
6165.60834245 8.01922384655 0.972553244011 7600.0
7826.7497185 -16.953244441 0.9605225597 5800.0
-9.88791783555 19.0945767761 0.864841961977 5000.0
1939.67803271 -17.8325362759 0.908657044679 7800.0
3965.44521945 -6.2089516766 0.875259655077 5000.0
3485.8034519 -8.85127702933 0.879415594115 5000.0
4060.78314513 16.1680919962 0.927876952004 4400.0
-1310.88397737 -3.96007609323 0.888062239416 5000.0
5329.38280094 -16.1795946766 0.921697849131 5600.0
3453.36634521 -6.35257035573 0.897496923567 4800.0
3491.2866205 -2.79437389147 0.8917511496 5600.0
5845.78098992 7.85316410751 0.93554915568 5600.0
-1244.06218339 -2.76792166764 0.885219270148 5000.0
8093.5861539 16.1075295609 0.942602818881 5800.0
488.674607139 -43.6077825798 0.937429553703 4800.0
-1535.24130489 -1.07275205841 0.898282007503 5200.0
-2898.61876401 -19.0661328106 0.815810249922 4800.0
-3400.45928349 -5.30938174333 0.863000823512 5200.0
-4877.39085458 14.1403592927 0.925806690327 5000.0
-3224.03748786 -22.0768073794 0.875875217585 5000.0
-1204.81614832 -1.36355623819 0.888324218827 5000.0
1564.2253429 15.9162663072 0.842059791393 5600.0
3011.73722026 9.89557774597 0.896136281464 5400.0
6010.84145389 -0.190065694523 0.947681415277 5200.0
3592.85194784 -19.0522453075 0.909834889411 4800.0
3352.93402306 0.108240623913 0.909154754499 5800.0
-1966.30520797 -11.6680025543 0.88125329386 4800.0
-2195.30649329 17.0063684194 0.832780121074 5000.0
3036.62160598 -6.92966090432 0.92468337352 5200.0
-2789.85143585 -5.54501429499 0.85993279589 4800.0
-2236.41019407 20.6092164334 0.882673123151 4800.0
-1167.56145686 -4.65034975734 0.903756247284 4800.0
-1767.56645191 6.20408912935 0.882893417172 4800.0
1432.15788526 -11.1155220975 0.906786402859 7400.0
2253.10826299 -0.391179870238 0.89256840435 4800.0
-8580.4053299 -0.503555452269 0.969938422474 4600.0
1002.13344429 0.436816164479 0.878604516711 5600.0
3588.88168784 8.55490343384 0.907475360848 5400.0
7956.08836333 10.5620518598 0.949955636678 3800.0
5326.22897079 -8.59582114155 0.891535640933 4800.0
1160.65848774 -11.4331908446 0.912668230393 5400.0
10934.3391595 11.419328719 0.989132052854 4600.0
-2015.74754266 20.6962041938 0.898817665178 5200.0
11521.3973561 -3.45949521664 0.987322544051 2800.0
1515.49696551 8.53836031832 0.89083144357 5000.0
1428.88643434 -13.5425871474 0.908372213173 6200.0
4823.85988742 -6.2970849416 0.91332730137 6200.0
1548.35201635 -9.98747077918 0.899508834527 6600.0
2568.24517438 1.60176042182 0.904497546681 4600.0
-1445.50296925 -16.5033449489 0.896998205736 4600.0
-3310.51053716 8.83657125897 0.87858172909 5000.0
675.664196731 15.9815243186 0.88947126401 6000.0
-2932.81763867 -15.3729478167 0.845553318055 5000.0
354.102223322 -12.5463479215 0.89386148445 5400.0
7077.34806752 -16.6494866636 0.934951646437 6600.0
2612.07762748 17.3915341256 0.899975385004 5000.0
5106.87428178 -12.9736684789 0.90604500637 6000.0
3419.67522461 7.30029329293 0.915937580871 5000.0
5360.16809403 -24.0156994707 0.936445405684 5000.0
5469.61680458 19.5826347418 0.912946891537 5000.0
6569.69037439 -10.3746471338 0.938127509632 6200.0
-6480.10074626 -9.34520113154 0.94062593906 4800.0
-422.565477526 -9.21842216455 0.870802501211 7000.0
-1642.16505935 -16.751170467 0.852908438029 4800.0
2815.40006417 9.63495980958 0.887062344872 4000.0
79.6855668852 24.1135364337 0.901341226252 5000.0
-1565.62017824 -22.1429386848 0.891933470986 4800.0
6602.34754208 7.92622299959 0.948210558689 3800.0
673.840009337 -10.6631724709 0.861972401479 6000.0
-4387.54796821 -39.7551975836 0.917764826714 4800.0
-4499.55374189 -6.2859664793 0.892105976898 4800.0
-3737.78846236 -1.6973058074 0.897804423894 6000.0
-646.023503211 -17.2537390411 0.894697053451 6800.0
6938.75300054 -9.0926389258 0.901356417113 5000.0
-1409.10683424 -15.3650093397 0.875845075779 5000.0
613.089287792 6.52115523383 0.909020813699 6400.0
-8826.63351945 16.2755293299 0.988253337758 5400.0
2147.56436946 13.0456947467 0.913620936939 7200.0
1397.18729912 -23.4668618701 0.908841906238 6000.0
447.910527574 -1.56633280659 0.883855361992 5400.0
-8654.4242457 -7.67572482465 0.978846204762 6000.0
709.596893398 -17.4657211629 0.902823103806 7400.0
-1309.89173293 -2.10337428859 0.891152684026 4800.0
2266.70505495 12.4122296468 0.897947234745 6200.0
5625.29122998 -5.37058165581 0.953277157964 7200.0
4915.4717262 1.57346244653 0.902284804025 5800.0
-6673.33912654 -18.7782427761 0.925927123916 5000.0
4539.42605921 -3.87576941128 0.919496223412 6000.0
2938.38985999 14.5065523678 0.916741957688 4800.0
-5264.87710165 3.32388990106 0.954196935513 5000.0
-4711.12264317 12.5374627125 0.947408672992 5000.0
5379.60436132 -12.75689587 0.928410894522 5800.0
-4653.6301503 3.19194005879 0.928726178154 6000.0
-4958.08822685 7.28481538917 0.910336076473 5000.0
3564.14771491 7.20132343601 0.89999898406 4800.0
348.778951383 3.85170470813 0.896566963756 4800.0
-9235.80653754 -10.3440450468 0.9783460926 5000.0
4864.51206831 -14.3818768284 0.873323347944 5600.0
2026.16873312 -9.60888147487 0.91889238296 7600.0
-769.488388847 3.67298027958 0.905085762362 5600.0
-435.889296288 8.72134457642 0.922351014161 6400.0
-5530.56659771 4.97862824675 0.950034302369 5800.0
-5550.08028455 3.07422362586 0.945850156159 5000.0
-1071.54385154 13.1177567822 0.899859461302 5200.0
8381.54381655 9.92556517133 0.972561983404 3200.0
-1641.7612538 20.9573314259 0.906371211338 5000.0
563.465516023 14.1965480954 0.896982682745 5000.0
-3176.47427097 0.179037267482 0.893303708043 4600.0
56.4130365981 2.75569754708 0.861782301773 5000.0
-800.016931826 -21.8234936999 0.908765675928 5000.0
2525.99720929 -19.4602336261 0.902165878387 4800.0
1177.56535773 -1.93621951135 0.88234234202 4800.0
5614.84447956 0.0794360552449 0.899140318389 4800.0
-6648.21149219 26.6054746348 0.9870200745 4800.0
-3161.9178845 -10.0630189225 0.853885837643 5000.0
1703.64394139 -12.305859525 0.895901162462 5200.0
-2026.75393947 2.49133754766 0.867746444474 5000.0
-107.924605787 -10.2855796983 0.884082338662 6000.0
-1207.9614009 -2.49959459433 0.882570386612 4800.0
-3058.18658556 -0.64806177539 0.856062604736 5000.0
15.9552943545 -9.98722778191 0.860399300699 5000.0
9293.53902152 -7.44397132515 0.996665959634 4600.0
-2715.8785731 28.2285375864 0.937949364944 4600.0
-1933.26429144 16.2287091436 0.843035279347 4800.0
2539.68656568 -8.52441189797 0.900450575119 5400.0
1237.16640965 -4.26483633335 0.877947615867 7000.0
4799.34454653 0.25855574753 0.928597235698 5400.0
10456.9536543 -13.6668361682 0.987838241426 5800.0
-1766.13993448 9.69578487973 0.893473617528 5000.0
1344.50916995 0.965165724327 0.890585787451 4800.0
6956.96253741 -16.7064975152 0.915819341339 4800.0
7243.05933804 22.534836564 0.982699968635 1000.0
3404.85658113 0.225956246962 0.887253199065 5200.0
-4954.52927685 -13.802736764 0.931713221774 4800.0
503.669442637 -20.872679051 0.907698425212 5600.0
7981.2128301 13.6353607398 0.981391032779 2400.0
-2686.45932815 2.01280944724 0.87427959873 5000.0
3049.64224101 10.7667114677 0.909740596839 4800.0
-1129.12207179 -20.4990284651 0.917014691816 4800.0
-2202.74148344 17.670731374 0.886233896301 5000.0
-2141.31510597 -2.85744163629 0.883444887232 5000.0
-5824.34116358 -9.35935888646 0.919261873369 4800.0
1708.31892427 -10.6551514407 0.911700140717 6600.0
-1830.73925469 13.5119155226 0.871245762669 4800.0
-1434.15842512 4.35289117894 0.901269334599 4800.0
4972.17108406 4.32612192449 0.932645963779 5200.0
434.922781661 -6.65924040874 0.875295479974 4800.0
-2274.56229304 29.436389681 0.917885328276 4800.0
-10447.8215831 0.418196061378 0.976197815393 5000.0
-6802.50743549 11.3139054316 0.982262339863 5600.0
6443.0999842 -12.6653088586 0.971584852823 5600.0
2231.55196011 -7.97597874213 0.916604781232 5000.0
616.032972571 -1.45724864915 0.900184982845 5600.0
2356.43970937 -2.50492260122 0.893938014339 5000.0
485.438990001 -2.17645672126 0.891421205608 7400.0
-4462.37584488 -8.80563634439 0.917197590665 6000.0
3142.95528428 11.5767557162 0.877403201863 5800.0
-5375.77588035 27.7080938023 0.962941360676 5000.0
386.805456074 -4.90679739752 0.898793157875 6400.0
-2956.8559662 11.1864343096 0.865424376721 5000.0
2816.68530063 -15.6589563281 0.891033134063 5000.0
4718.82706631 16.2832137434 0.913072900234 3800.0
-291.389810988 -2.61737398404 0.908870653802 5200.0
-5326.76697609 -13.5224669499 0.940496119191 5000.0
1397.47596045 -6.74054216475 0.895351969329 5200.0
-4127.68240241 0.476293973108 0.912129868808 5600.0
-1920.01725168 7.24184900761 0.874807233091 4800.0
1396.9674231 11.3329780432 0.902136985197 4200.0
-4363.43943931 -12.7791252487 0.839297614828 4800.0
-1896.43400137 -10.4902244385 0.858710331376 5400.0
-10574.9179006 -3.55552170527 0.980587290651 5000.0
5664.26386416 -20.3674750469 0.907247219129 4800.0
10356.2613856 0.982365117808 0.989161941258 2800.0
-3741.16511817 -7.37162194791 0.805928168942 5000.0
-1711.02949577 -3.10693494329 0.88202206563 4800.0
-2971.35423062 -3.34387767339 0.901493926958 6000.0
-114.092223996 3.94056896672 0.872191038588 6200.0
1657.73388672 -32.4142855408 0.884139533169 5000.0
-1041.47609792 8.0256743747 0.896595187779 5000.0
875.619406273 -22.5852507573 0.887271023526 5200.0
6521.70377266 0.0315049770208 0.951756156552 4800.0
894.119839573 4.27555878478 0.883898905198 4800.0
-5308.48679163 -5.90432292307 0.944202537957 5000.0
-191.00540011 -18.0656331664 0.885572228405 6200.0
-317.081263097 -20.4105640796 0.905064645149 7600.0
1884.71407111 -18.8043022752 0.896531781055 5200.0
992.952509535 1.84544988293 0.856031493533 5400.0
-6184.03815618 17.1287115029 0.958173858629 5000.0
1282.66750347 -2.02020780707 0.906497664543 4800.0
9551.70765237 18.8487561944 0.998652016108 4600.0
-2386.19609525 25.3590242701 0.907403779999 4600.0
1946.85496649 0.845850963456 0.880710719186 5400.0
-1603.97325617 0.105745642757 0.884797396629 4800.0
-6156.85332702 6.4645846953 0.954487516952 5800.0
-2340.92859537 21.3933885998 0.888701451312 4800.0
3194.89593078 11.8443302046 0.897007116229 4200.0
-2208.90327617 -15.9427341548 0.884009207597 4800.0
-2193.96002678 -2.87092518573 0.853201412991 4800.0
-5163.78620902 0.746241490572 0.908378162276 5000.0
-1151.97949365 -8.69133074336 0.900612792243 5000.0
-4320.24479677 14.9285228029 0.91006344724 5000.0
10725.8804402 3.3840576469 0.986647871692 5000.0
3281.52875809 -11.5986103178 0.905445885827 4600.0
3097.11268875 16.3214018796 0.927506870149 5200.0
1048.85657178 -32.3922099146 0.909385308939 5000.0
-3840.15044361 36.0554743019 0.886813550611 4800.0
-1923.91557283 2.49066429141 0.858558894 5000.0
14.6657866119 8.20632409747 0.862679622138 5000.0
-3524.44986532 -27.1527794309 0.852591283899 4800.0
4568.54593253 8.91909672049 0.91128597359 7000.0
4771.94572562 -5.8279482589 0.887966684746 4400.0
2325.2805249 7.09654410578 0.900506757692 4600.0
2051.78550058 30.0341864891 0.934398795864 1800.0
-3078.81019322 -14.4214932584 0.862646339943 4800.0
7048.63255925 -8.94728507347 0.885285355332 4800.0
667.971791779 4.17291911855 0.899468858765 6000.0
1681.53919043 -10.1744432052 0.901546679142 5000.0
1011.90155326 -3.66301493702 0.869887857911 6200.0
3429.666105 14.9098649142 0.915925616194 3400.0
1964.93462477 18.8478955507 0.927209305024 5600.0
-4029.60206118 16.6673271098 0.941235985369 5000.0
2440.79802812 -5.35131387023 0.891335019689 5000.0
1079.41792782 32.9445855388 0.914128063016 3400.0
2308.13211072 -2.77936847246 0.855793704238 5000.0
91.6340803035 -1.53552086188 0.884451051154 6000.0
-2108.49979169 -13.437810422 0.885227249384 5000.0
919.207246394 7.18320243629 0.884932352663 6200.0
-6128.59275952 -0.427623919967 0.94659072657 5000.0
362.399753258 -4.24093490239 0.875436196689 5600.0
6095.51289216 2.81347633503 0.860712586136 5000.0
196.569425605 -18.1340800437 0.885009918731 5000.0
-3326.96029422 3.0534871684 0.837094899844 4800.0
-2056.65606427 4.34094775563 0.860379116154 4800.0
-3665.93712521 17.5947860886 0.900654300266 5000.0
2088.54802397 1.76886582482 0.85903731477 5000.0
-3084.88925797 13.544785195 0.863380423486 4800.0
-1289.00505405 -24.6596223615 0.927341071681 4800.0
-2739.8414447 7.14454212476 0.845840230322 5000.0
9420.87636 5.87270257804 0.96366109005 5000.0
-1125.67412652 -1.78727127865 0.890864804715 4800.0
-4966.43554551 1.5952830268 0.921900904524 4800.0
2956.42110502 17.5773079441 0.916013125623 5800.0
4466.99378493 11.3651513667 0.885059829369 4800.0
291.275165032 2.15441823295 0.876109504805 5800.0
4051.66008997 12.6865107413 0.921754032174 4600.0
-5.9408219328 15.367151309 0.884643142761 5000.0
-4798.49956215 -10.4160453638 0.910786275729 4800.0
-3893.76700079 -4.17698057504 0.869961935412 5000.0
3661.63987345 2.68496756263 0.892393523947 4800.0
1541.81052801 16.5172045372 0.912556479023 4200.0
8193.99257309 2.2539191988 0.931797267223 5200.0
209.866701638 -28.8205144769 0.907767791045 6200.0
3990.86171066 2.3868483271 0.894949500368 5200.0
1118.03911056 -14.5424870699 0.866365203692 7000.0
-3237.79812577 9.03938527993 0.859579548578 4800.0
-3927.7676747 6.80563983964 0.896700376661 4800.0
6382.77562503 33.4320605424 0.943290220943 7600.0
1881.58525956 -2.0819452397 0.894680345262 4600.0
-5798.03200674 -4.8892212651 0.950090977338 4800.0
4072.31823578 33.0916625988 0.937448371518 3400.0
-3450.87519197 -10.1533712408 0.843735191188 4800.0
-461.054664391 -9.99718335252 0.856363118221 6200.0
6863.66153234 13.6564504569 0.934028741178 5000.0
-3532.73234778 12.622975996 0.925299532716 5000.0
474.659600986 -5.2606375607 0.855556145826 6600.0
-426.454029965 -4.34967693904 0.900066211606 5200.0
-4889.5997777 8.13328719701 0.895705471593 4800.0
-6219.42590388 -5.31042480879 0.936713977641 4800.0
-493.243728323 -20.761538399 0.903373389285 5600.0
-1990.69153098 15.0367590724 0.886411170411 4800.0
-3088.14823149 3.15597106921 0.859321282499 5000.0
-3894.90233492 21.9659145035 0.941658338784 5400.0
1072.54937834 -3.18742770406 0.896408305697 7000.0
3350.4716041 6.56136445249 0.891276341689 4800.0
-4302.27510566 2.69602117402 0.888363688758 5000.0
-5746.96004106 -18.3847841327 0.858794593045 4800.0
-8564.79988258 -11.1220671614 0.975622320556 5800.0
-3854.32507638 -1.83481994355 0.89946311198 5200.0
-1132.49269565 -7.81461960538 0.877744699876 5000.0
2820.09000111 -2.59564544988 0.889704981282 4800.0
10435.4667951 -11.430999175 0.963791619703 5000.0
3134.50878344 -14.6289527004 0.902988086589 5000.0
-2895.85465589 24.7230638765 0.908881920177 4800.0
-3327.0342067 11.4820051213 0.900691183007 4800.0
-2979.15846152 15.4609147517 0.867185269015 4800.0
-4266.64349568 3.63641127652 0.899318336575 5000.0
7320.16213432 4.94011066422 0.921597537821 5000.0
3824.66312656 4.54475833117 0.917621618403 4600.0
7611.72455899 8.98791068242 0.961026042738 4400.0
-1701.89439901 -7.07843935672 0.9227165195 4600.0
9642.98704804 7.62610806605 0.999544765148 1600.0
427.315898426 -30.7485292355 0.915036212593 6800.0
0.672318409383 -0.371514695527 0.856896643881 5000.0
2179.2777888 27.6163816928 0.902011574544 1400.0
9944.32578549 2.93160844746 0.984541502656 4000.0
1751.5457712 14.1049381187 0.901855684616 6600.0
-2585.43168662 10.1854675586 0.87376378273 4800.0
2468.01204463 5.27833615103 0.906639667724 5400.0
5274.70290933 -16.7779435871 0.936319024035 5600.0
3696.96568644 -13.5602854762 0.903297127328 4800.0
-2505.20087435 10.0236096632 0.869449442351 5000.0
2874.98364899 -20.1913050238 0.907465868757 5800.0
-1628.07945148 -22.4592563281 0.905263650977 5000.0
18.9878337286 19.079486939 0.894131537383 5000.0
-7083.10702835 -29.8197484539 0.918721179236 5000.0
-3659.17731577 2.18203527413 0.865851337026 5000.0
1280.67819834 -4.49504417626 0.896600739419 4800.0
-2420.45200749 4.18748849404 0.861778057828 4800.0
-3103.02097897 -14.4474166731 0.863359252832 4800.0
1793.60460973 6.53867271815 0.884703482283 5200.0
-1913.14726702 -10.693085625 0.881371888848 5000.0
-2545.57495876 0.966197968999 0.851163916487 4800.0
-5600.00536831 22.093692908 0.953045779877 5000.0
-74.9765078047 33.1444127947 0.913875107029 4800.0
183.02089053 -13.9770528704 0.898676549835 6000.0
-8465.54726044 10.4067004228 0.988980084146 6000.0
-1638.30909939 14.843915672 0.897670973986 4800.0
-2523.15362372 25.7856645771 0.919848560377 4800.0
2614.09971954 12.7277384879 0.915236070904 5800.0
8300.10199534 4.6836779284 0.961043663069 4600.0
7980.01815781 -12.0437942779 0.957887513373 4400.0
856.897425102 12.3500799989 0.858450436413 5400.0
-419.238761048 14.3709733323 0.891062862616 5400.0
3542.26602662 -8.66971641519 0.89717352055 7400.0
4406.66045229 10.5783308184 0.918165428294 4400.0
-2457.62593077 -5.55873066154 0.842825268093 5000.0
16039.1272859 3.40284027345 1.00421816354 5200.0
3786.72908435 1.08852688227 0.882747097003 4800.0
1834.93888895 2.97391152758 0.855458589898 5000.0
-3596.61897532 2.14814057692 0.906799650282 4800.0
-2791.93556339 6.82268751433 0.879523341524 5000.0
4374.53590395 -12.7782182357 0.866665394118 4800.0
-817.661305782 7.80772963762 0.859704081064 5000.0
-1554.56504122 -3.23079545833 0.844747323065 5000.0
-2814.98270848 -5.38684697612 0.889996526342 4800.0
967.892919141 5.11022279117 0.897930504874 6400.0
-7838.42648486 2.80494471653 0.936634124495 5000.0
-1944.95359731 -7.42643534167 0.884971906097 4800.0
87.3272487788 -9.13726037487 0.87885028508 6000.0
-6622.9097511 -4.1797355865 0.931324169893 5000.0
2083.07779282 18.0326478961 0.899225655118 4800.0
-1409.43274808 5.0007820143 0.877820777949 5000.0
1800.53245671 2.12146111312 0.916842350342 5000.0
-1852.35250697 0.476168270206 0.875752981181 4800.0
6345.46495691 22.817873267 0.97662521749 1000.0
-7064.46009485 -19.8290361206 0.898744678446 5000.0
-7877.53129536 -10.381196304 0.967716743594 4800.0
-5653.48957033 10.4834573248 0.964170874345 5000.0
582.318727253 15.0915820105 0.894437984199 4800.0
-1263.58944717 -5.04715597455 0.846383303147 5000.0
3419.12722995 -23.4645035417 0.918301767103 7600.0
-3288.29586708 0.107230758285 0.866202767378 4800.0
-333.416415236 -12.8458802678 0.878170307886 5800.0
-3285.51075852 9.36295439407 0.83371832675 5000.0
95.3678921614 -9.98252607122 0.88147261067 6600.0
-3699.0626714 12.3616605073 0.925300229887 5000.0
1553.30660461 -9.68054505217 0.883766466638 5000.0
-411.82989504 -9.58154008495 0.896486328673 5600.0
6108.42793903 13.9201745211 0.957916120858 2200.0
-1294.67590884 -19.0614129256 0.882941433712 5800.0
5731.01128425 15.1679481858 0.960794623411 1600.0
-3578.60994199 -11.0085608452 0.854718919528 5000.0
143.004566616 27.9711306371 0.897574748054 6000.0
8173.77231301 0.515785283229 0.956426853482 5200.0
-1212.60981633 0.472913163812 0.886603074725 4600.0
1310.67421863 -10.5011017848 0.903929062878 6800.0
-1060.64533921 12.7926203931 0.889875529301 5000.0
-5392.57016748 19.0748127663 0.954543927435 4800.0
-1299.5856887 -11.2260036507 0.871049685053 5200.0
-2861.91233718 -1.75049990574 0.851255059895 4800.0
-3248.40611934 -7.81328557756 0.874884984529 5000.0
2819.50656416 5.0313747131 0.907752237893 5600.0
2209.97617346 1.51659652575 0.875154570187 5200.0
2417.48114088 -22.6624090361 0.916357998676 4800.0
2863.00094178 -22.4145823891 0.911475637371 5000.0
1213.27904042 17.4300552226 0.912243092223 6000.0
-3694.54903616 -10.3640729655 0.8725555703 5000.0
-7364.10048751 31.2444332903 0.990539286096 5600.0
5340.61478889 24.8587148826 0.941584982995 5000.0
-2345.58788732 3.25767048741 0.886792909214 5000.0
7847.41961014 5.85268201042 0.978602242332 2800.0
-3771.44875997 -7.51537167837 0.866712641346 4800.0
-5620.62488765 -15.7200588271 0.928565902193 5000.0
2502.16594784 6.62972107522 0.902661739472 5600.0
-5574.9610308 1.6729990861 0.967606068669 5400.0
692.64315502 3.29170728187 0.899658901663 5600.0
-4150.07587455 -4.05580693804 0.892690277453 4600.0
-7728.03442872 28.9808413352 0.998043512213 5600.0
702.048519164 1.78478595655 0.886212212612 5600.0
-6779.74073204 11.713236966 0.964293526821 6000.0
-1626.26377083 0.548631414897 0.836948022247 5000.0
-5146.74974495 -5.59905932398 0.938883016517 5000.0
-888.656765761 2.15164985085 0.883536218759 5000.0
3038.97578632 27.3223949025 0.925338927235 4600.0
1904.5129688 16.1570058412 0.893960729034 6000.0
-6479.54431245 -10.7267502548 0.924153089098 4800.0
1353.09918543 -13.4781931321 0.911308709147 7400.0
1778.46323021 2.77010905695 0.888804305551 5000.0
-2112.98484492 6.63859050576 0.897230122463 4800.0
7020.29839423 -15.0765646446 0.968536288182 7000.0
4911.70085104 -6.86404736246 0.897066030967 4800.0
1861.55452345 9.75478184313 0.914404655022 4800.0
2390.83320552 24.1779007189 0.904167500353 6000.0
2372.74618452 -36.6224169084 0.94372920847 7200.0
1904.77390308 -9.45691986099 0.918573424056 4800.0
-1856.61321966 3.93482030735 0.859850506305 4800.0
2007.15075701 -11.082497106 0.885664050766 6600.0
-2596.44975483 0.95004335539 0.855122536471 4800.0
8509.8381102 15.5101528347 0.958806946472 4800.0
2287.6472532 3.45331853363 0.906908234869 6800.0
5257.26645529 3.84487903878 0.945861093808 3800.0
193.446230562 11.7594279743 0.883741796153 5000.0
5959.64828276 -1.64166650558 0.895485688084 5000.0
-4910.16242866 -13.5754950844 0.874507360239 5000.0
4310.60835857 9.60471966877 0.907126408053 7000.0
-1867.46119208 -8.55965146946 0.845502950217 5000.0
-1206.39518933 4.709270413 0.893628819901 5000.0
11876.7386543 -6.50605395132 0.995449222563 4600.0
-4929.14437273 10.5476597093 0.921298419309 5200.0
-10555.0915275 -1.36883495589 0.981205781651 4800.0
-2240.9730263 -9.06281145079 0.89012126064 5000.0
2841.5142277 -14.1458431375 0.888589710512 4800.0
-4065.89630355 -1.27242713598 0.85521462921 4800.0
-678.603970355 15.7780082833 0.895555711873 5000.0
-3768.21559693 -14.14317537 0.884867916046 4800.0
4310.19770527 2.96877634668 0.925862423366 4800.0
3181.61482068 -41.0323090242 0.96537445034 4200.0
-1034.26787696 9.63269367074 0.881416576415 5200.0
3315.97294194 7.63881250116 0.910783225437 5000.0
-1131.14170396 -19.553152306 0.859839255746 4800.0
11253.6545319 21.0006651215 0.98941491397 5000.0
3362.08073251 25.4505650776 0.926820920242 7800.0
4422.56843772 -8.57272031205 0.930652053539 4400.0
-4145.80713379 -15.0898423633 0.852276825453 4800.0
-1475.41357647 -7.42960231217 0.871793844354 5000.0
-2390.78108168 -13.0189703672 0.881188089275 5000.0
1628.84210765 13.7754750386 0.899745663626 4800.0
7957.40403639 -0.0196428583429 0.97654624184 1600.0
1108.97795459 -7.32577985664 0.893148750638 7000.0
8769.36816053 13.5067742025 0.998403620073 1400.0
