-3463.07288114 33.7643200804 0.881211424506 5200.0 0.881211424506
251.763554199 -19.8411656029 0.867298251972 7400.0 0.867298251972
-2176.75447422 17.4893586277 0.850662882637 5000.0 0.850662882637
4536.83355305 59.0669638372 0.991435254029 6600.0 0.991435254029
-2493.65167972 60.3592524425 0.941086221922 6600.0 0.941086221922
-5223.14612242 47.6444695371 0.959662447691 5800.0 0.959662447691
-6276.40908419 -8.13327418604 0.946337710051 5600.0 0.946337710051
-2683.52112532 40.6097624774 0.88455294019 5000.0 0.88455294019
-3118.83951205 50.0974881839 0.817221282333 5000.0 0.817221282333
573.00673391 -22.3353776708 0.842467619145 7600.0 0.842467619145
-3734.55143452 36.5927706083 0.929774769399 5000.0 0.929774769399
913.889356804 68.7002265361 0.983159944501 5600.0 0.983159944501
-5780.57309816 71.4850938983 0.992619917656 7800.0 0.992619917656
1942.67392589 29.8835430996 0.851385385841 5400.0 0.851385385841
-1794.07519076 -53.5982912014 0.829272399919 5000.0 0.829272399919
-1242.38636004 -18.3465867406 0.854713668797 5000.0 0.854713668797
5949.76588703 -61.5588153146 0.990014841206 5600.0 0.990014841206
148.709556815 40.4645550211 0.90571912093 7400.0 0.90571912093
3266.14123674 56.5261686453 0.912354327589 5600.0 0.912354327589
-2710.10384253 37.7640185154 0.900257076718 5000.0 0.900257076718
-5968.00131733 -57.0263960917 0.975465963482 5600.0 0.975465963482
887.378804922 -25.5821033937 0.938275562483 4800.0 0.938275562483
-2274.31988094 24.4562001694 0.808914818682 5000.0 0.808914818682
-6069.56554253 87.9828552862 0.970479108239 6000.0 0.970479108239
-2337.91039099 -16.8649932486 0.861924391505 5000.0 0.861924391505
-4189.93578691 -25.5078123435 0.957656548302 5000.0 0.957656548302
3903.09475875 50.2461644377 0.975594602972 6000.0 0.975594602972
-3154.78623944 -78.9727076697 0.941991797169 5000.0 0.941991797169
5459.9506148 54.4952421015 0.920725954641 6400.0 0.920725954641
6471.84062766 -20.5772516157 0.994637510052 5600.0 0.994637510052
-6810.54232731 -6.55256943993 0.930105591944 5000.0 0.930105591944
815.91198753 -49.9399022882 0.944254167902 600.0 0.944254167902
7378.0690783 -59.4838047261 0.988653103468 5200.0 0.988653103468
-4255.96427294 36.3287596717 0.961199809986 5000.0 0.961199809986
-1746.82363077 41.2871904361 0.88689928133 4800.0 0.88689928133
4347.76485166 -83.2138028029 0.989306112902 7200.0 0.989306112902
-5380.51296479 -38.6699308095 0.92691968335 5800.0 0.92691968335
-2134.74887614 42.742569118 0.909842164751 5000.0 0.909842164751
-5800.40986454 -36.0105257358 0.997965878733 3600.0 0.997965878733
3903.97901384 -22.073558608 0.896196064834 7200.0 0.896196064834
4827.61884891 61.8865156552 0.941888737692 6600.0 0.941888737692
2641.06500218 -35.696395447 0.869656387416 7600.0 0.869656387416
-5191.18570523 -24.1689410174 0.971363035538 7400.0 0.971363035538
2158.41750426 -33.5236553138 0.869077320718 6800.0 0.869077320718
-862.542719596 23.561066258 0.871471342821 4800.0 0.871471342821
5352.15416128 14.4664876919 0.927410158417 7400.0 0.927410158417
-2198.717864 61.1966857155 0.98237576063 6400.0 0.98237576063
3527.75307471 25.5228599216 0.905302069866 5400.0 0.905302069866
7061.33620859 -46.8348239011 1.01152748465 7800.0 1.01152748465
-1447.8665397 63.5994856575 0.954230136475 5000.0 0.954230136475
2783.77464347 -16.6334664855 0.882852531851 5000.0 0.882852531851
-5931.28433602 69.8122200408 0.987629551432 7800.0 0.987629551432
3937.37229949 -4.99667034799 0.851179995247 5800.0 0.851179995247
866.188503957 10.3698426187 0.789852448768 5800.0 0.789852448768
-6266.4624456 -31.3661796469 0.935653783694 5800.0 0.935653783694
4142.96215973 -77.6821965103 0.95977196012 7400.0 0.95977196012
-2176.59743363 -18.1400785772 0.805660683905 4800.0 0.805660683905
-1455.36192064 43.1808139839 0.874172987328 5000.0 0.874172987328
3872.80313101 69.9168428488 0.978634543908 6600.0 0.978634543908
4391.71725448 31.2345992456 0.908955039681 7800.0 0.908955039681
4162.25423105 35.1787477725 0.905775093783 5000.0 0.905775093783
-2110.146742 -56.9328680365 0.977561901725 4800.0 0.977561901725
-246.058652799 -24.6691299343 0.829393120771 6800.0 0.829393120771
5559.50585886 -71.8435986102 0.987308008926 2400.0 0.987308008926
8743.36715298 -83.2827756484 1.00526186659 5400.0 1.00526186659
-2802.33775589 -41.1058911772 0.973582545826 5800.0 0.973582545826
-6632.80519276 -15.0377950771 0.967809937421 6200.0 0.967809937421
3213.44556969 9.57154706705 0.867500422738 6000.0 0.867500422738
1730.1671041 0.80361464298 0.843860593661 4800.0 0.843860593661
-1208.18913688 -4.86986638836 0.847119770091 5000.0 0.847119770091
5112.64477462 54.7534022341 0.933324294467 7800.0 0.933324294467
6003.63691525 48.5495977529 0.941794246961 5400.0 0.941794246961
307.420611683 -41.3298119097 0.868068828442 7400.0 0.868068828442
-839.614556339 -10.2895669884 0.800081089341 5000.0 0.800081089341
-6022.20167976 -65.7432951975 1.00128324199 3400.0 1.00128324199
-4893.94483582 -55.6560808055 0.933569792251 5200.0 0.933569792251
-4355.12855437 -6.18702713507 0.86085068396 5000.0 0.86085068396
5859.7229657 -35.8806582046 0.974442741066 7800.0 0.974442741066
-2018.675331 47.5978049061 0.895496151664 5000.0 0.895496151664
-4469.56676964 -6.41860646181 0.878343108958 5200.0 0.878343108958
-5204.19111716 22.2528060046 0.982687219094 5000.0 0.982687219094
-4400.39990348 41.9309937346 0.986320177998 7800.0 0.986320177998
908.526427629 -23.1385741561 0.836554774746 6800.0 0.836554774746
2017.1008933 7.04451319023 0.859994318154 5000.0 0.859994318154
4562.15679668 -30.2597896837 0.911242939212 5600.0 0.911242939212
4445.65066641 -21.8037713406 0.938475774678 4600.0 0.938475774678
3783.04015206 56.1979818738 0.96725924776 5800.0 0.96725924776
6568.09045119 13.7371261992 0.954106527386 4800.0 0.954106527386
6621.00298206 21.7866791939 0.916573200053 4800.0 0.916573200053
-5241.68865111 5.84293295459 0.922173628681 5200.0 0.922173628681
8250.66417838 -51.3124049151 0.999522562903 7600.0 0.999522562903
2976.31099496 -46.2387414617 0.954084347004 5400.0 0.954084347004
-3583.07241439 55.590193977 0.984180186312 6800.0 0.984180186312
729.64446819 -67.9824857664 0.98892797749 4800.0 0.98892797749
218.146641473 -34.3110616472 0.880150201281 7800.0 0.880150201281
732.811728412 19.3650812587 0.885578740104 7600.0 0.885578740104
-3318.14831224 -30.9048462489 0.850100539334 5000.0 0.850100539334
-6660.01636096 -58.9758712731 0.999384202774 4200.0 0.999384202774
-6543.23804293 -12.3143083516 0.911155102412 5000.0 0.911155102412
-1545.9970471 55.2291876501 0.922038218006 5000.0 0.922038218006
-3619.98607424 -53.8659184702 0.893550477774 7800.0 0.893550477774
-200.038222752 80.3665745717 0.980209255517 7400.0 0.980209255517
-1529.47868492 -21.7004621104 0.861493739234 5000.0 0.861493739234
1893.36712973 -64.9650074271 0.885494605097 7200.0 0.885494605097
-3170.04559784 -2.55686294456 0.845269055623 5200.0 0.845269055623
8083.76474972 -79.0538623345 1.00304394251 4200.0 1.00304394251
-6926.21569082 57.9152030459 0.994919857393 5800.0 0.994919857393
-2632.55053427 23.0118689502 0.88685418212 5200.0 0.88685418212
6621.61948386 41.6049201126 1.01097659058 7800.0 1.01097659058
4130.1558357 9.70242572022 0.948247781554 7200.0 0.948247781554
-1327.60031847 7.93643855764 0.824295799471 5000.0 0.824295799471
-3720.72127402 66.3025920486 0.984411088799 7600.0 0.984411088799
-4897.99423887 35.1922537768 0.974312882926 7800.0 0.974312882926
4493.48943682 12.2123140724 0.950026789919 6000.0 0.950026789919
5976.82382579 -58.6377601917 0.992579114049 7000.0 0.992579114049
-3398.65053471 60.5833131954 0.933772696308 5000.0 0.933772696308
5001.79907827 -3.00989983207 0.924996514799 5800.0 0.924996514799
-3188.12398105 -47.1979586875 0.849523941533 5000.0 0.849523941533
-4338.77706364 -86.0083749382 0.984319867573 7400.0 0.984319867573
8404.32864983 8.26089113843 0.990955824727 5000.0 0.990955824727
-2064.12358712 23.5686067605 0.851796087735 5000.0 0.851796087735
-7356.01535113 -1.31910952226 0.953123687128 5800.0 0.953123687128
3059.41080536 78.8805319589 0.967948531516 1000.0 0.967948531516
-375.498289126 77.0096957835 0.993260721135 5800.0 0.993260721135
-6808.69078502 -46.17075212 0.997908254423 4800.0 0.997908254423
-4219.26608466 18.4475984754 0.91956056132 4800.0 0.91956056132
-1571.4144988 21.7073312321 0.814067626341 5000.0 0.814067626341
2907.83627137 82.5285468253 0.967741640688 7800.0 0.967741640688
1294.25592527 71.3495544175 0.969722098447 5000.0 0.969722098447
990.051312181 -0.799312759466 0.820447686946 5000.0 0.820447686946
-4912.48794677 -23.8582682505 0.941663120307 4800.0 0.941663120307
947.013690794 -39.5682587335 0.948607592838 5400.0 0.948607592838
793.438169277 -65.03390575 0.991373514891 6800.0 0.991373514891
6425.19024236 42.7754682369 0.99281020951 5000.0 0.99281020951
-4611.60759389 10.4870610597 0.869739674042 4800.0 0.869739674042
-5059.11371748 -27.1919753962 0.973104246218 5200.0 0.973104246218
-3840.82174923 61.9433446069 0.954555378823 5000.0 0.954555378823
-2079.09120098 -40.2434354177 0.915475289192 5600.0 0.915475289192
1879.14904383 31.6580441403 0.866720045258 5600.0 0.866720045258
4441.26827867 -30.8296942007 0.924202444194 5000.0 0.924202444194
6950.40921227 -66.6057357261 1.00395057581 7800.0 1.00395057581
3322.85945385 -15.96375657 0.88774495897 4800.0 0.88774495897
415.460744866 40.2875082293 0.917453538697 4600.0 0.917453538697
-3641.09791869 -42.4606993426 0.994230104347 3800.0 0.994230104347
-180.710306284 33.4022086942 0.93257103628 4800.0 0.93257103628
6361.47242339 22.5702869881 0.983684306389 4600.0 0.983684306389
2533.12551816 6.7767841988 0.837680661686 5000.0 0.837680661686
4048.01087502 50.6349191937 0.888000169918 7200.0 0.888000169918
887.55258492 -58.4901093589 0.849851845755 4600.0 0.849851845755
-7841.5016473 23.2728198237 0.989013891666 5800.0 0.989013891666
6682.54313996 -37.5766225906 0.908321502077 5000.0 0.908321502077
-1542.55344968 37.4487799462 0.843747982469 5000.0 0.843747982469
-104.826273436 24.0964211383 0.830599956506 7400.0 0.830599956506
3324.10097239 -15.5858525709 0.87199809632 5000.0 0.87199809632
-1239.62758417 82.1252992541 0.968612824645 7800.0 0.968612824645
8536.88751228 -20.80426398 0.949275572348 5400.0 0.949275572348
6210.12936786 60.2184126879 0.988863626303 4800.0 0.988863626303
3255.91437225 23.5073557905 0.897252966997 5800.0 0.897252966997
1283.43899452 6.6198785301 0.836795951107 6400.0 0.836795951107
2947.59036919 44.8752027493 0.869364447353 4800.0 0.869364447353
-3504.00424771 8.29696172011 0.874776324135 5000.0 0.874776324135
1022.2758215 3.07361442259 0.862193732184 5400.0 0.862193732184
-3107.59730946 41.5849875527 0.782955961241 5000.0 0.782955961241
-3825.79458784 37.145788322 0.943870726195 5200.0 0.943870726195
4039.38713343 -89.4257639165 0.967261955735 5800.0 0.967261955735
3735.14328245 -14.5875060633 0.894375075412 5400.0 0.894375075412
2884.62893454 -2.18915687921 0.843350496958 5000.0 0.843350496958
8261.11028933 56.6744578329 0.992531003619 4600.0 0.992531003619
-6973.56406647 -26.8998286228 0.958067293506 5200.0 0.958067293506
9274.49474871 7.70977649844 0.993083839631 5000.0 0.993083839631
6477.19002588 18.7548717028 0.978897746353 5800.0 0.978897746353
5853.05885272 -31.2648941163 0.937829718173 5000.0 0.937829718173
-1319.84953778 22.0755086412 0.834452816481 5000.0 0.834452816481
6507.17298927 -62.4684525612 0.991466588953 7800.0 0.991466588953
-5434.74268558 -46.8975525096 0.978981480161 6800.0 0.978981480161
2616.67402245 -4.35890375482 0.845273557573 5200.0 0.845273557573
-4640.18873986 -7.76662709955 0.875566285448 5000.0 0.875566285448
7071.11840058 -12.2335412088 0.950374196858 5000.0 0.950374196858
-5063.62343673 -45.9363971029 0.982439788362 5400.0 0.982439788362
-1509.59615734 -58.1972228146 0.991057768661 5400.0 0.991057768661
-8178.76035055 -30.5025641697 0.988783637755 6200.0 0.988783637755
4294.78999342 57.408693234 0.944381359057 5400.0 0.944381359057
4528.37491263 15.7128180575 0.909675797988 5800.0 0.909675797988
3355.39552518 53.3063948401 0.869124797258 6600.0 0.869124797258
817.498537007 9.54501678228 0.831140931575 6000.0 0.831140931575
6940.91342092 -5.90875363442 0.979313284535 5400.0 0.979313284535
-6589.48729143 -19.2263005836 0.953725658613 5200.0 0.953725658613
-3887.62217856 -83.486249797 0.965076523109 6800.0 0.965076523109
-6065.17231783 46.4168937167 0.973214227165 5000.0 0.973214227165
282.63109101 -64.1175679841 0.986851759829 600.0 0.986851759829
1502.53201349 33.1362404559 0.906606390903 5800.0 0.906606390903
1281.73084278 -87.3245714638 0.97102448072 600.0 0.97102448072
-1286.33826278 27.5688884275 0.839814983321 5000.0 0.839814983321
-4158.92573277 23.5140093441 0.962001503701 5200.0 0.962001503701
-4975.14853708 41.5057269014 0.958773031761 5000.0 0.958773031761
-5937.28296179 34.5741229781 0.981644976885 5400.0 0.981644976885
-2013.49131878 51.5384015993 0.936624704205 4800.0 0.936624704205
-5935.10286424 27.9793308222 0.967644277918 6000.0 0.967644277918
2363.40776745 -10.2066924946 0.857653556704 5000.0 0.857653556704
-3073.6813314 30.0931019453 0.863149647598 5000.0 0.863149647598
6738.17025643 59.1703665017 0.990721527038 5200.0 0.990721527038
5576.92426905 47.1825849023 0.98371084141 6800.0 0.98371084141
-1432.21143265 -73.1475874058 0.988540808952 4400.0 0.988540808952
-2763.41746885 -59.0324534509 0.956310359307 5000.0 0.956310359307
-4659.35580322 6.85852934603 0.926526340661 5000.0 0.926526340661
363.904640227 12.8336505954 0.884837171799 6400.0 0.884837171799
-3359.48870843 7.33003695583 0.811726462811 5000.0 0.811726462811
-1901.3699881 28.2699755963 0.833101522221 5000.0 0.833101522221
-2076.33870371 73.633225262 0.931944254772 5000.0 0.931944254772
-6931.7923882 31.3630442396 0.985609551155 6000.0 0.985609551155
5868.88516624 37.5397587606 0.91931693635 5000.0 0.91931693635
-3372.52844442 23.620534369 0.881330518568 5000.0 0.881330518568
4356.36004071 -28.8150034339 0.93419123353 5400.0 0.93419123353
6798.52195621 1.67984182158 0.915948130994 5000.0 0.915948130994
3057.20625617 -35.8514120667 0.976461359225 1200.0 0.976461359225
4254.83471311 11.8224911023 0.892146005509 7400.0 0.892146005509
-1040.0499928 -65.5815571226 0.983761128753 4800.0 0.983761128753
-4604.70686121 35.3315568207 0.932634377406 5000.0 0.932634377406
4368.85388015 14.9324862212 0.857203649129 5800.0 0.857203649129
-6823.2012272 -34.418000162 0.949522562839 5000.0 0.949522562839
1033.78499049 -7.6470386295 0.865344555074 6200.0 0.865344555074
3853.45259201 -83.5728137164 0.905833879528 6600.0 0.905833879528
-5692.55980638 4.39499084339 0.92348641157 5000.0 0.92348641157
993.706547984 56.597917699 0.949969212609 6600.0 0.949969212609
4539.12583977 38.5409434316 0.927527916292 5000.0 0.927527916292
-4461.38088119 -41.0546902101 0.96145145847 5000.0 0.96145145847
-3758.12700435 -45.932916484 0.958573100047 5600.0 0.958573100047
-609.787362696 18.8649308399 0.859987110452 4800.0 0.859987110452
3812.95225638 13.4052765886 0.857741509946 5400.0 0.857741509946
2325.43837105 -47.1746612819 0.89315286051 4600.0 0.89315286051
-3144.77674138 18.8901553417 0.873654873244 5000.0 0.873654873244
2016.99696312 71.9353204558 0.964793641792 1400.0 0.964793641792
-7393.41043561 -16.1917029642 0.96204054978 5600.0 0.96204054978
5964.38991078 30.1365618903 0.950696983951 7200.0 0.950696983951
4196.42849621 -19.5361384472 0.875619368548 6000.0 0.875619368548
-6476.50606354 -64.8527269608 0.984066447643 5200.0 0.984066447643
-6635.7761807 -35.2754009974 0.990126202676 5800.0 0.990126202676
280.590198318 30.4058509782 0.905101064813 7000.0 0.905101064813
3493.89633893 46.1818403498 0.982677939591 600.0 0.982677939591
-6659.36479254 -15.1638423519 0.938919575406 5000.0 0.938919575406
-1293.20099652 -31.8331460598 0.952374006244 600.0 0.952374006244
-6518.90919493 64.0229977398 0.997296671579 7800.0 0.997296671579
2452.30367232 77.9956411285 0.987671741503 600.0 0.987671741503
-3714.13867364 69.2134542673 0.978634021709 4800.0 0.978634021709
7092.56415592 5.38626125714 0.984842088305 7000.0 0.984842088305
6946.4870524 -70.9709121546 1.00220978901 7800.0 1.00220978901
767.59594032 87.0575819849 0.977908119545 1600.0 0.977908119545
-2951.99701853 -16.9122967949 0.833966193141 5000.0 0.833966193141
-6471.06280278 -31.8032981656 0.935713563651 5400.0 0.935713563651
-5322.29998083 63.4987107829 0.991681789263 6000.0 0.991681789263
-1611.08561305 -70.9223630991 0.992529462987 4600.0 0.992529462987
2763.28137886 -35.1819370472 0.950425551945 600.0 0.950425551945
6165.94646697 -43.772609861 0.963854747185 5800.0 0.963854747185
563.785666761 -66.7978038356 0.991834940758 6600.0 0.991834940758
4045.9138466 -14.0290580211 0.902925332438 5600.0 0.902925332438
-1377.40917528 35.7287178821 0.938756243023 4800.0 0.938756243023
2520.28508542 -81.5869684821 0.94821809792 6400.0 0.94821809792
2532.35879783 -25.8787702459 0.875126796334 4800.0 0.875126796334
-8204.04573761 62.288601878 1.00822614344 6000.0 1.00822614344
1707.65552003 -20.4041802362 0.907073857556 5000.0 0.907073857556
-2363.82328352 -43.0429576982 0.862820508526 5000.0 0.862820508526
4936.5075586 39.1837787341 0.890889476689 5400.0 0.890889476689
4334.52779752 5.34495548906 0.901326634369 6000.0 0.901326634369
-3990.80626332 70.5735604268 0.930573328376 5000.0 0.930573328376
5844.82168826 -20.1756400183 0.979172645254 5000.0 0.979172645254
3197.67973479 -18.7586844905 0.893860452578 5200.0 0.893860452578
6294.58574742 -23.5455900522 0.927609783759 5400.0 0.927609783759
3442.74507144 -27.4704775382 0.827837668699 5800.0 0.827837668699
-3498.86504111 -71.1492766011 0.971624970439 7600.0 0.971624970439
-4977.5605529 5.67383591168 0.909386262126 4800.0 0.909386262126
4232.81895762 -64.533272261 0.987084013027 6800.0 0.987084013027
-7713.37061302 37.476729889 0.984581248856 5600.0 0.984581248856
-9052.32848039 -71.4815346472 1.00463524687 7600.0 1.00463524687
-1355.00920519 -22.8582622665 0.799847752678 5000.0 0.799847752678
2332.04832554 -51.4725333245 0.996273136798 5800.0 0.996273136798
4043.09602816 33.8578684793 0.934470488565 4600.0 0.934470488565
7049.06833181 5.89632429507 0.889000370772 5000.0 0.889000370772
3839.69293561 -8.56110868452 0.822994576522 5600.0 0.822994576522
-5941.21017236 15.9332709893 0.950481886982 5000.0 0.950481886982
2517.65623174 -38.3533937786 0.901942375699 7000.0 0.901942375699
5554.72732819 22.845839022 0.980249268581 6000.0 0.980249268581
4301.30993809 -48.1894386886 0.986737416733 7600.0 0.986737416733
924.868799388 -25.0918826521 0.879116999282 7400.0 0.879116999282
3888.03437365 18.8808343809 0.903037451167 5600.0 0.903037451167
6353.90141509 -55.6326069161 0.996461663436 7800.0 0.996461663436
-4399.39091067 77.1301715899 0.979564686918 5200.0 0.979564686918
2690.70706949 32.755728666 0.913137210492 6800.0 0.913137210492
-2357.68101083 -21.8075533386 0.854897113841 5000.0 0.854897113841
4402.07930505 -44.5444021053 0.882899110496 5800.0 0.882899110496
-6611.44326312 -64.2565892062 0.990126185465 6800.0 0.990126185465
5430.88827771 89.0896387627 0.978457780384 1200.0 0.978457780384
6658.23629896 -27.193232682 0.967423532874 5400.0 0.967423532874
-3261.54308728 16.8591638096 0.892665208099 4800.0 0.892665208099
3701.57897893 -28.7472106701 0.881953839011 5600.0 0.881953839011
2844.99578811 -59.0713548716 0.994224834622 4600.0 0.994224834622
4303.61617305 29.123838179 0.910059263098 7800.0 0.910059263098
484.286297668 49.8775365141 0.979867935029 600.0 0.979867935029
-1942.69430417 -62.7222679988 0.937625041897 5000.0 0.937625041897
5746.75177494 -35.4300401451 0.981607997058 3400.0 0.981607997058
-3398.33536476 67.5168939759 0.957480475423 5000.0 0.957480475423
1557.09435897 7.37543915066 0.838455856306 7400.0 0.838455856306
5644.9342127 3.27607689914 0.954113096289 5600.0 0.954113096289
-2036.40909805 -52.5681597487 0.984753169222 4600.0 0.984753169222
-5141.97244935 23.0528764619 0.917619826603 5200.0 0.917619826603
-1981.71755893 23.8614039648 0.860257767967 4800.0 0.860257767967
2994.27193125 29.2541900275 0.934478195778 5400.0 0.934478195778
5789.08183672 10.2731939589 0.911959039009 5200.0 0.911959039009
4075.96291618 21.3780541755 0.884842571377 6000.0 0.884842571377
-325.393629648 -24.4333288034 0.86928142227 5000.0 0.86928142227
1924.95400929 -41.9119593975 0.994467274582 4800.0 0.994467274582
-6547.72296897 -18.2633036424 0.948376649213 5600.0 0.948376649213
2810.9370201 -70.2698667369 0.986362507205 4600.0 0.986362507205
6244.34351531 -27.7844662735 0.980294881041 7200.0 0.980294881041
4974.42611124 86.3870027943 0.972727640451 4800.0 0.972727640451
-3471.16616951 -54.7370312386 0.981304707638 5800.0 0.981304707638
-6164.87105434 36.0487256574 0.955152874873 6000.0 0.955152874873
-7210.43665556 61.6325692077 0.964253637421 5000.0 0.964253637421
-281.206997984 81.2066331341 0.986574101627 600.0 0.986574101627
1392.18898981 -67.2990503657 0.993776326435 6800.0 0.993776326435
-5454.84234749 -78.7461461023 0.981961796282 7600.0 0.981961796282
-294.032694016 -54.8027032237 0.889775640009 7400.0 0.889775640009
5149.03357284 39.6995547112 0.910903796514 7600.0 0.910903796514
-3952.88061913 50.8609949023 0.876765804292 4800.0 0.876765804292
-47.9046060068 26.4940849312 0.879259564661 5000.0 0.879259564661
3433.90901509 -66.5120704351 0.962729066622 7600.0 0.962729066622
1329.5681769 9.05733397402 0.876528863931 6400.0 0.876528863931
6431.87912722 -32.3437198529 1.00292850046 7600.0 1.00292850046
3397.9208092 -22.8699495035 0.873016175144 5200.0 0.873016175144
6986.23819399 74.0732062003 0.998925888029 4600.0 0.998925888029
-9236.9064716 -49.5869291925 1.00213010585 7400.0 1.00213010585
5711.54860688 32.8881263544 0.989414436507 3000.0 0.989414436507
109.63972369 -68.4684148632 0.969628281834 600.0 0.969628281834
773.442534857 8.22895069611 0.84595826039 7400.0 0.84595826039
5946.49663922 -14.0746160015 0.938281421648 5800.0 0.938281421648
2884.15269773 -62.6857025877 0.986467428646 6600.0 0.986467428646
7126.98901822 24.5744243889 0.992845167321 7400.0 0.992845167321
-1473.01412063 57.5985658908 0.977264627914 5000.0 0.977264627914
-3923.1432696 -69.0011549958 0.951426661468 5000.0 0.951426661468
-7484.31033809 -21.3538863917 0.969801684972 5800.0 0.969801684972
-5294.11623429 6.68402491779 0.950138145237 5000.0 0.950138145237
2385.11752009 -63.8518535654 0.983692603049 5000.0 0.983692603049
-6456.50378485 36.7159670233 0.987348660616 6000.0 0.987348660616
-3627.55100521 41.2881054752 0.913498460858 5000.0 0.913498460858
-6235.09046184 17.923441524 0.974826723636 5800.0 0.974826723636
5493.77529075 -18.9088305946 0.968674579249 5800.0 0.968674579249
-324.56937245 -22.68512422 0.925069991221 5200.0 0.925069991221
-5836.40205485 -32.830778534 0.965981886279 5600.0 0.965981886279
7117.13899433 -28.118500205 0.931634124561 4800.0 0.931634124561
-2376.33247145 -50.6781573472 0.865665496843 5000.0 0.865665496843
4432.62512747 -52.3772016683 0.852710383106 5400.0 0.852710383106
-5556.09570695 -20.7659766129 0.956084173621 5000.0 0.956084173621
4929.02225272 35.1703377684 0.88661759791 7400.0 0.88661759791
3972.7185119 -14.7347522513 0.887770824786 5000.0 0.887770824786
1424.61847485 -26.9718513551 0.850953719774 7200.0 0.850953719774
6767.28604645 43.3088952577 0.978628117253 5800.0 0.978628117253
931.555169324 16.5751359404 0.879808180192 4800.0 0.879808180192
3572.60691345 55.0158761145 0.967807262339 6000.0 0.967807262339
243.689257716 -27.8886712026 0.956859417274 4200.0 0.956859417274
5201.32353532 17.4660744917 0.885830687367 5000.0 0.885830687367
8586.46707175 -37.9696098979 1.00962885119 7600.0 1.00962885119
-2888.43669698 -30.3290403444 0.867513522261 5000.0 0.867513522261
5955.29403524 31.7275979454 0.973054546436 5000.0 0.973054546436
3447.64551119 -64.2683218512 0.890140645531 7600.0 0.890140645531
677.016430376 -10.5574418249 0.81876889062 6400.0 0.81876889062
-6950.42720998 47.1343126716 0.995400228682 5600.0 0.995400228682
6465.27096116 9.7363805151 0.983856185322 5800.0 0.983856185322
1026.41674475 81.7168818946 0.993480636674 600.0 0.993480636674
-473.729761142 -43.9732289886 0.979060146998 5000.0 0.979060146998
1949.17493669 23.4847808045 0.858411260542 6600.0 0.858411260542
-5017.7059223 28.4040273913 0.95229910238 5000.0 0.95229910238
-4662.30997433 -50.6132921067 0.950330671957 5800.0 0.950330671957
6882.14147188 -22.5697721915 0.992937315335 3600.0 0.992937315335
-3812.71705628 -61.8722042769 0.930826021128 5000.0 0.930826021128
4565.56508817 -80.449381197 0.937430780657 7800.0 0.937430780657
3383.61871464 49.7407557741 0.94993538665 4800.0 0.94993538665
-8460.3806615 26.4233202319 0.984511663606 5600.0 0.984511663606
-2770.00444647 0.640582963309 0.801887614451 5000.0 0.801887614451
5971.95148314 27.6030983159 0.987237829928 3600.0 0.987237829928
-2567.97410954 45.8820211819 0.962767153096 4800.0 0.962767153096
6257.61045837 3.33328179616 0.940855030232 5600.0 0.940855030232
-7250.98362445 -51.7501343583 0.989516460195 5200.0 0.989516460195
5515.67428241 -71.2446728914 0.976362750723 7800.0 0.976362750723
5813.34334006 10.6921569266 0.98196047576 5600.0 0.98196047576
2146.77212939 36.9854953545 0.965411958425 600.0 0.965411958425
7293.04916047 -0.950556519928 0.986019211813 5600.0 0.986019211813
1034.4960223 -1.1212857954 0.835854453125 6600.0 0.835854453125
6255.22900822 64.0806563153 0.963205340388 5200.0 0.963205340388
1440.5401728 36.0847343521 0.867147988236 5000.0 0.867147988236
6006.21239113 21.674189713 0.95705357537 3000.0 0.95705357537
5298.53846817 45.5242841771 0.919901149864 7600.0 0.919901149864
4281.60884771 -60.8119229651 0.9866861965 6600.0 0.9866861965
-1265.49500998 37.9473260029 0.900389707423 5000.0 0.900389707423
881.068211201 48.2439358905 0.965475732606 600.0 0.965475732606
-2799.00616242 13.0348935779 0.819114052357 4800.0 0.819114052357
-5250.56725785 15.5255474539 0.967602102058 5000.0 0.967602102058
804.248967896 61.6857678874 0.977126955868 4800.0 0.977126955868
6658.72545825 -23.2653833451 0.993446055616 7800.0 0.993446055616
-948.566922921 77.7475428952 0.989935874252 600.0 0.989935874252
160.762796596 33.1523300854 0.87245332961 7800.0 0.87245332961
-4593.39452528 42.0663420647 0.974618264992 7600.0 0.974618264992
-4870.35146812 -61.0440763634 0.967105459559 6000.0 0.967105459559
7647.47705157 0.676706889299 0.964178943562 5000.0 0.964178943562
3419.89105483 -32.0188642089 0.942412038322 4800.0 0.942412038322
2102.41319242 -4.82911514016 0.844757430492 5000.0 0.844757430492
7252.01461573 4.9408146045 0.986884559268 5800.0 0.986884559268
4871.14206426 -24.6163307201 0.898247762929 6800.0 0.898247762929
3935.30935316 -44.6506072546 0.877490733589 5800.0 0.877490733589
3474.12029439 -27.2971042033 0.856863621032 5000.0 0.856863621032
-5794.74523772 -26.9682106953 0.977594862603 5200.0 0.977594862603
1481.64580417 -36.1078221024 0.955597745833 600.0 0.955597745833
6995.50002971 -43.7294482438 0.976188778788 5400.0 0.976188778788
-1130.94749815 44.3486026654 0.937559907895 4800.0 0.937559907895
-5235.09535677 23.2237749212 0.900059574221 5000.0 0.900059574221
-3799.60919461 -32.2150147253 0.969857910245 6000.0 0.969857910245
180.472878377 -28.6179695194 0.878254563819 5000.0 0.878254563819
-7741.27969856 -72.6981528969 0.994842483096 6000.0 0.994842483096
1633.55490025 -14.5314933029 0.869652404188 5200.0 0.869652404188
-1350.44177831 84.1814414138 0.980241024345 5400.0 0.980241024345
-4116.9985121 -53.1513320359 0.946899991311 5000.0 0.946899991311
2098.93963229 -7.64978065192 0.859612962638 6400.0 0.859612962638
-6483.03337669 63.1696755459 0.960149538068 6000.0 0.960149538068
5580.26881726 35.6126966021 0.89668216256 6000.0 0.89668216256
-584.648077897 -29.01843407 0.898409160454 5200.0 0.898409160454
7397.76172009 43.2945445791 0.990685032843 600.0 0.990685032843
5730.30342447 -20.3252677461 0.968039899044 5800.0 0.968039899044
-585.57587044 80.2760372908 0.9830303846 4800.0 0.9830303846
-5868.34170782 -2.55806002334 0.930357712995 5000.0 0.930357712995
-2002.98692366 -19.9322794319 0.840218177284 5000.0 0.840218177284
1477.5439287 -60.2811174437 0.990967442975 7800.0 0.990967442975
3024.12273045 -1.81655059472 0.856318852514 5600.0 0.856318852514
-3398.60686912 62.2497791825 0.887577428799 5000.0 0.887577428799
4082.47431301 61.4822179672 0.98236279651 600.0 0.98236279651
1391.6041995 -36.2459949658 0.91740123434 4600.0 0.91740123434
-3510.08157985 -13.1831102959 0.830719339953 5000.0 0.830719339953
410.698775502 -45.9365588222 0.995729667602 4400.0 0.995729667602
7194.66126818 4.28384221127 0.989918569851 4600.0 0.989918569851
4395.16917277 -1.16126569822 0.83862939268 5200.0 0.83862939268
2196.3917877 -35.4562653064 0.98706094424 7000.0 0.98706094424
-2123.83776407 -41.2256322325 0.972252348002 4800.0 0.972252348002
-6915.30218868 -22.2673123448 0.949736517201 5800.0 0.949736517201
2683.71317096 -20.1020434855 0.884032171444 5000.0 0.884032171444
-7662.69268235 -20.4659626686 0.957982318617 6000.0 0.957982318617
3666.75941818 -78.2601931533 0.978334574068 600.0 0.978334574068
4916.10778907 21.9806066671 0.916279860866 5600.0 0.916279860866
131.546697319 53.0111939752 0.95132000229 5000.0 0.95132000229
6197.37668233 15.5620701901 0.961968770557 6000.0 0.961968770557
-1271.20909386 -22.0928995822 0.823840256693 5000.0 0.823840256693
4940.80924286 57.0143239165 0.916814050644 7800.0 0.916814050644
6245.72137623 -35.6686741299 0.934969014384 7800.0 0.934969014384
1243.91280333 -23.2607071432 0.837050078368 5000.0 0.837050078368
4746.09308098 -27.8487409693 0.873697640099 5600.0 0.873697640099
-4701.87967721 11.2582994874 0.909451800492 4800.0 0.909451800492
2083.79226631 -26.5295142557 0.915017044362 5400.0 0.915017044362
3843.86426044 33.2485984785 0.933188230432 5800.0 0.933188230432
-2921.22939486 -57.4696086154 0.989527282353 4400.0 0.989527282353
-1377.54665546 -54.6878636526 0.978224136602 4800.0 0.978224136602
-8182.57938977 -37.7925659934 0.969599730366 5200.0 0.969599730366
-1535.60516213 57.6540217396 0.858584827688 5000.0 0.858584827688
-315.011950531 2.92872174532 0.873507036345 6800.0 0.873507036345
1666.86779468 55.3213305765 0.979359629452 6800.0 0.979359629452
5836.38707269 -71.3084148731 0.961780392892 7000.0 0.961780392892
273.297582186 26.30091275 0.923412399741 6000.0 0.923412399741
-1817.47365343 34.5148712381 0.921012850385 4800.0 0.921012850385
1610.8591691 -12.4958099445 0.83062845704 7000.0 0.83062845704
-3069.04118274 30.2413187764 0.876331465091 5000.0 0.876331465091
4331.48888514 66.3051497906 0.939230129578 5000.0 0.939230129578
-579.7304669 -62.686194183 0.861747652576 5000.0 0.861747652576
5874.05293083 35.4270094299 0.98489879421 7800.0 0.98489879421
-710.933323338 62.0275890816 0.973347381277 5000.0 0.973347381277
-4751.11396937 -34.7850764082 0.87511656528 5000.0 0.87511656528
-2563.83837552 -15.2015286041 0.836088115375 5000.0 0.836088115375
9078.2712666 -61.8731191592 0.982834287742 6000.0 0.982834287742
284.607157343 -19.8791251957 0.891838686929 5200.0 0.891838686929
1876.2580708 -25.2583987466 0.813336348774 5200.0 0.813336348774
-6684.26580033 -37.4993071022 0.951810008876 5000.0 0.951810008876
5045.08547369 -25.5327431634 0.974977222831 5200.0 0.974977222831
84.1107377281 -39.1967154227 0.93437920047 5000.0 0.93437920047
4737.36546762 70.9362117444 0.996802704995 800.0 0.996802704995
-712.152429002 -21.1907224891 0.847183755138 4800.0 0.847183755138
-2149.25092998 6.748584444 0.839549635568 5000.0 0.839549635568
7449.90219736 60.9944212856 0.97798736475 6000.0 0.97798736475
-7111.3762569 -60.79097527 1.00219615702 7800.0 1.00219615702
4488.41302979 -40.3065049748 0.893346260287 7600.0 0.893346260287
-754.926450389 26.345442953 0.893684421762 5000.0 0.893684421762
6134.30833328 -34.9988251183 0.9575228111 5600.0 0.9575228111
1257.13066637 7.89287688004 0.817405796067 6800.0 0.817405796067
-4603.8348608 -37.7439824301 0.936231155542 5000.0 0.936231155542
2851.45626406 73.3023135091 0.97624249584 600.0 0.97624249584
-4927.42515141 -46.7583588759 0.955160126668 5000.0 0.955160126668
-3499.47401796 -47.8299365186 0.912181195214 4600.0 0.912181195214
543.346883218 -32.1522811186 0.915416086554 4600.0 0.915416086554
-1827.73276934 39.9410076946 0.91608560558 5000.0 0.91608560558
-6049.0274942 41.5518092244 0.986657067869 5000.0 0.986657067869
-1405.15932857 40.5062751478 0.962810680585 5000.0 0.962810680585
-4513.67363028 73.7743609048 0.977542137022 1400.0 0.977542137022
-1311.37509273 -82.3620449929 0.878657011037 5000.0 0.878657011037
1754.49592156 20.6318878574 0.872777986088 7400.0 0.872777986088
6233.12758169 38.6771720938 0.931351649573 7200.0 0.931351649573
-4573.45506108 48.842234806 0.962345473439 5600.0 0.962345473439
4379.10877103 -86.5685767391 0.987966682514 5400.0 0.987966682514
7741.5365302 -29.8208730046 1.00215131305 7800.0 1.00215131305
7027.3591574 -50.1974422971 1.00029339339 5600.0 1.00029339339
-2331.78111296 -8.32946519736 0.841760664647 4800.0 0.841760664647
5596.63223166 35.4879309845 0.878633516897 5000.0 0.878633516897
-1073.77528377 -74.288103156 0.89614799925 5000.0 0.89614799925
-745.169878804 36.0076078463 0.885186073819 5000.0 0.885186073819
4240.44835964 12.4146272319 0.887953210517 5400.0 0.887953210517
-2233.46546744 28.1267670018 0.838643555583 5000.0 0.838643555583
-1951.91756846 -1.05663884168 0.728771058416 5000.0 0.728771058416
-1003.32275715 -12.8805202942 0.832156506186 5000.0 0.832156506186
-4103.73667894 -22.9156541564 0.930115554913 4800.0 0.930115554913
-3004.37487117 -63.9374177846 0.937610806259 5000.0 0.937610806259
-7139.03183006 40.3611181521 0.997353375993 5200.0 0.997353375993
7626.79103834 -31.8299823035 0.998689265347 2200.0 0.998689265347
-4408.85739111 16.4426905396 0.960599341259 5000.0 0.960599341259
6641.82699759 23.8944012681 0.971173301238 5000.0 0.971173301238
4464.02963926 -14.1349178395 0.87075243443 7600.0 0.87075243443
-4128.00848056 -8.89144097702 0.854047825954 5000.0 0.854047825954
-6564.02881177 2.33861112255 0.946241519631 5000.0 0.946241519631
-6979.20981784 20.1453632642 0.973919501254 5800.0 0.973919501254
-669.294980398 13.0964990096 0.86751408771 5000.0 0.86751408771
-7043.15508103 -83.8590345451 1.01191371459 4800.0 1.01191371459
6201.61892196 -36.9847978553 0.968701357266 5000.0 0.968701357266
2805.49800872 19.0514193931 0.89078143818 5400.0 0.89078143818
-7465.85026456 44.8789968477 1.00084357581 6000.0 1.00084357581
-4764.56626237 89.4547679355 0.983298585419 5600.0 0.983298585419
-2144.06879505 69.9209379449 0.984131917717 5000.0 0.984131917717
901.475201657 -54.8775285068 0.990406442613 7600.0 0.990406442613
6953.42012335 12.2821534258 0.993645387973 5200.0 0.993645387973
249.650450811 50.733714268 0.881644483436 6400.0 0.881644483436
-3586.34977496 18.4646159938 0.793770379946 5000.0 0.793770379946
7068.61445606 -37.8710984246 0.928767311909 4600.0 0.928767311909
1441.38861806 -70.1188075639 0.995926920946 5400.0 0.995926920946
-2619.83886616 -44.8638257991 0.948237874208 600.0 0.948237874208
-4702.29541526 65.0317488002 0.979479200608 5600.0 0.979479200608
6071.54231784 -7.74677388753 0.916150035888 7400.0 0.916150035888
4228.52188957 -50.4629605647 0.87796989571 5000.0 0.87796989571
387.689842093 37.7985539265 0.981692323348 2400.0 0.981692323348
-3846.92585683 -8.4578328441 0.912444902891 6000.0 0.912444902891
994.619141359 -19.9129524608 0.899842961958 4600.0 0.899842961958
-5043.38170929 83.1344457264 0.994624312232 5600.0 0.994624312232
-5944.55735705 -33.75328275 0.9521814623 5000.0 0.9521814623
2552.85594233 -3.86230972378 0.846928966638 5600.0 0.846928966638
1747.31021668 61.6035852194 0.952078881202 4800.0 0.952078881202
-2488.40811393 24.1384192658 0.873653341494 5000.0 0.873653341494
7069.8348104 15.2925097378 0.969748624138 5000.0 0.969748624138
-4435.07983057 -6.89366672715 0.897209577679 5800.0 0.897209577679
1741.45140707 15.7082324279 0.842199704918 5200.0 0.842199704918
3185.02236999 44.7446662448 0.912411539825 4600.0 0.912411539825
-4410.29020367 -48.2029191699 0.988143375049 7400.0 0.988143375049
5181.90401738 -2.93041245985 0.913952524569 6200.0 0.913952524569
1794.42510489 31.4634229314 0.917377868999 5000.0 0.917377868999
5408.66933032 83.1795826433 0.989118215332 5600.0 0.989118215332
-3403.34777741 31.1133127867 0.882556112952 5000.0 0.882556112952
-1077.86855053 68.1505730383 0.968921911658 7200.0 0.968921911658
-2157.18622815 63.0281700885 0.901694699123 5000.0 0.901694699123
5905.47231362 36.0831073154 0.914998895943 6600.0 0.914998895943
5339.72427897 -25.4880309126 0.93212318353 5000.0 0.93212318353
-2775.91208649 52.1166556879 0.968205111485 5000.0 0.968205111485
-6679.58066429 -88.359943064 0.983599852362 5800.0 0.983599852362
-6819.40250584 -9.57148533452 0.930215970715 5800.0 0.930215970715
-1041.14723321 50.189498382 0.946850364357 5000.0 0.946850364357
-4705.22223094 77.9296252549 0.980503353377 7600.0 0.980503353377
5135.7908229 -47.6218887491 0.989092109257 5600.0 0.989092109257
-5661.01662942 -50.0976861873 0.996301655563 5000.0 0.996301655563
-2405.70635704 -54.0755925893 0.879494693308 5000.0 0.879494693308
-6797.34624666 -32.290505368 0.853362899963 4800.0 0.853362899963
3901.81484169 -20.2897172247 0.874581914785 4800.0 0.874581914785
-2277.57214545 -8.66567981793 0.817063098152 5000.0 0.817063098152
1802.7148945 14.9529525909 0.897842194289 4800.0 0.897842194289
-1860.50109299 46.8813789919 0.942764940716 5000.0 0.942764940716
-1128.57905307 12.8283975002 0.849743393248 5000.0 0.849743393248
-2539.93996991 62.4968217968 0.983108703623 3200.0 0.983108703623
-1044.13793603 29.9851486626 0.903557476264 5000.0 0.903557476264
6602.83682519 55.5997084171 0.991096934822 7800.0 0.991096934822
4584.83252878 -15.0510458488 0.924230020033 5000.0 0.924230020033
2968.05353746 13.2330696332 0.86777144396 4800.0 0.86777144396
-4943.59469323 -2.99775315033 0.896548007931 5800.0 0.896548007931
-7104.14049083 27.8074128957 0.978716925936 5800.0 0.978716925936
-6445.51156677 25.7183945808 0.970999335751 5800.0 0.970999335751
-3404.27341967 36.7623464015 0.880609731787 5000.0 0.880609731787
3773.51090704 -24.2234676029 0.874670790774 5400.0 0.874670790774
5498.86358395 -57.6685043399 0.925583349177 800.0 0.925583349177
-3535.53775718 30.7365332395 0.914091251226 5000.0 0.914091251226
4259.94009927 -8.96991696449 0.905168274082 5000.0 0.905168274082
2109.93202299 -65.7249318823 0.988242321456 5400.0 0.988242321456
-6147.54769504 48.9798951067 0.958988748527 4800.0 0.958988748527
6155.47748151 40.616346453 0.98572397749 7000.0 0.98572397749
7293.75387709 -57.3687739898 1.0008075757 7400.0 1.0008075757
-5207.70820529 29.489491582 0.964268380583 5000.0 0.964268380583
3880.88219132 13.7343361933 0.830962456148 4800.0 0.830962456148
-7433.8781414 37.3917680903 0.986089203148 5800.0 0.986089203148
4121.9842983 -66.8460561705 0.914235042489 7400.0 0.914235042489
116.014231199 10.3789557945 0.891948460013 6800.0 0.891948460013
984.870190085 52.4588633096 0.991049499024 6400.0 0.991049499024
-4512.59095691 -10.7997886941 0.889549220575 5600.0 0.889549220575
-228.47999273 -44.8218435086 0.803903482009 6800.0 0.803903482009
3689.97716595 -51.0543639804 0.989398748535 6600.0 0.989398748535
-4164.45717936 -11.2285839857 0.849132937137 5000.0 0.849132937137
-3544.9830672 30.1888791061 0.878007464169 5000.0 0.878007464169
-4435.81356921 -7.35409315001 0.890425414272 5600.0 0.890425414272
3568.35957774 -29.8217232461 0.893565039049 5000.0 0.893565039049
-1567.31754699 55.012853765 0.942611566152 5000.0 0.942611566152
-3875.23084984 -81.2270262227 0.983254716944 7000.0 0.983254716944
-3515.68118336 -21.807748081 0.824280124564 4800.0 0.824280124564
-5029.26285809 4.04400784849 0.940791191548 6000.0 0.940791191548
-6325.19784921 -27.2244414532 0.977932302373 5800.0 0.977932302373
5577.26535005 6.84932477461 0.907548096976 5800.0 0.907548096976
-3786.33386387 0.993404135815 0.847434282039 5000.0 0.847434282039
4731.85939665 -25.3947383618 0.973167940705 6000.0 0.973167940705
-5874.58040792 -36.9775962856 0.944670591279 5200.0 0.944670591279
3685.14071374 -3.59273112344 0.853054260996 5800.0 0.853054260996
-1889.97084475 -63.5243784125 0.990504607577 5000.0 0.990504607577
2807.04852014 70.0648153765 0.983096226307 600.0 0.983096226307
-8420.88058307 -37.2069741392 0.973247845088 6200.0 0.973247845088
-184.877606361 14.6313289921 0.857132550199 5000.0 0.857132550199
-6095.46584075 77.4550817772 0.98889834426 5800.0 0.98889834426
8388.02730167 -39.5218505286 0.978883377541 4800.0 0.978883377541
858.441234156 56.4387137108 0.977577813864 4400.0 0.977577813864
-3685.75935484 -15.1270126308 0.850764017936 5000.0 0.850764017936
-4388.41903035 13.6281216038 0.921802168754 5000.0 0.921802168754
-5890.96252517 36.1835795666 0.994835618481 5000.0 0.994835618481
-964.855581023 58.958186045 0.967500844143 4600.0 0.967500844143
-5425.97947925 56.6323581461 1.00130605637 7800.0 1.00130605637
6730.55247813 54.3692791224 0.985381495313 7800.0 0.985381495313
7998.90747043 -14.3968216698 0.961373848565 4800.0 0.961373848565
2207.12892598 24.6144170684 0.849789254033 4600.0 0.849789254033
-2848.13087181 68.3658429976 0.968381541977 5400.0 0.968381541977
-2389.68903352 37.3361860701 0.854729424396 5000.0 0.854729424396
2534.98569809 42.3893266077 0.921554259162 5000.0 0.921554259162
-1637.56369903 57.7012005947 0.990650507572 5200.0 0.990650507572
206.488934526 23.695685378 0.897516542212 5000.0 0.897516542212
-3115.79584068 16.8194934709 0.857369808801 5000.0 0.857369808801
5670.73146391 13.7740908655 0.951671284054 4800.0 0.951671284054
3685.76614897 -4.20383428077 0.827958028783 5600.0 0.827958028783
-2079.84185916 -74.1685032419 0.859286677077 5000.0 0.859286677077
89.5981557523 13.4143215143 0.877264593479 7400.0 0.877264593479
-3056.11125522 -47.7780362969 0.855764953521 5000.0 0.855764953521
-2683.28999044 -19.6270104405 0.826301610387 5000.0 0.826301610387
6515.0518371 31.4406168202 0.979170599218 5000.0 0.979170599218
852.53769251 -22.0464496695 0.866301486501 4800.0 0.866301486501
-3125.33176202 72.8732502968 0.970569151234 7800.0 0.970569151234
-3203.81785218 -5.285053027 0.856611235232 5000.0 0.856611235232
5662.38208791 55.5931808843 0.985459425717 1400.0 0.985459425717
2676.10407551 80.873059255 0.983346060406 600.0 0.983346060406
5430.21304249 -8.68438184955 0.943802472481 5400.0 0.943802472481
-882.471867533 -15.9321851906 0.850330588593 5000.0 0.850330588593
-4327.30210666 -27.8156843253 0.895972409285 5000.0 0.895972409285
-2755.31498116 -65.7622109271 0.900027227177 5000.0 0.900027227177
-6344.72036597 40.9496861948 0.96423176649 5000.0 0.96423176649
-3564.60189383 -11.5308394155 0.831344887688 4800.0 0.831344887688
7216.12435922 62.3230040115 0.988706948254 4800.0 0.988706948254
-1793.54009252 -54.3181378453 0.932811091513 4800.0 0.932811091513
5561.53838228 -37.8024479431 0.880327368695 4800.0 0.880327368695
2073.76631917 -18.77656297 0.904018318225 6000.0 0.904018318225
3197.22169973 -51.0832684628 0.871032558505 5000.0 0.871032558505
-332.223253255 86.9603634708 0.962333351284 600.0 0.962333351284
-8215.31610294 14.6959349827 0.980529923963 6200.0 0.980529923963
4901.36709905 65.937792715 0.950569333125 5800.0 0.950569333125
-8839.77509953 -35.9515974401 0.999936566029 6600.0 0.999936566029
4276.79191235 47.8116788645 0.931064942405 6000.0 0.931064942405
-2896.08709403 47.9881889287 0.926355921124 5000.0 0.926355921124
4893.29185668 -46.9536634466 0.974476337154 5600.0 0.974476337154
7170.05217779 52.4423451854 0.991731745122 5600.0 0.991731745122
-4524.93188996 -25.1904291558 0.930889361196 5200.0 0.930889361196
6723.14907789 21.1655472513 0.993883811286 5800.0 0.993883811286
-6048.75755053 71.4589378101 0.994122029682 5800.0 0.994122029682
-7712.96292423 31.215685993 0.982986242205 5800.0 0.982986242205
6934.24724263 -68.0379519762 0.979852155848 5600.0 0.979852155848
-1694.68991828 -4.62355145164 0.814737159035 5000.0 0.814737159035
-6933.50120463 5.47765755819 0.975242405389 6000.0 0.975242405389
-2202.51589357 40.1284505292 0.924222536969 5000.0 0.924222536969
5917.58698242 60.4124570741 0.937061873205 7600.0 0.937061873205
-4900.14582801 24.7746437617 0.990867508876 4800.0 0.990867508876
6409.43485736 24.8323899185 0.926560192598 4800.0 0.926560192598
-3183.48907567 -49.9745228025 0.87456731592 5000.0 0.87456731592
-172.16889299 -3.49382726464 0.815574785972 7400.0 0.815574785972
6978.54686294 -36.0538632564 0.975959490024 5800.0 0.975959490024
-5304.55841197 42.4242383506 0.882012114038 4800.0 0.882012114038
2243.99892132 -5.29799205 0.836969468407 5000.0 0.836969468407
3741.78136609 -28.9765770463 0.881124028411 5200.0 0.881124028411
-6548.38516182 7.07492734277 0.95516280337 6000.0 0.95516280337
2443.4271354 1.74675005544 0.877215341759 7200.0 0.877215341759
-2879.80293562 -83.2609158155 0.978986121976 5000.0 0.978986121976
5386.44191393 -43.5108840211 0.908393457056 7600.0 0.908393457056
-5266.10238206 -62.160604687 0.99320813543 6000.0 0.99320813543
6028.63833048 32.379365167 0.985652517204 5600.0 0.985652517204
-3102.52674863 59.6651875975 0.975478426844 3800.0 0.975478426844
3763.14715629 68.4118811778 0.919266452712 5200.0 0.919266452712
3063.81102255 84.4988142308 0.978621693741 600.0 0.978621693741
4109.54539233 53.2792876807 0.924712733816 7600.0 0.924712733816
-2916.64378097 -75.66033325 0.934301149993 5000.0 0.934301149993
-6207.49645276 9.38238955456 0.971029457989 5200.0 0.971029457989
3865.75013312 -15.4350427551 0.830057594442 5000.0 0.830057594442
-2760.70377834 11.9360328656 0.864029609926 5200.0 0.864029609926
-1691.20799548 56.0482903906 0.951628838709 5000.0 0.951628838709
-5459.49564412 79.7836589491 0.989754637079 7800.0 0.989754637079
7215.22997521 -6.1941616273 0.943166606915 5000.0 0.943166606915
-56.7811564988 44.7220119677 0.882982578445 5000.0 0.882982578445
656.734236243 11.5415150749 0.848476668003 6400.0 0.848476668003
6960.07906661 32.343713635 0.996298776535 5600.0 0.996298776535
-3653.34823406 34.1192723724 0.928167618126 5400.0 0.928167618126
1628.16687585 2.97430793858 0.857316263792 5000.0 0.857316263792
1114.38651873 46.6386042312 0.914907959248 6600.0 0.914907959248
-1781.93138124 -9.02048102318 0.767822272073 5000.0 0.767822272073
-3369.96159372 -12.3741853231 0.850297023801 4800.0 0.850297023801
4010.93660631 21.5761749113 0.868119366244 7000.0 0.868119366244
5927.74488827 -65.96845037 0.992470020445 7800.0 0.992470020445
-1242.28329238 69.3057304986 0.949079607804 7800.0 0.949079607804
-5329.962247 -10.7187340484 0.897659306149 5600.0 0.897659306149
2160.80566744 45.7554820548 0.953030459549 4800.0 0.953030459549
4940.14775428 6.70946528579 0.899246122746 6400.0 0.899246122746
-5302.04687798 -22.2164210747 0.925427186675 5000.0 0.925427186675
445.978064553 59.8340902631 0.944215149146 600.0 0.944215149146
-4994.86423065 64.0656047214 0.958945940623 7400.0 0.958945940623
-1376.94319608 -43.0579409613 0.948020846394 5000.0 0.948020846394
6611.49369083 -56.6319545241 0.999535954828 7800.0 0.999535954828
-687.13953671 17.6124018312 0.802839108024 5000.0 0.802839108024
-2796.74506947 40.7230199303 0.870731222857 5000.0 0.870731222857
2839.08686917 42.9257414217 0.926178598067 5200.0 0.926178598067
-6119.36626011 -2.07456616329 0.949735751203 5200.0 0.949735751203
2694.5668205 -31.345314182 0.864500344474 7000.0 0.864500344474
-8393.64082234 45.2432723056 0.992120277523 5400.0 0.992120277523
-2159.30370583 66.9077750936 0.897085816023 5000.0 0.897085816023
1062.39628443 9.48291245254 0.837647067574 5000.0 0.837647067574
-5265.88916731 72.7672273471 0.988324798497 4600.0 0.988324798497
-3062.92659645 -41.8762682004 0.92173648408 5200.0 0.92173648408
-3209.57598906 26.9563842227 0.907220751141 5000.0 0.907220751141
-2479.06012953 -36.9871209671 0.977398209259 1000.0 0.977398209259
-6642.89629143 13.562108959 0.975548440585 5000.0 0.975548440585
8229.44874932 0.924307979203 0.985551526899 4400.0 0.985551526899
-5640.87144744 -7.2685197998 0.918040222677 5000.0 0.918040222677
5346.55801894 10.423144998 0.910403959217 5800.0 0.910403959217
4989.28635458 -69.07010492 0.987744318772 6600.0 0.987744318772
167.553458582 62.7690724466 0.904107925244 6200.0 0.904107925244
2294.78910499 4.55896434639 0.826805066165 5400.0 0.826805066165
2457.23960828 -6.61591204633 0.871685533101 5000.0 0.871685533101
-4342.83645504 -89.5898394775 0.986851225759 7600.0 0.986851225759
-4752.07178629 28.5462240002 0.948745878505 5200.0 0.948745878505
7617.78709262 -3.29395345394 0.966228607166 5000.0 0.966228607166
-4710.02064905 -82.6189901153 0.978614729432 6000.0 0.978614729432
3517.66359969 -43.5366857092 0.990617983124 6800.0 0.990617983124
-1064.95122659 -8.6835376649 0.877146273098 5600.0 0.877146273098
-1490.71901001 -40.6429128103 0.803072672865 4800.0 0.803072672865
-2805.87611925 -32.1225300723 0.852612825099 5000.0 0.852612825099
4488.28734605 -39.5783786147 0.880803931801 6000.0 0.880803931801
3277.44891411 25.3412803241 0.913426095608 5600.0 0.913426095608
-6509.150965 -66.8262444731 0.995840239005 7800.0 0.995840239005
-9093.86344777 -85.2232489326 1.002931378 4800.0 1.002931378
-6226.96432844 -27.353544116 0.969818556623 5200.0 0.969818556623
3500.48809402 43.0995151661 0.971922170969 4800.0 0.971922170969
-5419.78878665 12.5666144924 0.881688469522 5000.0 0.881688469522
5356.93084936 -10.0440771078 0.928904143509 7800.0 0.928904143509
7032.56237386 -63.7389831791 0.950110818305 5000.0 0.950110818305
7279.91174152 54.8605606545 0.98580823569 5800.0 0.98580823569
762.128015957 85.1830387133 0.987916496478 6400.0 0.987916496478
5348.01370947 50.2519686974 0.966417143082 4400.0 0.966417143082
-7080.11753035 36.5136537138 0.995956593697 5600.0 0.995956593697
1521.69728279 -59.7690509246 0.925461699362 6400.0 0.925461699362
5596.44250673 16.593736021 0.910420452222 5000.0 0.910420452222
-6504.19640054 -33.577069092 0.959846140746 5000.0 0.959846140746
-7100.69846092 39.5734526509 1.00348652351 6000.0 1.00348652351
1661.73002218 -7.30278121948 0.811195382822 5200.0 0.811195382822
-200.678141103 -25.1246085137 0.85604524483 5000.0 0.85604524483
-977.03763676 46.1031097873 0.860556642797 7200.0 0.860556642797
6370.32385541 -24.5643252919 0.981073985671 5000.0 0.981073985671
2043.42249713 -76.2586270716 0.964088857862 4400.0 0.964088857862
4438.87355248 38.9680478303 0.973458374162 5200.0 0.973458374162
1382.72394022 19.8667933687 0.876004845515 4800.0 0.876004845515
2815.96114667 9.86929057733 0.854036370396 5200.0 0.854036370396
6522.93400479 24.3147361811 0.918398920656 5000.0 0.918398920656
-2299.78649734 38.4604590699 0.776080340916 5000.0 0.776080340916
-4055.51331735 44.6915656428 0.96297183566 7800.0 0.96297183566
1583.79634885 -6.07798448663 0.825632889914 5000.0 0.825632889914
1284.15852649 -2.25938359405 0.83620251291 4800.0 0.83620251291
1746.04701684 -49.1720735651 0.895735717621 6000.0 0.895735717621
358.94320374 -49.0936377855 0.869967556131 7200.0 0.869967556131
4299.90953323 -25.2478030691 0.878263218763 5200.0 0.878263218763
-323.161357468 50.1868730264 0.966995996061 5000.0 0.966995996061
6293.30195164 -54.5353325489 0.975857079947 4800.0 0.975857079947
4829.01016222 31.2177548231 0.902416808709 5200.0 0.902416808709
-7086.70652401 81.2140619889 0.979916420476 5800.0 0.979916420476
582.97002693 83.5040332028 0.971961012029 600.0 0.971961012029
4220.79996257 66.9698778764 0.933487457122 4800.0 0.933487457122
5413.00613951 -7.30032366071 0.926013233806 4800.0 0.926013233806
-1702.89671986 38.4886798028 0.885020421981 5000.0 0.885020421981
-4001.15638105 34.9502989275 0.940073939929 7800.0 0.940073939929
5074.58643782 39.9530179722 0.889058591463 5000.0 0.889058591463
-6957.52096224 24.6742204877 0.990072100505 4800.0 0.990072100505
4153.02782375 79.9711194674 0.986723736425 5200.0 0.986723736425
7576.69906152 -16.3129928127 0.930355510501 5000.0 0.930355510501
6712.36075048 -67.277821197 0.993043313083 7800.0 0.993043313083
-6552.93992038 6.03820212099 0.948727318453 5800.0 0.948727318453
-3935.99843331 38.8796570202 0.859236341536 5000.0 0.859236341536
2181.81699662 18.3584761097 0.871239378642 5200.0 0.871239378642
1846.6522155 28.5472267084 0.893568876111 5000.0 0.893568876111
-6540.2432207 26.009896794 0.981884983599 5600.0 0.981884983599
-2160.98518684 -44.0027458784 0.845679191559 5000.0 0.845679191559
2192.29591346 12.6629027213 0.81889892407 5400.0 0.81889892407
-380.49105284 -38.3877492373 0.852736111956 5000.0 0.852736111956
-4478.54437105 -56.2680191905 0.991338839939 4200.0 0.991338839939
-7862.84951821 -30.6195294444 0.89956699606 5000.0 0.89956699606
-306.5444138 -62.0727169852 0.949146954469 6400.0 0.949146954469
766.822681571 -27.8646094471 0.887473590531 7200.0 0.887473590531
-5989.99835011 22.2844333128 0.954120120728 5000.0 0.954120120728
-4832.08608334 32.240178001 0.941040047812 5800.0 0.941040047812
4365.19357163 56.8163282302 0.903625252086 5600.0 0.903625252086
4365.29516861 3.7823812688 0.862138769877 5800.0 0.862138769877
-5584.01725241 -89.2416806599 1.00360723409 7800.0 1.00360723409
-220.198647476 72.0906645446 0.978151491856 1000.0 0.978151491856
971.466096526 47.4055347259 0.981424121606 600.0 0.981424121606
-3728.59067016 26.2080137176 0.947096790337 5000.0 0.947096790337
5118.3113303 30.1402668096 0.912358096736 5000.0 0.912358096736
-7037.9290748 22.8527150406 0.982332528478 7800.0 0.982332528478
-1937.57909787 -11.4939099051 0.752451246807 5000.0 0.752451246807
-6629.02152749 28.805132624 0.977270949558 6000.0 0.977270949558
-5018.22407277 -69.3949821598 0.995674875037 7600.0 0.995674875037
-4742.98133275 -34.2647510911 0.914969432087 5000.0 0.914969432087
6706.21085377 21.3647158203 0.979232669686 5000.0 0.979232669686
-3549.61912097 -78.7927046237 0.989639715913 5600.0 0.989639715913
-1834.64482144 -63.8760924363 0.843676095433 5000.0 0.843676095433
3952.65531568 -63.9042562319 0.912526815339 4800.0 0.912526815339
-3108.32247794 48.0005119361 0.870580709264 5000.0 0.870580709264
3760.46183002 50.9483268116 0.949350070349 5200.0 0.949350070349
-5483.27373223 24.7864839401 0.977825450796 5200.0 0.977825450796
-4974.28392242 19.0887202964 0.946266963678 5200.0 0.946266963678
6834.77977482 -24.3426629963 0.988499665683 4800.0 0.988499665683
-7422.75842639 -10.1989216306 0.963285087604 5200.0 0.963285087604
-8174.23876211 25.8480600634 0.983720915101 6000.0 0.983720915101
-5029.23677442 -84.0479325739 1.00053310805 7600.0 1.00053310805
2078.75155759 -69.9717361562 0.967595723991 4600.0 0.967595723991
1825.83886709 -1.23688815496 0.840560215597 5200.0 0.840560215597
9632.33870833 -54.9807966879 1.005075638 5800.0 1.005075638
359.550699242 52.091999595 0.918073747468 5000.0 0.918073747468
9185.63389157 -49.713526756 0.983630213445 5400.0 0.983630213445
6630.32648406 -2.50213639057 0.982810047121 5600.0 0.982810047121
-1452.44670137 6.13454327353 0.836362448307 5000.0 0.836362448307
-4897.39650543 36.0914070314 0.946448187512 5600.0 0.946448187512
-3427.78010067 -8.58283585895 0.830916165755 5000.0 0.830916165755
-2937.10762318 56.0686404555 0.925937347816 5000.0 0.925937347816
-6435.23419293 -12.2848536894 0.945897977751 5000.0 0.945897977751
4469.9716024 21.9541231952 0.898719234476 5800.0 0.898719234476
3803.27253797 -1.33175683584 0.877149213522 7000.0 0.877149213522
-802.942706453 18.2139105503 0.844908947309 5000.0 0.844908947309
-1198.09223072 31.6799308437 0.877826352251 5000.0 0.877826352251
-1502.83368339 -12.6112726877 0.810085081591 5000.0 0.810085081591
3409.98228069 -45.4580443962 0.908336879366 5800.0 0.908336879366
-7717.4722406 2.51177713997 0.958460213259 6000.0 0.958460213259
6325.90391875 75.2826273626 0.982044307549 4600.0 0.982044307549
2084.58981947 81.8808887125 0.971076510379 4800.0 0.971076510379
-662.146259551 -23.0589922265 0.877749024257 5200.0 0.877749024257
1923.77869397 -40.5944096002 0.855807147783 4800.0 0.855807147783
2293.6785111 53.1786462121 0.888234490682 5200.0 0.888234490682
-5753.7421532 -26.9767965184 0.83465943544 5000.0 0.83465943544
-6351.88877318 -35.3086743157 0.958711107059 5000.0 0.958711107059
879.950681331 -55.9710356395 0.962235636041 5200.0 0.962235636041
-5531.12371397 51.0014197075 0.98940144834 7800.0 0.98940144834
6020.95222954 -54.858161941 0.955861002322 6000.0 0.955861002322
-6878.40710721 -51.5070665926 0.976804037254 5600.0 0.976804037254
-4075.55561869 3.74416429463 0.854475080812 5000.0 0.854475080812
1840.4342318 -32.419493527 0.887989520782 4800.0 0.887989520782
299.688694715 -36.5095359008 0.925516059864 5000.0 0.925516059864
-6737.83295552 -38.7318030575 0.964136676484 5000.0 0.964136676484
-6013.27484937 -8.14299424664 0.945307972469 5600.0 0.945307972469
6805.02068906 41.5034580942 1.01296751353 7800.0 1.01296751353
-6343.44902481 66.2500890744 0.966553286588 5400.0 0.966553286588
1767.88157339 -34.8462712455 0.875685753206 5200.0 0.875685753206
2857.21742286 -35.4356966104 0.887750628519 5000.0 0.887750628519
6723.81257395 47.4856181646 0.964630047919 5000.0 0.964630047919
6880.00859389 -17.496728791 0.990497150501 4600.0 0.990497150501
5050.712267 21.9712284521 0.974705571756 6000.0 0.974705571756
3201.58516544 -2.79526424556 0.807954108122 5000.0 0.807954108122
7000.88914121 8.75074586516 0.980459219547 5600.0 0.980459219547
4947.0307665 -35.6288952294 0.88213842807 4800.0 0.88213842807
510.305908139 52.4066116215 0.958714642972 6200.0 0.958714642972
-2590.34193906 -28.1467588567 0.82264434363 4800.0 0.82264434363
1477.23673092 -20.0978066554 0.90044324116 5000.0 0.90044324116
3766.64816421 -60.3328941145 0.935141038986 7000.0 0.935141038986
-2907.02725085 19.7566733962 0.836767173732 5000.0 0.836767173732
-5225.20536833 -44.6682033615 0.968766659969 6000.0 0.968766659969
7600.71934614 -10.8226803745 0.98381675256 4800.0 0.98381675256
-986.921903852 5.08234133613 0.82809740366 5000.0 0.82809740366
3511.36028541 -20.6068179477 0.910651410158 4800.0 0.910651410158
-997.101132135 11.4502368512 0.859464180372 5000.0 0.859464180372
405.762062544 -17.817043889 0.870133288864 4800.0 0.870133288864
1248.97892773 25.562954641 0.848627283732 6800.0 0.848627283732
846.369235198 26.5455332631 0.870035147467 7400.0 0.870035147467
-186.030650405 44.7573903268 0.981193804764 600.0 0.981193804764
1080.51927731 49.7518609539 0.905891005157 5000.0 0.905891005157
-7136.42096258 38.6572868795 0.96231078391 7600.0 0.96231078391
4856.11207398 -52.0382416432 0.906698011898 5800.0 0.906698011898
-1680.88212713 12.9396898502 0.844391413895 5000.0 0.844391413895
-738.494894236 45.473714253 0.871511744476 7400.0 0.871511744476
7024.25265028 30.9461559174 1.00827594373 6000.0 1.00827594373
431.260320796 30.2731621493 0.865664503709 7400.0 0.865664503709
-3899.0912526 -67.2742895479 0.97958054485 4400.0 0.97958054485
-3251.76848459 40.5202637934 0.874928804803 5000.0 0.874928804803
2646.01201308 14.1401619695 0.868110073906 5000.0 0.868110073906
6916.89670219 17.2548762778 0.981047493936 4800.0 0.981047493936
2125.24155889 16.9662061945 0.909706805844 5800.0 0.909706805844
-2527.826793 -72.6367600841 0.848560623042 5000.0 0.848560623042
-6534.73543064 -63.1125517684 0.993159591894 6800.0 0.993159591894
2911.38660301 -60.7347660954 0.923975765733 5000.0 0.923975765733
4837.96283904 41.5518480512 0.88240948634 5000.0 0.88240948634
446.25084463 65.9801607517 0.96135678599 600.0 0.96135678599
-1291.55979869 -17.4589829032 0.793455074434 5000.0 0.793455074434
-7348.73406539 -64.8951267821 0.989903141378 5600.0 0.989903141378
5713.29105853 -22.5081264897 0.965172207605 4200.0 0.965172207605
3809.80774278 40.8752397921 0.923238285186 7800.0 0.923238285186
-828.090716749 -1.34726516132 0.82904039894 5000.0 0.82904039894
5357.65291205 3.81336071266 0.896759472007 7000.0 0.896759472007
5698.08409657 -16.7816210653 0.970557274571 6400.0 0.970557274571
-6449.09432436 -28.6366548353 0.950666937533 5000.0 0.950666937533
-6283.05626928 -65.0909560543 0.913022434678 5800.0 0.913022434678
264.233893655 -26.753150329 0.950804927883 3600.0 0.950804927883
-4388.61071008 8.46212144404 0.830195257814 4800.0 0.830195257814
3183.33572925 33.1170069754 0.94323389649 5400.0 0.94323389649
-5958.02815611 33.2544641251 0.959530862839 5000.0 0.959530862839
-3815.90879272 65.9385978087 0.953609341225 5000.0 0.953609341225
5692.19088126 54.4000107017 0.992965287305 6600.0 0.992965287305
270.676724524 -8.90281103184 0.85673751335 4800.0 0.85673751335
-5518.66199395 -61.748139749 0.986964763952 6000.0 0.986964763952
-7839.89182852 65.5744676069 0.991905722934 5000.0 0.991905722934
3198.32938698 10.330417101 0.86945817182 5200.0 0.86945817182
-94.0754196031 49.9887004606 0.910910363731 7400.0 0.910910363731
2741.68496561 -19.2162987436 0.83200450313 5000.0 0.83200450313
2800.78114735 -48.6799650055 0.968741590608 5000.0 0.968741590608
-4270.14940168 -46.404545022 0.938021839619 5000.0 0.938021839619
5303.57311579 15.0384191695 0.956290395721 7600.0 0.956290395721
4774.4511673 -65.1444630165 0.990040686407 7800.0 0.990040686407
-3131.41102301 23.0271108952 0.958460821259 5600.0 0.958460821259
463.650161054 7.56266504584 0.861533702247 6400.0 0.861533702247
-5214.59862552 56.7307103624 0.996469740717 4600.0 0.996469740717
-3694.20616714 27.9324857495 0.930912954591 5000.0 0.930912954591
-4189.05251619 73.1312079636 0.95599309954 6600.0 0.95599309954
-4606.64254427 -57.3372171006 0.985085808414 7600.0 0.985085808414
-5406.06314026 -76.7122035891 0.998246649137 5800.0 0.998246649137
-2388.31089964 9.81726288194 0.817546190406 4800.0 0.817546190406
5755.04968382 11.3926646166 0.918793439705 4800.0 0.918793439705
-6270.20730452 46.5676250622 0.979892329136 5000.0 0.979892329136
-2825.23697064 -86.4368768453 0.950014234792 7400.0 0.950014234792
-1955.93783294 15.9280663401 0.835482107316 4800.0 0.835482107316
-8107.94465124 -19.3397709847 0.97366783748 5800.0 0.97366783748
-7278.87308749 12.2340181778 0.97916681732 6000.0 0.97916681732
6754.49777278 -36.3421312587 1.00231906883 7800.0 1.00231906883
-6440.20307266 -45.4049515972 0.987421245984 6000.0 0.987421245984
6316.80982015 32.8412511728 0.972890751689 5000.0 0.972890751689
-8247.23913565 -10.9624941083 0.973205443903 6000.0 0.973205443903
-1022.25257675 19.2853222615 0.820899957378 5000.0 0.820899957378
5540.89589549 -49.431771376 0.952937844931 5600.0 0.952937844931
-1032.71403019 -3.18532547895 0.829459774272 5000.0 0.829459774272
1035.55180639 66.111376172 0.976223678749 1200.0 0.976223678749
-1193.80270382 15.5560506983 0.835429117131 5000.0 0.835429117131
3660.43463221 -46.7302125651 0.95086473011 7000.0 0.95086473011
-2844.01484327 73.8476317056 0.951006723121 5200.0 0.951006723121
-2833.38994532 8.95618920653 0.789599708609 5000.0 0.789599708609
-1344.27752857 -52.7204846144 0.876496881888 5000.0 0.876496881888
-8363.5996792 -43.2921882818 1.00209611132 4400.0 1.00209611132
6910.83959429 75.7015478729 0.987659899983 7800.0 0.987659899983
2101.08541608 17.7996555532 0.901921794745 5000.0 0.901921794745
3649.45260639 31.9122795439 0.879762381984 7400.0 0.879762381984
-6161.40466228 -32.3603611628 0.912937692681 5000.0 0.912937692681
-3532.72527102 -48.7168799493 0.850320549445 5000.0 0.850320549445
2119.40411554 32.4572546343 0.888393239533 5000.0 0.888393239533
5054.21994525 -29.8142144625 0.918777471057 5000.0 0.918777471057
-2487.26953193 22.3240889731 0.804261445063 5000.0 0.804261445063
2797.99370824 23.966533713 0.86308721251 5000.0 0.86308721251
-9587.42638395 -70.2972652078 0.960194698117 4800.0 0.960194698117
-643.67791791 -27.093972629 0.857174449038 4800.0 0.857174449038
2449.0355557 77.9828957456 0.971770884416 600.0 0.971770884416
354.468332453 11.7302206659 0.862607734007 5000.0 0.862607734007
3131.1810172 -41.6948900259 0.879657664458 5000.0 0.879657664458
6380.30649456 46.8100498263 0.943986579444 7800.0 0.943986579444
-4725.68433106 9.93019257256 0.937532485937 5000.0 0.937532485937
-1583.44096689 -54.2176515543 0.847560051043 5000.0 0.847560051043
-3975.39489829 37.6987882621 0.942529763198 7000.0 0.942529763198
-2861.00362992 15.8669882788 0.791206130044 4800.0 0.791206130044
3703.64719427 1.24770960892 0.877487505481 5400.0 0.877487505481
7566.13455896 -27.1743507572 0.998865351425 7800.0 0.998865351425
-2696.03611799 50.850779286 0.988301692989 5000.0 0.988301692989
1383.44945829 -6.21901431523 0.832721583804 5000.0 0.832721583804
1002.62682061 -70.7360153761 0.903719244166 7800.0 0.903719244166
2820.99014803 39.1232267791 0.833500922149 4800.0 0.833500922149
-3651.83259363 -51.088582362 0.910088286822 5200.0 0.910088286822
-1276.90146128 31.8576707624 0.94632777062 4800.0 0.94632777062
-4909.43427115 -76.3045797679 0.96555901539 6000.0 0.96555901539
-978.022275324 61.8595406877 0.836944213913 5000.0 0.836944213913
3025.24108995 16.3206957997 0.865061379634 4800.0 0.865061379634
4971.79821287 42.081010391 0.965263353883 5400.0 0.965263353883
-6746.35475239 -56.7403001106 0.990039513268 6000.0 0.990039513268
-9301.37533394 10.5167980015 0.995509615002 5800.0 0.995509615002
6104.38764771 -60.0077645919 0.997092637377 7200.0 0.997092637377
5086.52908564 -8.67407035047 0.933003539422 7600.0 0.933003539422
-5469.68882108 -66.8581993044 0.990402164171 7800.0 0.990402164171
-2256.62657557 42.0484494493 0.865375269255 4800.0 0.865375269255
-915.801861053 -47.1556076504 0.967997290218 800.0 0.967997290218
2510.30547362 56.4503071107 0.989166002117 800.0 0.989166002117
4334.35440125 -64.0692156756 0.987602802048 6600.0 0.987602802048
3389.86062784 -23.1647096755 0.873528201142 5800.0 0.873528201142
4162.44209229 0.539793370094 0.864261452199 4800.0 0.864261452199
-6154.58502002 -37.7249849507 0.941882107105 5200.0 0.941882107105
-1720.25098549 -34.4648458552 0.905903064337 5000.0 0.905903064337
1182.38569846 -19.1434109135 0.879828619845 6200.0 0.879828619845
-2001.47627173 87.3621247877 0.967288222537 5200.0 0.967288222537
-2683.38692674 45.4155935517 0.881919602127 5000.0 0.881919602127
-6358.0542304 12.2156195067 0.96732922772 5200.0 0.96732922772
-1022.54417861 67.8049296946 0.972178289604 7000.0 0.972178289604
-983.667433459 -64.412360258 0.927555379451 5000.0 0.927555379451
6260.10799523 -51.6798510595 0.991747844599 7800.0 0.991747844599
-3862.3256461 29.3660813742 0.819559428412 4800.0 0.819559428412
1033.72757038 61.7104610011 0.940667102056 600.0 0.940667102056
-4592.8368616 -48.2162188139 0.979521195397 6000.0 0.979521195397
-6412.50793653 -28.9164846462 0.95999644788 6000.0 0.95999644788
3109.17825838 -0.83247792616 0.87889103086 4800.0 0.87889103086
-9030.22181629 -20.9446029221 0.992672647053 5800.0 0.992672647053
-6093.12635991 -30.9678452411 0.918033617556 5800.0 0.918033617556
3288.48957944 74.0168190544 0.993101290047 1600.0 0.993101290047
-994.635875997 16.4972010069 0.885008026224 5000.0 0.885008026224
-1593.43836866 -82.1819232441 0.96040781099 5000.0 0.96040781099
8613.88932843 -54.693267043 1.00730299382 7800.0 1.00730299382
8010.29156621 -69.050097785 0.98995418339 5200.0 0.98995418339
-3088.36739076 88.5983266623 0.96267480513 5000.0 0.96267480513
-5908.17387849 -62.001530728 0.992257343971 4800.0 0.992257343971
-5179.37923442 50.155132301 0.992302343171 7800.0 0.992302343171
6111.83082547 -37.1336458049 0.971093025423 5800.0 0.971093025423
-6757.43100127 -2.47437562803 0.969562153519 5800.0 0.969562153519
-1235.24230648 6.416967673 0.781475796228 5000.0 0.781475796228
2615.76897752 38.8788674191 0.86463834036 6400.0 0.86463834036
3577.63967835 18.8093539134 0.875632615491 7000.0 0.875632615491
-2036.39081539 73.744358125 0.966143141951 5200.0 0.966143141951
-4302.11425415 -54.4650232719 0.996235611662 7800.0 0.996235611662
3552.36872617 31.33131012 0.885764939722 7200.0 0.885764939722
-3947.49434358 20.1088422111 0.925743086951 4800.0 0.925743086951
5726.37618311 -47.3960580566 0.896648493525 5000.0 0.896648493525
1392.20147196 -40.8582914409 0.931259648381 4800.0 0.931259648381
-5682.8401744 -22.5012893913 0.875460594146 5000.0 0.875460594146
-1794.92230888 40.470387731 0.833024927688 5000.0 0.833024927688
8751.3625163 -5.22699095022 0.9937846105 4800.0 0.9937846105
-2131.25748512 -14.3378790489 0.873242441842 5000.0 0.873242441842
494.537829153 -6.44902974445 0.848433094393 4800.0 0.848433094393
-816.169849608 -21.6715302732 0.86893806522 4800.0 0.86893806522
-3889.47014434 -55.8319987537 0.878330590065 5000.0 0.878330590065
3668.60498923 -54.126003131 0.885732108276 7000.0 0.885732108276
188.820589766 54.800305918 0.877731168829 6000.0 0.877731168829
-3408.72824364 -61.4310352683 0.916134064684 7600.0 0.916134064684
-3177.49634475 -62.6929301623 0.894010885685 5000.0 0.894010885685
4726.47519671 -38.9153645791 0.89005563417 5600.0 0.89005563417
-5302.77203805 -31.9846039109 0.920689617431 5000.0 0.920689617431
6788.24521422 19.2128623162 0.978827614415 6000.0 0.978827614415
-6978.78761955 -40.9254642841 0.985966706152 5800.0 0.985966706152
-65.2246082908 8.40814021783 0.866267618299 7400.0 0.866267618299
-1593.48548002 -59.317677613 0.98802364264 4600.0 0.98802364264
6379.76071141 20.3487880882 0.991679853902 5800.0 0.991679853902
3499.99419293 -16.7764259224 0.887572333948 5800.0 0.887572333948
3541.7833117 11.8515089418 0.844519046712 4600.0 0.844519046712
249.33118295 -79.7570105616 0.938220488407 7800.0 0.938220488407
5107.16488421 24.9327276025 0.947511723599 5800.0 0.947511723599
-5744.0964849 76.9529834525 0.976164001067 5000.0 0.976164001067
3889.19181643 1.0891682759 0.895722864663 7400.0 0.895722864663
-5968.27232918 -29.0082957203 0.934485912146 5800.0 0.934485912146
3715.35671043 -8.22912179062 0.932495310476 6000.0 0.932495310476
-4226.12843195 54.5677351495 0.909082753443 5000.0 0.909082753443
5264.93778419 -10.9936009411 0.916336217831 5800.0 0.916336217831
7233.70310748 44.3213297163 0.969156810935 6600.0 0.969156810935
-2987.94931603 -44.3047331268 0.866326298241 5000.0 0.866326298241
5765.40114701 8.04934854807 0.94327984183 4800.0 0.94327984183
-4009.14365919 -33.5836396748 0.979701612942 6200.0 0.979701612942
-4520.74528001 -12.2589463778 0.951156255892 5600.0 0.951156255892
3472.4545396 41.5329460792 0.859092693963 6400.0 0.859092693963
2549.22197573 42.4374692771 0.877819616473 5800.0 0.877819616473
-5229.52076635 -25.7541730809 0.940576838454 5800.0 0.940576838454
-7473.99560379 -28.1214181795 0.936125054052 5000.0 0.936125054052
-2026.94161077 -24.8313775688 0.815900733723 5000.0 0.815900733723
-1338.9924774 -58.7431875346 0.834851977912 5000.0 0.834851977912
8210.70161011 25.574946247 1.00404308493 5800.0 1.00404308493
-1995.7586061 -72.0076370288 0.939730908211 5000.0 0.939730908211
-2630.42612833 -37.461080804 0.819458503978 5000.0 0.819458503978
-581.784617204 57.9805218441 0.995904086309 7400.0 0.995904086309
-5100.80198442 -27.1502311117 0.927513293005 5000.0 0.927513293005
4568.67880973 14.3203924908 0.88232723227 4600.0 0.88232723227
6111.4301821 -29.6045277305 0.97251530398 6000.0 0.97251530398
5689.38151805 -34.7067045226 0.884886473203 5200.0 0.884886473203
-500.418996485 -8.19997110281 0.903950805696 5200.0 0.903950805696
-4183.11445381 66.1540761021 0.956024356698 5200.0 0.956024356698
-4170.76140383 -66.8230328772 0.990374875437 6000.0 0.990374875437
-6912.18182573 -24.8086156199 0.957753678375 5000.0 0.957753678375
-6282.93406596 20.5144724482 0.980541246294 6000.0 0.980541246294
2396.91879955 26.0289889379 0.842529924112 5000.0 0.842529924112
6540.25858933 -37.5579972856 0.970611820505 5600.0 0.970611820505
4626.14645333 -66.0367980268 0.972936502028 7000.0 0.972936502028
5946.95050369 8.0282626301 0.983651176676 5800.0 0.983651176676
3392.6158741 17.6069495284 0.852296823966 7400.0 0.852296823966
-534.641150152 75.8305780836 0.94873969066 1400.0 0.94873969066
-512.159590743 49.1428696999 0.940926515125 4800.0 0.940926515125
-7062.65647893 17.0244902113 0.973111364107 5000.0 0.973111364107
3065.70157881 -39.046428387 0.900182186664 5400.0 0.900182186664
3046.55502589 -64.4822534428 0.980141739623 800.0 0.980141739623
-855.025145822 76.7011061748 0.961305842122 5000.0 0.961305842122
-2961.78192327 64.230096976 0.910818515358 5000.0 0.910818515358
-4684.08076663 38.6657397971 0.883370290563 5000.0 0.883370290563
-5485.24374944 -81.570217431 0.994863190311 6800.0 0.994863190311
6219.39563887 57.4146910961 0.968265041931 5600.0 0.968265041931
-1146.91656358 34.4827436703 0.885752756515 5000.0 0.885752756515
5680.09690466 9.72084814041 0.929496213051 5000.0 0.929496213051
-6893.65121214 -49.8615410352 0.950360778772 5000.0 0.950360778772
-21.5939054175 88.3610872325 0.988179297916 7800.0 0.988179297916
8341.95995409 54.7400838699 0.981439646205 6000.0 0.981439646205
-2795.34776357 -85.6995938523 0.967679522709 4800.0 0.967679522709
-3929.57223694 41.729932708 0.924958833627 5200.0 0.924958833627
1418.17774417 4.02353191826 0.857756822412 5000.0 0.857756822412
5139.31382411 -12.3760906095 0.947491000686 5800.0 0.947491000686
379.763091268 1.20849506769 0.86206626938 7400.0 0.86206626938
3824.94248195 -45.7590934524 0.913965019328 5800.0 0.913965019328
3992.29992527 -41.3507301301 0.908965428969 5000.0 0.908965428969
28.4861499272 -10.5603048984 0.87420003787 7400.0 0.87420003787
-5625.18829325 71.3357466981 0.992377866383 7800.0 0.992377866383
-615.721413907 28.1869891543 0.842748474821 5000.0 0.842748474821
-865.984144362 2.29320785873 0.830434395059 4800.0 0.830434395059
4757.00271978 69.6863789997 0.935935229016 5000.0 0.935935229016
-7488.84565679 -37.5265162693 0.976534869307 4800.0 0.976534869307
5672.37507163 -56.473860907 0.933663828148 7600.0 0.933663828148
438.857513411 6.04958337437 0.833796498873 5800.0 0.833796498873
2268.42502202 -13.5505387931 0.847013694922 5200.0 0.847013694922
-1537.5906067 56.4182468079 0.928911589008 7600.0 0.928911589008
6396.07147635 -3.48765106679 0.994806848248 5200.0 0.994806848248
-1372.01743634 -51.6313730169 0.926504418643 5000.0 0.926504418643
4959.64687772 32.7487121196 0.921263607348 6000.0 0.921263607348
11.5104740818 64.6505386283 0.980700905223 600.0 0.980700905223
3522.0749063 -15.28003472 0.860681986175 5800.0 0.860681986175
3099.96766365 -45.99632286 0.876156871127 5800.0 0.876156871127
7983.46424542 -44.700976648 0.996368203855 5400.0 0.996368203855
1281.71115244 -31.3108956479 0.895763776269 4800.0 0.895763776269
-593.396721784 45.2980987852 0.942350770557 5000.0 0.942350770557
1227.64795527 2.51987755471 0.84144027403 5000.0 0.84144027403
1044.01191751 -38.6343410085 0.858068468235 6600.0 0.858068468235
-6703.29872231 52.1780071112 0.983591658749 5400.0 0.983591658749
783.226246689 57.3042844985 0.981169104165 7000.0 0.981169104165
-4308.62162407 56.5208542444 0.894889718399 5000.0 0.894889718399
-1847.29705661 31.1780542935 0.913200987422 5000.0 0.913200987422
3709.64218868 -2.46403966097 0.839704648206 4800.0 0.839704648206
3816.80265234 34.3408637253 0.955818229853 5000.0 0.955818229853
1031.55178158 61.3626296202 0.959121747366 5000.0 0.959121747366
747.115369435 3.56425504854 0.781779171196 6200.0 0.781779171196
4942.01372067 -22.6628602983 0.94820458066 5000.0 0.94820458066
-6448.58230554 0.989879382388 0.952038765269 5000.0 0.952038765269
887.583440106 9.12182170447 0.81235658054 5000.0 0.81235658054
-470.476105186 72.5770326452 0.961149458049 1400.0 0.961149458049
-2108.23734349 41.2050239598 0.900063974216 5200.0 0.900063974216
-701.705930415 75.914034873 0.970253605247 1600.0 0.970253605247
-2105.07634251 -21.7509047955 0.722834318994 5000.0 0.722834318994
-2653.10530539 50.0102032881 0.94520287706 5000.0 0.94520287706
-1255.64550671 -7.75496129418 0.793775187312 5000.0 0.793775187312
-7183.00065957 -40.74117003 0.998119688134 4400.0 0.998119688134
4248.97225422 -1.69116892704 0.885140762718 5600.0 0.885140762718
-7198.14511813 16.3970879633 0.964387969381 5200.0 0.964387969381
-190.422198742 -8.63312287159 0.888376929566 6800.0 0.888376929566
6002.23541351 46.5579877771 1.0000522175 7400.0 1.0000522175
-62.949361869 -39.934007432 0.837393790779 7400.0 0.837393790779
5322.10538286 32.213482409 0.973108068404 5600.0 0.973108068404
6955.95197522 -32.0127414762 0.982344082139 5800.0 0.982344082139
3513.31684179 27.7316314205 0.95911498335 4600.0 0.95911498335
-5190.94665259 36.4053667741 0.955694740815 7600.0 0.955694740815
6612.04450066 52.0969120585 0.988927700418 5800.0 0.988927700418
2491.31686175 -43.2451642244 0.886220069 4800.0 0.886220069
3550.18343579 -24.9887402507 0.912783926326 5000.0 0.912783926326
-216.724660553 41.9940249237 0.896960182159 7400.0 0.896960182159
-6900.71789373 63.3769628849 0.982714812361 5000.0 0.982714812361
-1159.19278572 58.6908003752 0.938426352404 5000.0 0.938426352404
-2438.98345908 6.43047506304 0.854555651422 5200.0 0.854555651422
-4580.30298883 -25.1825876445 0.949152296573 5800.0 0.949152296573
7100.72014706 12.909680833 0.954468011001 5000.0 0.954468011001
4982.17978392 42.6771798842 0.931891828302 5000.0 0.931891828302
-322.389091654 51.0849418187 0.862152386038 5200.0 0.862152386038
956.154902695 89.9494631925 0.989625834659 1600.0 0.989625834659
1190.28228618 -36.8227243838 0.947573252387 4800.0 0.947573252387
-3671.507355 -55.6625214642 0.991930346422 4600.0 0.991930346422
959.519392611 -25.359572147 0.922182336387 4000.0 0.922182336387
-6487.41149195 -82.2736384745 0.958678504531 5000.0 0.958678504531
5377.22686123 -33.7989052938 0.971691563407 5600.0 0.971691563407
-4097.76766444 39.3743731101 0.926270135147 5000.0 0.926270135147
2641.0570291 68.1898732084 0.986201352425 600.0 0.986201352425
-980.446952988 31.713777793 0.890804642546 4800.0 0.890804642546
-5317.08205444 -44.3051998672 0.955907488904 5800.0 0.955907488904
65.8612000806 2.90832701573 0.886127980687 5000.0 0.886127980687
4954.71489364 24.3366367312 0.879901542228 5000.0 0.879901542228
3243.39098471 17.2405546006 0.912052424966 5200.0 0.912052424966
-5175.86599726 22.4464792014 0.88342335642 5000.0 0.88342335642
-7945.12579025 66.6156458937 0.9886924531 5800.0 0.9886924531
3122.06416068 -27.3366377971 0.900530962832 7400.0 0.900530962832
129.480509372 58.1030014939 0.859225508935 6600.0 0.859225508935
-2469.46751978 -49.9861275217 0.888276796938 5000.0 0.888276796938
649.47595881 -36.319717916 0.931713405403 5000.0 0.931713405403
3858.53947174 -16.6840467587 0.852761511058 5400.0 0.852761511058
-5145.98818107 81.2100741974 0.983845195646 5800.0 0.983845195646
-2659.65465655 -80.5669532716 0.983406530132 7800.0 0.983406530132
-3842.15574649 10.989373815 0.814147292917 5000.0 0.814147292917
193.872789969 -82.4889416969 0.983618207498 6600.0 0.983618207498
-2237.28621759 80.3166673761 0.95572972023 5200.0 0.95572972023
4695.3931454 78.7572069111 0.977983208263 7200.0 0.977983208263
-656.325825497 -70.0821460259 0.993796666859 600.0 0.993796666859
-6882.43972186 5.72365799161 0.958765005078 5600.0 0.958765005078
-3422.59879183 23.9071479307 0.872070646779 5000.0 0.872070646779
572.783823263 -34.7378771534 0.935429109335 4800.0 0.935429109335
7519.20108193 30.6120026297 0.963343703708 4400.0 0.963343703708
2427.28697838 -35.5570280174 0.86447899669 4600.0 0.86447899669
153.532426122 -17.6204853001 0.849916694284 5000.0 0.849916694284
1981.74462575 -42.1015609731 0.92189087804 4800.0 0.92189087804
-6454.34765241 -58.3238954939 0.995549275571 5600.0 0.995549275571
-3881.90172875 -9.47421919273 0.865023583592 4800.0 0.865023583592
-2700.16929721 66.6861663183 0.990584192134 4200.0 0.990584192134
-4449.82419118 5.74047133992 0.907550510038 4800.0 0.907550510038
-4771.16076374 -33.7025437535 0.85193656883 5000.0 0.85193656883
-7348.93212503 87.5013204695 0.995904298243 5000.0 0.995904298243
4798.50896942 24.6497394871 0.95492821778 6800.0 0.95492821778
3737.24390693 7.088776492 0.903438141504 6000.0 0.903438141504
-2823.55077749 65.2723000804 0.982184874457 4800.0 0.982184874457
-6738.37928765 2.9561599191 0.972518314167 5400.0 0.972518314167
1811.77613727 -13.1140974237 0.808257267491 4600.0 0.808257267491
-5462.55993174 87.8690916115 0.989276215456 5200.0 0.989276215456
2383.78649177 -82.5588641719 0.934938651454 5000.0 0.934938651454
112.258824682 23.8432911981 0.868232566448 7200.0 0.868232566448
-6418.04288989 1.86045020643 0.951399994625 5200.0 0.951399994625
6035.13441132 65.5896416821 0.990744241823 7000.0 0.990744241823
-3132.40708142 11.3982905304 0.879070256632 5200.0 0.879070256632
1557.34871261 -18.1573633905 0.894953132101 5000.0 0.894953132101
3237.24405102 45.5058398512 0.930032084765 6000.0 0.930032084765
1104.90077886 -3.57661222398 0.874517371131 6000.0 0.874517371131
2022.74578085 14.6533789451 0.889367653588 5400.0 0.889367653588
1172.68149454 77.7504138975 0.94146016939 600.0 0.94146016939
-1585.32654335 -17.9479197297 0.822289502386 5000.0 0.822289502386
3072.67188595 33.3816022291 0.873388985817 5000.0 0.873388985817
4386.97078554 1.36257893729 0.90951237075 6000.0 0.90951237075
436.030228145 16.6768871367 0.84017338733 7800.0 0.84017338733
3313.99912146 -65.247540459 0.937096701616 5800.0 0.937096701616
3055.75340619 -19.5678213271 0.823018555018 6000.0 0.823018555018
-2048.59261871 70.8503619846 0.958568469737 5000.0 0.958568469737
2931.68732597 52.3970136285 0.950240883171 5000.0 0.950240883171
-3452.72397682 10.3991262821 0.842241535556 4800.0 0.842241535556
6216.53297957 -39.6692215208 0.948604461989 4400.0 0.948604461989
-2460.82663518 -56.7071430776 0.981713687643 4600.0 0.981713687643
-6128.95218343 -19.7536505553 0.974208152779 5600.0 0.974208152779
3383.75366292 46.4332783304 0.962046944425 600.0 0.962046944425
3584.89526752 55.6278350282 0.964465940118 7200.0 0.964465940118
-941.745298447 -18.3235331407 0.809995597314 5000.0 0.809995597314
-410.365112576 19.3358211494 0.86263229369 5200.0 0.86263229369
-155.860152036 -59.0958541443 0.85545535529 5000.0 0.85545535529
199.030951358 38.2019048753 0.925095896804 7800.0 0.925095896804
-6039.40087473 -30.652852962 0.971695964312 5800.0 0.971695964312
6848.57098089 55.0968514609 0.984384490914 4600.0 0.984384490914
-1931.63398789 -69.6362732605 0.94822327934 5000.0 0.94822327934
-3331.86980162 -34.1020871262 0.811622248139 5000.0 0.811622248139
-7946.20444033 71.998955173 0.988145856216 5800.0 0.988145856216
8640.52358651 -23.339339413 0.976370037986 5000.0 0.976370037986
6980.41315708 4.07331715517 0.988038637151 2800.0 0.988038637151
7792.64713459 -87.2416191031 1.00679835836 7600.0 1.00679835836
3913.31166578 -1.74519825307 0.884094909051 7200.0 0.884094909051
-2570.67553785 -59.2108132717 0.915925753064 5000.0 0.915925753064
2431.5874715 -76.557883173 0.992778095044 7200.0 0.992778095044
6970.5843257 17.3679703127 0.992981989329 5800.0 0.992981989329
289.633327231 62.7893679158 0.982174097667 600.0 0.982174097667
-2127.22341131 36.0479121659 0.851377655135 5000.0 0.851377655135
-2515.23524664 56.1425831504 0.897828020287 5000.0 0.897828020287
2089.97961625 61.7335351994 0.892523167092 7600.0 0.892523167092
2712.97626468 15.6510405125 0.872780792377 7600.0 0.872780792377
722.506110217 -88.0274853261 0.990766123274 7400.0 0.990766123274
-3205.22852519 -48.8346960935 0.981411282869 5000.0 0.981411282869
275.780383149 -67.598133584 0.987140125453 7000.0 0.987140125453
927.857065102 -33.419277623 0.961184551288 4800.0 0.961184551288
-274.27900235 -67.7717139871 0.993435218262 7600.0 0.993435218262
-7200.78598018 -62.7965274424 1.00826757396 4800.0 1.00826757396
6951.12672408 -34.007669486 0.982206262417 1200.0 0.982206262417
-4846.27956895 26.1821278998 0.958736030177 6000.0 0.958736030177
6665.93477671 -71.2602426928 0.958176382938 5200.0 0.958176382938
-2208.56798842 -3.21862441798 0.769378488751 5000.0 0.769378488751
5677.79686603 28.8063304658 0.974854260811 5800.0 0.974854260811
6884.49829778 59.6622999263 1.003292727 5800.0 1.003292727
-7525.36844023 -59.0041747231 0.972561726018 5000.0 0.972561726018
-7020.22365396 1.36833744047 0.950695445539 5800.0 0.950695445539
1614.88143203 -21.0689323461 0.869566201981 5000.0 0.869566201981
1262.26560676 28.4424098511 0.868097759806 7000.0 0.868097759806
-2681.84776676 -25.5380445526 0.8456972249 5000.0 0.8456972249
1344.7416345 -1.29695146885 0.864194242683 7200.0 0.864194242683
7014.17152033 52.0204927764 0.997639750259 2800.0 0.997639750259
3142.55907065 -60.1624600215 0.914700679304 6400.0 0.914700679304
-5056.78184954 -41.2200641199 0.991998774509 7800.0 0.991998774509
-3428.31473963 7.25752617302 0.813329422503 4800.0 0.813329422503
3670.82042478 -71.0824281738 0.963470717205 7400.0 0.963470717205
-2721.15527166 58.6170222298 0.937229832782 5000.0 0.937229832782
-5207.56252884 -30.1905076858 0.937248236391 5000.0 0.937248236391
6079.67055845 -2.82988446431 0.983537365137 5800.0 0.983537365137
-636.446827786 -51.6026610078 0.906105939207 4800.0 0.906105939207
70.2514374011 -66.8079486144 0.96853722982 6600.0 0.96853722982
4797.8200324 45.6542607173 0.93217285847 6600.0 0.93217285847
3231.25188142 -45.5077343902 0.94131901398 1600.0 0.94131901398
4929.2973067 46.4318272482 0.983425082985 5600.0 0.983425082985
5416.90975869 -2.36627454806 0.910171071344 7800.0 0.910171071344
1942.5387039 -10.2840209409 0.842032662789 6400.0 0.842032662789
-7293.1655835 57.9621629845 0.993679858758 4800.0 0.993679858758
6243.35528643 -45.7155697885 0.999039554986 7600.0 0.999039554986
-1598.59894483 -14.7149998888 0.817195800508 5000.0 0.817195800508
-7912.72327538 -30.6223866018 0.996837708849 6000.0 0.996837708849
3694.33721687 34.6895582863 0.867041027302 5000.0 0.867041027302
-2023.40212585 89.006645436 0.895306738402 5000.0 0.895306738402
-684.319365327 -63.7453331541 0.99337186275 4800.0 0.99337186275
-5533.03674239 -47.0140867927 0.923335164224 5000.0 0.923335164224
5767.38123411 67.2168585003 0.998560823739 3600.0 0.998560823739
2371.88582457 33.4360722321 0.899024628173 7600.0 0.899024628173
-1387.61702554 -45.8762338035 0.923262794969 4800.0 0.923262794969
-3500.33078638 -35.2404184563 0.95763549244 4800.0 0.95763549244
5591.21495619 -34.1743812171 0.954705507095 5800.0 0.954705507095
4303.122306 49.0206580597 0.91956091387 5000.0 0.91956091387
752.214065078 77.6335453984 0.988388812586 1400.0 0.988388812586
-3228.40986365 4.40630942039 0.839787001757 5000.0 0.839787001757
-2380.23359827 89.685125999 0.949327386038 5000.0 0.949327386038
-3097.29990172 9.71164494649 0.795869625062 4800.0 0.795869625062
5188.46699 79.6808023716 0.928747942058 7800.0 0.928747942058
-226.971236781 57.5837185642 0.887200483279 6800.0 0.887200483279
3457.9394479 -10.2145787657 0.897611235057 5400.0 0.897611235057
5319.45946028 58.0398580916 0.947750283911 7800.0 0.947750283911
-2869.88064607 10.2989912042 0.862562605486 5400.0 0.862562605486
5275.90976425 49.2315991136 0.933914755327 4800.0 0.933914755327
5880.47358549 -5.90104574365 0.927022629599 4800.0 0.927022629599
4638.88174275 17.6774488534 0.869828948428 5000.0 0.869828948428
4629.69578808 -39.4550022076 0.892104699081 5800.0 0.892104699081
4113.55834318 -69.8645284574 0.990041938897 6800.0 0.990041938897
-5638.30652087 32.9407534665 0.95533967088 5800.0 0.95533967088
2322.22187355 -20.8657324787 0.895863742548 4800.0 0.895863742548
6087.92176906 44.9238609064 0.991600328448 6800.0 0.991600328448
1812.72679679 -11.4909129213 0.852904157956 5000.0 0.852904157956
4177.68438719 46.012360068 0.891803237029 5200.0 0.891803237029
-323.119606694 -58.2822551015 0.990039500827 7000.0 0.990039500827
-6779.23032247 67.8284524115 0.988745416697 5600.0 0.988745416697
2268.09033458 54.3197929551 0.954412630938 800.0 0.954412630938
1047.48362375 -34.1881962925 0.8305601529 6000.0 0.8305601529
-3263.23499739 -18.4698956706 0.788648923887 5000.0 0.788648923887
495.561497689 20.764742583 0.869067500042 7000.0 0.869067500042
4675.26668857 -66.0338548043 0.917354705047 7600.0 0.917354705047
-5726.83122369 -77.4308102928 1.00137694147 7800.0 1.00137694147
-6310.74311722 28.9610217277 0.971450181868 5800.0 0.971450181868
5347.06524357 -30.8719780279 0.987220734389 2000.0 0.987220734389
-199.884192388 -31.4244921831 0.828732795513 5000.0 0.828732795513
-6736.71458264 25.6880553735 0.982162155105 5400.0 0.982162155105
-6382.24700586 -8.63667404144 0.908032648551 5000.0 0.908032648551
-2123.11478779 -64.9970599099 0.891522753548 6600.0 0.891522753548
5571.79056279 -30.8927924528 0.993376725465 6000.0 0.993376725465
1335.3810608 27.5566908766 0.867832059533 7400.0 0.867832059533
5996.18995246 16.64386381 0.916249469805 4800.0 0.916249469805
4128.16392646 12.3650419575 0.853234350705 5000.0 0.853234350705
2866.89848376 41.3735955121 0.93424496184 5000.0 0.93424496184
2737.08198674 9.96727229855 0.855560136243 5400.0 0.855560136243
6134.37305805 80.8522247252 0.973495078294 7800.0 0.973495078294
-404.82948747 6.74537168383 0.887981793252 5200.0 0.887981793252
-7987.60777532 -66.1869909308 0.996591064294 7600.0 0.996591064294
4221.20070239 -61.3592916153 0.985389699928 6000.0 0.985389699928
3248.70769529 -63.9368779217 0.939236285971 1400.0 0.939236285971
3561.19681639 3.13822687078 0.859749001047 5000.0 0.859749001047
-5785.23803486 -7.33217413801 0.909784517822 5000.0 0.909784517822
1246.24913746 41.0145793381 0.892631846878 7400.0 0.892631846878
-6427.28199147 -63.5827222434 1.00718429421 3400.0 1.00718429421
-2041.59264713 2.16431041852 0.80962707036 4800.0 0.80962707036
1032.4461459 -46.0233637733 0.878698860904 6600.0 0.878698860904
7658.98465036 -5.65372855455 0.963776200261 5000.0 0.963776200261
6321.51757381 15.395232793 0.925892506162 5000.0 0.925892506162
-7274.82623326 -46.5192780967 0.908392563535 5200.0 0.908392563535
-4479.56285926 27.3053249269 0.911147089238 5200.0 0.911147089238
502.611994887 -42.2751037859 0.861658555202 7000.0 0.861658555202
1926.08636933 70.229831576 0.959276898841 4800.0 0.959276898841
-4132.01008135 -69.1760671362 0.992728442926 7200.0 0.992728442926
1315.33143779 -39.175992839 0.961004160793 5600.0 0.961004160793
-5941.44043783 -44.6155948421 0.992600502196 1800.0 0.992600502196
-429.572683955 -30.6949728283 0.941408842341 4800.0 0.941408842341
4666.71265361 -21.6438876329 0.867894971329 4800.0 0.867894971329
-3678.14590954 17.7175932952 0.90210689247 5000.0 0.90210689247
368.123680117 -54.4646194978 0.963601953373 1400.0 0.963601953373
4576.71824353 47.3364654439 0.903707396119 5600.0 0.903707396119
227.901261755 -39.9483148289 0.880803111296 5000.0 0.880803111296
-2873.01288338 -7.5229228633 0.790243355036 5000.0 0.790243355036
3197.92000659 27.3907477064 0.901403894779 4800.0 0.901403894779
-5312.75117024 -8.65113646052 0.903791043105 5400.0 0.903791043105
4838.54335175 26.4458975328 0.83660003973 5000.0 0.83660003973
7209.62664412 17.943054236 0.955874323838 5000.0 0.955874323838
660.033403265 -15.1217666129 0.855116538721 7800.0 0.855116538721
1348.09609796 28.2767480097 0.894480079068 6400.0 0.894480079068
-4220.12870079 9.81448820948 0.896395760789 5800.0 0.896395760789
2602.37716946 -31.4532898326 0.897638764677 6000.0 0.897638764677
-4723.52955501 71.8811459058 0.989184360784 6000.0 0.989184360784
3518.17870979 75.2838617855 0.990424215376 1600.0 0.990424215376
-4136.28054447 -5.15141070077 0.903320414002 5400.0 0.903320414002
-3762.7637049 47.0061893939 0.962479348319 5600.0 0.962479348319
2692.84181805 -4.17464607365 0.856321694913 6000.0 0.856321694913
-4904.71013349 -63.4223212578 0.964170075393 5000.0 0.964170075393
-6698.23908117 -30.8254139336 0.986242902699 6000.0 0.986242902699
-1481.66580066 -69.7504702961 0.914880135298 4800.0 0.914880135298
-995.537493377 15.5984616834 0.798759101858 4800.0 0.798759101858
-6986.09584912 -66.5892170894 1.00042582788 7800.0 1.00042582788
-6042.06463168 -8.1278549318 0.949754563409 5000.0 0.949754563409
-4933.5046202 -50.5299398907 0.942923732535 6000.0 0.942923732535
-1235.94843345 -26.133538837 0.849732785438 5000.0 0.849732785438
-5427.17915201 -22.8386173325 0.9807454518 6000.0 0.9807454518
4403.49825836 29.9165085059 0.898229557262 6200.0 0.898229557262
-6013.70928065 44.1490894732 0.980376120976 6600.0 0.980376120976
-1716.72098579 19.4201048005 0.860871102934 4800.0 0.860871102934
-334.795922237 -42.1189029993 0.925800906621 5000.0 0.925800906621
1964.38427414 67.7022675264 0.972647971627 5000.0 0.972647971627
3104.9338343 -30.8669259136 0.929310015772 4600.0 0.929310015772
-4386.71279283 46.8217048855 0.918582658624 5200.0 0.918582658624
-6971.63356714 -69.337648227 0.955733839865 5000.0 0.955733839865
7133.8554997 -32.2104602788 0.976627778091 5800.0 0.976627778091
677.182076054 44.6211811931 0.95983505319 5000.0 0.95983505319
1224.66458353 -27.0195485839 0.93105806848 1200.0 0.93105806848
-862.581322803 19.2256923284 0.857329780315 5000.0 0.857329780315
-6096.30476998 -8.26926020698 0.935572285106 5000.0 0.935572285106
2974.45309608 24.5609963254 0.855289572958 7000.0 0.855289572958
-4099.89791869 -76.7115374416 0.973029982098 4800.0 0.973029982098
611.644536078 -33.1146621958 0.87089041938 7600.0 0.87089041938
-975.000783097 -2.45248315795 0.827494897753 5000.0 0.827494897753
4377.2271904 -49.6159054534 0.98982334436 7200.0 0.98982334436
3364.64638865 45.3041652693 0.92325694143 5800.0 0.92325694143
-250.348803039 12.6501991673 0.881234181613 5000.0 0.881234181613
-5015.8236822 -59.5004326656 0.98197999211 7800.0 0.98197999211
-6392.49003721 -63.0697234854 0.994404415226 6400.0 0.994404415226
517.159375197 -81.7502274106 0.930978715163 4800.0 0.930978715163
-1385.59075884 51.7781877133 0.924502161743 5000.0 0.924502161743
1894.68040144 -65.2302521701 0.907930670382 6200.0 0.907930670382
3991.48262033 -26.5197179709 0.968660568054 600.0 0.968660568054
2670.09034076 -20.169250138 0.918515299676 5200.0 0.918515299676
-6729.18073704 52.3796401726 0.988206067291 5800.0 0.988206067291
-7182.27470161 47.0194368846 0.985461367246 5800.0 0.985461367246
3933.89086856 75.6906280633 0.965372901446 600.0 0.965372901446
-859.115114691 64.2579299575 0.908142791894 5000.0 0.908142791894
4722.71079009 29.0568745331 0.889994151555 7000.0 0.889994151555
-7929.22547092 34.1074137206 0.992781317972 6000.0 0.992781317972
-7109.64707709 35.2394838235 0.989465450696 5400.0 0.989465450696
6434.06918516 75.8804250037 0.974252770046 5800.0 0.974252770046
-1187.78409771 29.8608134428 0.816972776165 5000.0 0.816972776165
3352.3480173 28.1789921461 0.838483306836 5800.0 0.838483306836
-4699.23976207 -17.6620547795 0.963185599515 6200.0 0.963185599515
-1739.04972117 8.67866712511 0.865402700821 5000.0 0.865402700821
5983.32459223 -5.67741989501 0.964224245826 5200.0 0.964224245826
3277.64679504 -9.47243129973 0.852922928891 5600.0 0.852922928891
-1593.65898226 -51.2198141547 0.989610603288 5000.0 0.989610603288
2068.44237171 -16.3927489433 0.841371591638 5800.0 0.841371591638
-1546.30417561 -37.3541395269 0.851466983175 4800.0 0.851466983175
5568.16906315 -37.8565664821 0.973445254385 6400.0 0.973445254385
6951.4719755 31.9943049507 0.993330577239 5600.0 0.993330577239
-6368.14340646 -44.8922377073 0.993035266937 5000.0 0.993035266937
-4164.03523987 -14.3956822588 0.869281345087 5000.0 0.869281345087
7824.90902446 40.0962385368 0.991688083818 4800.0 0.991688083818
-6135.37947879 32.3240709349 0.978169482444 5000.0 0.978169482444
-1799.4247821 -29.7002189832 0.860054723541 4800.0 0.860054723541
-180.475812163 -4.09701036541 0.868352364649 5000.0 0.868352364649
6968.30481998 -44.2105486686 0.971069179485 4800.0 0.971069179485
-8315.35390187 -35.908391551 0.957957795385 5000.0 0.957957795385
2604.15994315 -83.218015682 0.994336148296 4600.0 0.994336148296
-1265.43331326 -3.01954836091 0.797666867421 5000.0 0.797666867421
6008.68249812 1.68718745792 0.902973639151 5200.0 0.902973639151
-7096.57072146 35.6575174194 0.944969348393 5000.0 0.944969348393
-490.570584962 54.7102980255 0.955244403351 5000.0 0.955244403351
641.659671871 39.8203017908 0.821777549777 7600.0 0.821777549777
2051.98266762 -33.0750978978 0.959222150421 4600.0 0.959222150421
-6385.93596594 53.7497779276 0.992017822707 5800.0 0.992017822707
-2534.09928052 -48.2874956933 0.873436858665 4800.0 0.873436858665
6385.80230632 -25.392309386 0.980462479388 5200.0 0.980462479388
688.722660319 44.4906057114 0.921991083839 7600.0 0.921991083839
-4168.82169487 -29.824787301 0.941842233342 5000.0 0.941842233342
-2560.39712914 48.414437372 0.90083002559 6800.0 0.90083002559
-875.85627639 -25.6133262091 0.88281846837 4800.0 0.88281846837
4932.60482589 80.4439479409 0.996813667904 4800.0 0.996813667904
584.285554733 -9.42134696819 0.829830197504 5800.0 0.829830197504
5565.44619521 -21.5637510857 0.889348524069 5000.0 0.889348524069
-5128.13363177 -65.756966559 0.998161457034 7800.0 0.998161457034
995.384112359 51.4128475348 0.953430918441 7400.0 0.953430918441
-4401.60002341 2.652204556 0.892111069826 5000.0 0.892111069826
-468.343237085 -42.1547011231 0.887476431209 5000.0 0.887476431209
6261.40604745 45.956990044 0.997610907005 7600.0 0.997610907005
3095.9601749 -24.6645497469 0.847133222424 5000.0 0.847133222424
375.469431683 -19.6529964836 0.857868521831 5000.0 0.857868521831
5199.50625739 -23.8231875305 0.873768387507 4800.0 0.873768387507
5733.29702832 -54.3972425326 0.995026040074 7800.0 0.995026040074
-4325.97440373 36.5457311141 0.962506019085 6000.0 0.962506019085
4971.0223437 -26.3283367887 0.848788559531 5400.0 0.848788559531
535.542255341 5.66908013254 0.836627447172 5600.0 0.836627447172
-1790.21126811 32.1748949825 0.779918497368 5000.0 0.779918497368
-1870.03715409 30.5391228866 0.832866675212 5000.0 0.832866675212
4720.19747188 -23.3740489846 0.900320366677 5000.0 0.900320366677
4309.77505025 -8.03866695716 0.907783143703 4800.0 0.907783143703
1135.79037158 -77.9214126329 0.993879532723 800.0 0.993879532723
646.493871052 -17.6800353126 0.859458638656 4800.0 0.859458638656
-2882.67194722 23.8794986555 0.874946679533 5000.0 0.874946679533
-119.47003663 -10.8501067704 0.850510882911 5000.0 0.850510882911
-999.261702541 86.1968255507 0.988028551314 600.0 0.988028551314
519.419323944 -19.8143324893 0.834680281528 6600.0 0.834680281528
-3520.87218634 -68.2316425234 0.860860510156 5000.0 0.860860510156
-5103.56887283 -11.2251323463 0.860355740143 5000.0 0.860355740143
-5246.1286278 -8.12223005661 0.895657441381 5000.0 0.895657441381
-6157.78144804 -70.5245540235 0.962721688684 7800.0 0.962721688684
6407.17188578 74.5692497705 0.992773533605 4200.0 0.992773533605
532.902396537 -12.4938078334 0.862579066441 5600.0 0.862579066441
-3264.32030442 29.1190332374 0.911413942163 5000.0 0.911413942163
-7737.71532958 45.8331594992 0.980391138135 5600.0 0.980391138135
