-4079.69998388 12.2565805856 0.865738323519 4800.0 0.865738323519
-7659.73655483 -6.65774572254 0.965673184046 5600.0 0.965673184046
2021.05854543 30.9588142109 0.955210019667 4800.0 0.955210019667
-999.170493475 2.08562184497 0.88204718629 5200.0 0.88204718629
4831.25584099 23.3890243169 0.927693690415 1400.0 0.927693690415
960.079893111 -17.6720681787 0.909383233155 7000.0 0.909383233155
2950.9753386 71.4064973814 0.965627116078 5000.0 0.965627116078
3463.36991492 38.3005018908 0.924758313468 5000.0 0.924758313468
-5352.8769627 -1.51880545694 0.931904252929 5000.0 0.931904252929
-2607.27993763 -51.2902947856 0.923876887918 4800.0 0.923876887918
3942.63512723 16.4607434975 0.906253781164 4600.0 0.906253781164
-3590.2851732 -81.3366602203 0.937596240688 4800.0 0.937596240688
5555.58246191 46.9711460302 0.930087082055 3000.0 0.930087082055
-1073.33637228 46.7193525986 0.955972055066 5000.0 0.955972055066
6963.14844169 -19.7063055345 0.978333770365 4600.0 0.978333770365
-157.790632154 -20.9423756601 0.898790353018 5200.0 0.898790353018
-4195.75701128 9.61549096077 0.835975307099 5000.0 0.835975307099
1235.84524278 -20.7433611919 0.901973144728 5000.0 0.901973144728
-322.624071505 -20.8328386699 0.895140688213 5000.0 0.895140688213
-2056.28317275 6.14902353759 0.821974616892 4800.0 0.821974616892
-5406.27655078 -39.2619554261 0.930145366784 5400.0 0.930145366784
-6011.13379051 42.3348835982 0.979471983756 5800.0 0.979471983756
5160.55838755 61.9769515954 0.986495293443 4400.0 0.986495293443
1510.76360631 -6.97817131368 0.874653792495 5200.0 0.874653792495
-1401.66062698 -61.3041064941 0.983644932484 4600.0 0.983644932484
-4255.89541485 -40.3983092101 0.983641728024 800.0 0.983641728024
-330.304704685 -28.7694917475 0.902022166122 5600.0 0.902022166122
1080.03561616 -10.598924656 0.847670093474 6400.0 0.847670093474
-363.809155326 -34.8474744096 0.89159308576 4800.0 0.89159308576
-158.324979547 -7.62912354919 0.905296224612 5400.0 0.905296224612
1778.46459298 39.2495343913 0.878972269336 6400.0 0.878972269336
-7087.24008544 32.5840458604 0.985209197405 5200.0 0.985209197405
6142.26063181 -25.5140266829 0.99348464889 7400.0 0.99348464889
8519.24217769 29.5785929168 0.991476533676 4800.0 0.991476533676
4031.9323337 -59.147867775 0.979351556264 7800.0 0.979351556264
8293.77221732 -57.0917797964 0.954462106879 4800.0 0.954462106879
-252.461321181 21.2367177016 0.905294955776 5200.0 0.905294955776
-80.7109931775 53.8260480201 0.96654746963 3800.0 0.96654746963
6429.39692163 18.7913243301 0.990976603824 7800.0 0.990976603824
3361.1730351 17.0604101284 0.899054684967 4600.0 0.899054684967
-4886.86798144 70.4335142956 0.967350649161 5200.0 0.967350649161
-4597.35820936 57.7101288507 0.965565043232 3000.0 0.965565043232
1275.83608281 9.39703795792 0.901469489379 7000.0 0.901469489379
-964.365712426 1.0611201371 0.893040098728 4800.0 0.893040098728
4876.71042637 -3.90222289688 0.917827776342 5000.0 0.917827776342
-2757.36019406 -77.1410412859 0.909097875938 5000.0 0.909097875938
-8442.84578138 -55.9133441962 0.98617045017 5800.0 0.98617045017
5489.21407431 -30.9607464016 0.896818285379 4800.0 0.896818285379
-1628.9515811 -71.1924696536 0.991416457778 5400.0 0.991416457778
1446.51497316 -7.54487635413 0.879964597438 4800.0 0.879964597438
-7305.19070821 24.4625914706 0.955537487861 5200.0 0.955537487861
5872.31721509 44.7791748395 0.991562857849 7800.0 0.991562857849
-320.711519318 62.6220996388 0.930006456922 4800.0 0.930006456922
4840.9257567 -56.559166036 0.987118213822 5600.0 0.987118213822
-3766.80486418 -0.953677730937 0.873692174983 5200.0 0.873692174983
-7496.55340531 -47.2536525677 0.996593422629 7800.0 0.996593422629
2117.68318339 -56.7073964683 0.9896301134 4800.0 0.9896301134
2430.01489464 8.89751150346 0.903029918979 4800.0 0.903029918979
-5507.19534845 27.516165372 0.951802887697 5600.0 0.951802887697
-4503.84002111 -29.8913104693 0.949882059936 5600.0 0.949882059936
-1172.66934701 17.2690722742 0.865509864142 5200.0 0.865509864142
6666.10273533 81.9590506466 0.995259319298 4600.0 0.995259319298
2671.67888152 -25.3510710343 0.912649419646 4600.0 0.912649419646
-5143.95987305 -21.293671608 0.958893490518 5200.0 0.958893490518
-6483.57739208 -3.50811768607 0.933908587893 5000.0 0.933908587893
908.242480997 18.7552439905 0.878595116832 6000.0 0.878595116832
-4928.75358658 -20.057108756 0.914905644789 5000.0 0.914905644789
301.489523124 -40.4608829225 0.879418941915 7400.0 0.879418941915
-6191.26001719 54.4517008518 0.997849272285 5600.0 0.997849272285
-608.345559429 -13.4731942785 0.88984154086 5000.0 0.88984154086
-6742.25437041 45.1732002618 0.987048035786 4800.0 0.987048035786
1296.4269315 -21.5583703366 0.887288268749 4800.0 0.887288268749
-3477.6820406 27.4450513172 0.909762183363 4600.0 0.909762183363
435.968521896 58.073282025 0.953105567888 5000.0 0.953105567888
-1440.35624479 -38.7733385365 0.856310610605 4800.0 0.856310610605
2207.73474234 22.3837651911 0.919072883013 4400.0 0.919072883013
-2260.78147318 -7.51492716995 0.803262585181 4800.0 0.803262585181
6316.04940289 -32.8324786524 0.977008247889 2000.0 0.977008247889
498.212547985 15.8638135262 0.863694953126 7000.0 0.863694953126
-373.36517569 17.5506990748 0.890038678743 4800.0 0.890038678743
2115.13606361 22.1845199095 0.919505059536 5200.0 0.919505059536
3021.23132753 -73.0429417278 0.9884038753 5400.0 0.9884038753
6828.41042916 36.5760348535 0.953393885199 4600.0 0.953393885199
934.075550263 -20.2248412806 0.907931339807 4600.0 0.907931339807
5070.39998579 -34.8888170258 0.91477426239 5000.0 0.91477426239
-7858.60634187 -82.5456321242 0.979979073095 4800.0 0.979979073095
2164.8324755 -21.4514362944 0.85659977051 4800.0 0.85659977051
-5258.81246267 40.9306878906 0.974081024653 5000.0 0.974081024653
-6741.90487355 43.4432053598 0.987400001444 5800.0 0.987400001444
-732.515201843 70.9817788768 0.946196839952 600.0 0.946196839952
-2398.86960247 -47.7029965311 0.883224018198 4800.0 0.883224018198
3576.68294588 -64.9704104134 0.917842758541 6000.0 0.917842758541
-3404.03684659 53.5435535776 0.881630189539 4800.0 0.881630189539
-7670.66071133 55.9288558568 0.977573791426 5200.0 0.977573791426
6800.99630393 65.5141124533 0.995360741304 7800.0 0.995360741304
-5480.38882584 -33.1905409942 0.994384969131 7800.0 0.994384969131
-6087.8024366 34.45437693 0.975194396669 5200.0 0.975194396669
8717.62480414 -81.8007952102 0.999850410194 3600.0 0.999850410194
4484.16463568 -24.9735897269 0.888861411247 4600.0 0.888861411247
-7310.90593534 -45.1563279341 0.999008413727 4400.0 0.999008413727
3950.26333443 38.0496754884 0.932452300282 4800.0 0.932452300282
4904.18245042 13.339737725 0.96033367538 7000.0 0.96033367538
-5343.06970767 57.5742590561 0.984313080857 5200.0 0.984313080857
-698.44040612 26.8114432501 0.911409139743 5400.0 0.911409139743
-6432.85166642 -80.0666653103 0.988205206286 7800.0 0.988205206286
4185.73001606 -23.9704967255 0.899773860962 5000.0 0.899773860962
3741.49982002 -77.9560234734 0.986958764257 600.0 0.986958764257
-1265.84497279 32.9674451406 0.948652362103 4600.0 0.948652362103
-7834.5172316 48.3093323527 0.987526720541 7800.0 0.987526720541
-1491.88141708 23.7696136635 0.865863019748 5000.0 0.865863019748
7223.99637901 -52.5132303305 0.994219684154 4200.0 0.994219684154
-6256.27165646 47.4899740595 0.980437476349 4800.0 0.980437476349
-2165.88656971 -9.81832274818 0.806885814807 5000.0 0.806885814807
-428.223114002 -59.6889927391 0.920217806649 5800.0 0.920217806649
4209.06849302 15.2168184845 0.889591774447 5000.0 0.889591774447
-2134.1341069 51.2387853495 0.914512330492 5000.0 0.914512330492
6483.8767594 11.8447731441 0.98229699728 5000.0 0.98229699728
-4654.49604811 -32.2814580204 0.878589064715 5000.0 0.878589064715
1335.59823341 12.7289557628 0.890493689619 4800.0 0.890493689619
6974.75931335 -15.3853245735 0.956505352423 5400.0 0.956505352423
-5598.01615244 -73.7406180879 0.970660870957 4800.0 0.970660870957
-2616.62175266 -1.4055742181 0.809689626454 5000.0 0.809689626454
2041.36163336 25.7532382749 0.914962001542 5000.0 0.914962001542
4713.3491739 63.7156246428 0.980800053177 5600.0 0.980800053177
4995.53247908 13.8396388739 0.912622069894 5000.0 0.912622069894
8721.03173782 -69.8540099834 0.997908008793 4800.0 0.997908008793
6579.54220133 43.4814299892 0.953548619111 4800.0 0.953548619111
-1806.14857046 10.59478138 0.833116281968 5000.0 0.833116281968
-1608.46540979 5.13473344871 0.841352244589 5000.0 0.841352244589
-6405.63116852 51.0089767685 0.988640499442 7800.0 0.988640499442
-6902.84326693 -21.9918985915 0.937460230765 5400.0 0.937460230765
-3050.7781208 -2.51639526299 0.807762670665 5000.0 0.807762670665
-5008.47163336 -33.626976223 0.964819634761 4600.0 0.964819634761
446.340127975 48.5142334629 0.92910215774 7200.0 0.92910215774
-5350.43777892 50.6064668453 0.978897108688 5600.0 0.978897108688
3467.47839872 -7.53032412451 0.892170440874 7200.0 0.892170440874
-625.613338512 25.4414729132 0.913005325522 4600.0 0.913005325522
102.346638579 -63.6363172214 0.990388965995 5400.0 0.990388965995
5160.95328446 -50.4952664859 0.925796861312 4800.0 0.925796861312
-3652.91165403 75.6916744728 0.952433725417 5000.0 0.952433725417
-2233.24108372 -21.3227488428 0.805040990581 4800.0 0.805040990581
2679.22039169 63.2130796877 0.975069525589 600.0 0.975069525589
7779.10402458 -41.7860060665 0.982341646552 1200.0 0.982341646552
-4950.54883931 4.50893652162 0.925861958814 4600.0 0.925861958814
7363.80420344 54.605799192 0.98529076593 4600.0 0.98529076593
-4405.23388962 77.0269009023 0.955366109537 7800.0 0.955366109537
-227.589445306 -56.129003267 0.985698239219 5400.0 0.985698239219
1839.85909658 7.84202363649 0.884908682915 5000.0 0.884908682915
-2034.07195603 -51.080069713 0.925422901449 4800.0 0.925422901449
5278.68230013 12.9195201793 0.930542979731 5600.0 0.930542979731
4068.7914849 -57.711803881 0.949271827217 5800.0 0.949271827217
5112.28575366 -38.6437952898 0.94521319506 5800.0 0.94521319506
-2136.08199398 -36.4151704008 0.890182765882 4800.0 0.890182765882
-2465.91213659 -17.2047215032 0.872025050465 4800.0 0.872025050465
-7023.86303136 -35.9513528517 0.983652749338 5400.0 0.983652749338
-1365.96344553 -6.00978432142 0.898575048489 5400.0 0.898575048489
-4864.72284935 -80.7140189856 0.975943578822 4200.0 0.975943578822
3477.7776914 18.9581489163 0.877472191749 5000.0 0.877472191749
-6668.55256403 14.1893251514 0.992452248279 4800.0 0.992452248279
558.281676613 -22.811685368 0.911370457586 7000.0 0.911370457586
1192.58047043 -12.0386155471 0.877862181816 4800.0 0.877862181816
-1749.87201627 -65.1017863593 0.991794772295 5400.0 0.991794772295
-5211.78881682 27.7552608537 0.991217583896 4800.0 0.991217583896
4475.55795009 -82.8944474473 0.946007963864 4000.0 0.946007963864
-792.653227217 14.1762893938 0.893086846485 6600.0 0.893086846485
-5424.93522602 72.7325903109 0.998455995744 6600.0 0.998455995744
-1468.7382234 -35.3636358923 0.866434379367 4800.0 0.866434379367
1173.63579466 26.4648437937 0.864001703293 6200.0 0.864001703293
5456.13190836 -47.5575687048 0.992484492299 5600.0 0.992484492299
-4106.82494942 49.5220461082 0.930468589102 5000.0 0.930468589102
-4170.23934446 26.0976356808 0.869187667654 5000.0 0.869187667654
-5150.43046254 83.1154957053 0.977926859246 4400.0 0.977926859246
6797.31577064 33.9383176189 0.965146098549 4800.0 0.965146098549
-455.547444973 -28.7208621034 0.923596521784 7000.0 0.923596521784
-7907.16955881 -30.4283134504 0.970067337529 5600.0 0.970067337529
-7200.85699092 44.255509575 0.987398522592 5200.0 0.987398522592
-7714.77083058 -84.7912813818 0.983444907428 5400.0 0.983444907428
-74.7494923465 21.975266931 0.891014297724 5200.0 0.891014297724
-109.737493858 -72.5124977068 0.919487404567 5000.0 0.919487404567
-6132.24323512 63.4595834555 0.962000156525 5000.0 0.962000156525
-821.505701221 -81.3730256176 0.980525579435 4600.0 0.980525579435
-4407.84726739 3.7543086937 0.863709187745 4800.0 0.863709187745
3549.15286112 -33.7432860187 0.86935522377 5000.0 0.86935522377
3772.98035319 -47.4764814343 0.991816739324 2000.0 0.991816739324
-5427.0678605 -44.3411908454 0.971607808143 4800.0 0.971607808143
1244.30588149 -78.2582650372 0.998108957857 6400.0 0.998108957857
-1916.76826831 -12.2702190154 0.827600380827 4800.0 0.827600380827
-630.394968111 50.6169883722 0.985448297319 1000.0 0.985448297319
-4772.52897964 61.2925233729 0.9723668689 2800.0 0.9723668689
6025.61720115 61.0812352399 0.96404288128 6400.0 0.96404288128
1714.75866935 -28.0720370714 0.930676645191 600.0 0.930676645191
-2014.35493032 51.6135255862 0.947562501717 4600.0 0.947562501717
1348.41937773 34.3975438049 0.889416876321 4600.0 0.889416876321
-5135.86131822 -58.6583580732 0.978660630374 5200.0 0.978660630374
-4285.97091711 -34.0716192382 0.912016155743 5000.0 0.912016155743
-4715.28736448 -14.101497841 0.942167214573 5000.0 0.942167214573
6190.95348263 27.4892222428 0.933709647122 7800.0 0.933709647122
1104.01253548 48.7992236794 0.930064105423 7800.0 0.930064105423
3062.52490347 -70.8905411005 0.992427172086 2600.0 0.992427172086
3327.26736455 -60.3402106808 0.918131310345 5600.0 0.918131310345
2803.85476502 51.3518087709 0.969161237252 4800.0 0.969161237252
-2084.5158982 6.84059911507 0.841367301899 4800.0 0.841367301899
-611.481648575 43.884137977 0.876231978721 5000.0 0.876231978721
-5160.52004966 -49.127568715 0.995425364896 6600.0 0.995425364896
-6544.11327272 38.9841119541 0.97957869226 7800.0 0.97957869226
-2887.60394803 -29.846013547 0.837085439999 5000.0 0.837085439999
4617.9287717 -87.2966762199 0.993441579905 5600.0 0.993441579905
2825.04060539 77.8190141981 0.973512158027 600.0 0.973512158027
-7941.56661738 -71.7232404626 0.99134649164 5000.0 0.99134649164
1951.01969844 25.7798051367 0.881281429693 5200.0 0.881281429693
3661.66009215 -29.2136912996 0.911010919161 5800.0 0.911010919161
2319.60465596 -23.3406084808 0.88485824939 5400.0 0.88485824939
6794.05611258 -39.1812669472 0.988406447341 4800.0 0.988406447341
-6760.40958964 -76.7662800358 0.999377365897 4800.0 0.999377365897
3780.88539229 -9.16463522091 0.88830318896 5400.0 0.88830318896
705.073710299 63.6040871574 0.984738280984 4800.0 0.984738280984
-393.320881799 -9.3660674252 0.889967142582 5200.0 0.889967142582
-3637.79555422 -13.6088463935 0.830338516347 4800.0 0.830338516347
-6743.85535474 51.1730099083 0.992430312973 7800.0 0.992430312973
597.048923069 -65.4542103169 0.92739247927 6400.0 0.92739247927
-2.25958907458 32.5420128339 0.875373263197 5000.0 0.875373263197
-5396.99139139 11.7974858702 0.941380282914 5000.0 0.941380282914
6873.79857109 43.6327634058 0.968473179117 4800.0 0.968473179117
-5363.63789235 -18.5624535211 0.940229258844 5200.0 0.940229258844
-7097.88114272 7.79580668908 0.953201875273 5200.0 0.953201875273
-6344.84724759 -4.62076762841 0.953674242265 5000.0 0.953674242265
4623.66757636 -28.9463548994 0.881668920376 5000.0 0.881668920376
1653.14575282 82.0215793676 0.987052405994 4600.0 0.987052405994
7166.43659459 17.9338323336 0.939129549058 4800.0 0.939129549058
-5146.16459866 44.9016858893 0.991318558888 2200.0 0.991318558888
3149.57678377 -9.23381185332 0.868119797227 4400.0 0.868119797227
4331.18327811 -58.3088965041 0.92398130583 3800.0 0.92398130583
3292.33253593 6.11482666387 0.899714890147 5200.0 0.899714890147
-915.942338385 32.0591846397 0.864842697465 4600.0 0.864842697465
-5566.92232716 12.8567495526 0.969998670573 5200.0 0.969998670573
-5203.24270529 -86.9002387072 0.984419124922 7800.0 0.984419124922
-4356.8667546 -11.0311927531 0.838351238739 4800.0 0.838351238739
-3915.71309529 8.82899552897 0.883151579601 4800.0 0.883151579601
6142.79292341 -14.3063879436 0.974693735153 5800.0 0.974693735153
-6161.50679586 48.4060905607 0.984980071369 4800.0 0.984980071369
6159.87967953 -4.17797964535 0.961066509834 5000.0 0.961066509834
-840.647867826 80.7558419801 0.982556906407 4800.0 0.982556906407
986.556631192 74.8546059274 0.98573521443 600.0 0.98573521443
-2404.86838095 19.698293768 0.833919843025 5000.0 0.833919843025
-4033.44563207 -8.32671428592 0.841771980278 4800.0 0.841771980278
-6060.44751497 -79.3412301898 0.994292204749 7800.0 0.994292204749
-429.707228247 -27.9433284186 0.914627436039 7200.0 0.914627436039
-4880.44278378 80.1027955876 0.980525932268 4800.0 0.980525932268
-2622.50644629 63.3314199649 0.984705851242 5200.0 0.984705851242
-4743.63298563 -27.9575126316 0.93450786015 4400.0 0.93450786015
7506.54794705 34.7534183335 0.988960340629 4800.0 0.988960340629
-2603.29114244 65.720158265 0.978816708303 4600.0 0.978816708303
6354.59680573 -39.4354800481 0.946974327794 5000.0 0.946974327794
6125.13818713 -31.0957279167 0.98202294005 600.0 0.98202294005
-6982.34163534 44.6281280503 0.992079246482 5800.0 0.992079246482
-4913.80036266 -5.0353643025 0.922923842584 5000.0 0.922923842584
6493.5094542 61.8644882387 0.98309828913 4400.0 0.98309828913
-3095.17297432 12.3386024437 0.821169971531 4800.0 0.821169971531
6432.38829771 -48.8112650026 0.996129993215 7800.0 0.996129993215
1408.47912282 26.6454897238 0.903453194776 4600.0 0.903453194776
8708.72555752 -46.098121627 0.951226922242 4600.0 0.951226922242
7256.46812131 -17.1043603024 0.972357088866 5000.0 0.972357088866
-5661.30651642 -54.8645194464 0.923872317175 4800.0 0.923872317175
5587.89469591 -30.5503632216 0.955200662991 5200.0 0.955200662991
102.357588727 -51.6276283536 0.909601299695 5000.0 0.909601299695
-1669.55895637 -54.7900910069 0.991207797635 4600.0 0.991207797635
6038.23701576 -64.7300551027 0.958210585335 7400.0 0.958210585335
-2041.22276735 -75.1125107767 0.992282897989 4800.0 0.992282897989
-1582.11428182 56.9737966945 0.919575819501 5000.0 0.919575819501
-5710.33037225 -3.08157876934 0.885381265409 5000.0 0.885381265409
2190.80780608 -38.4496923488 0.924998988655 4400.0 0.924998988655
5051.92339765 -30.7664915374 0.891238753463 5000.0 0.891238753463
-5829.73546425 37.3276027824 0.947063314068 5600.0 0.947063314068
-530.310396334 36.2101012482 0.97861397735 600.0 0.97861397735
-33.0563795406 6.47942474223 0.855342516239 5000.0 0.855342516239
762.143737334 71.5483833134 0.98704264421 5200.0 0.98704264421
3486.77475799 54.0322694717 0.936636164223 600.0 0.936636164223
6757.02750875 -20.655542172 0.948258101149 4600.0 0.948258101149
1899.38492014 -88.3904746964 0.998241505997 7400.0 0.998241505997
-7937.97440106 2.19543602704 0.973547817399 5200.0 0.973547817399
-1860.9684165 6.16303593279 0.818274459263 4800.0 0.818274459263
6972.45939783 54.6952714584 0.997980131693 7800.0 0.997980131693
5222.2236781 15.9000744004 0.951323359713 4400.0 0.951323359713
-6214.33587148 52.7603676016 0.941796654682 4400.0 0.941796654682
-5296.5617517 71.598395764 0.992272566588 7800.0 0.992272566588
2456.13328513 -19.8284289407 0.871985259652 4800.0 0.871985259652
-5628.81600555 -18.7647900759 0.948231589098 4600.0 0.948231589098
-7954.0622451 63.4376352799 0.990886387557 5000.0 0.990886387557
-1049.50828926 -80.9515894959 0.960607420868 7400.0 0.960607420868
-448.667922852 -51.277171499 0.911141161975 6800.0 0.911141161975
6435.23059747 -30.6834576433 0.981809522256 3400.0 0.981809522256
-5949.08036228 -84.4299638382 0.996415451706 5400.0 0.996415451706
-3699.97328609 -68.0680532816 0.987924531821 4600.0 0.987924531821
6303.90119601 63.1254697 0.994036778966 6400.0 0.994036778966
-7434.82624669 12.8296630223 0.987566273666 5600.0 0.987566273666
5727.13187789 -30.5134070831 0.982496690549 600.0 0.982496690549
3446.06714077 13.7162712316 0.890042539235 5000.0 0.890042539235
-6067.6627857 -5.07029549972 0.934713476265 4800.0 0.934713476265
-7374.75217125 -41.5522477185 0.999162715628 4400.0 0.999162715628
443.042537447 -56.3049920842 0.956125287148 1600.0 0.956125287148
-3918.34876698 53.4026754573 0.942966312205 4800.0 0.942966312205
-777.85568402 54.3897046965 0.94366882765 7200.0 0.94366882765
-6620.76394866 -43.3110166773 0.939991584691 5200.0 0.939991584691
-524.526954445 56.3479621514 0.931520437773 4800.0 0.931520437773
6015.22145339 -19.300511499 0.992982609864 5000.0 0.992982609864
1764.96148381 -57.289538758 0.965600083126 600.0 0.965600083126
4326.48717426 -37.3720872681 0.968494283714 1600.0 0.968494283714
4805.02388389 -67.2032155376 0.966673859007 5600.0 0.966673859007
5423.20823444 25.8637596381 0.950575968766 5600.0 0.950575968766
-2942.86022623 -40.2721623667 0.866583390834 5000.0 0.866583390834
-2440.95288378 -81.2745000542 0.912139399245 4800.0 0.912139399245
-5137.30233137 79.5160240128 0.935397452367 5000.0 0.935397452367
-246.124296659 24.0390218291 0.887901128689 6800.0 0.887901128689
4643.87448295 45.4538328839 0.980671253809 4800.0 0.980671253809
6455.12120967 22.7250355629 0.988172145715 5800.0 0.988172145715
3679.12359831 -77.7553595356 0.96879412501 6800.0 0.96879412501
-2687.50948471 18.2896466606 0.827247176273 4800.0 0.827247176273
-6758.84616476 30.628000323 0.975972824592 5000.0 0.975972824592
6926.4335529 30.2002917696 0.982281331863 4800.0 0.982281331863
5267.98862629 36.1707312294 0.969125346794 4800.0 0.969125346794
3317.90929996 -39.9849017646 0.980245602196 3400.0 0.980245602196
4744.6520803 -27.1569846231 0.946030441048 5000.0 0.946030441048
6390.85635693 43.0820421421 0.907415221266 5000.0 0.907415221266
-12.1532345108 70.0865485001 0.953208586894 1000.0 0.953208586894
4766.50337329 14.2658732427 0.930215364743 4200.0 0.930215364743
-5781.63876936 -46.7757315458 0.938255812647 4800.0 0.938255812647
-8732.43099656 -74.2195272237 1.00059342046 7800.0 1.00059342046
-5958.71208462 12.005003835 0.964126657193 5000.0 0.964126657193
-4039.80188359 28.4147872308 0.946234356403 4800.0 0.946234356403
4691.30694381 -78.3160093782 0.984625286009 5000.0 0.984625286009
-1157.50128752 29.5197467337 0.898481706266 5200.0 0.898481706266
1687.66623979 28.1696712408 0.912981203285 6800.0 0.912981203285
742.659012163 71.4390794909 0.987959918445 2800.0 0.987959918445
-2558.4733995 3.57983284188 0.822796000097 4800.0 0.822796000097
-6604.1423648 17.26738693 0.902567192771 4800.0 0.902567192771
-269.497343234 -69.4048390268 0.936561486881 7800.0 0.936561486881
-4483.82327255 -66.6885814936 0.986498757376 3600.0 0.986498757376
1873.77487647 -6.16211689228 0.901733060462 6800.0 0.901733060462
6312.81608216 49.3655912189 0.979219612197 7200.0 0.979219612197
3486.47842803 -54.6038460565 0.988049250724 1800.0 0.988049250724
3051.38019989 -24.0960524466 0.926314011782 4800.0 0.926314011782
-7782.55180263 -28.6583116242 0.980856016785 4400.0 0.980856016785
496.073053383 -35.6027936559 0.91368151178 5400.0 0.91368151178
-1441.25311969 -39.7629191397 0.971586100042 600.0 0.971586100042
2158.19260757 11.9913429747 0.872316537694 4400.0 0.872316537694
-4821.3958663 83.5688843103 0.987483881614 7800.0 0.987483881614
-2423.15866205 47.8821145428 0.855565302752 4800.0 0.855565302752
67.2885246709 -60.5663820015 0.929708258512 6000.0 0.929708258512
2261.7621894 1.01202059148 0.89667101668 4800.0 0.89667101668
2481.42637585 52.2051610408 0.977204964348 600.0 0.977204964348
-3129.35384102 15.0621511851 0.841330540213 4800.0 0.841330540213
-4042.48696773 -25.0987559397 0.852236818993 4800.0 0.852236818993
-3979.659413 8.66503929168 0.843809047125 5000.0 0.843809047125
-6134.05455382 20.237723221 0.968007292775 4800.0 0.968007292775
-4439.43585837 37.8045985884 0.908112314548 5200.0 0.908112314548
1580.62206926 51.221698208 0.92266248025 4600.0 0.92266248025
-4025.10121613 -45.1265977313 0.858717073634 4800.0 0.858717073634
5666.09021352 51.5798429112 0.939019432462 3800.0 0.939019432462
-1383.55952901 -30.1289513215 0.880156629404 4800.0 0.880156629404
3290.73043832 32.9116526145 0.874328297842 6800.0 0.874328297842
4425.56599678 -68.3260204188 0.993592341868 4600.0 0.993592341868
-6976.02756439 -30.9563221312 0.933014916374 5000.0 0.933014916374
7131.61935045 15.8947464514 0.973717422699 5000.0 0.973717422699
3623.02178873 -35.0642138909 0.942051745403 5000.0 0.942051745403
-4216.79743672 5.30556123283 0.902645430734 5000.0 0.902645430734
3223.12859333 16.4432664818 0.870828747543 4800.0 0.870828747543
-4528.08025912 37.167522137 0.961002592183 7800.0 0.961002592183
-1487.22270497 39.2768062628 0.929406526532 4800.0 0.929406526532
-6348.34679223 -67.7663653305 0.995622024001 5400.0 0.995622024001
5238.4738873 -9.92854831831 0.923629847026 4800.0 0.923629847026
-5046.52736003 -9.61253362202 0.94407705507 4800.0 0.94407705507
1846.58830343 63.8274709366 0.93963123015 2400.0 0.93963123015
4675.88353837 24.9145041633 0.914314367243 4800.0 0.914314367243
-2556.4431486 29.56332554 0.844962675629 5000.0 0.844962675629
7448.23309115 -38.6576655272 0.995972835459 1000.0 0.995972835459
-3592.58257537 -27.2997048738 0.881320515543 5000.0 0.881320515543
-3855.52222674 2.55734657775 0.82792788146 5000.0 0.82792788146
-3586.06634008 73.814904332 0.971842159516 4800.0 0.971842159516
-2195.39622843 -62.5374628178 0.993011041335 3800.0 0.993011041335
-4541.17136405 71.7579377116 0.979088207734 6800.0 0.979088207734
-3927.99067234 74.9494536976 0.968528679502 4600.0 0.968528679502
1628.47606211 -17.5557203883 0.919155184887 5000.0 0.919155184887
-1209.66612188 -72.2612652862 0.968708431285 5400.0 0.968708431285
-1894.50174732 -52.392992286 0.892009823361 4800.0 0.892009823361
-3363.31904009 -64.4373000394 0.916154760271 5000.0 0.916154760271
6457.11768213 19.6484151034 0.971923698553 5000.0 0.971923698553
-5341.80038174 -27.0751514463 0.953649914061 4800.0 0.953649914061
451.967899878 -80.7503270312 0.957728815092 7400.0 0.957728815092
-6198.0116579 -53.8567870952 0.997906480525 5600.0 0.997906480525
-4596.37890912 71.1545033166 0.978001520208 7800.0 0.978001520208
6471.97206009 -26.5919344648 0.973747738089 4600.0 0.973747738089
-3451.87281426 -59.9702781364 0.909814240879 4800.0 0.909814240879
-1852.51482621 86.4471376919 0.981554417737 7800.0 0.981554417737
-7013.54322635 48.4527512878 0.975694349079 4800.0 0.975694349079
-6440.0740102 39.2332633176 0.995110360037 5000.0 0.995110360037
-4862.66616401 45.3596171041 0.984920273278 5600.0 0.984920273278
-6271.45896183 -17.5537731777 0.895171472453 5200.0 0.895171472453
-1973.36782232 -69.3535922424 0.938563609536 4800.0 0.938563609536
5206.78795168 33.7264279536 0.965293779272 2400.0 0.965293779272
-4325.54367984 -17.263218803 0.89267740978 5200.0 0.89267740978
5779.18237722 -23.6843675498 0.89345252102 4800.0 0.89345252102
239.93198113 -42.5351648084 0.892716394724 5000.0 0.892716394724
508.068786949 6.15022028369 0.882934366151 4800.0 0.882934366151
2192.91132083 -33.1811086862 0.891140223814 5000.0 0.891140223814
7744.5959447 -58.3043371749 0.996893016522 7600.0 0.996893016522
-946.087428551 83.7170908889 0.985333258881 4600.0 0.985333258881
-2459.21178535 46.0944039652 0.932948205307 4800.0 0.932948205307
-1828.22337744 79.1083304438 0.954011757243 5000.0 0.954011757243
6568.31225528 48.947340016 0.992993028146 600.0 0.992993028146
-400.878820255 -37.9142164399 0.918349839726 5200.0 0.918349839726
3700.97349778 -70.2720124868 0.971620058386 4800.0 0.971620058386
6906.36698937 44.4455899746 0.986045371233 4200.0 0.986045371233
-2800.82967678 -70.1759182536 0.88843004975 5000.0 0.88843004975
-5658.13208749 33.3756400483 0.992190201922 7800.0 0.992190201922
4139.21246713 53.4110662926 0.929740454847 4800.0 0.929740454847
7129.52298539 17.5702493389 0.948651233664 5000.0 0.948651233664
-7027.57352136 29.5667741781 0.98109271686 5600.0 0.98109271686
2207.51716058 41.7056949075 0.901624889873 5000.0 0.901624889873
743.811409981 -3.52748928047 0.857710987405 4600.0 0.857710987405
7872.99613466 46.4555127809 1.00226541368 2200.0 1.00226541368
-7092.50448097 48.1154528984 0.980843660897 5000.0 0.980843660897
-2605.51872823 31.6889248058 0.938060027618 4800.0 0.938060027618
-7130.11187501 41.8017408665 0.990611843484 5000.0 0.990611843484
4533.74134877 54.3761106566 0.930912155042 2400.0 0.930912155042
7081.52814087 36.109156812 0.93522597334 4800.0 0.93522597334
-2233.01223536 -25.5496301369 0.856017702786 5000.0 0.856017702786
6911.65135964 15.8825133407 0.986140570922 5800.0 0.986140570922
3143.47129902 -58.5825248779 0.995676545427 6800.0 0.995676545427
-1806.46930591 80.9799526528 0.983149447893 5000.0 0.983149447893
1611.42499832 1.93173707318 0.877551279616 4800.0 0.877551279616
-8487.62745243 63.6408278536 0.988648399427 7200.0 0.988648399427
6440.62709985 40.1162812218 0.966226785518 3800.0 0.966226785518
3726.92985818 29.5041005084 0.880695337103 4800.0 0.880695337103
-3232.64588731 54.6680838123 0.931995588511 4800.0 0.931995588511
476.96827425 76.0167429961 0.933258521684 600.0 0.933258521684
-1773.66502338 -45.5242619222 0.98893161296 600.0 0.98893161296
7375.09940465 59.2198819629 0.970735165272 2600.0 0.970735165272
-6899.52694743 72.1500495147 0.965822242035 4800.0 0.965822242035
-2235.78421721 -29.2485633277 0.811857344727 5000.0 0.811857344727
3059.63089476 18.2591114292 0.893197301752 4800.0 0.893197301752
-6408.1519178 -8.16828942944 0.934620656547 5000.0 0.934620656547
-779.920970428 88.2961930598 0.98071203216 1200.0 0.98071203216
-3168.69808999 32.7904190994 0.822343368729 4800.0 0.822343368729
-5643.58093091 -65.9812595753 0.998622143704 7800.0 0.998622143704
-6601.33681201 23.7812612649 0.980788693061 4800.0 0.980788693061
1159.84502319 29.2634100491 0.896241658195 3000.0 0.896241658195
-6854.12876886 -53.6606412419 0.988417820193 5400.0 0.988417820193
-6602.93065166 -81.0427258431 0.996961430271 5600.0 0.996961430271
-5282.7642705 -59.708340444 0.989362489161 6600.0 0.989362489161
-4285.58117051 35.3400443523 0.929317760513 5000.0 0.929317760513
-4426.90415508 -54.6840114699 0.996418420224 4400.0 0.996418420224
5574.57940306 -69.2647025742 0.93847563891 4600.0 0.93847563891
5835.18012722 -17.9249460842 0.8856747159 4800.0 0.8856747159
2662.74778789 84.2226950126 0.946572275602 4800.0 0.946572275602
-6272.62649129 -5.44206706182 0.95014237008 5200.0 0.95014237008
-7227.25474434 -63.4100162196 0.968217814912 5000.0 0.968217814912
6740.96256795 -49.4392129579 0.991747316154 6400.0 0.991747316154
637.719072254 44.6266799094 0.895572744913 4600.0 0.895572744913
-1627.8526438 4.38117602637 0.867623515901 4800.0 0.867623515901
-5161.27938402 -14.8630668764 0.852683991239 5000.0 0.852683991239
3990.27861738 -21.1172313801 0.877420487239 4600.0 0.877420487239
2885.95715652 5.19779914654 0.862243070209 4800.0 0.862243070209
8348.75892756 -14.353235643 0.996520679291 600.0 0.996520679291
-3093.32020242 -26.8003156546 0.870690540186 4800.0 0.870690540186
1665.49566849 -60.2730796664 0.989685414371 2400.0 0.989685414371
2601.31706391 -42.8289481777 0.906982582329 5800.0 0.906982582329
6891.94970366 52.1699985453 0.965929692195 7600.0 0.965929692195
6519.02222875 58.2076547875 0.950712273053 5600.0 0.950712273053
5150.08921932 42.0426346261 0.97330435871 1400.0 0.97330435871
-3577.13437694 65.795095771 0.97998031189 4600.0 0.97998031189
1939.31238747 -7.71152614601 0.878344391434 4800.0 0.878344391434
-5543.30104279 8.31548379095 0.942650278865 5000.0 0.942650278865
-3215.20088207 44.965240942 0.918223012729 4800.0 0.918223012729
-1825.7783664 -60.844892916 0.988298403554 4600.0 0.988298403554
-6770.74804545 45.3627086285 0.984226677886 4800.0 0.984226677886
3406.237088 -61.2839256928 0.917774435792 7600.0 0.917774435792
529.589041609 -6.19595685361 0.842575320783 6200.0 0.842575320783
8149.89660836 62.9301136388 0.992221829708 4600.0 0.992221829708
-7431.28489773 11.3624958676 0.969151090267 4800.0 0.969151090267
-2544.38643735 -20.8078076702 0.820697298374 4800.0 0.820697298374
-3758.84208821 -7.44230538127 0.808999175586 4800.0 0.808999175586
4234.7174878 -14.0382385523 0.921492342286 4800.0 0.921492342286
-5714.76452451 -61.8572239839 0.993174430056 6600.0 0.993174430056
749.392079597 12.3040922637 0.90844316787 7600.0 0.90844316787
6371.35901121 13.846606663 0.894234623773 5000.0 0.894234623773
-2105.78596608 15.9837536827 0.874805416698 4800.0 0.874805416698
6891.78377765 68.007469346 0.946882705037 7400.0 0.946882705037
-963.396622429 -32.732589222 0.934103745581 600.0 0.934103745581
-3440.23254866 -73.6564328995 0.994964025539 3400.0 0.994964025539
4293.05260344 -77.278563708 0.986649540732 7400.0 0.986649540732
-3710.50947205 -10.6869814543 0.824760977976 5000.0 0.824760977976
-3548.43529465 68.5753858351 0.982058078244 6600.0 0.982058078244
1669.75542351 10.190575438 0.876247408437 5000.0 0.876247408437
3146.70879886 58.4603396067 0.919265129889 6200.0 0.919265129889
2673.84324671 -57.4377987645 0.991444980671 6200.0 0.991444980671
5909.17094553 36.0172428995 0.972939833203 600.0 0.972939833203
3195.66023604 12.6877887829 0.867457942182 5000.0 0.867457942182
1169.86566763 -29.0200377841 0.881263063927 4800.0 0.881263063927
-1586.85736507 -34.8055324446 0.896516399845 4800.0 0.896516399845
5828.20200463 -70.602184979 0.9891022475 800.0 0.9891022475
5370.5785607 66.023531436 0.973899520758 4800.0 0.973899520758
5019.85962562 51.1275740117 0.948851114294 3800.0 0.948851114294
814.809922781 -4.01247602908 0.887085374914 5600.0 0.887085374914
-2686.44289871 -51.8118988857 0.8881479482 4800.0 0.8881479482
1718.10066254 11.1433261793 0.872170133944 5400.0 0.872170133944
8118.25992547 -34.2532987635 0.918449839148 4800.0 0.918449839148
-2276.91524581 68.3469350713 0.984984198806 5200.0 0.984984198806
5202.87862911 19.9146239008 0.878172987367 5000.0 0.878172987367
-3025.93955239 -35.815454949 0.842850256035 5000.0 0.842850256035
1576.86856137 63.3737268672 0.991741643509 800.0 0.991741643509
7363.80678676 -54.7487634547 0.927927256711 4800.0 0.927927256711
-3098.18701431 -49.0082614167 0.830299280196 4800.0 0.830299280196
2589.76711205 21.0659972025 0.946159631788 5400.0 0.946159631788
-4737.67365613 71.9897730301 0.967731839759 7200.0 0.967731839759
1002.65730396 50.4286103954 0.857091078341 7200.0 0.857091078341
5383.03031425 4.86255207211 0.927278216595 5800.0 0.927278216595
972.900980596 -54.5243966523 0.907592396525 600.0 0.907592396525
-3200.74616067 -66.2065119042 0.876491497865 4800.0 0.876491497865
947.889217373 -8.84145168506 0.862694670468 4800.0 0.862694670468
3390.39863635 -50.7729406693 0.880337976255 5400.0 0.880337976255
8886.51294711 9.03769282062 0.994361903297 1200.0 0.994361903297
-1526.84663678 -42.0009750198 0.887594539118 4800.0 0.887594539118
1095.95825503 44.3704337244 0.915710002487 4400.0 0.915710002487
-6830.1649486 -53.5430995164 0.985392401131 4600.0 0.985392401131
-412.273489149 -42.4844286715 0.876462456643 5200.0 0.876462456643
3107.81983983 -2.47999549247 0.859432984732 5000.0 0.859432984732
-1181.75977964 -49.9484421957 0.956477626556 5000.0 0.956477626556
4281.77929927 -8.01204241159 0.880786358803 4600.0 0.880786358803
-151.792959033 31.5896104087 0.936306153493 4800.0 0.936306153493
6970.51246901 39.2620065288 0.96493918988 7600.0 0.96493918988
-3511.96445229 29.3492182816 0.89183924258 4800.0 0.89183924258
-4553.37623675 -27.0378606926 0.864250010893 4800.0 0.864250010893
-1095.33177666 -82.9924945705 0.981826702244 4800.0 0.981826702244
7041.57092505 -5.34400473564 0.992785142447 4600.0 0.992785142447
-6149.41531243 -28.129004053 0.971070607138 5000.0 0.971070607138
8121.40878194 30.0669349268 0.999449875683 5600.0 0.999449875683
-4845.43663117 -14.3984925338 0.852420811419 5000.0 0.852420811419
184.975734167 -77.3198493244 0.928209186671 5000.0 0.928209186671
2004.53129544 42.8884912311 0.955952234104 6000.0 0.955952234104
2923.53401391 6.71878679287 0.886388266093 5000.0 0.886388266093
1682.3327965 72.0308209638 0.987231147532 4800.0 0.987231147532
8502.65215507 78.7641353499 0.996723848857 7800.0 0.996723848857
1174.37372972 -18.0474925459 0.852143244451 5000.0 0.852143244451
2479.98225551 17.4423934364 0.891309379536 4800.0 0.891309379536
3370.83289314 28.8562521891 0.934027069933 4400.0 0.934027069933
-7595.32408912 -66.0414490685 0.99921339313 4800.0 0.99921339313
-295.195607985 45.2365155463 0.932701023899 4800.0 0.932701023899
-6146.26077382 37.3904728064 0.955880073117 5600.0 0.955880073117
-926.620661498 -39.8269557655 0.955761628392 600.0 0.955761628392
-6963.71330711 36.893568108 0.96808175139 5800.0 0.96808175139
-1120.26814255 -4.29676418379 0.86335130336 4800.0 0.86335130336
5389.55893855 18.7098196003 0.887553963345 5000.0 0.887553963345
4974.84872774 -23.7287160351 0.891731891128 4600.0 0.891731891128
4956.67674253 78.6863952215 0.996400999751 3000.0 0.996400999751
1362.93972205 82.5159101041 0.967493286205 1200.0 0.967493286205
4305.99327612 -65.5649940714 0.90459127086 7000.0 0.90459127086
-4966.16962907 -33.8522034364 0.924169269522 5200.0 0.924169269522
-3554.14624442 -15.8625143779 0.841594943956 5000.0 0.841594943956
8659.16293327 50.3002209293 1.00219743945 7800.0 1.00219743945
5660.31264115 7.9839631204 0.973110664972 5200.0 0.973110664972
4947.2549412 -39.2853352684 0.907672590959 5000.0 0.907672590959
8065.55344952 -36.4632200193 0.968433295208 4600.0 0.968433295208
2430.98679445 48.1144073662 0.969310541776 600.0 0.969310541776
1317.52880524 -36.0118615368 0.920795399399 4600.0 0.920795399399
-3162.45074659 -28.4272771443 0.873333276147 4800.0 0.873333276147
-7050.31910164 41.370786248 0.994667100852 5600.0 0.994667100852
-2270.60076351 -58.6355825175 0.97745116595 1800.0 0.97745116595
886.282644479 21.2189025307 0.916707068025 5000.0 0.916707068025
4309.26328796 -2.90307814361 0.875944732425 2000.0 0.875944732425
3263.14763806 -31.0110824008 0.929216009294 4400.0 0.929216009294
-6852.90674357 46.4748320197 0.983522482258 5200.0 0.983522482258
-3713.93034165 -32.5900668277 0.845315014251 5000.0 0.845315014251
6242.16918969 -46.103476192 0.965860537788 7200.0 0.965860537788
542.975750022 13.7855827753 0.871693497648 6000.0 0.871693497648
-3348.08711506 -37.3235354864 0.896210563718 5000.0 0.896210563718
7527.87951836 69.5046628423 0.993577193242 6400.0 0.993577193242
6245.59430508 84.6138264729 0.992219312092 5200.0 0.992219312092
1875.2897234 -25.8807294258 0.928556343768 4400.0 0.928556343768
1945.32588122 -45.3953754996 0.98111233397 600.0 0.98111233397
-8175.24732718 -17.502460834 0.968620215346 5600.0 0.968620215346
3224.14135198 -26.9299418013 0.906406639745 5000.0 0.906406639745
-3888.19050368 22.3047799315 0.837703677348 4800.0 0.837703677348
-6169.98525101 -83.829823741 0.982456133635 5200.0 0.982456133635
-5022.96166431 -53.1738140245 0.99934326451 7400.0 0.99934326451
-3928.37435015 9.12677649409 0.866767098151 5000.0 0.866767098151
3650.71817844 4.22878098721 0.884954543476 4800.0 0.884954543476
4681.52279582 18.1663308061 0.901924074858 5000.0 0.901924074858
3074.96667649 -63.7633381148 0.947566946155 4800.0 0.947566946155
4284.87107465 -59.2595490118 0.974010215793 4800.0 0.974010215793
-993.096466987 -53.2569137322 0.918678760998 5000.0 0.918678760998
-2602.50547377 2.80345133499 0.821770648206 4800.0 0.821770648206
3742.59670922 56.635151166 0.966011547888 4800.0 0.966011547888
-2085.49942518 0.933714944314 0.834828176021 4800.0 0.834828176021
-3051.45386318 -79.2439974084 0.962163826135 4800.0 0.962163826135
-2727.46227034 -22.5979214191 0.868575609531 4800.0 0.868575609531
-5049.28886382 -21.0166925207 0.866257036432 4800.0 0.866257036432
-3684.89503038 -22.7193461481 0.857369417659 4800.0 0.857369417659
6402.19413338 -61.4916675803 0.990030252242 4600.0 0.990030252242
4440.01449626 72.0704431838 0.980350419258 4800.0 0.980350419258
-7987.91100426 -62.3620530473 0.998505548098 7800.0 0.998505548098
2513.44982837 -89.6702835555 0.987882622681 2000.0 0.987882622681
-1168.35856288 57.2597135552 0.984275069474 5000.0 0.984275069474
-493.933192116 -11.0359286709 0.873014746735 5000.0 0.873014746735
4865.16467598 -4.03191485344 0.932421795438 4800.0 0.932421795438
2836.44015236 40.8758032952 0.911823052912 4600.0 0.911823052912
872.347417603 35.5305716927 0.933672724153 7800.0 0.933672724153
-235.900592546 -54.9040688093 0.992400121462 600.0 0.992400121462
-2435.7550085 -7.90624221556 0.82645277719 5000.0 0.82645277719
764.81081624 -36.1091630021 0.896462637894 6400.0 0.896462637894
-3920.62857317 28.8452090597 0.837308626959 5000.0 0.837308626959
-5701.73276356 -72.6711651629 0.993034889308 3600.0 0.993034889308
782.986644246 23.6920134148 0.895068037622 4800.0 0.895068037622
-7318.68392249 3.77487049469 0.952715015338 5600.0 0.952715015338
3888.62978583 31.8324099182 0.943866257967 4800.0 0.943866257967
5883.64331835 -43.4434018701 0.91562502077 4800.0 0.91562502077
-2246.51395553 -43.9752545599 0.821227273493 5000.0 0.821227273493
-3616.99757556 48.3311557941 0.979918997032 4000.0 0.979918997032
4305.10812834 -18.1943512927 0.954564055772 7200.0 0.954564055772
-4846.74255542 48.3593264504 0.992315315998 5000.0 0.992315315998
7723.74001355 76.5704155286 0.990935525075 5800.0 0.990935525075
-684.782407675 52.3853738757 0.961929801272 600.0 0.961929801272
-2056.88278043 14.9897064188 0.872467059265 4800.0 0.872467059265
7262.60930723 -81.9107198145 0.996822654753 2000.0 0.996822654753
-2081.53955322 38.9748147149 0.923321470147 5000.0 0.923321470147
-2036.51956559 -57.5832904011 0.987770514628 4600.0 0.987770514628
2594.52409472 -9.39665515882 0.863406872876 5200.0 0.863406872876
1665.00935135 31.4573884584 0.892647605937 5200.0 0.892647605937
-1821.28121361 -56.7094907043 0.958372619714 4800.0 0.958372619714
-2665.63416176 -15.5399623648 0.896882424091 5200.0 0.896882424091
597.735710781 -73.5898966385 0.990616635273 5200.0 0.990616635273
-2411.75049444 -55.1173299774 0.979965304297 600.0 0.979965304297
4760.10698571 -74.8370775327 0.994865948887 7600.0 0.994865948887
-2790.20987372 74.5143459531 0.967856409099 5000.0 0.967856409099
2952.17378629 -49.3029384824 0.966375116456 1800.0 0.966375116456
8023.68529687 -68.3242604488 0.99474425493 5200.0 0.99474425493
-1709.16443033 -3.70199669111 0.84938723376 5000.0 0.84938723376
2005.73990222 -31.0477406433 0.948865987954 4400.0 0.948865987954
256.233745982 24.5989586926 0.886536181013 5600.0 0.886536181013
-6028.82054159 -25.1330308935 0.90919475895 4800.0 0.90919475895
2747.21201637 -4.96594407463 0.851929674736 4800.0 0.851929674736
4640.11672515 35.2682330065 0.908029900529 5000.0 0.908029900529
671.717933401 30.5798119693 0.915544436446 7200.0 0.915544436446
-4136.91559748 37.8124074133 0.858666549732 4800.0 0.858666549732
-6490.21073893 -29.6923029697 0.889318725537 5000.0 0.889318725537
-6644.402345 67.5350270704 0.95706372174 5000.0 0.95706372174
-4299.48524599 79.931053752 0.990649316732 3800.0 0.990649316732
-4336.84241198 -40.1876000221 0.896493676723 5000.0 0.896493676723
-3791.04435722 -80.6185968923 0.912898272829 5000.0 0.912898272829
1026.79073097 -63.5726229843 0.973662997531 4200.0 0.973662997531
7928.32559787 35.0833984657 0.957761271362 4800.0 0.957761271362
3843.35905321 20.0471467959 0.934678323559 5800.0 0.934678323559
2850.79197614 50.2211212455 0.94816048967 600.0 0.94816048967
2787.70300346 -56.0496849417 0.951885914264 4400.0 0.951885914264
-2321.36614592 53.660005607 0.968716437913 4600.0 0.968716437913
4701.59732467 -46.2682804624 0.936867462805 3600.0 0.936867462805
-3704.71005915 -19.580765456 0.827169573531 4800.0 0.827169573531
2320.94538799 -23.0968848051 0.899523356874 7600.0 0.899523356874
-7648.67307089 14.7750917335 0.986176245795 5400.0 0.986176245795
-4209.05735132 -57.1187912732 0.991288291239 7000.0 0.991288291239
-1138.78092704 -36.4333293783 0.866117554899 5000.0 0.866117554899
2039.18154097 37.4016393465 0.875537345553 6000.0 0.875537345553
-1131.71009925 21.7766955679 0.849832097847 5000.0 0.849832097847
-6479.54574803 72.9823634159 0.987177304941 5600.0 0.987177304941
4369.02965741 -33.9195047769 0.874258275497 4800.0 0.874258275497
-7967.45749672 32.2321828275 0.998502426099 4400.0 0.998502426099
-15.6430429677 -41.1297422497 0.856376490902 5000.0 0.856376490902
-5592.9720326 84.9928624482 0.99295157832 6800.0 0.99295157832
5605.8840057 -29.75804734 0.984350759126 800.0 0.984350759126
1895.32422519 22.3584704486 0.897106550459 6000.0 0.897106550459
-6324.48677021 81.9614137621 0.927531302123 5000.0 0.927531302123
2457.93938946 -68.4315813857 0.987578224509 1800.0 0.987578224509
-6592.30565299 60.3671245045 0.986551931212 5400.0 0.986551931212
1992.12603173 -27.1162294744 0.941805461696 1400.0 0.941805461696
-5992.04188236 -61.9837106528 0.9643734773 4800.0 0.9643734773
-6294.78970173 -34.4806767198 0.997877116375 7800.0 0.997877116375
4176.44341554 -17.0449538509 0.863958870935 5000.0 0.863958870935
-2489.73500155 5.62346153187 0.811249544844 5000.0 0.811249544844
5240.6602049 7.54167477977 0.947147413014 4600.0 0.947147413014
4470.56214792 32.7889159298 0.949168353877 5000.0 0.949168353877
7233.36900095 -57.589507313 0.957269862168 4400.0 0.957269862168
-2387.38768069 4.06571320067 0.82797435125 5000.0 0.82797435125
3910.14146141 -59.609088559 0.961456800442 5600.0 0.961456800442
-365.639250659 -22.576092254 0.907431988905 5000.0 0.907431988905
-4344.57770404 -43.6290912339 0.887562423157 4800.0 0.887562423157
6555.682201 -25.8722224643 0.98459733578 4200.0 0.98459733578
5868.44794584 -26.305336105 0.925866216111 7400.0 0.925866216111
3224.66007832 -35.6873700656 0.956866219632 4400.0 0.956866219632
5422.0379246 -3.85664029012 0.935472328126 4800.0 0.935472328126
-6924.88494018 -2.2508777943 0.96412531011 5000.0 0.96412531011
6311.5151755 43.9039455314 0.949537253229 6600.0 0.949537253229
7022.24290419 -28.89477508 0.99213613234 4800.0 0.99213613234
5086.04091783 -8.30259947448 0.942058008834 2400.0 0.942058008834
5217.4601015 82.5236713204 0.96783531703 4800.0 0.96783531703
-1037.79595062 35.3914756794 0.923876737972 4800.0 0.923876737972
5945.26487111 -20.6577159769 0.975322406863 5600.0 0.975322406863
3914.51227185 -19.982644286 0.931517257116 3600.0 0.931517257116
-4054.28443419 12.00876223 0.851799308765 5000.0 0.851799308765
6757.14582934 -6.5993347342 0.901142885763 5000.0 0.901142885763
672.053757102 -13.8520042549 0.869724729312 5000.0 0.869724729312
-1517.9285644 87.9937292638 0.977311374612 4600.0 0.977311374612
-5832.31838557 73.3899928905 0.986469157935 6600.0 0.986469157935
402.536462219 -40.9744557773 0.898492082402 4800.0 0.898492082402
-5433.62126176 68.5464668144 0.993870880477 4600.0 0.993870880477
81.0419145419 31.5165217279 0.889060162983 7200.0 0.889060162983
1167.5532738 16.7267590198 0.897721778456 4800.0 0.897721778456
-4606.79159773 35.569619851 0.85117691658 5000.0 0.85117691658
-2292.91996131 -56.5571251033 0.886086673479 4800.0 0.886086673479
4934.96342253 -15.8136645425 0.897089118288 5000.0 0.897089118288
-2040.89426798 59.2053821065 0.873711321508 4800.0 0.873711321508
5193.25190274 -62.2755978419 0.976928113279 7400.0 0.976928113279
3429.31228536 -10.8600763964 0.892573993722 5000.0 0.892573993722
-3539.53106779 -1.34767655962 0.818209841543 4800.0 0.818209841543
6847.65426583 16.6570490307 0.993498968954 600.0 0.993498968954
-921.537380209 -27.0932794809 0.872039854004 5000.0 0.872039854004
-927.504421731 -30.5374306106 0.854464197072 5000.0 0.854464197072
1097.8807701 -83.3364832751 0.987063856474 4800.0 0.987063856474
7440.59283782 35.8438390012 0.987873231185 1000.0 0.987873231185
6520.58045697 -30.9622795873 0.99770627782 1600.0 0.99770627782
-6092.20501947 41.5019262183 0.963224481042 5000.0 0.963224481042
717.906983155 58.5466705473 0.922509606593 5000.0 0.922509606593
5589.26736148 48.8178804839 0.990992390334 5600.0 0.990992390334
-6260.50658841 -13.4391047299 0.944886264464 4400.0 0.944886264464
5986.81857097 -76.7269568574 0.960274068282 7400.0 0.960274068282
-8992.41522126 17.7428339329 0.987430102846 5000.0 0.987430102846
-2086.92548654 75.0084473682 0.968259407464 5000.0 0.968259407464
-6557.5439243 10.6023259719 0.973799670089 5200.0 0.973799670089
6009.67092496 57.766774551 0.938645757636 5000.0 0.938645757636
-4432.72193519 -17.9605141587 0.875276244739 5000.0 0.875276244739
-945.468475923 41.7548417084 0.885016900732 4800.0 0.885016900732
-4985.97161382 -40.8684029766 0.99357835678 7600.0 0.99357835678
-5711.32692294 79.529360852 0.987555829376 5000.0 0.987555829376
-4279.9567658 -75.7215343762 0.98822516279 4400.0 0.98822516279
5066.48903571 16.6817312168 0.94501914169 6600.0 0.94501914169
-6222.25472797 80.5766166364 0.985976346807 5600.0 0.985976346807
-3906.41220788 79.2135721879 0.970045233933 4800.0 0.970045233933
6240.61291196 -65.4836550385 0.992804106359 7600.0 0.992804106359
-2256.82469118 23.6746652716 0.808950829794 5000.0 0.808950829794
-4256.38782119 75.1951871513 0.987036921622 5400.0 0.987036921622
6011.32830832 -48.0471574225 0.963542662893 5200.0 0.963542662893
-360.854930111 -1.99924663237 0.853090599658 6200.0 0.853090599658
5567.1274562 27.7848549273 0.965445344194 4600.0 0.965445344194
-2745.5340203 30.6409604365 0.926213764995 5000.0 0.926213764995
-875.377637784 48.1051415401 0.94196259718 4800.0 0.94196259718
7200.08162516 -13.2051534217 0.920210223758 5000.0 0.920210223758
-1607.13389656 37.443034114 0.894554439753 5000.0 0.894554439753
-5478.37766161 41.0689289225 0.978134543183 5200.0 0.978134543183
-299.480063787 -34.8146731508 0.899696316694 4800.0 0.899696316694
-7627.18218467 -44.5322573269 0.985730337973 7800.0 0.985730337973
-121.94204518 -80.8029855902 0.935716856896 5200.0 0.935716856896
-7540.89238277 -47.0043820173 0.974181953544 5200.0 0.974181953544
-1853.82026355 50.4991949702 0.924810497244 4800.0 0.924810497244
-4866.02250905 -49.4064479081 0.905647884942 5600.0 0.905647884942
1949.949883 1.32690686045 0.879225069276 5400.0 0.879225069276
6352.550617 -30.0711983953 0.979159513037 4400.0 0.979159513037
-3749.99505319 15.6601839562 0.923784643585 5000.0 0.923784643585
-5803.90191313 13.3842328671 0.976526661954 4800.0 0.976526661954
3403.63245887 28.4550740478 0.927834979954 6600.0 0.927834979954
-6316.59150217 3.0676026196 0.937033476149 5200.0 0.937033476149
-5334.58068113 31.3135378452 0.972568437211 5000.0 0.972568437211
-169.892632006 -15.3266101877 0.875045618905 5200.0 0.875045618905
3450.45249429 38.9187013302 0.907880511296 5000.0 0.907880511296
-5066.76149177 31.5217822264 0.975096282417 4600.0 0.975096282417
3094.24547324 -21.3826433668 0.909286271445 5000.0 0.909286271445
-1090.52990172 -15.6817424512 0.864317139406 4800.0 0.864317139406
5620.68843175 -53.658315476 0.980585154664 6200.0 0.980585154664
-4637.26527619 -7.3284763734 0.88380684585 4800.0 0.88380684585
6629.09535687 51.4379973882 0.995131042835 2000.0 0.995131042835
403.049081486 38.3930893379 0.889631162422 7800.0 0.889631162422
4605.03507424 38.4729490512 0.965450116209 5200.0 0.965450116209
-5716.21322547 -24.8811267377 0.905459680387 5000.0 0.905459680387
3280.84717372 -45.5567653135 0.915603991221 5000.0 0.915603991221
5820.17179438 26.2606770593 0.940668713292 4800.0 0.940668713292
-3565.43807928 1.73586100243 0.931490277627 5600.0 0.931490277627
3863.2596953 -41.0169335668 0.873750847418 4800.0 0.873750847418
5003.37578005 -8.60974432146 0.922985791989 4800.0 0.922985791989
2287.12088759 33.7231532972 0.928538128188 3400.0 0.928538128188
-4075.80564665 -22.6820419942 0.813134293746 4800.0 0.813134293746
-7475.22363544 -37.306845486 0.975992297344 5000.0 0.975992297344
4529.56641925 -27.7690339739 0.922444492242 1400.0 0.922444492242
5203.22999422 -57.1824173087 0.953525720868 600.0 0.953525720868
-5197.61312247 22.4828666606 0.971205657604 5000.0 0.971205657604
1663.43525457 -35.4173816889 0.925652543696 600.0 0.925652543696
-5027.26178284 28.3298880997 0.977240980447 5200.0 0.977240980447
-3946.25587336 52.4633305732 0.936374687254 5000.0 0.936374687254
7659.6638426 -34.9892752364 0.996851743712 600.0 0.996851743712
6723.54087843 -32.8443536044 0.942985100892 5600.0 0.942985100892
-4537.19749807 61.3799416201 0.916117343709 7800.0 0.916117343709
5364.15121286 27.1325170559 0.956200446833 5800.0 0.956200446833
329.348149216 -62.3160649447 0.990408523396 2800.0 0.990408523396
3325.03807364 -2.98313596076 0.880257635513 4800.0 0.880257635513
-4516.00122148 -61.7176883145 0.948942146521 4800.0 0.948942146521
-8864.41992248 -89.3867100136 1.00236547974 7800.0 1.00236547974
-5815.4968535 -43.2666514721 0.916737027577 4800.0 0.916737027577
7997.21087464 -53.9618470407 0.997974834154 4800.0 0.997974834154
-1488.73198664 31.4177646269 0.898221203521 4800.0 0.898221203521
-1725.49621975 -16.6526224003 0.85359431028 5000.0 0.85359431028
-4381.23357354 25.6680039872 0.875073813651 4800.0 0.875073813651
3489.38029924 64.9062376814 0.948510033605 4800.0 0.948510033605
4857.2422015 44.2463782367 0.934012694808 6400.0 0.934012694808
-5936.01566079 -54.1313344667 0.956935790046 5000.0 0.956935790046
-5560.87426656 -50.2081057064 0.954447481785 5000.0 0.954447481785
1012.79644652 -28.7218989242 0.924983355612 5400.0 0.924983355612
-3762.70424547 -29.4275406225 0.835019601911 4800.0 0.835019601911
-5691.68924472 -32.0775120413 0.974340544789 1200.0 0.974340544789
-2113.29661986 21.6125306906 0.82458406069 5000.0 0.82458406069
1431.34552937 82.9308654568 0.978039656324 4600.0 0.978039656324
7507.12828085 -70.2236671251 0.998956798976 7600.0 0.998956798976
-3496.88224082 27.7608496083 0.871231268511 5000.0 0.871231268511
2539.31602829 -43.5920210573 0.930396877274 4400.0 0.930396877274
-4207.91927226 -22.320839194 0.860671551965 4800.0 0.860671551965
-4334.09025692 69.0573984472 0.939966272962 7800.0 0.939966272962
2742.26640212 -89.2090718144 0.99200359758 6000.0 0.99200359758
4172.01319693 -48.1012650681 0.887951580339 7000.0 0.887951580339
-5103.56320639 19.9924097147 0.951667179246 5000.0 0.951667179246
-682.240617659 42.576203559 0.916209410787 600.0 0.916209410787
-2542.3326941 66.5994879621 0.983176499303 3400.0 0.983176499303
888.128555216 -51.7628820263 0.938399292773 4800.0 0.938399292773
-4394.0134833 47.2140467196 0.980050912036 5000.0 0.980050912036
3466.10451931 64.6207561333 0.982541816648 5000.0 0.982541816648
3909.59298511 58.9531754444 0.903624525801 6400.0 0.903624525801
-7074.82941069 19.4545654878 0.974991460703 5200.0 0.974991460703
2543.55842228 -37.5628022971 0.966630987057 600.0 0.966630987057
6708.71173032 -87.8038974504 0.997456128021 6000.0 0.997456128021
-1180.68361832 17.9693708582 0.84306270159 4800.0 0.84306270159
5557.38469501 -23.9188929962 0.983969980366 4200.0 0.983969980366
-690.976785554 -3.25100352342 0.859606704785 5000.0 0.859606704785
4345.78387628 -8.93826032578 0.841347482689 4800.0 0.841347482689
5615.16034731 13.2851680005 0.967976382594 5800.0 0.967976382594
1.60369823803 -7.63565574417 0.856423093274 5000.0 0.856423093274
-4773.22069579 -47.9505902676 0.996815181298 6000.0 0.996815181298
3069.06847249 34.1285239945 0.939841209125 4800.0 0.939841209125
-4117.72758948 32.6332743731 0.941892220757 4800.0 0.941892220757
4667.53251458 -24.0203121678 0.98228452856 1400.0 0.98228452856
-4322.58466319 -42.3813278874 0.854217055652 4800.0 0.854217055652
6491.00131831 -25.3948365635 0.979131196721 4600.0 0.979131196721
-882.650825052 74.5059678621 0.931475396627 6600.0 0.931475396627
-7045.66039119 12.2830566165 0.967596088756 5400.0 0.967596088756
-5148.07579113 -59.3568595993 0.990453357722 6400.0 0.990453357722
-1009.99812467 40.81345562 0.95886321957 4600.0 0.95886321957
-4799.78264995 -35.6712264951 0.925148298758 5000.0 0.925148298758
5258.96541579 13.0361058094 0.94362431612 1400.0 0.94362431612
-4438.26981534 7.12776536943 0.884437409185 5000.0 0.884437409185
-6435.94670903 -30.9369687033 0.970818132102 5000.0 0.970818132102
-7017.77426027 39.4742742008 0.986661556158 4600.0 0.986661556158
-667.051969669 35.3369631003 0.937252550905 800.0 0.937252550905
-3546.0936017 47.5737931194 0.900528032697 5000.0 0.900528032697
5186.69701243 44.9319650718 0.965093384857 5200.0 0.965093384857
7536.80557863 -12.41455342 0.987065142224 5200.0 0.987065142224
5215.30000935 -6.55088487297 0.944261562824 7400.0 0.944261562824
-6987.99523158 34.331031536 0.984081029875 5600.0 0.984081029875
5659.03236979 52.7660537179 0.979667479009 600.0 0.979667479009
-2264.20535308 44.6920559694 0.911547165258 5000.0 0.911547165258
6847.18192018 -49.4345030565 0.997813931229 7600.0 0.997813931229
-7074.21450291 36.8165322325 0.982988123714 5000.0 0.982988123714
-6529.83305501 53.7118062962 0.998853229478 7200.0 0.998853229478
-7456.90180975 33.1529093804 0.991113669534 4800.0 0.991113669534
-141.235705829 -27.6153165093 0.882510625574 5400.0 0.882510625574
5782.51624801 19.570016869 0.989261011293 5000.0 0.989261011293
510.76368127 26.2331755674 0.932089301514 4400.0 0.932089301514
-441.733868887 8.3907515902 0.889886039287 5400.0 0.889886039287
-4541.52938276 -2.78951739417 0.820609300744 4800.0 0.820609300744
7583.71760879 -17.3959600431 0.979151345799 5000.0 0.979151345799
4744.33045334 71.7304930028 0.989640742506 4400.0 0.989640742506
-189.061816872 22.3020537079 0.898453921775 5200.0 0.898453921775
4463.40908512 -21.9861045711 0.915023740546 4200.0 0.915023740546
498.963778302 -43.7028261309 0.873252633545 7400.0 0.873252633545
6226.48109517 25.0978508744 0.966554997402 600.0 0.966554997402
191.554348115 -60.5211451486 0.852455649791 4800.0 0.852455649791
4194.59280121 -30.4326672129 0.871086665065 5600.0 0.871086665065
7119.53914171 -88.0214192129 0.989294151287 7400.0 0.989294151287
-1174.07999815 76.0282344281 0.971244981549 4800.0 0.971244981549
1368.61849099 -34.1941511129 0.918848833999 600.0 0.918848833999
6427.54445621 -30.0862312812 0.992080907323 5600.0 0.992080907323
-3821.7953646 -66.7700624924 0.932313001887 5000.0 0.932313001887
-2055.36373687 77.7957312346 0.973507626551 5000.0 0.973507626551
3918.10987996 -40.8552920126 0.873247161036 5200.0 0.873247161036
1353.81526484 20.562905391 0.853262389056 4800.0 0.853262389056
-4397.96717616 20.3349055668 0.898378333091 4800.0 0.898378333091
-990.879732342 23.8318544629 0.899578663943 4800.0 0.899578663943
1866.93104217 21.97357457 0.890553756507 4800.0 0.890553756507
689.46038641 -46.4006635847 0.880313354419 4800.0 0.880313354419
-3779.68702507 -4.79192722927 0.819961187708 5000.0 0.819961187708
4867.1270236 -26.6736814933 0.939022618388 1200.0 0.939022618388
831.209188875 7.92194117474 0.896127695167 4800.0 0.896127695167
-3926.06642133 -9.78996700319 0.807900849344 4800.0 0.807900849344
-5688.91317915 -46.7259629435 0.988798566078 3600.0 0.988798566078
-2487.83964248 22.1667703986 0.846189671637 5000.0 0.846189671637
1886.00159266 19.7716336276 0.862266853744 5000.0 0.862266853744
575.057643091 9.80123155884 0.871251241627 4800.0 0.871251241627
-1521.94487575 79.810399397 0.968395706476 4800.0 0.968395706476
-3278.66474015 -41.4348462057 0.859169168074 4800.0 0.859169168074
2983.3436012 -10.5125557838 0.891878833824 5800.0 0.891878833824
-357.62241001 -76.3436138963 0.981492358715 1600.0 0.981492358715
-3838.7112324 61.0300844303 0.947542791642 5000.0 0.947542791642
-7421.98366179 14.3369514791 0.984368679131 5600.0 0.984368679131
-5027.75971431 -58.6848282833 0.99674883103 2600.0 0.99674883103
7584.87903271 -2.94088868479 0.969713423267 4800.0 0.969713423267
-6204.15140332 -55.4417193565 0.948841328832 5200.0 0.948841328832
-2414.84205992 -53.7344008231 0.884835829444 4800.0 0.884835829444
3699.0091305 40.6395554989 0.952581458358 2800.0 0.952581458358
-6178.48474635 21.6710008304 0.986463075381 5400.0 0.986463075381
4338.52008757 -64.3205934189 0.99649534189 4600.0 0.99649534189
3692.69168203 -47.4674327564 0.983652441727 3400.0 0.983652441727
1119.01998592 -65.2433863806 0.993982106472 6400.0 0.993982106472
-2627.53003444 12.794655151 0.878915035041 4800.0 0.878915035041
5179.52353506 -36.2864372143 0.958964761123 1400.0 0.958964761123
8145.74350767 -64.1377629018 1.00106984773 7400.0 1.00106984773
-3983.52149127 33.9860478871 0.900335612317 4800.0 0.900335612317
8310.79821915 25.208067307 0.992740715168 6000.0 0.992740715168
-267.769795174 -14.2191841475 0.86015765363 6800.0 0.86015765363
-4444.04395216 43.6699007681 0.962141541637 4800.0 0.962141541637
3108.24571332 -23.5996851352 0.905188864396 7200.0 0.905188864396
5052.28931379 39.0550380655 0.956655932999 7400.0 0.956655932999
-5450.08961754 -73.1312829525 0.996297248748 4400.0 0.996297248748
2906.89345442 28.4115066664 0.943757035708 4800.0 0.943757035708
-4815.00010921 70.7008097716 0.939054355662 5000.0 0.939054355662
1612.73098737 -33.6023515497 0.902602347049 5200.0 0.902602347049
5511.81132326 -3.57613657166 0.969546531812 4600.0 0.969546531812
-6397.13957479 -41.1103784808 0.950360597128 5600.0 0.950360597128
6085.71082763 -75.532436208 0.986215132835 4400.0 0.986215132835
3884.65226825 4.45896545801 0.861011709481 4200.0 0.861011709481
7564.33182249 -16.7145908235 0.910193428146 4800.0 0.910193428146
-6753.66960511 86.5111778082 0.9973423385 3400.0 0.9973423385
6161.36045921 71.8452617173 0.997117038949 6800.0 0.997117038949
-2750.83466277 2.54287998122 0.817640114849 4800.0 0.817640114849
-472.964532483 27.8850592295 0.911611184819 4800.0 0.911611184819
5085.57143607 48.4044622434 0.970710592664 4800.0 0.970710592664
-300.703147225 12.3397636001 0.892502311123 5000.0 0.892502311123
-2510.01175485 42.7320728996 0.88372826826 5000.0 0.88372826826
-5886.28482278 -22.8451217877 0.926005460931 5000.0 0.926005460931
-1483.50465714 -28.9247299176 0.880794550225 4800.0 0.880794550225
4901.7620578 -18.6328875735 0.925126713927 4200.0 0.925126713927
-2994.37534727 61.6451294528 0.933727468062 4800.0 0.933727468062
-6227.69272538 14.444882679 0.968468380451 4800.0 0.968468380451
690.888362169 26.5687483931 0.88216996993 5000.0 0.88216996993
-7118.64235583 -60.3836052059 0.947523241555 4800.0 0.947523241555
-1298.40713716 63.3647064873 0.958244631842 4800.0 0.958244631842
-2035.19990981 -34.6503942636 0.866649641396 5000.0 0.866649641396
-5266.49848395 70.9835713697 0.99559880338 4600.0 0.99559880338
1517.61619206 45.4854166529 0.922199166836 5000.0 0.922199166836
1891.38439745 69.8281264558 0.989169753071 5800.0 0.989169753071
5266.13688447 43.9422956225 0.936517131516 7800.0 0.936517131516
-4289.95434238 -44.1953850402 0.971826115059 5000.0 0.971826115059
1985.22777597 -20.1780273175 0.915413654383 5600.0 0.915413654383
88.8659349512 -24.1277571526 0.891638182056 5000.0 0.891638182056
5414.38413889 57.7887838415 0.980497357654 5200.0 0.980497357654
-1678.5145997 33.4860194855 0.915545372521 5000.0 0.915545372521
-6121.41014849 -37.402021546 0.86396259036 4800.0 0.86396259036
-8158.95844742 -57.2207440947 0.990125690569 5600.0 0.990125690569
973.164062923 62.1003662477 0.936307168471 5800.0 0.936307168471
-4226.56972237 18.4566925467 0.902924586113 5000.0 0.902924586113
-4165.93196665 5.9031563067 0.869458132865 5000.0 0.869458132865
-2438.24657881 34.971835848 0.884443296795 4800.0 0.884443296795
-1068.98250976 9.70430272787 0.883393911375 5000.0 0.883393911375
-6861.34229137 41.8126220859 0.994143430938 4800.0 0.994143430938
-12.2989733917 -71.7620402571 0.909644602435 5000.0 0.909644602435
3134.02644973 -45.7449616147 0.992742835718 1600.0 0.992742835718
-7346.6203539 45.8081690654 0.964966828749 6800.0 0.964966828749
-2977.83776342 35.0785091489 0.903950217933 4800.0 0.903950217933
-3098.07970469 29.1756087596 0.889590575295 5200.0 0.889590575295
6553.03780021 2.52807409544 0.983312006072 5600.0 0.983312006072
4715.67830447 10.8447383174 0.931245860601 4800.0 0.931245860601
2092.27861721 42.72661682 0.88221762756 6600.0 0.88221762756
-108.654194633 -57.8878852032 0.933529378378 6200.0 0.933529378378
217.743608201 43.7843391376 0.96923659652 600.0 0.96923659652
6283.36891331 -60.3085559488 0.992908921746 7800.0 0.992908921746
3279.54696985 -46.8350753 0.934536564631 4600.0 0.934536564631
5223.88403805 34.8584486188 0.909925325062 5000.0 0.909925325062
356.768979034 30.5350071644 0.894104410586 7000.0 0.894104410586
6100.0011558 -55.7228192146 0.968481133397 5000.0 0.968481133397
3297.29191682 -20.5653705391 0.901732394511 4400.0 0.901732394511
-7009.02933975 -33.6037322565 0.981843747491 5200.0 0.981843747491
2036.09612463 -66.3592865157 0.994905951399 5600.0 0.994905951399
5018.89347528 -4.54835188855 0.931165608353 5400.0 0.931165608353
4329.34394881 40.68414926 0.984538065946 1000.0 0.984538065946
2339.62129072 -25.0466580443 0.9407115966 1200.0 0.9407115966
1654.91257097 38.2610619398 0.951857676996 7000.0 0.951857676996
2368.56926356 55.1832696644 0.957959266842 600.0 0.957959266842
1046.29584773 -10.6117364628 0.890209143638 5000.0 0.890209143638
-1122.66590484 34.5646234849 0.877710363808 5000.0 0.877710363808
3158.38872566 73.7034611676 0.966972752932 5800.0 0.966972752932
-4393.68684626 10.0547447314 0.841151725412 4800.0 0.841151725412
3101.16213532 9.97519872275 0.859275487439 5000.0 0.859275487439
-622.933081486 5.49093922506 0.874022534223 4800.0 0.874022534223
4633.20649427 -58.7316752818 0.930230468463 6400.0 0.930230468463
5431.17830973 -61.3586349341 0.943198031893 5600.0 0.943198031893
6757.28936658 25.6911469136 0.976497853359 2400.0 0.976497853359
37.1376042374 13.2278357318 0.85028559776 5000.0 0.85028559776
-6628.76077893 -32.2178488926 0.966362755936 4600.0 0.966362755936
-3106.13479207 -46.6440317264 0.846234292149 5000.0 0.846234292149
-8250.14221758 -29.8730599856 0.945806087564 4800.0 0.945806087564
-6467.69528316 -40.3844766996 0.994580513522 5200.0 0.994580513522
-7799.48215257 17.7821026653 0.992921901054 7800.0 0.992921901054
5412.54088568 -70.727810073 0.986346401806 3600.0 0.986346401806
1247.40314142 -73.3753654269 0.945215793998 7000.0 0.945215793998
-5546.48130504 -26.7651080624 0.934710412575 5400.0 0.934710412575
1186.67819716 52.9096687334 0.921963523325 1000.0 0.921963523325
-567.183156331 1.36722675171 0.861944053105 4800.0 0.861944053105
-6958.81813235 65.3291222768 0.985658138261 5600.0 0.985658138261
4463.14633967 -37.3716934811 0.97440076179 600.0 0.97440076179
-3581.4148334 -41.6926372297 0.903262357877 4800.0 0.903262357877
-6932.40111828 -10.149128704 0.957904710798 5000.0 0.957904710798
6837.2114383 49.4378802791 0.987008557653 600.0 0.987008557653
468.661299481 -58.2682876505 0.956966261334 1400.0 0.956966261334
970.386679902 -79.4293079231 0.989332583743 4800.0 0.989332583743
5530.30641605 -1.35520569323 0.971381365624 5600.0 0.971381365624
-5431.62797584 10.6462164143 0.957944584881 5000.0 0.957944584881
893.531038419 77.1791336137 0.969198386009 600.0 0.969198386009
-81.3673017648 -32.0683145539 0.884361744827 6200.0 0.884361744827
3315.95712229 21.4649232614 0.876990950956 7000.0 0.876990950956
6759.2947319 47.7580912452 0.992161723926 5600.0 0.992161723926
3447.77411076 -60.2916270889 0.982203685287 1600.0 0.982203685287
-5505.17573834 -11.7632871203 0.915391752131 4800.0 0.915391752131
7417.77317102 6.94522159015 0.994689480799 5000.0 0.994689480799
-3305.88265121 85.0165087898 0.959433021086 4800.0 0.959433021086
2951.57166417 -72.5452986293 0.991235384907 5400.0 0.991235384907
-5922.76499614 -6.80364888826 0.940657996972 5000.0 0.940657996972
1333.85724871 -18.1696267279 0.880869620716 4800.0 0.880869620716
-1029.33122021 12.1467233952 0.878577642603 4800.0 0.878577642603
3684.26824285 31.4385198548 0.922103750432 2200.0 0.922103750432
-2849.14825439 4.37154296128 0.839020392727 5000.0 0.839020392727
5481.46846727 -3.22099329475 0.930720196964 5200.0 0.930720196964
-3811.00238151 11.0571996523 0.855493787083 4800.0 0.855493787083
3249.85731557 -59.8787211987 0.920243869913 6400.0 0.920243869913
-6170.58765995 46.3562343279 0.992025137802 4600.0 0.992025137802
370.351306634 -45.5893862937 0.918746796031 6800.0 0.918746796031
6844.93048511 88.6671264775 0.972820781982 1000.0 0.972820781982
-836.359128027 -35.1357073272 0.905905517706 4800.0 0.905905517706
5893.43846216 -55.7382322526 0.996219370765 4400.0 0.996219370765
-1056.95836209 27.5618388612 0.921785585936 4800.0 0.921785585936
-906.186737307 -2.6554828762 0.851336584017 5000.0 0.851336584017
-1238.11279891 30.7318121887 0.91831231876 4800.0 0.91831231876
1766.68193108 1.89574459139 0.895575604205 4800.0 0.895575604205
-3462.37449652 57.0612214358 0.927591697442 5000.0 0.927591697442
4084.62055934 -20.861985668 0.891472248111 5200.0 0.891472248111
-5103.93384753 54.5162224052 0.972813008396 5200.0 0.972813008396
1355.30863832 -10.5934074351 0.877450702406 7200.0 0.877450702406
-1142.0306002 2.94294176926 0.863346569758 5000.0 0.863346569758
9428.61768145 35.8680382041 0.993861656727 4600.0 0.993861656727
6965.70848347 10.9906419387 0.992663233358 5600.0 0.992663233358
-6369.53634259 46.9936974622 0.986554041127 5200.0 0.986554041127
5723.06052973 -76.8337466972 0.995829251857 7800.0 0.995829251857
-1263.76766369 38.9062344363 0.925118314604 4800.0 0.925118314604
-2148.33207086 -19.6699914028 0.824238094758 5000.0 0.824238094758
5025.64260287 2.54687000101 0.869006313376 5000.0 0.869006313376
6437.11297602 -18.4280360672 0.988913266257 1800.0 0.988913266257
6459.17485559 -29.8575713598 0.973808937635 5800.0 0.973808937635
-5248.58706707 42.7163015967 0.991335066349 5600.0 0.991335066349
-6030.55088626 -11.2497289389 0.934298923445 4400.0 0.934298923445
3087.02977196 -65.2180973355 0.915500222556 5000.0 0.915500222556
8015.73904642 -9.93016571873 0.980981677958 4800.0 0.980981677958
2914.39817562 -26.3772090062 0.917191736235 5200.0 0.917191736235
-1363.46516849 -3.50872479227 0.880805385354 5000.0 0.880805385354
-8252.82436674 53.5082627868 0.980132928502 5600.0 0.980132928502
5572.1191362 -8.2952236585 0.923638624451 5800.0 0.923638624451
1186.57823153 -76.1111309873 0.995883887371 6400.0 0.995883887371
409.358092776 -44.7751921878 0.915174521267 6800.0 0.915174521267
-2121.41010086 59.4188229032 0.938500129657 5000.0 0.938500129657
-628.192800031 44.1167967298 0.975547870199 600.0 0.975547870199
4866.06743567 -32.7757361703 0.948275896507 4400.0 0.948275896507
-199.590308664 4.97582484725 0.86302963816 5200.0 0.86302963816
-5323.71600223 18.1808943612 0.956348661133 5800.0 0.956348661133
-2172.89546512 -76.6684326986 0.940332684106 5000.0 0.940332684106
3739.23582498 58.7886305292 0.966767605287 4800.0 0.966767605287
-6081.47637883 -70.2894789721 0.998910076993 7400.0 0.998910076993
1183.75627703 -27.6404065698 0.915797575419 4800.0 0.915797575419
-6893.3819033 51.1007794357 0.979427961064 4400.0 0.979427961064
-906.21829291 -62.4382982866 0.991383299416 6400.0 0.991383299416
-5537.19675742 11.790898447 0.959094691792 5000.0 0.959094691792
-5329.27709857 69.4586290568 0.998464036635 7800.0 0.998464036635
-3289.56273354 30.9089091275 0.834194854887 4800.0 0.834194854887
-4017.72506955 -24.5225830951 0.875952528558 4800.0 0.875952528558
2123.86073674 -29.4621017629 0.877004126983 5000.0 0.877004126983
-5752.65409952 24.0418734213 0.95124359773 5800.0 0.95124359773
6207.50870893 -17.8158089874 0.971333216107 4400.0 0.971333216107
-5169.65964041 23.286662503 0.94512006129 4800.0 0.94512006129
5192.83371299 58.5019188008 0.946003569174 7600.0 0.946003569174
1501.05771972 -43.1403397961 0.895474228933 5000.0 0.895474228933
-4036.291415 16.7695115453 0.815945185936 5000.0 0.815945185936
-6098.40362597 25.0442312367 0.984627670864 4800.0 0.984627670864
-4435.52590121 21.6167530708 0.918639108219 5000.0 0.918639108219
-6929.47315609 51.656506798 0.999133238624 6600.0 0.999133238624
7720.50842637 68.4790818772 0.991051105739 1800.0 0.991051105739
4237.66899415 -6.36094756743 0.911841953443 5200.0 0.911841953443
-6458.76466268 -44.8853006912 0.960374051817 5600.0 0.960374051817
-1822.63008638 -33.7952272928 0.851629741585 4800.0 0.851629741585
-5099.41597983 74.9855177814 0.955711062096 4600.0 0.955711062096
2383.59166427 22.8659712164 0.912592846817 4600.0 0.912592846817
3983.9163497 -23.0338814325 0.943009655849 5600.0 0.943009655849
-6015.91204334 36.8666926985 0.981229247167 5000.0 0.981229247167
5122.31573286 -44.1380488147 0.905367759347 5200.0 0.905367759347
4194.25938647 44.9711070663 0.873421347126 4600.0 0.873421347126
-1287.68543416 -20.4190445375 0.873479340599 5000.0 0.873479340599
-1875.64835526 34.4220532301 0.911814255711 5000.0 0.911814255711
663.19464242 -44.0571869831 0.896944868254 4800.0 0.896944868254
-5551.87288335 -56.9157267617 0.985604789606 4800.0 0.985604789606
7610.81523915 -15.1732292172 0.995318884118 4200.0 0.995318884118
3309.28791526 -40.7549365363 0.879068932095 5600.0 0.879068932095
-3489.60430909 51.833936557 0.980393654649 5000.0 0.980393654649
3890.9757902 -5.3887512829 0.812853187644 4800.0 0.812853187644
2897.95040549 -20.2783039406 0.91979102073 4600.0 0.91979102073
164.375625862 -11.0167667644 0.837028357474 5800.0 0.837028357474
278.887762078 -20.4519929854 0.933215012079 4600.0 0.933215012079
4148.65431893 -57.0418287823 0.99071690001 5600.0 0.99071690001
298.608038493 -51.5789686044 0.845790466383 5600.0 0.845790466383
-6037.71611561 26.766158207 0.973933585587 5800.0 0.973933585587
4754.89152794 -55.5331884675 0.914717533132 7000.0 0.914717533132
-1874.85413033 44.9332587098 0.902530211886 4800.0 0.902530211886
2568.33250361 38.170415154 0.874081671536 5800.0 0.874081671536
-4049.95511174 45.538903742 0.92363431308 5000.0 0.92363431308
-5326.79457352 -46.8023400571 0.93682255689 5200.0 0.93682255689
-1018.73487669 -20.9494962539 0.863773821281 4800.0 0.863773821281
1013.39158164 -55.9952093897 0.892431979335 4800.0 0.892431979335
7830.55040988 -65.1377747046 0.995675673308 7200.0 0.995675673308
-4358.48938185 -17.654215601 0.938961190374 4800.0 0.938961190374
4256.21220488 -50.5626764211 0.928496981231 7400.0 0.928496981231
4487.85993899 -6.78387224258 0.915273592724 4800.0 0.915273592724
-7270.16057918 73.8733083735 0.99491386237 4600.0 0.99491386237
4442.96455711 -31.4774238145 0.881782059451 4600.0 0.881782059451
-2681.24149336 24.975076145 0.881650886281 5000.0 0.881650886281
4675.97959562 44.9474956825 0.975690704116 600.0 0.975690704116
6789.15874594 79.2899502867 0.999020153653 7000.0 0.999020153653
-1443.31141124 68.3198602338 0.966326098315 5200.0 0.966326098315
-8043.28415319 -7.29219524094 0.984708309213 5000.0 0.984708309213
2946.92920087 4.38559624959 0.861578877721 5000.0 0.861578877721
1766.1695163 12.3892392564 0.898281877969 4600.0 0.898281877969
7069.53812125 -9.57654457003 0.978044581724 4600.0 0.978044581724
439.385872164 -16.1591836708 0.885705144548 6000.0 0.885705144548
7898.73101232 -82.805494595 0.998640884634 6400.0 0.998640884634
-760.627024916 27.6644557245 0.918645128456 5000.0 0.918645128456
1750.73832031 -5.63270646658 0.865673592131 4800.0 0.865673592131
3009.73005669 -0.591375261235 0.910579572017 5000.0 0.910579572017
-499.318667342 47.8420445581 0.912139192728 4600.0 0.912139192728
-4537.72165565 26.9058592251 0.902430722624 4800.0 0.902430722624
2243.55760269 43.662774157 0.942802073056 5000.0 0.942802073056
-2056.11270912 65.2994592298 0.980450050935 4600.0 0.980450050935
750.993108665 64.8523367571 0.983752677084 1400.0 0.983752677084
-323.457900347 -15.0806383523 0.866952569038 6200.0 0.866952569038
581.006157718 -69.8643226912 0.990746989504 5200.0 0.990746989504
-2021.24371942 53.0144114475 0.916229226354 5000.0 0.916229226354
-5602.87165024 10.0271157503 0.916287889553 5000.0 0.916287889553
6323.96644152 60.8131619715 0.908806678705 4800.0 0.908806678705
-1595.39299375 -18.1771036329 0.838922392178 4800.0 0.838922392178
692.293851238 15.9735594723 0.860122602935 6000.0 0.860122602935
-371.217478207 44.4361975379 0.91542958852 7600.0 0.91542958852
-4179.8534411 -59.4053674224 0.992638832212 2000.0 0.992638832212
-6574.05798979 -67.5414346025 0.994232902438 5600.0 0.994232902438
1061.76850613 4.55191587039 0.905145590107 5400.0 0.905145590107
8278.98594266 -49.3391732941 0.964208312816 5000.0 0.964208312816
4319.81497906 12.1125486953 0.872651301262 7000.0 0.872651301262
6444.12333207 -27.9806775959 0.90731314786 4800.0 0.90731314786
-3151.01310128 13.4790092742 0.855287558779 5000.0 0.855287558779
-7517.17509673 -62.0357959005 0.943063616364 5600.0 0.943063616364
1709.96413361 61.6062363511 0.969333558054 600.0 0.969333558054
-6700.89460853 66.6907804271 0.986992893727 6600.0 0.986992893727
-879.134114553 -59.2926733774 0.991383778352 600.0 0.991383778352
6330.39774408 -43.3500584032 0.962331814124 600.0 0.962331814124
-1520.90584603 19.9212762732 0.895992886734 4800.0 0.895992886734
-6146.8569156 -67.7325466865 0.994774028057 4800.0 0.994774028057
-6823.68935942 -38.1204532132 0.935961843968 5000.0 0.935961843968
2468.42025622 -40.8867028517 0.885925961863 5000.0 0.885925961863
-7292.88436627 31.617586963 0.985841780925 5000.0 0.985841780925
3682.62055577 9.62535606416 0.895019552216 5800.0 0.895019552216
-3618.16904988 48.8296014622 0.96056167481 4800.0 0.96056167481
-679.212197352 -15.5705431264 0.870570253119 4800.0 0.870570253119
4887.10407721 88.0664651468 0.973080837645 4800.0 0.973080837645
4058.63721628 18.1838611051 0.907744886371 5000.0 0.907744886371
6776.45510872 -72.3419682471 0.998439640549 6600.0 0.998439640549
4863.91104944 48.2412357189 0.927708225213 3000.0 0.927708225213
-3367.07507793 -43.4538567525 0.852271865019 4800.0 0.852271865019
-3765.52491992 -37.2921231563 0.858444559023 4800.0 0.858444559023
-3991.49014016 54.5970244222 0.9741767715 600.0 0.9741767715
5380.51504812 -57.4102118647 0.967873313777 1400.0 0.967873313777
5343.96069016 57.1622180164 0.964157650409 1600.0 0.964157650409
620.8517895 14.2682440423 0.893742427659 4800.0 0.893742427659
-549.262551684 -41.7066687122 0.913949287879 1200.0 0.913949287879
4204.71612931 80.7314592484 0.989402518778 800.0 0.989402518778
1155.20932624 -19.9999118301 0.915151002969 5200.0 0.915151002969
-1618.08896949 -22.137134718 0.86419434737 5000.0 0.86419434737
-7131.72187008 7.25033769065 0.965220248481 5400.0 0.965220248481
-4657.20012793 52.0509628291 0.986804544515 2600.0 0.986804544515
4784.52191232 -25.928917793 0.896595189786 4800.0 0.896595189786
2167.42355177 46.1495163515 0.934284657741 5000.0 0.934284657741
5687.86539255 67.5461389681 0.966871239008 4800.0 0.966871239008
-7150.82699744 26.2850287672 0.978536432548 5000.0 0.978536432548
36.3350411417 36.4187128526 0.936050338609 5000.0 0.936050338609
-4845.28152229 40.4225244812 0.969508007227 5200.0 0.969508007227
2950.78199022 -2.34796087554 0.872869158611 5800.0 0.872869158611
-442.192539743 -69.0233611929 0.916193302565 5200.0 0.916193302565
6669.48463349 -17.7777238821 0.991790751822 600.0 0.991790751822
7971.14959216 -54.0996896582 0.943515202019 4000.0 0.943515202019
-2101.02564652 -39.1327917008 0.829629846835 5000.0 0.829629846835
2267.72522588 31.8815920336 0.912943699862 4600.0 0.912943699862
-2784.4767014 -66.7114272969 0.853543081503 5000.0 0.853543081503
3355.93742405 59.5944702637 0.949449229365 4800.0 0.949449229365
3505.44809296 -10.7671390383 0.901180667883 4600.0 0.901180667883
-199.392749078 33.3892483343 0.930600812405 6200.0 0.930600812405
4005.99277679 -9.11536869874 0.905354878587 4800.0 0.905354878587
5630.98879718 23.2629976828 0.992924372811 5800.0 0.992924372811
-5206.55362392 67.6691893632 0.981970052228 6600.0 0.981970052228
-3944.84881637 -51.2874922689 0.861586754032 4800.0 0.861586754032
-2220.6119026 13.3973469019 0.799991796595 5000.0 0.799991796595
-1018.98507873 2.25270372417 0.857246628301 5000.0 0.857246628301
5843.33581038 -4.95191843434 0.962122167811 5800.0 0.962122167811
-506.138648297 47.5837529487 0.935056422897 7800.0 0.935056422897
-7048.73451064 -25.072405647 0.90256120171 5600.0 0.90256120171
-7693.58302038 2.11324362269 0.960535736845 5400.0 0.960535736845
4187.87950902 54.4121212732 0.957700863173 5800.0 0.957700863173
5402.36855533 70.1612955403 0.961284096205 800.0 0.961284096205
6650.9196382 43.9268793809 0.955947222198 7800.0 0.955947222198
5083.80141762 63.9285246987 0.88357949858 5000.0 0.88357949858
-5449.73222682 -0.775100501037 0.922696937508 4600.0 0.922696937508
3150.89207529 -51.3761107665 0.983731030377 1600.0 0.983731030377
-4755.57730549 83.7955248735 0.993429008206 6600.0 0.993429008206
-3407.23519523 81.2723373666 0.982433056902 5600.0 0.982433056902
5949.67661193 -55.187227036 0.981706512084 600.0 0.981706512084
5163.08332843 32.8929875826 0.977819020371 600.0 0.977819020371
-4983.72062077 -31.195127625 0.905026159144 5000.0 0.905026159144
3612.36791919 -51.4921974651 0.942401442841 4400.0 0.942401442841
-2778.85549848 -36.0600628051 0.863488960376 4800.0 0.863488960376
-4881.88102012 -21.3871095516 0.910970305323 4800.0 0.910970305323
-4719.07474006 62.1231087484 0.923224626737 4800.0 0.923224626737
-2548.54700432 76.5730585594 0.989939080612 4200.0 0.989939080612
-2300.8690894 3.44000848389 0.846370117922 4800.0 0.846370117922
-5917.68473345 -37.0669831186 0.888229278746 4600.0 0.888229278746
-1051.61198721 66.7743976185 0.986150278483 5000.0 0.986150278483
6884.14350102 -87.9203319406 0.997385751006 6600.0 0.997385751006
-3776.43422962 76.2009843853 0.978594289349 5000.0 0.978594289349
-472.064041851 -64.8916394288 0.942242596459 5000.0 0.942242596459
1228.13255854 21.9270588193 0.900142159998 5000.0 0.900142159998
-2832.85889162 4.77255426073 0.846253851629 5000.0 0.846253851629
-1183.82325363 -8.31800969359 0.836513591861 4800.0 0.836513591861
-4167.34356186 73.4095005245 0.966714386723 5000.0 0.966714386723
-417.97029293 -59.7787601372 0.991865625331 5000.0 0.991865625331
-8815.1016764 38.4050668721 0.994477881634 4600.0 0.994477881634
4.99137593188 86.1293683666 0.981545058927 1000.0 0.981545058927
-1648.89786751 -66.239702837 0.982740348524 5000.0 0.982740348524
2974.96928025 -74.8891696618 0.955536814624 4400.0 0.955536814624
-2477.22647057 -3.67231844775 0.848008132049 5000.0 0.848008132049
-1863.64506475 -25.7868245625 0.840475371342 4800.0 0.840475371342
6854.17205543 33.9975641935 0.984614586683 5200.0 0.984614586683
-3221.02096035 -57.667189205 0.909055604052 4800.0 0.909055604052
5822.81230947 -47.5054033079 0.913688187703 4800.0 0.913688187703
5434.40831808 -82.3077359355 0.993893124211 7800.0 0.993893124211
-7056.43840256 -60.5239487179 0.988389092348 4600.0 0.988389092348
1695.04054446 -10.5564856336 0.909766896858 4800.0 0.909766896858
3596.62197968 6.33421509048 0.860330262953 4800.0 0.860330262953
5188.53605793 -6.95674654253 0.903645895223 4800.0 0.903645895223
-6667.29169614 20.409865676 0.987351328154 4800.0 0.987351328154
3329.29069857 36.7881679191 0.889561332938 6200.0 0.889561332938
-879.115926807 -50.0934983384 0.917112948957 4800.0 0.917112948957
-2853.72456358 -36.4385684053 0.863890646055 4800.0 0.863890646055
4464.64464327 61.5570488621 0.908836717498 5600.0 0.908836717498
1509.69063577 70.1201884924 0.967240883141 1000.0 0.967240883141
-4775.27359563 3.80976895777 0.95453104556 4400.0 0.95453104556
-40.325094391 -15.7384040918 0.903291199483 6000.0 0.903291199483
5113.97838399 41.7221077753 0.88760405338 5000.0 0.88760405338
-768.476661785 52.0632727165 0.90999859074 6800.0 0.90999859074
5838.55490671 -35.5419054246 0.925603244914 5600.0 0.925603244914
-1018.11815426 -44.7214050836 0.873506919256 5400.0 0.873506919256
3539.98558588 -85.3010700738 0.989573202189 6400.0 0.989573202189
2583.85369507 -59.0037142707 0.993569534637 7400.0 0.993569534637
2647.11159329 45.6656486967 0.881594653803 6200.0 0.881594653803
-872.079772924 14.4054402927 0.878494743474 4800.0 0.878494743474
-6284.15005738 6.23017921243 0.948408932571 5000.0 0.948408932571
4685.87176073 -13.0797992287 0.885378855683 4800.0 0.885378855683
-1197.47478826 -89.5987081976 0.979354977439 1400.0 0.979354977439
1356.16438791 70.9431705779 0.980609298017 1000.0 0.980609298017
-5074.42475571 -63.4358153837 0.980410710763 6000.0 0.980410710763
-4974.99006645 68.0343072879 0.992241331654 5000.0 0.992241331654
-7480.4270237 2.88128725254 0.970523761339 5400.0 0.970523761339
-4939.53098044 11.6357192661 0.945336994783 5000.0 0.945336994783
1463.60928928 16.9768652247 0.900740801078 6800.0 0.900740801078
-2539.09639609 -0.821438499828 0.851021909879 5000.0 0.851021909879
-5916.92882942 -29.3347553483 0.986205250579 5600.0 0.986205250579
-6080.57366605 76.2877806531 0.987896178144 5600.0 0.987896178144
-2179.39062067 14.0910345131 0.844613750774 4800.0 0.844613750774
4546.48794807 14.1493697586 0.910163241779 5000.0 0.910163241779
5892.86885754 8.64732393605 0.947727675041 5600.0 0.947727675041
3610.46928387 -29.1025564078 0.929847681294 2000.0 0.929847681294
3761.26445136 27.3580072555 0.944132283284 5600.0 0.944132283284
1094.43142893 49.6371412808 0.987124284608 600.0 0.987124284608
-2552.6798228 -65.6645329132 0.921137959317 4800.0 0.921137959317
5285.06652203 -62.7707802223 0.924816861158 7800.0 0.924816861158
-7997.79114953 14.2325398604 0.974483267604 4800.0 0.974483267604
-6736.09181291 -40.5526786476 0.988003382316 5800.0 0.988003382316
-3735.07884094 41.8965431849 0.950607874934 5000.0 0.950607874934
869.09503063 25.4805131414 0.948571704466 4600.0 0.948571704466
3703.55543079 12.5040577851 0.90971256428 5200.0 0.90971256428
-6386.84354853 86.3736067062 0.962749294867 5400.0 0.962749294867
-1414.70059848 65.3429511572 0.962929609497 800.0 0.962929609497
-4041.72943712 5.20848265499 0.819700382818 4800.0 0.819700382818
1075.20468935 74.0103862282 0.985941571574 800.0 0.985941571574
-2455.78787097 -25.4631176138 0.818489307139 5000.0 0.818489307139
-1786.4658943 38.161820171 0.902492006874 5000.0 0.902492006874
-846.796605925 2.78007331465 0.854456854526 4800.0 0.854456854526
6688.69268025 -55.3434071907 0.998364056691 4600.0 0.998364056691
-119.438204494 -42.1249262235 0.957848225253 600.0 0.957848225253
-2429.93068378 22.2128086662 0.882531628709 5000.0 0.882531628709
-4162.45436747 9.38729005438 0.872922943461 4800.0 0.872922943461
3984.8071359 33.2145353 0.954958785843 5000.0 0.954958785843
984.559665209 52.7585280063 0.92761749254 800.0 0.92761749254
-3829.70144383 51.4338888386 0.917741574137 5000.0 0.917741574137
-3696.9442987 -9.13652668274 0.774640079026 5000.0 0.774640079026
-8948.74958834 -32.2532609366 0.9221741469 5000.0 0.9221741469
8416.34931548 -53.6245720651 0.975263294346 5000.0 0.975263294346
2103.64191121 67.1987070315 0.965176559783 800.0 0.965176559783
-8509.2705305 -60.1083045581 0.994658637083 6800.0 0.994658637083
6072.70990235 -33.9838013418 0.983728205304 5600.0 0.983728205304
6244.36883549 -74.6343019406 0.976634102485 3000.0 0.976634102485
5732.47793455 -16.4914706981 0.961596409671 5000.0 0.961596409671
251.086266765 87.6355139443 0.971862953865 600.0 0.971862953865
-1400.00690857 72.6637547145 0.941483818023 7200.0 0.941483818023
2227.38269558 -57.9214144025 0.892048307507 6000.0 0.892048307507
-5059.44747319 63.8583372084 0.992635804735 7600.0 0.992635804735
6551.8381763 26.6143882283 0.954583614601 4800.0 0.954583614601
6540.41718774 -32.8468089071 0.988698068444 6400.0 0.988698068444
-5371.17642331 28.4261378827 0.944491208486 5600.0 0.944491208486
4797.89460826 -38.081563922 0.922572808557 1400.0 0.922572808557
-5900.48578913 -10.952522844 0.947961129684 5000.0 0.947961129684
-2890.2072171 49.2921108166 0.977864047213 4600.0 0.977864047213
-1928.24424157 -16.9111808912 0.812412516235 4800.0 0.812412516235
3629.36807459 26.2521496389 0.909306331231 4600.0 0.909306331231
7170.56249955 -60.6480543682 0.9751547658 3000.0 0.9751547658
-3943.59997538 -20.8878794452 0.852551256273 4800.0 0.852551256273
-7219.92703583 -62.8611073413 0.997769018634 5000.0 0.997769018634
-2497.41513106 -35.9982702066 0.832310337522 4800.0 0.832310337522
-6145.7717103 44.0991932785 0.985506097667 5600.0 0.985506097667
-2665.78526147 3.40736937517 0.818624586968 5000.0 0.818624586968
-4623.65911204 66.3924329464 0.964104800195 4600.0 0.964104800195
322.892105665 66.5463484065 0.943881439878 600.0 0.943881439878
1784.96666207 74.2882340453 0.993023899281 1200.0 0.993023899281
68.2720601984 -35.7009377294 0.903026379797 6000.0 0.903026379797
556.506560034 -17.5683287478 0.904766860461 4400.0 0.904766860461
4695.47696855 -6.54605325568 0.915101206638 4400.0 0.915101206638
6603.18752703 26.4174287824 0.994706803426 5600.0 0.994706803426
-7969.86051307 13.4674572721 0.992943938755 5400.0 0.992943938755
5768.53296418 7.72177319588 0.881999817991 5000.0 0.881999817991
-5054.82346472 -46.9834228451 0.986749795641 600.0 0.986749795641
-4445.29702622 -15.449263648 0.916724014896 5000.0 0.916724014896
-4620.96983443 -25.6470536269 0.846740189319 5000.0 0.846740189319
5751.4961722 68.2390396524 0.964212661874 5000.0 0.964212661874
4918.65736991 -19.3485540731 0.92373275293 2800.0 0.92373275293
537.14253723 34.5345700341 0.84461307752 5200.0 0.84461307752
5292.08984998 88.5669894869 0.994952344827 4200.0 0.994952344827
1827.16476089 -32.2950271077 0.94273324226 4400.0 0.94273324226
3864.5038349 -11.0076866693 0.906103857414 5400.0 0.906103857414
-5785.08920924 26.6689935545 0.984471600123 7800.0 0.984471600123
-5930.24818274 -77.5139535051 0.971938400896 4800.0 0.971938400896
-6392.8824732 -33.6565084589 0.979295005461 5200.0 0.979295005461
2147.36018724 -65.5476194547 0.994335098052 6400.0 0.994335098052
1393.80768043 -82.2009924727 0.958841215483 5800.0 0.958841215483
5239.38658669 -22.3474265437 0.957795366391 4600.0 0.957795366391
-1972.44360323 -28.6947510282 0.838543242522 4800.0 0.838543242522
1693.22546889 89.6485777508 0.990424009549 1200.0 0.990424009549
-2653.06946885 -55.39715171 0.984219086019 4800.0 0.984219086019
-2845.72106904 21.5390044662 0.856675761764 5000.0 0.856675761764
-3007.38177349 -25.9736840034 0.84487883842 4800.0 0.84487883842
-3522.85584584 47.2116846958 0.969980616672 5600.0 0.969980616672
4223.73297711 -31.547773775 0.907160543649 4800.0 0.907160543649
-848.698445059 -22.86504097 0.897136183817 4800.0 0.897136183817
6504.48451664 66.8189936061 0.967316146051 5000.0 0.967316146051
2711.69858412 -71.3687135222 0.91125478203 4800.0 0.91125478203
8708.24563514 -14.7770860213 0.975182679316 4800.0 0.975182679316
2764.75341057 -78.0707074174 0.960118388804 4800.0 0.960118388804
-5001.92329657 53.8255868086 0.95685149168 4600.0 0.95685149168
-7339.54003221 35.7209346135 0.958962224819 5000.0 0.958962224819
-177.071598123 47.1788185841 0.976031609249 600.0 0.976031609249
-3780.13548371 43.5599958283 0.9614585283 5000.0 0.9614585283
5742.66947439 46.7522129119 0.963918430484 5600.0 0.963918430484
412.85377861 30.3814335293 0.864349686448 6200.0 0.864349686448
-5915.27428428 -71.5740356709 0.989481036062 5800.0 0.989481036062
-448.771659806 -59.453728573 0.994367376047 5600.0 0.994367376047
-3194.54382557 -30.6105070466 0.895181458994 5000.0 0.895181458994
6095.46080745 13.717144959 0.958249165718 3000.0 0.958249165718
-2242.74427945 -18.3854706911 0.845242241155 5000.0 0.845242241155
7646.63643662 -84.5000198222 0.996629220506 7800.0 0.996629220506
-4198.20499367 72.7391794436 0.99120779195 6400.0 0.99120779195
-3654.34334992 88.7812344838 0.987788536196 6600.0 0.987788536196
4941.81929765 8.53805617036 0.899682447043 4800.0 0.899682447043
-937.628592144 -24.3558417709 0.925790656445 4800.0 0.925790656445
-4521.25442699 -71.0598057637 0.940218510176 4800.0 0.940218510176
-3058.44523165 0.894192502103 0.88733361562 5600.0 0.88733361562
-5336.92483321 -79.3575302122 0.98497873552 5200.0 0.98497873552
1194.63357901 -43.2877835356 0.970683176049 600.0 0.970683176049
2014.6368205 -47.5986354816 0.973443624173 600.0 0.973443624173
-3585.09706011 -69.1928268516 0.965599787653 5000.0 0.965599787653
3073.18335819 3.37220885219 0.922968443076 4600.0 0.922968443076
-1003.21658652 -31.7008018154 0.915394939064 6000.0 0.915394939064
-4030.66553739 10.8267038651 0.825563240391 4800.0 0.825563240391
-6698.06327294 -19.7740974914 0.955205545754 4800.0 0.955205545754
-1056.12379436 10.1102070707 0.857578053832 4800.0 0.857578053832
-1383.53418844 35.2318307994 0.925694123575 4800.0 0.925694123575
-1762.38544545 68.612311188 0.981901794479 5200.0 0.981901794479
-212.051002507 58.5687887833 0.938495962296 600.0 0.938495962296
-4444.1945782 3.72052984911 0.828058040706 4800.0 0.828058040706
5730.11388804 -42.5376613734 0.940202122507 6800.0 0.940202122507
-9135.79049947 23.7173273353 0.995072875175 5400.0 0.995072875175
-317.389099447 -8.2907297555 0.862436006745 5000.0 0.862436006745
-3479.26168568 -33.4391724104 0.842377144277 4800.0 0.842377144277
1609.39571836 58.0156078169 0.9906215571 5200.0 0.9906215571
8116.23226274 73.467910588 0.990303378956 5000.0 0.990303378956
3311.54318973 -83.3073561623 0.966122780956 7600.0 0.966122780956
-3342.59161774 -29.0526597807 0.798741867444 5000.0 0.798741867444
-1732.71322307 80.2199859605 0.982524692135 4400.0 0.982524692135
3005.45301907 -68.2618701406 0.991807664329 6400.0 0.991807664329
-4935.31127616 13.8020745635 0.90258078059 5000.0 0.90258078059
7094.81807355 67.4326757126 0.993179469863 4400.0 0.993179469863
-4009.15278347 -24.8381794316 0.870663549495 5200.0 0.870663549495
3657.67752324 1.66778179774 0.832348703756 5000.0 0.832348703756
-3380.40564557 -74.9262400864 0.936081167761 5400.0 0.936081167761
-5889.09610522 -40.7621706914 0.940101347166 4800.0 0.940101347166
5791.1809032 89.8941843089 0.980678887849 5800.0 0.980678887849
-2380.50936933 -31.6432651231 0.822531724902 5000.0 0.822531724902
1592.80493379 -74.1459857117 0.951019795901 5000.0 0.951019795901
-94.9590745562 -4.93550574076 0.861743583761 6200.0 0.861743583761
-2379.59912244 -31.4016266782 0.860451820227 4800.0 0.860451820227
6568.00706039 -52.1443040903 0.999143217031 7000.0 0.999143217031
-4734.65962672 -76.066309691 0.980039946644 6600.0 0.980039946644
2869.44266669 -51.245077597 0.892656219809 5200.0 0.892656219809
-6660.88538608 -27.4924588176 0.875983302129 4800.0 0.875983302129
-1703.23267673 57.1228341102 0.917848989187 4800.0 0.917848989187
-236.629235955 22.9737175122 0.909178035276 7400.0 0.909178035276
-2821.47324841 47.7539483743 0.952757213445 5000.0 0.952757213445
6842.24216882 -18.5772334468 0.970360694051 4200.0 0.970360694051
-5868.1767388 3.70793898325 0.941121678419 5000.0 0.941121678419
-2227.44007671 -88.7616360725 0.992579292278 4200.0 0.992579292278
2984.84779571 70.5888350155 0.906380541041 7600.0 0.906380541041
-1382.78915687 8.41828704143 0.851058197127 4800.0 0.851058197127
-5930.78766691 -40.2322195703 0.984694697863 6400.0 0.984694697863
3857.49020454 67.3921197426 0.97278980411 1400.0 0.97278980411
-60.7265092272 26.6139611741 0.857037954211 6600.0 0.857037954211
1279.70357904 -35.6807120632 0.897648947842 6200.0 0.897648947842
-906.329867323 61.3151207036 0.99288395152 6600.0 0.99288395152
5670.55741171 -72.6156032269 0.983507696751 7600.0 0.983507696751
-7053.8509235 -44.4664914253 0.948333367601 5000.0 0.948333367601
5165.38172022 -51.2966923581 0.915051140535 5800.0 0.915051140535
-1868.17664578 -39.2623807985 0.835645118867 4800.0 0.835645118867
5504.57909876 -41.6810998598 0.994456827822 2000.0 0.994456827822
-8223.196544 -63.202177702 0.98701729467 4800.0 0.98701729467
2886.72285027 -18.9254081008 0.912115550924 4800.0 0.912115550924
2463.05103625 -33.2255259971 0.947935278541 1600.0 0.947935278541
-4383.05580583 59.1232607674 0.955205547786 4800.0 0.955205547786
-6175.54718587 -52.0272866932 0.944816378289 4600.0 0.944816378289
-981.939614455 -49.2385865952 0.904465819077 4800.0 0.904465819077
2260.23948554 -79.083050023 0.960301323853 7000.0 0.960301323853
-4068.71381224 -36.0767815324 0.887111069063 4800.0 0.887111069063
803.261611146 31.3286804157 0.901288270863 5600.0 0.901288270863
-1903.09586184 26.951381318 0.924260137501 4800.0 0.924260137501
6399.20924662 -53.2496644769 0.998024848509 6200.0 0.998024848509
-3106.73370716 46.5032854177 0.922027484525 5000.0 0.922027484525
721.384531083 -82.3031652904 0.956895969275 7800.0 0.956895969275
2964.10314395 20.5163390022 0.893212542537 6200.0 0.893212542537
-7920.45690139 2.73945973068 0.977997437093 5200.0 0.977997437093
-6932.71915566 -19.1548492532 0.909795017084 4600.0 0.909795017084
-6270.93853203 -53.0427535212 0.984276895745 5400.0 0.984276895745
-2442.71185492 21.6105580067 0.830062457407 4800.0 0.830062457407
2616.67865801 4.82796067803 0.8824622089 5000.0 0.8824622089
-160.723298089 57.1734373491 0.962015011523 1000.0 0.962015011523
-106.481001084 25.2278189337 0.85858074795 6200.0 0.85858074795
2445.45983882 0.848511955368 0.852913223029 5000.0 0.852913223029
5414.44431483 28.0045882791 0.92600676488 5400.0 0.92600676488
-2853.91623415 29.0104642156 0.857596663273 5000.0 0.857596663273
6952.4997755 -36.4896669055 0.983009247621 600.0 0.983009247621
-6955.25372501 -1.45843666911 0.973282599084 5400.0 0.973282599084
-2726.18162282 51.444744254 0.968832807171 4600.0 0.968832807171
-1867.65042601 -29.9718329566 0.871623092474 4800.0 0.871623092474
5230.74572591 28.5818620044 0.925319930005 5600.0 0.925319930005
559.350234491 -20.7703505636 0.891913930032 6400.0 0.891913930032
-2054.73311949 -87.3234358683 0.994944942968 7600.0 0.994944942968
-544.70585529 -53.2045891752 0.877763499382 5000.0 0.877763499382
5354.12376641 -22.3920267277 0.895392014015 5000.0 0.895392014015
-7361.18045771 -46.4180670962 0.930418013281 4800.0 0.930418013281
-4024.81648358 1.70992249378 0.875548858129 5000.0 0.875548858129
-1622.97155013 -49.2931962528 0.975658370269 1000.0 0.975658370269
7584.33265103 29.2599947419 0.98689346793 5000.0 0.98689346793
-1006.86997266 26.9238347917 0.929649240481 4800.0 0.929649240481
-3821.71450582 -4.03198061446 0.846302015557 4800.0 0.846302015557
7045.25891639 32.9864852407 0.927421939827 4800.0 0.927421939827
900.702260209 -53.6774422053 0.958786091264 600.0 0.958786091264
7836.52933411 -74.8072406081 0.962623381225 5000.0 0.962623381225
-459.075921685 -52.8852317975 0.938545263363 6200.0 0.938545263363
-5911.53192717 -8.1315069308 0.919316801208 4600.0 0.919316801208
6472.34410077 -20.5922984388 0.980415068559 4800.0 0.980415068559
2329.36198378 29.5075989162 0.904273611974 7200.0 0.904273611974
6083.4707569 59.1758970325 0.985704283108 6800.0 0.985704283108
-6858.79888907 32.5224330033 0.995116658043 5000.0 0.995116658043
-4452.00281053 -20.4621965644 0.869485825228 5000.0 0.869485825228
6863.68501466 66.426327456 0.994265740138 4800.0 0.994265740138
2164.33548525 3.58535593711 0.895703005422 6000.0 0.895703005422
5141.47335448 68.1570109315 0.931385987479 5000.0 0.931385987479
-7436.17977919 82.3377965219 0.999371464513 5400.0 0.999371464513
5704.85754584 63.4488619444 0.948602620674 3800.0 0.948602620674
5601.27185329 23.5290542374 0.915637802186 7200.0 0.915637802186
1588.11028041 -59.6686043007 0.923810568827 6600.0 0.923810568827
-2113.75705884 59.8849893699 0.989148486192 600.0 0.989148486192
-2376.71399762 72.358500325 0.933235822786 5000.0 0.933235822786
945.35747071 12.9898838364 0.876391204774 5000.0 0.876391204774
1813.24204109 2.71751058629 0.880205962694 5800.0 0.880205962694
5997.76245138 16.3546071539 0.945629481226 5000.0 0.945629481226
