3322.20978376 16.5872518774 0.89370658865 4800.0 0.89370658865
-4884.02739249 17.3533424088 0.841918365769 4800.0 0.841918365769
1597.95277867 45.0973435267 0.932605842739 5000.0 0.932605842739
3225.63574263 -63.7551465111 0.966385946051 4600.0 0.966385946051
-6168.69801736 82.6132126919 0.973822328614 4800.0 0.973822328614
-9391.0206564 42.240152973 0.997237709876 4200.0 0.997237709876
9643.49944611 -26.5051340245 0.998252377975 4400.0 0.998252377975
-153.83404699 -19.4858378778 0.925649467384 6000.0 0.925649467384
1507.98959518 -66.7890535713 0.967539261006 1400.0 0.967539261006
237.865558218 53.3406659358 0.967218102042 600.0 0.967218102042
-270.915803633 -1.15829797612 0.895617348145 5000.0 0.895617348145
6875.64360677 23.9022949387 0.995703760063 5400.0 0.995703760063
-4433.18719089 19.6364976927 0.900957473053 4800.0 0.900957473053
-1920.93295518 81.4474205461 0.978718249566 4600.0 0.978718249566
-4569.26509813 -67.8099740303 0.941950883211 4800.0 0.941950883211
3029.48090611 76.5491941287 0.983661953322 4400.0 0.983661953322
4638.55157128 4.52131050596 0.920706342075 4600.0 0.920706342075
6812.85662176 -30.7840610505 0.995922337968 1200.0 0.995922337968
770.575740849 7.50170893271 0.906119732093 4800.0 0.906119732093
4576.69101253 -80.5185152725 0.98661961794 5800.0 0.98661961794
-1581.21015678 8.66357621515 0.908058503627 4800.0 0.908058503627
3124.3661168 -57.8814582424 0.981669984376 2600.0 0.981669984376
6275.18630641 68.7502539027 0.9674761597 4800.0 0.9674761597
2535.94074336 -29.1754058994 0.930759827237 5000.0 0.930759827237
-489.296130266 -60.7353415973 0.934787090802 4800.0 0.934787090802
-5181.78106955 50.2619527495 0.89107068277 4800.0 0.89107068277
4513.01509201 48.6811288609 0.91500092372 3600.0 0.91500092372
5355.83925322 38.6794189033 0.926084730284 5200.0 0.926084730284
5811.12398246 54.1358045572 0.985618637203 4600.0 0.985618637203
-6229.86385689 68.4145931538 0.97440710718 3000.0 0.97440710718
2776.35894973 1.46136291797 0.926468962585 5000.0 0.926468962585
3333.84918862 -68.3553805892 0.95531529543 5200.0 0.95531529543
-2415.7345269 49.8149661749 0.948463141445 4800.0 0.948463141445
7709.52878201 47.9830286978 0.988968356 4600.0 0.988968356
2772.02348117 -44.0360338037 0.979886062997 2000.0 0.979886062997
8754.03692066 3.41934421186 0.995687846733 5600.0 0.995687846733
-1866.67048038 -39.0200704427 0.86778897506 5000.0 0.86778897506
3741.72889043 -55.0420512079 0.973764154755 3600.0 0.973764154755
-6205.46854082 12.4772040661 0.928601346584 4800.0 0.928601346584
8451.19551427 40.5025263053 0.986383430645 4800.0 0.986383430645
-896.992370171 23.0104439202 0.90517134904 5000.0 0.90517134904
1409.65999035 -59.5654019961 0.986206097911 600.0 0.986206097911
2762.97099016 35.3013276136 0.93507975831 4600.0 0.93507975831
2201.78942275 -3.23981764245 0.896371323062 4800.0 0.896371323062
-1743.34980617 49.695314053 0.936933028198 5000.0 0.936933028198
-5706.90456256 28.609505375 0.916077138 4800.0 0.916077138
3454.67214724 6.73118219278 0.926181997278 4600.0 0.926181997278
-4087.38054714 40.3332309321 0.863125646278 5000.0 0.863125646278
-6165.75451668 52.1875218724 0.960499467841 5000.0 0.960499467841
-5005.2511768 74.7020464107 0.939550990029 5000.0 0.939550990029
-5261.33431763 65.9804938884 0.984030497196 5200.0 0.984030497196
7623.94604873 -17.4027995174 0.944441188296 4800.0 0.944441188296
-6398.28785803 -72.4841071229 0.991729221657 7400.0 0.991729221657
-739.042148732 30.6272094534 0.894006875108 4800.0 0.894006875108
4106.60049717 -13.2342213301 0.882378315297 5200.0 0.882378315297
-2216.67575857 -31.0769073185 0.895894876184 5000.0 0.895894876184
-6992.84019366 53.9072731051 0.984483341777 5200.0 0.984483341777
6444.45159023 76.5654016692 0.994619389482 6600.0 0.994619389482
-857.605603866 8.13825776597 0.897161846748 4800.0 0.897161846748
-5251.89830922 68.0545479812 0.977233591092 4800.0 0.977233591092
411.910912981 -72.2638505077 0.962900317073 4800.0 0.962900317073
-303.339372949 -40.585173781 0.927791942759 6200.0 0.927791942759
-1289.41309775 -5.88319583911 0.82166523625 5000.0 0.82166523625
3611.94704438 -14.4080199527 0.895021125905 4200.0 0.895021125905
572.049775788 36.3822004116 0.917350927813 4800.0 0.917350927813
-5061.14535828 26.1049265736 0.894796879296 4600.0 0.894796879296
-4276.31352268 46.6783392709 0.846627561492 4800.0 0.846627561492
-3438.0779176 -46.769310817 0.874181584003 5000.0 0.874181584003
-3196.52587023 14.8395241697 0.852536297456 4800.0 0.852536297456
799.194517793 16.9649847407 0.899025379221 4800.0 0.899025379221
-1432.56571733 4.5163190057 0.877094086722 4800.0 0.877094086722
-699.100109026 -64.8752777617 0.982561435056 1000.0 0.982561435056
-3293.6569795 6.67516417238 0.853555638681 4800.0 0.853555638681
6689.47876062 14.8550030799 0.985021693119 5000.0 0.985021693119
357.731240934 64.2857230617 0.933714980425 4800.0 0.933714980425
-3549.61981891 65.0488930537 0.98777383245 4000.0 0.98777383245
-4568.30414274 -76.3850426321 0.977043219052 5000.0 0.977043219052
-6644.12336305 -79.6330419277 0.996636653617 5600.0 0.996636653617
6097.18278259 -34.944467985 0.969724913133 5000.0 0.969724913133
8445.65728836 62.719105236 0.983198536597 4800.0 0.983198536597
1312.48799974 69.1995714512 0.984499812981 600.0 0.984499812981
3733.52310575 -50.7620502963 0.896637343926 5200.0 0.896637343926
5675.4381814 64.1934497632 0.981386273774 5000.0 0.981386273774
6798.91132432 -5.6256474828 0.943701512505 4600.0 0.943701512505
-2206.72192003 9.74371817801 0.886775746033 4800.0 0.886775746033
-2052.13438853 22.2351739062 0.88138375892 5000.0 0.88138375892
3712.69433093 -63.5472188702 0.970254162215 2400.0 0.970254162215
1667.71862913 -8.11634881396 0.870686233579 4800.0 0.870686233579
4432.15309923 -49.4688746191 0.943137584338 4800.0 0.943137584338
1086.66225119 -34.8501861652 0.943585894525 600.0 0.943585894525
-2936.77293614 -16.9507718487 0.89085072534 5000.0 0.89085072534
-89.6058877249 73.6236868117 0.986532569112 600.0 0.986532569112
-206.698506797 13.945081139 0.859442835426 5000.0 0.859442835426
-4594.05352922 -32.8041695999 0.893650411355 4800.0 0.893650411355
-5223.99152167 46.216864489 0.970748980923 5000.0 0.970748980923
-7051.05107042 25.7710140645 0.989997971934 5000.0 0.989997971934
3382.05473275 3.1559587229 0.901766498011 4400.0 0.901766498011
2198.92239206 3.99022248232 0.89825632909 4800.0 0.89825632909
4720.99603856 -17.8502295473 0.946855088906 5000.0 0.946855088906
-295.045004832 -78.3414497187 0.985333588186 1000.0 0.985333588186
511.621352284 13.6582180701 0.883738017465 5200.0 0.883738017465
-5148.87366488 32.0144956756 0.973657606785 5200.0 0.973657606785
-5006.07229535 34.36489753 0.900088538524 4800.0 0.900088538524
-7032.48408391 30.8851453675 0.96707169334 5200.0 0.96707169334
-6141.94556161 69.495964727 0.985233367254 5000.0 0.985233367254
-7284.74436362 55.9453656001 0.997799024195 5200.0 0.997799024195
937.725089818 43.9640871023 0.914012793401 6200.0 0.914012793401
3083.80755864 -15.3741244204 0.919770456526 4800.0 0.919770456526
-309.474570333 -33.6698006106 0.888440445565 5000.0 0.888440445565
6203.88650263 41.7174199981 0.962761554282 4800.0 0.962761554282
-1169.80477447 -47.7441589606 0.979441708053 600.0 0.979441708053
1826.30710774 2.03639199904 0.876928679874 4600.0 0.876928679874
-2129.51329421 18.3945636741 0.805315523552 5000.0 0.805315523552
-5067.21128535 -56.2627058181 0.996803927701 1600.0 0.996803927701
-7720.84797375 -26.7601158607 0.961204089433 4800.0 0.961204089433
3768.68925528 -28.3115491381 0.88363601698 4600.0 0.88363601698
7230.78087026 -32.58908669 0.969878701088 4200.0 0.969878701088
-877.21557879 4.52864462637 0.890432930832 4800.0 0.890432930832
355.236878698 -43.7754711532 0.915177240338 4800.0 0.915177240338
804.200466412 38.4551220857 0.90280602407 6600.0 0.90280602407
-8442.60274188 -5.16972445148 0.972108514551 5000.0 0.972108514551
-4441.96687424 -46.9004054324 0.916409458288 4800.0 0.916409458288
-6108.80196873 13.2236814673 0.924850001626 5000.0 0.924850001626
3464.56590277 -24.2915088384 0.927275348794 3400.0 0.927275348794
5005.04618773 51.2661275856 0.976013171067 1800.0 0.976013171067
-760.305405338 -8.37828972236 0.856168774339 4800.0 0.856168774339
-7053.92826123 -20.4490927231 0.931142660089 4400.0 0.931142660089
5620.62482351 7.369964076 0.95508217477 5000.0 0.95508217477
-6954.26912277 -10.3764648154 0.958733782717 4800.0 0.958733782717
-4935.4123509 -44.4945892568 0.969705077516 2400.0 0.969705077516
-669.736500038 -60.0717936829 0.992830871327 2600.0 0.992830871327
4583.63142847 -17.0987442486 0.929059526199 4600.0 0.929059526199
-4324.9507225 46.8465152783 0.988964523944 5200.0 0.988964523944
3716.86669637 -37.393139986 0.905843971021 4600.0 0.905843971021
-6859.12423443 -61.1176734958 0.9981594748 7000.0 0.9981594748
-1038.38625502 21.890714266 0.864432830339 5000.0 0.864432830339
2623.51222243 -49.4617430637 0.928442434823 4600.0 0.928442434823
7284.57388569 31.1017232638 0.980440370851 5800.0 0.980440370851
7003.79804286 33.0507921907 0.944303047373 5000.0 0.944303047373
1495.73181235 32.1765400189 0.935591064938 5000.0 0.935591064938
4010.22888045 89.6555137001 0.991818499645 600.0 0.991818499645
-4780.43696966 -22.3905619915 0.867733942107 4800.0 0.867733942107
-4838.45881143 -17.0312266216 0.908242645793 4800.0 0.908242645793
6040.09904184 12.9597172705 0.910917533176 4600.0 0.910917533176
6320.75680791 76.5061413644 0.993241183073 7800.0 0.993241183073
4105.85963871 64.6600733508 0.941556303584 4200.0 0.941556303584
-9100.5923754 36.3537094632 0.981781515466 4800.0 0.981781515466
-4682.8005402 36.7677759321 0.896286891041 4800.0 0.896286891041
-6700.283379 59.6474394545 0.977567712247 4600.0 0.977567712247
2007.63503952 -4.3226689361 0.905140302127 4600.0 0.905140302127
-148.001363684 45.7777955259 0.944158832658 5000.0 0.944158832658
6434.35125283 -76.2593350346 0.980624506978 3600.0 0.980624506978
-2665.15050618 51.8313387189 0.962741851412 4800.0 0.962741851412
245.22857912 -26.9877834178 0.917814523804 5000.0 0.917814523804
-6099.12076096 -8.49362472684 0.865280461035 4800.0 0.865280461035
3843.07224538 -59.089037534 0.970566455848 1400.0 0.970566455848
4998.85734414 68.2505126298 0.992318776132 600.0 0.992318776132
1369.49479652 -24.8132575338 0.915461240417 5000.0 0.915461240417
-498.781994197 15.4340583972 0.8753247863 5200.0 0.8753247863
-1229.69362897 -57.129784716 0.970276772098 4600.0 0.970276772098
3476.00657478 30.9697553668 0.94722511886 5000.0 0.94722511886
2741.664215 28.4846901158 0.907734207069 600.0 0.907734207069
-1880.52787077 68.408914089 0.930683655441 1600.0 0.930683655441
-5709.13108625 30.5923016049 0.944275283392 5000.0 0.944275283392
-4150.6207675 18.5835524781 0.909099319204 4600.0 0.909099319204
7176.1913452 -46.3080885789 0.988156865038 4200.0 0.988156865038
-146.828296535 -3.15326440662 0.911791411523 5000.0 0.911791411523
2558.35164846 -20.4955381239 0.950898850941 4600.0 0.950898850941
-4549.27182305 -32.2903582254 0.872147485131 4800.0 0.872147485131
4756.72902034 66.9588372868 0.960879178019 4600.0 0.960879178019
-2682.44637149 39.1796909887 0.968802305555 4800.0 0.968802305555
6645.57890448 -28.0589002642 0.981250614278 4800.0 0.981250614278
-3065.77714191 -2.91199497519 0.853015082819 4800.0 0.853015082819
-7056.85144264 2.7613621064 0.970379532378 4400.0 0.970379532378
7007.52806345 9.33804878066 0.907048076619 5000.0 0.907048076619
-7855.60226647 13.4345356316 0.957139806447 4800.0 0.957139806447
-7021.57772122 5.47865733796 0.953995751903 5000.0 0.953995751903
-6157.74193014 -43.3743940719 0.953305917193 4800.0 0.953305917193
7133.07387514 21.4936709671 0.997562362398 5400.0 0.997562362398
3772.82157022 -60.5231691608 0.951389818655 4800.0 0.951389818655
2582.19487678 -52.4437713321 0.924286088304 5200.0 0.924286088304
-6654.30625014 -67.0271000355 0.979446617273 5000.0 0.979446617273
561.417100336 82.1078180508 0.98820712483 600.0 0.98820712483
-3015.25264103 35.4316566311 0.913783281649 4800.0 0.913783281649
-7559.9133722 40.6152842283 0.991174864808 4800.0 0.991174864808
-4711.00644895 -8.48291911609 0.832649543379 4800.0 0.832649543379
-2567.33133785 -59.8000394834 0.964248415926 5000.0 0.964248415926
6670.56645579 26.3202033165 0.921824615612 4800.0 0.921824615612
2212.14160236 42.9797026555 0.979995961579 4800.0 0.979995961579
5629.19728744 -32.9861085818 0.952505458523 4800.0 0.952505458523
-1755.94304259 -51.2220469008 0.987170814364 1600.0 0.987170814364
-2160.39264034 -37.7381928839 0.892479814139 4600.0 0.892479814139
-2694.99592718 17.7266250795 0.920718910229 4800.0 0.920718910229
1119.66479456 -30.8791934927 0.963386091059 1200.0 0.963386091059
1843.63927921 -56.3182158957 0.990901793363 2400.0 0.990901793363
-1435.86620593 -40.7549503021 0.970393942007 2800.0 0.970393942007
-4927.82901111 9.54618951865 0.925817246546 5000.0 0.925817246546
5786.07067366 45.8377856945 0.980176044849 4600.0 0.980176044849
2710.68954035 -10.6313275968 0.897408744361 4800.0 0.897408744361
5804.7907714 64.8869829259 0.980775182754 600.0 0.980775182754
3550.23271323 -14.0381104681 0.891574481215 4800.0 0.891574481215
2193.52549429 34.9985261006 0.933330031451 2600.0 0.933330031451
-1514.43479547 9.33456839037 0.906207200337 4800.0 0.906207200337
186.124560706 -24.8356970663 0.937273506239 4800.0 0.937273506239
5159.53741463 -40.1640005588 0.977760882607 600.0 0.977760882607
7105.54119574 -38.8490047732 0.998296549105 4800.0 0.998296549105
-5553.06850856 -44.3282128566 0.888730222658 4800.0 0.888730222658
8425.10862751 -8.74759352014 0.995130041718 6800.0 0.995130041718
-407.155508419 -6.34261787745 0.925790002506 5000.0 0.925790002506
7402.95774681 -30.5208759243 0.995431028944 4400.0 0.995431028944
3213.9509166 43.9178838261 0.940962961978 5800.0 0.940962961978
2601.80977325 -9.58403710015 0.916038140957 4800.0 0.916038140957
-6942.79854602 44.8448760023 0.980107098235 5200.0 0.980107098235
-4239.84321726 48.8476745663 0.984260879117 3800.0 0.984260879117
-5309.89216639 3.88666156582 0.932875679061 5000.0 0.932875679061
5627.00143578 -35.5084130266 0.98777773325 4800.0 0.98777773325
-4839.88785093 -69.278551616 0.936687332806 4800.0 0.936687332806
160.486617795 39.840383451 0.92985271864 5000.0 0.92985271864
-6528.35917678 37.8761882486 0.981217537126 5000.0 0.981217537126
-1840.99374447 -53.7231748323 0.949950991756 4800.0 0.949950991756
-5562.81665405 7.50632588055 0.924952366603 4800.0 0.924952366603
-5659.83337136 -34.1934438086 0.92241032005 4800.0 0.92241032005
7028.12719683 1.89821551272 0.931293968315 5400.0 0.931293968315
1555.0147644 -56.5543403007 0.991354873335 3000.0 0.991354873335
3691.6583262 -3.21332993614 0.912972297484 5600.0 0.912972297484
-8954.15288629 -58.3799907432 0.999773881262 4600.0 0.999773881262
3825.84513979 -65.3894904222 0.97702933096 4200.0 0.97702933096
-458.696384984 -63.5852918372 0.981244438803 4800.0 0.981244438803
-2578.18407629 -27.9644568821 0.839098836493 4800.0 0.839098836493
3058.20812125 24.3438705813 0.906537623189 4800.0 0.906537623189
-4025.71432253 -72.1259292669 0.909572261815 5000.0 0.909572261815
-4640.7576911 -43.258703327 0.892721647195 5000.0 0.892721647195
-979.103067886 -33.4884677798 0.9411315279 4800.0 0.9411315279
4525.05743091 -68.161150658 0.986025420772 600.0 0.986025420772
4043.82341298 -73.3638144047 0.990184315498 5200.0 0.990184315498
6.53640133322 23.2765403933 0.878939181361 5000.0 0.878939181361
508.175529959 -34.7318920528 0.928277364299 5000.0 0.928277364299
1518.18166363 31.1037405633 0.955636756509 4600.0 0.955636756509
-3703.57086723 5.17567118266 0.880765366374 4800.0 0.880765366374
-4345.86488611 -82.1789315504 0.983853184241 5000.0 0.983853184241
-3550.78606514 -13.6090785214 0.893591513051 4800.0 0.893591513051
-3121.51851784 -15.3574754563 0.884587411322 4800.0 0.884587411322
6929.14790438 22.1109670115 0.995615595114 5200.0 0.995615595114
2841.72766166 -64.7648663006 0.943020812719 6000.0 0.943020812719
903.891118657 58.3267034311 0.949189502385 5000.0 0.949189502385
3228.88342798 56.1603193797 0.925248294721 5200.0 0.925248294721
4163.1659429 -6.9935264095 0.922912121847 1800.0 0.922912121847
-3148.66050724 -22.7606578645 0.930734346377 4600.0 0.930734346377
-8046.17662665 41.308455506 0.974784043556 4800.0 0.974784043556
1039.20837368 -67.9895962842 0.939688677932 4800.0 0.939688677932
-1717.54618283 -58.9003988752 0.908228244132 4800.0 0.908228244132
-3994.26374564 54.9090823703 0.898612209026 5000.0 0.898612209026
4687.26076255 -69.1771078743 0.895135543747 4800.0 0.895135543747
-1607.295452 -47.177610826 0.983537273679 600.0 0.983537273679
-7400.31928585 30.9176603285 0.997607801899 4200.0 0.997607801899
6384.99875788 66.0025797341 0.992283088007 6400.0 0.992283088007
6725.55234308 49.898724335 0.992813009423 6600.0 0.992813009423
-1195.66161658 19.897448736 0.867214352657 5000.0 0.867214352657
8764.16913659 -21.04551602 0.990495656966 4800.0 0.990495656966
4554.02870342 -2.30558063354 0.923739758585 4600.0 0.923739758585
-1026.95419249 84.4917305424 0.991745836046 7200.0 0.991745836046
-1933.26303861 32.2764372205 0.89922876512 4800.0 0.89922876512
-7663.38862214 32.1333687953 0.948644204565 5000.0 0.948644204565
5565.5466081 -36.6120913191 0.986534097132 600.0 0.986534097132
242.686043267 5.93303349002 0.92087990386 5200.0 0.92087990386
-4678.34765792 51.5125315386 0.973545532501 4000.0 0.973545532501
-2859.86842783 7.73969388283 0.860538157792 4800.0 0.860538157792
-1909.06541576 19.2836454552 0.894732968406 5000.0 0.894732968406
-2163.0201681 -52.3296765567 0.868258659474 5000.0 0.868258659474
-2018.74181305 -72.9052831231 0.982703282509 1600.0 0.982703282509
5979.24428525 70.193390968 0.978507118925 600.0 0.978507118925
-2962.77410227 62.0287053721 0.962271664203 5000.0 0.962271664203
-4494.83553024 41.6172307796 0.945669758497 4800.0 0.945669758497
337.680060472 -21.144526252 0.911502275821 4800.0 0.911502275821
3913.45649007 4.02093895753 0.91114772925 4800.0 0.91114772925
676.947557853 80.1409337755 0.985013861935 600.0 0.985013861935
2927.31369807 -84.1152698198 0.988013729798 1800.0 0.988013729798
-1400.12815885 39.7268871219 0.926431141088 4800.0 0.926431141088
188.507766488 26.962260085 0.901227420854 5000.0 0.901227420854
-6843.12099437 43.0300389814 0.992269932601 5000.0 0.992269932601
-4934.41848802 41.1381239602 0.909251304424 4800.0 0.909251304424
-5230.52407854 -7.48408399272 0.915160792562 5000.0 0.915160792562
-3286.24247869 72.3998728954 0.956545952122 5000.0 0.956545952122
2162.39050932 -75.3806718743 0.996259492651 3000.0 0.996259492651
6361.10508193 -33.5052537831 0.988765266318 4800.0 0.988765266318
-4736.04300476 12.0175207543 0.934047026626 5000.0 0.934047026626
-2717.09988435 24.9226628568 0.898534946493 5000.0 0.898534946493
5932.6705151 -51.4490868754 0.934256680222 5200.0 0.934256680222
4604.65404946 80.9109674967 0.986426614053 3800.0 0.986426614053
-6681.94859145 79.9625030557 0.994085092951 6800.0 0.994085092951
-632.336772303 -33.5899139705 0.925254488797 4800.0 0.925254488797
-6889.51788863 -47.6689925619 0.993667897964 5000.0 0.993667897964
-6318.68095646 17.3354117822 0.972015453433 4800.0 0.972015453433
-2794.22637462 27.2236123353 0.927520771907 4600.0 0.927520771907
4429.32246021 -10.7495051786 0.927213029018 5400.0 0.927213029018
-2098.96003436 7.00752524192 0.913507639698 5000.0 0.913507639698
4419.18184967 21.6606094569 0.934996041775 5400.0 0.934996041775
-4103.07763917 65.0546259429 0.940600561697 4800.0 0.940600561697
4420.63468299 63.0069732625 0.966739367829 4800.0 0.966739367829
-597.840197119 10.3069490174 0.890739743185 5000.0 0.890739743185
4053.82568056 -16.6402426502 0.894389425778 5000.0 0.894389425778
-3823.04042394 16.0478514016 0.838892007878 4800.0 0.838892007878
2299.45533799 89.7061586962 0.982790504587 7200.0 0.982790504587
-27.8276959957 -21.5422397787 0.911050098486 5000.0 0.911050098486
-6720.14103984 -53.095120372 0.996694520732 2600.0 0.996694520732
6317.22427888 77.6958617893 0.977356680131 4600.0 0.977356680131
75.7830522049 74.500340399 0.983408334734 4600.0 0.983408334734
4067.62964513 -4.61112705882 0.909255919111 4400.0 0.909255919111
3428.08643101 45.7459167078 0.954768720285 4600.0 0.954768720285
-3868.65863363 -19.1059635479 0.859710585968 4800.0 0.859710585968
-588.771343499 -71.1144536386 0.974012898937 600.0 0.974012898937
-5250.6581682 7.38407639443 0.88995920839 5000.0 0.88995920839
-3617.62996906 33.701591998 0.902272605252 4800.0 0.902272605252
402.102663113 -71.1586463142 0.974892333176 4800.0 0.974892333176
980.101275107 32.0591602081 0.91967491215 5200.0 0.91967491215
-3460.72057729 -21.6894574645 0.876205128029 4800.0 0.876205128029
-7853.11475686 -29.0772058612 0.965369356938 5000.0 0.965369356938
-1537.38323921 86.0067050784 0.984331900388 6800.0 0.984331900388
6437.97881543 -30.2067844276 0.980652326416 4600.0 0.980652326416
6368.46660649 -3.36377635305 0.913613155161 4800.0 0.913613155161
6325.40170947 -15.8008717511 0.975397229843 4600.0 0.975397229843
3134.7908895 -66.8556667775 0.976675733888 4000.0 0.976675733888
-4914.8220052 6.44666152247 0.888297674495 4800.0 0.888297674495
-6095.65605104 73.2324928102 0.980352552541 4600.0 0.980352552541
-4757.02619665 68.9659535823 0.969328443511 4800.0 0.969328443511
-2994.95275042 34.4524122705 0.859376287747 5000.0 0.859376287747
7833.55815654 -3.37337945838 0.964410141677 4800.0 0.964410141677
-914.865570962 -50.063908659 0.896799118777 4800.0 0.896799118777
-4514.21439793 -46.6489501897 0.897067462922 5000.0 0.897067462922
-656.295603935 -5.55838261677 0.90115344746 4800.0 0.90115344746
-3618.83907121 -50.6469711738 0.958819165689 4800.0 0.958819165689
4215.47352666 -41.5439333309 0.93603095819 2600.0 0.93603095819
-3138.52455482 -49.7436223702 0.933226399873 5000.0 0.933226399873
-2925.2563944 -77.199139934 0.980251591983 5800.0 0.980251591983
-3315.92116724 -10.4454832604 0.885433999796 4800.0 0.885433999796
-5729.67786967 24.350151872 0.963170721164 4800.0 0.963170721164
-988.057913003 -31.9698090673 0.951070109116 1000.0 0.951070109116
7916.27369399 -49.3376650356 0.977643441461 4800.0 0.977643441461
-6409.45776872 43.9555269354 0.955196216008 5200.0 0.955196216008
-5578.64187223 87.8044456004 0.987705872527 5000.0 0.987705872527
1606.32320641 -87.9089733836 0.976818223681 5200.0 0.976818223681
-4783.26941103 -50.6070804152 0.994340510646 5200.0 0.994340510646
-565.989112831 -72.8144967796 0.947262504327 4800.0 0.947262504327
-1662.97868323 -44.7317063039 0.902915321362 4800.0 0.902915321362
-3924.23769912 43.6149206589 0.952035932221 4800.0 0.952035932221
-1564.99574036 16.869850132 0.892946757679 4800.0 0.892946757679
-153.872711962 15.5557885258 0.903051430109 5800.0 0.903051430109
1321.11596129 64.6020371121 0.99236027312 3000.0 0.99236027312
1664.67123571 37.7298175384 0.914963654092 4600.0 0.914963654092
-1876.42974733 20.3772055393 0.879436462344 4800.0 0.879436462344
-7701.68940005 8.79237187175 0.932753524699 4600.0 0.932753524699
-2366.48091684 51.8983944854 0.972269128939 5000.0 0.972269128939
5559.18679905 -50.2957665606 0.955002647974 5800.0 0.955002647974
5694.02107712 19.4121938142 0.918433373154 4800.0 0.918433373154
4843.05739581 -39.0395992782 0.980104689917 600.0 0.980104689917
2091.15521786 27.5863906491 0.930294665868 5600.0 0.930294665868
313.751329393 -56.023558731 0.993412015924 600.0 0.993412015924
5050.19810107 28.7650071111 0.954872448208 5000.0 0.954872448208
-1822.8138525 34.3941548989 0.925248061235 4800.0 0.925248061235
-413.469424989 58.611926682 0.950160655569 1800.0 0.950160655569
-4579.80302683 -83.7504113332 0.967861989138 5000.0 0.967861989138
-1971.1243965 13.0687716317 0.844820601733 4800.0 0.844820601733
-4567.93315554 8.25044312058 0.833770118954 5000.0 0.833770118954
1896.86572935 67.5688685943 0.993597436559 6200.0 0.993597436559
-4705.49549493 -36.5374687216 0.981679633107 2000.0 0.981679633107
2596.90200424 -18.7715987594 0.922697086286 4600.0 0.922697086286
-6078.62105 31.7410846659 0.977379525108 5200.0 0.977379525108
224.71750612 46.680551797 0.940562311145 5000.0 0.940562311145
3345.72700132 31.9499457891 0.924359986627 5400.0 0.924359986627
1678.00328378 -59.1257343248 0.97855202189 1400.0 0.97855202189
-6809.14578619 37.5925934632 0.973611681565 5000.0 0.973611681565
-4156.55219129 25.4715479568 0.870761021056 4800.0 0.870761021056
-6591.04173272 -13.9346758818 0.893632359452 4800.0 0.893632359452
5868.33543558 19.0811936812 0.990718789122 5000.0 0.990718789122
4578.75684929 -5.23156185348 0.976429449872 4800.0 0.976429449872
-4142.8791288 31.8408695543 0.893488147999 4800.0 0.893488147999
3236.46745939 -5.28292838914 0.932905274457 4600.0 0.932905274457
-3958.01862394 37.0309215384 0.97118284 5400.0 0.97118284
3112.07135363 15.8058657588 0.93098548544 4800.0 0.93098548544
949.512993125 23.9899142527 0.919887721736 4800.0 0.919887721736
3323.87100437 1.41808283187 0.896574016991 5400.0 0.896574016991
-6015.88599248 -42.6883837855 0.892145642548 5000.0 0.892145642548
-872.625909248 -80.1088348074 0.991226408094 1800.0 0.991226408094
9106.4626394 -20.3302614239 0.990734574194 4600.0 0.990734574194
-6361.82767395 8.82814064082 0.95068139449 4800.0 0.95068139449
-631.390303869 26.2423726338 0.911615169085 4800.0 0.911615169085
1547.23138239 88.1439275806 0.976412628085 800.0 0.976412628085
-2887.16387009 84.0535987727 0.98644897822 600.0 0.98644897822
7427.31847247 39.8633749804 0.947734839766 5000.0 0.947734839766
-338.993222166 -72.5839132237 0.985789005341 7400.0 0.985789005341
-4337.24685521 65.779561608 0.939042802589 4800.0 0.939042802589
7099.47736899 15.8110225772 0.913783979105 5000.0 0.913783979105
-1455.24317255 46.277791872 0.975529126104 3200.0 0.975529126104
448.900042911 -28.3807202787 0.912928901917 4800.0 0.912928901917
4095.71738972 -57.2242841823 0.948929024152 4000.0 0.948929024152
1689.84801218 -16.4240341162 0.918236809472 5200.0 0.918236809472
6174.8079957 11.8508461272 0.954200572948 3600.0 0.954200572948
-5003.51824861 37.3726835023 0.987572735951 5000.0 0.987572735951
-3364.72629339 -68.7194577216 0.966976955171 4800.0 0.966976955171
-3458.81750514 -82.0931468586 0.9088007194 4800.0 0.9088007194
315.992062724 25.4902689302 0.910077679441 5000.0 0.910077679441
-3770.35127271 -60.4776944169 0.918913039075 5000.0 0.918913039075
-403.648649164 -57.4398906399 0.985355220463 600.0 0.985355220463
4490.44026182 -22.8693557092 0.949723883921 3400.0 0.949723883921
-7168.04189088 31.8679817533 0.961601097157 5000.0 0.961601097157
-358.98861633 -29.1808437106 0.937447379236 2200.0 0.937447379236
-880.42300594 -49.3052485689 0.917979515225 5000.0 0.917979515225
4692.72774008 -41.7457831022 0.969481179398 600.0 0.969481179398
-8479.23146741 25.782451141 0.986239783604 5200.0 0.986239783604
4922.40729646 4.35665400436 0.883031219279 4800.0 0.883031219279
-4495.37030275 46.175333169 0.9777074344 800.0 0.9777074344
164.214231786 40.4901702308 0.933213030835 5000.0 0.933213030835
7002.55787868 -46.5379733669 0.965434548323 4800.0 0.965434548323
-5695.25332943 -47.9823990071 0.937310335089 4600.0 0.937310335089
-6966.21856304 12.0739339056 0.976790938503 4800.0 0.976790938503
6851.82006602 -6.88091348163 0.994081627108 5200.0 0.994081627108
-5516.19163831 58.9108972769 0.986256726377 2400.0 0.986256726377
418.318245751 -14.0350086716 0.887296164597 5200.0 0.887296164597
630.753548566 28.5495490738 0.907791070308 5200.0 0.907791070308
-6773.07671113 49.4858001354 0.967394304602 5000.0 0.967394304602
5795.93584497 63.4639393414 0.976536377944 4800.0 0.976536377944
-8248.44320635 51.2687576127 0.996400317812 5800.0 0.996400317812
-3671.90516199 17.5750351029 0.86438148759 4800.0 0.86438148759
3845.46309431 9.12448902698 0.929019943749 5200.0 0.929019943749
-525.481132185 -58.5177327935 0.971428448009 5000.0 0.971428448009
2022.13656785 37.80645094 0.940825280381 5800.0 0.940825280381
-5184.48089086 -50.2132841963 0.952530137681 4600.0 0.952530137681
-4938.83637441 -25.1463928391 0.861508975134 5000.0 0.861508975134
-7309.58581425 -55.5892883847 0.996169372405 4600.0 0.996169372405
-7193.42891359 -13.8623560554 0.954862177477 4800.0 0.954862177477
8323.31410865 -32.1582482563 0.995047470934 4800.0 0.995047470934
-1874.66077278 -74.552468173 0.996317838032 5000.0 0.996317838032
-529.062369221 25.2366185184 0.91939588584 4800.0 0.91939588584
2034.31349712 -33.7884460772 0.924400924526 5000.0 0.924400924526
-6959.22933711 3.54193349577 0.948609531251 5000.0 0.948609531251
-4143.02556901 85.3099412307 0.974277628595 4600.0 0.974277628595
5582.35362914 -2.93633717607 0.963643700838 5400.0 0.963643700838
5398.11636259 -32.3748796943 0.954321687951 600.0 0.954321687951
1547.90554396 53.2599905904 0.975030816841 600.0 0.975030816841
-6869.85129186 -1.11136725594 0.956709224851 4800.0 0.956709224851
-4493.37452689 -2.97090864047 0.883080934369 4800.0 0.883080934369
4516.31264789 -83.61430426 0.992225528857 5800.0 0.992225528857
1346.99752409 -82.1961969361 0.990479132522 1600.0 0.990479132522
-5447.8288697 -78.2613751808 0.999032439651 7000.0 0.999032439651
1246.46244765 -67.5571100923 0.978413439546 4600.0 0.978413439546
674.027249259 -46.3037365945 0.976430191672 600.0 0.976430191672
391.213739739 -33.9902469576 0.929918555919 5000.0 0.929918555919
-4637.84035593 -11.1828399436 0.941972807997 4800.0 0.941972807997
-1138.09362872 -52.3075089503 0.914980221561 5000.0 0.914980221561
5180.53535696 27.547207619 0.963558270441 4600.0 0.963558270441
-5621.86948512 2.13261536461 0.868339079157 4800.0 0.868339079157
-714.047939794 -73.130242935 0.990719495482 1800.0 0.990719495482
-1068.25320933 51.0838161246 0.978965035271 5000.0 0.978965035271
513.911258751 41.6366395049 0.901275397389 5200.0 0.901275397389
-6946.70263353 36.2670912722 0.998833196822 5400.0 0.998833196822
49.4538459106 30.3910362776 0.902003499028 5000.0 0.902003499028
3147.62460295 35.1469654985 0.893955215445 5000.0 0.893955215445
2533.07751843 0.987076351519 0.903754197251 6000.0 0.903754197251
-7499.8927426 -64.3290075613 0.98088246329 5200.0 0.98088246329
-6853.181276 -44.1047878468 0.914645823083 4600.0 0.914645823083
3232.64613351 24.2212730272 0.897151651597 4800.0 0.897151651597
653.957634393 79.8640101854 0.98665594565 600.0 0.98665594565
1543.6377662 35.3561926072 0.97104930918 1000.0 0.97104930918
-478.008347224 -46.8319126022 0.954070879301 600.0 0.954070879301
3663.96753046 -66.6804622211 0.940876356844 5800.0 0.940876356844
-5578.05751798 11.5044244116 0.943439954996 4600.0 0.943439954996
-1411.49754284 19.802255928 0.904056735001 4800.0 0.904056735001
-2616.1387277 62.7571259994 0.852206430009 4800.0 0.852206430009
-5399.06363819 65.2645657582 0.995180544616 5800.0 0.995180544616
-2200.37083577 30.111023295 0.904001828329 5000.0 0.904001828329
-2399.43811154 -24.9193414151 0.873620408866 4800.0 0.873620408866
4592.58681551 -2.87862268984 0.919308983444 5200.0 0.919308983444
1872.1938012 -82.0240612487 0.965653048476 6400.0 0.965653048476
-634.177837539 11.2119968841 0.890363780211 4800.0 0.890363780211
-4340.0850796 -33.3729143357 0.954773456016 1400.0 0.954773456016
-7178.29569207 55.2924641041 0.989349450973 3000.0 0.989349450973
-5353.17574216 -70.8453349091 0.990158586009 2600.0 0.990158586009
-7319.39045021 65.287312124 0.996268269586 2400.0 0.996268269586
-2312.77046319 50.6225703547 0.951361220147 4800.0 0.951361220147
-6989.04571168 57.1799606798 0.992232394506 2400.0 0.992232394506
-6280.56980096 0.550771651217 0.970893560549 5200.0 0.970893560549
5197.24344833 -44.0719861708 0.990126989794 800.0 0.990126989794
5903.07567385 -65.2003554118 0.980521365925 4600.0 0.980521365925
-2876.70307652 -86.813696398 0.984018139589 4800.0 0.984018139589
-6941.26001055 -17.6358335775 0.948882694465 5000.0 0.948882694465
168.331632309 25.7904407184 0.896020960613 5000.0 0.896020960613
2154.48276502 9.55448559617 0.893252136909 5000.0 0.893252136909
3651.36551392 -4.12561649553 0.889248289868 5000.0 0.889248289868
862.394224462 41.7515085955 0.98071181649 600.0 0.98071181649
-4030.17115583 -60.7166609216 0.975476292769 1600.0 0.975476292769
-2321.7278674 -2.14958702858 0.834563212888 4800.0 0.834563212888
1462.0622482 -13.1260908026 0.930991789468 4800.0 0.930991789468
-699.379907072 -39.9906081943 0.955394489345 600.0 0.955394489345
-5716.08375531 -31.5393061848 0.949547521836 5000.0 0.949547521836
5091.49121268 -29.8485995455 0.923281270104 5000.0 0.923281270104
5416.97183221 -28.834485113 0.918911855018 5200.0 0.918911855018
-7243.72251709 19.9971230425 0.981226117112 4800.0 0.981226117112
5537.59010572 9.86043736314 0.963339632667 4800.0 0.963339632667
-1210.17678423 29.1479388567 0.950979614615 4600.0 0.950979614615
-3742.17434429 9.36151486156 0.850799721298 4800.0 0.850799721298
-3329.85180534 -4.41468760957 0.84157628855 4800.0 0.84157628855
-6602.69444729 34.9146935704 0.982457729896 5000.0 0.982457729896
3650.10099319 40.1202590619 0.907760079361 5800.0 0.907760079361
-7676.13503608 34.528502484 0.97390150203 4800.0 0.97390150203
106.51165828 79.2002594432 0.990748570979 5600.0 0.990748570979
1303.70847856 50.4004789659 0.961730365449 600.0 0.961730365449
4377.97912577 -73.1696822876 0.952136460518 5400.0 0.952136460518
2921.30937959 14.2848808935 0.92278268495 5200.0 0.92278268495
2601.28191161 -17.6380448704 0.91524892141 5000.0 0.91524892141
-443.038645364 24.081824237 0.929782021266 4800.0 0.929782021266
2081.8631004 54.7170522334 0.970584422473 4800.0 0.970584422473
-1037.30879616 -66.7995589112 0.924905575128 4800.0 0.924905575128
-53.5470977246 -48.7029380174 0.889317116415 5000.0 0.889317116415
616.737082376 50.6328548485 0.899803919028 5400.0 0.899803919028
-5473.32496283 8.93618240094 0.940713769579 5000.0 0.940713769579
1014.87771442 -54.2405635649 0.902070635753 4800.0 0.902070635753
3716.56510617 38.5332204273 0.942759915235 5000.0 0.942759915235
209.263717339 67.4729625275 0.986592607854 600.0 0.986592607854
-4171.6077956 50.9340631419 0.887834625674 5000.0 0.887834625674
-2942.95697579 78.9137734683 0.976243688807 5200.0 0.976243688807
-6456.61457137 13.5517719215 0.941593114198 5000.0 0.941593114198
1771.12556522 -17.4953224987 0.910615841575 4200.0 0.910615841575
5377.19756411 -45.97561291 0.990545069728 4600.0 0.990545069728
7742.61906962 -54.4029718707 0.958780135796 4800.0 0.958780135796
-7491.96484779 -8.37983896181 0.922486396801 4800.0 0.922486396801
2439.57679305 -10.5432788746 0.870166817874 4800.0 0.870166817874
-5983.34755533 27.0821900642 0.90374613718 4800.0 0.90374613718
5144.27757245 35.1173745057 0.976915032115 4800.0 0.976915032115
5816.14784947 -31.1299493863 0.951539342047 5200.0 0.951539342047
2280.19423591 -23.5766762968 0.916783046397 4600.0 0.916783046397
-1289.73840161 43.1460290718 0.950379001318 5000.0 0.950379001318
2072.90664092 -48.1931245344 0.904313745588 5000.0 0.904313745588
2532.6040515 81.5322878587 0.96946121693 600.0 0.96946121693
-5441.85218211 -30.9951809376 0.971328545459 4200.0 0.971328545459
-4990.22662 -41.0087109442 0.847432200033 5000.0 0.847432200033
4084.68638493 32.0122286255 0.934187014964 4400.0 0.934187014964
3008.02537971 80.9202563197 0.977246446676 600.0 0.977246446676
3320.75957368 32.1625083249 0.938923395637 4600.0 0.938923395637
-1129.92562126 38.4979478461 0.967428079834 4800.0 0.967428079834
-6279.2216339 41.663126785 0.924444263387 4800.0 0.924444263387
3428.98534341 -22.5658986936 0.871109797865 4800.0 0.871109797865
4852.00992231 38.4982320691 0.928823201513 4800.0 0.928823201513
-1701.73213967 24.6970160828 0.922540922994 4800.0 0.922540922994
8222.98696225 70.402263543 0.993468990206 3800.0 0.993468990206
1574.42901744 -1.70470165659 0.911908694594 5000.0 0.911908694594
2044.82742869 -56.7045257263 0.913093743043 5400.0 0.913093743043
5898.5290381 -65.3510928039 0.997921688767 1600.0 0.997921688767
1748.28306765 -29.5435245846 0.938251731203 4400.0 0.938251731203
-7095.10280863 -63.5473871226 0.954151159853 4800.0 0.954151159853
-6910.94354389 68.6818366269 0.989609118872 3800.0 0.989609118872
5426.20186642 12.0523132803 0.900913525567 4800.0 0.900913525567
2298.38067539 39.9929240114 0.931863584429 4400.0 0.931863584429
2165.99076261 51.9948948121 0.900517259573 5000.0 0.900517259573
-1223.15444718 -56.16888216 0.994755118033 4600.0 0.994755118033
-2944.04442591 -6.65573681841 0.885416461348 4800.0 0.885416461348
-5180.13696478 -12.568698572 0.887163823427 5000.0 0.887163823427
-2378.03407139 -10.0136966105 0.854717932297 4800.0 0.854717932297
609.973409939 -29.0084564033 0.938922692669 4800.0 0.938922692669
-5118.64146346 -51.1058220582 0.950814536336 4400.0 0.950814536336
-4610.88261015 -82.8553474745 0.9934831613 3800.0 0.9934831613
-3002.59041635 -33.1552987704 0.884939804913 4800.0 0.884939804913
6258.00611836 -35.8278144265 0.992651225073 1400.0 0.992651225073
-5132.47071074 55.0919225784 0.908247805767 5000.0 0.908247805767
3884.80046201 21.5536469976 0.931062410363 5200.0 0.931062410363
1463.41751279 -58.1098383731 0.9763600173 1600.0 0.9763600173
8170.03066473 45.0286867607 0.986542064146 5000.0 0.986542064146
-1188.56239136 87.1014593473 0.990843898581 600.0 0.990843898581
1097.52410896 8.82231106056 0.909826248575 5000.0 0.909826248575
3713.21632067 -53.4861845723 0.986422283183 600.0 0.986422283183
-3064.54310405 1.07041739751 0.912454905297 4800.0 0.912454905297
-2342.86436703 -42.0010394236 0.90450741309 4800.0 0.90450741309
4587.85824763 -52.450291362 0.893346738033 4800.0 0.893346738033
-4500.62117854 -6.21151277379 0.948833960922 5200.0 0.948833960922
2119.39276798 17.0388400589 0.915803619585 4800.0 0.915803619585
-4071.6185488 -22.2567952726 0.888643566163 5000.0 0.888643566163
5833.97020419 40.479930857 0.975751485528 4800.0 0.975751485528
-3565.6879263 60.0302459335 0.923683202606 5000.0 0.923683202606
260.099774084 -33.1061318682 0.905481108431 5000.0 0.905481108431
-90.2924510016 -12.9042140199 0.918461327618 5000.0 0.918461327618
-6801.60742474 -13.3808357123 0.924577342645 4800.0 0.924577342645
5154.43564129 8.31937431318 0.966010156045 4800.0 0.966010156045
-3761.63009387 12.0899344807 0.882168325191 4800.0 0.882168325191
-6574.68338529 22.4517717664 0.982900893737 5000.0 0.982900893737
-8051.89904879 -7.45946077281 0.966658067036 5200.0 0.966658067036
4021.75245086 83.4289197225 0.979654245547 600.0 0.979654245547
6581.04999532 84.0861540122 0.983643739349 5000.0 0.983643739349
-5043.40494149 -64.4422179739 0.950291277016 5000.0 0.950291277016
-1666.86518282 53.9379884997 0.948612434232 4800.0 0.948612434232
-5651.54508955 -40.9879598677 0.973286615942 4800.0 0.973286615942
-1969.8250919 -69.1081179772 0.982791055018 5000.0 0.982791055018
2710.79621556 -30.874778308 0.920358744955 3400.0 0.920358744955
-1483.60102295 -12.928470052 0.915805187973 4800.0 0.915805187973
-5499.78452274 -66.0494006687 0.932951050844 4800.0 0.932951050844
-4266.30194273 -7.83502752752 0.894900683652 5000.0 0.894900683652
-495.30405176 -6.53743658418 0.85208384589 5000.0 0.85208384589
726.515114002 24.816659885 0.953416554414 4800.0 0.953416554414
5716.60664052 71.5439528689 0.993015315646 3400.0 0.993015315646
-780.665592495 -32.0591128414 0.905894922109 4800.0 0.905894922109
7406.00814282 54.7963215898 1.00227350652 3000.0 1.00227350652
3395.55476677 14.2636260191 0.89578696364 4000.0 0.89578696364
4199.40487854 11.9492051671 0.869108195453 4200.0 0.869108195453
1380.72972296 37.2129479024 0.901251810901 5200.0 0.901251810901
-6987.82075205 36.1382763693 0.971404613308 5000.0 0.971404613308
-5401.19905493 17.0471869138 0.927967247323 4600.0 0.927967247323
-2460.62256387 -42.6424890049 0.975734940659 600.0 0.975734940659
4292.47411967 48.1290193999 0.93730124884 3800.0 0.93730124884
349.998830198 3.5201156147 0.897999285244 4800.0 0.897999285244
-4799.43235842 25.6800465467 0.93850632323 4800.0 0.93850632323
1346.14562228 -7.33145366205 0.905624955563 6200.0 0.905624955563
1611.17799886 -41.3869866579 0.924537014533 4400.0 0.924537014533
3125.47040318 -33.4698147538 0.908789875822 5600.0 0.908789875822
1573.5187018 -21.0454359783 0.915973519285 4800.0 0.915973519285
-2985.10269316 -33.2230878613 0.871663559247 4800.0 0.871663559247
-4639.46913372 42.5357606268 0.974436721783 1000.0 0.974436721783
1220.51882512 34.0051742034 0.902819373049 4800.0 0.902819373049
2618.00412946 51.4168117951 0.957706149081 5600.0 0.957706149081
-4696.86572486 -60.8275247671 0.984489792022 2400.0 0.984489792022
3753.08343047 -44.6212469747 0.912105919147 4600.0 0.912105919147
8688.23830157 -27.7272033129 0.996200546269 1200.0 0.996200546269
-2913.14447039 21.9325563236 0.849780576366 4800.0 0.849780576366
-5226.57196194 -24.7013997172 0.894095757381 4800.0 0.894095757381
7019.40706094 -17.9279943499 0.990191606562 5400.0 0.990191606562
-1877.66166903 2.65859937734 0.865866654486 4800.0 0.865866654486
-146.826205872 3.64235805016 0.912099933215 6000.0 0.912099933215
-2696.1112091 0.838087880862 0.886614556871 4800.0 0.886614556871
-3016.00807379 62.764969376 0.98015778483 800.0 0.98015778483
3876.83457937 -45.7967309324 0.963695166048 5000.0 0.963695166048
5479.17092311 47.9683975701 0.985006109344 2200.0 0.985006109344
1306.98391299 -24.5798272991 0.925376433104 4800.0 0.925376433104
-4503.85794659 22.1034082072 0.872689103382 4800.0 0.872689103382
677.950967647 -24.2674550284 0.950180132687 5000.0 0.950180132687
-2448.14444986 47.0739420353 0.927511196403 4800.0 0.927511196403
-3235.53498321 -60.6538157043 0.984936849794 5200.0 0.984936849794
6148.9350285 -71.2934738139 0.98466808381 4200.0 0.98466808381
-4896.86761686 -39.4742510587 0.972248170901 1200.0 0.972248170901
-6449.12140599 -77.3141174734 0.997210338512 5000.0 0.997210338512
274.77204195 -53.5301596399 0.860657862302 5000.0 0.860657862302
-1860.2880767 -45.5552609529 0.956768365344 600.0 0.956768365344
-4250.34363098 11.1277885592 0.908754703609 5000.0 0.908754703609
-4209.12787779 -34.2471751636 0.948409198696 4800.0 0.948409198696
-4774.2546802 18.7032695316 0.964404374431 5200.0 0.964404374431
-3567.73977435 -16.7985981877 0.797471956809 4800.0 0.797471956809
-2858.27887406 45.0152046798 0.88164749852 4800.0 0.88164749852
-2425.30533558 -40.323760535 0.933570958671 5000.0 0.933570958671
3474.27011194 67.3163872 0.992874299547 600.0 0.992874299547
-5966.02226701 -81.0644521332 0.989111027562 4400.0 0.989111027562
-6459.13998272 28.1427254875 0.878354554092 5000.0 0.878354554092
1656.55113125 -57.5965222903 0.935271635439 5400.0 0.935271635439
6532.22429652 43.4447837882 0.983538319729 4800.0 0.983538319729
-6057.72744937 -12.4316710999 0.87895139876 5000.0 0.87895139876
4605.63188316 33.7630037641 0.973403008439 5000.0 0.973403008439
6231.16722702 -63.1762622425 0.997815783606 2800.0 0.997815783606
-4857.02379972 -10.9098323662 0.898530739528 5000.0 0.898530739528
870.564748063 42.1464526405 0.963386946385 3400.0 0.963386946385
-7786.23900343 31.7893639969 0.987149319915 5000.0 0.987149319915
3847.94327653 -5.98221884925 0.910194335944 4000.0 0.910194335944
8918.27947377 -67.7207465112 0.968042577616 4800.0 0.968042577616
4465.87300171 37.6028060392 0.953213854604 1400.0 0.953213854604
6243.07032024 -22.7495937413 0.912492435749 4800.0 0.912492435749
152.233238786 73.5957471597 0.987011082081 4800.0 0.987011082081
6998.45244476 -60.6536236481 0.956840359581 5000.0 0.956840359581
-2099.57235619 76.7714333318 0.954350990074 4800.0 0.954350990074
-6319.62318554 83.7635062466 0.980398117128 4600.0 0.980398117128
2184.50153161 78.9550791742 0.964204818032 600.0 0.964204818032
-6350.82303785 -18.1273213916 0.942239041113 4600.0 0.942239041113
-3237.39564975 65.3009501898 0.991764852064 5000.0 0.991764852064
-3754.25331863 -29.9640894419 0.828776664192 5000.0 0.828776664192
-3272.07518772 -24.7240540877 0.855289377703 4800.0 0.855289377703
2700.12941121 45.2438188896 0.90297474703 5000.0 0.90297474703
2716.05462395 -2.51740584607 0.888730099106 4600.0 0.888730099106
1285.12557045 43.5899888732 0.967646517926 5000.0 0.967646517926
-2050.12778834 74.1993977943 0.98190165279 4200.0 0.98190165279
-529.8336833 23.7883135142 0.938471764166 6200.0 0.938471764166
2055.9785976 -25.5684039037 0.890475227607 4800.0 0.890475227607
5247.25999882 -54.5424489672 0.979699599639 2200.0 0.979699599639
-5243.08035705 -5.91773652997 0.910894886284 4600.0 0.910894886284
5874.33488966 51.4935654586 0.989108082122 1400.0 0.989108082122
-7029.08144671 -61.0111743334 1.00087662873 6200.0 1.00087662873
1761.14454558 -63.0424392527 0.995423083144 1800.0 0.995423083144
-309.219236665 -61.8651875984 0.884863356635 5000.0 0.884863356635
-3213.5638101 16.5260572441 0.827114556075 4800.0 0.827114556075
5904.59266981 31.0681305053 0.947391524299 1200.0 0.947391524299
-3286.34385826 -7.91591480542 0.868143421164 5000.0 0.868143421164
715.145072571 -33.2565447704 0.934197485532 5200.0 0.934197485532
4901.00754491 50.0586563204 0.977407706171 800.0 0.977407706171
-3215.80772713 -60.6894766602 0.960384889537 4600.0 0.960384889537
-3803.03914276 -78.8148514632 0.987280108648 6200.0 0.987280108648
4597.40272489 42.2112709261 0.967129860914 600.0 0.967129860914
5771.78048117 84.2402199517 0.97712221536 600.0 0.97712221536
558.231138523 -32.6383317444 0.915794651339 5400.0 0.915794651339
4847.75651204 7.64922254797 0.977312939053 4800.0 0.977312939053
6473.5425189 -42.3930673224 0.975699271923 5000.0 0.975699271923
-2602.25097001 18.2297390773 0.882237690569 4800.0 0.882237690569
-7176.84889602 -18.176537827 0.862530490042 4800.0 0.862530490042
1343.40878221 -45.4641332129 0.910284810589 6200.0 0.910284810589
7137.456561 -34.7119464924 0.936608310939 4800.0 0.936608310939
-3348.14653678 41.9623352278 0.913929845277 4800.0 0.913929845277
-9127.40000969 24.0168546633 0.997433018687 4200.0 0.997433018687
-5545.76457635 28.1214962484 0.95451944243 4800.0 0.95451944243
-4876.99786723 53.2136133395 0.951676416273 4800.0 0.951676416273
4013.81880934 42.1372055852 0.928115549751 5400.0 0.928115549751
5900.4018464 -34.0747085802 0.998645003038 4200.0 0.998645003038
7331.22410782 -68.780238394 0.996602945354 2400.0 0.996602945354
5274.08613661 -19.7104709551 0.934738358263 1400.0 0.934738358263
1012.51081931 -49.3331589615 0.916950686329 4800.0 0.916950686329
4480.09165531 -6.02575357635 0.874101334694 5000.0 0.874101334694
5753.35632884 -36.3441307855 0.995063510598 5600.0 0.995063510598
3116.28871367 -24.7645484493 0.925417882605 4000.0 0.925417882605
4004.2080607 -16.5582727755 0.913454272442 4800.0 0.913454272442
-4768.54150691 -2.1266874532 0.894118457793 4800.0 0.894118457793
1716.39930887 62.2982231971 0.993467326471 1800.0 0.993467326471
20.6059299297 70.0863456547 0.987751840468 5000.0 0.987751840468
785.389445077 -89.7631857567 0.983784943194 600.0 0.983784943194
3920.21092065 -44.1352670936 0.906626473213 4000.0 0.906626473213
-5390.0187045 -2.86411523867 0.913391203721 4600.0 0.913391203721
8038.84521422 87.0145164013 0.994715534057 6600.0 0.994715534057
311.260774792 -24.5105006479 0.910173044997 4800.0 0.910173044997
2559.59969664 -29.5660371941 0.948101806981 3800.0 0.948101806981
1707.4276998 35.9545241074 0.939746437662 4600.0 0.939746437662
-7578.08450566 -26.889300718 0.936617259024 5200.0 0.936617259024
821.890626135 -8.37922916576 0.905883873259 4800.0 0.905883873259
-8748.57932671 9.55462318429 0.977281037365 5000.0 0.977281037365
-3795.15010269 11.6863808733 0.8585563878 4800.0 0.8585563878
2877.29180293 0.963925543108 0.892775620517 4800.0 0.892775620517
1909.70261474 -35.0081389905 0.907916066643 6600.0 0.907916066643
6195.78282863 75.1196877154 0.999024537652 4200.0 0.999024537652
6733.9006245 55.4793761402 0.955095323666 4600.0 0.955095323666
-4948.17349269 41.2007292024 0.901176341892 4800.0 0.901176341892
-7470.53722054 45.0626251179 0.994107236721 5000.0 0.994107236721
-2689.36190946 -48.4739674588 0.885838094168 5000.0 0.885838094168
4019.32394926 47.1321616149 0.947792056069 4800.0 0.947792056069
-1351.70840486 -11.6433819846 0.879132189619 4800.0 0.879132189619
-4089.36584791 -51.5583671386 0.904087460186 4800.0 0.904087460186
-3345.08140325 -64.5496429777 0.92338720144 5000.0 0.92338720144
3684.85352051 69.7679439429 0.989348798567 2200.0 0.989348798567
644.316058728 -69.5596144042 0.966255784586 4600.0 0.966255784586
-2018.09698764 14.7336811923 0.91096091637 4600.0 0.91096091637
-3160.73933371 69.6113428219 0.962132611401 4800.0 0.962132611401
3223.00178932 17.5103568202 0.896577637476 5200.0 0.896577637476
-3499.93840625 9.17903541082 0.885036707938 4800.0 0.885036707938
6775.26974626 51.9770847592 0.975886143269 1200.0 0.975886143269
-3832.53174657 18.2903745347 0.887497026574 4800.0 0.887497026574
1331.32064768 39.5583937025 0.961952350135 4600.0 0.961952350135
-298.025649458 46.6474573694 0.941437804559 5000.0 0.941437804559
6075.88880405 -3.23118329443 0.977845068689 4600.0 0.977845068689
6070.74255287 40.0891385801 0.925355379236 5000.0 0.925355379236
-3490.08254684 -51.3640458495 0.837239247801 4800.0 0.837239247801
-7261.32562676 14.0325777245 0.983246714307 4600.0 0.983246714307
-4320.05595973 -47.2661790931 0.892523696793 4800.0 0.892523696793
-1562.07399245 -33.9229242672 0.929594759428 1400.0 0.929594759428
5569.22405392 10.7551039763 0.976215759214 4800.0 0.976215759214
-3514.02185589 -47.3824403976 0.986656197993 2600.0 0.986656197993
-4492.14402142 -15.7701788877 0.870937816855 5000.0 0.870937816855
7671.99791965 49.509907559 0.983462724813 600.0 0.983462724813
6632.0018237 -52.9327112394 0.974737674459 600.0 0.974737674459
-1738.47722809 -84.0941512056 0.985032818193 6000.0 0.985032818193
4268.5945951 81.3749488409 0.992009386744 2600.0 0.992009386744
-3931.76732844 -27.3250222016 0.885099015465 4800.0 0.885099015465
7447.54393619 85.4800559417 0.996893344749 7800.0 0.996893344749
2447.03500536 58.7081293319 0.951263132687 4800.0 0.951263132687
7856.9797318 20.8826062947 0.999030580479 4200.0 0.999030580479
7186.1736544 68.9546018958 0.991682205137 5000.0 0.991682205137
-7988.61567934 55.3628019298 0.976278161564 5000.0 0.976278161564
5597.32406101 16.1654377934 0.968057419795 5000.0 0.968057419795
490.759682872 5.83551868924 0.904947706457 4800.0 0.904947706457
5021.12399511 59.0578658331 0.979053380101 5200.0 0.979053380101
1850.581848 -35.4710217763 0.952849042208 4800.0 0.952849042208
5911.69298397 -4.3891716191 0.945766796663 5400.0 0.945766796663
7355.13040257 -89.1671798375 0.980083050847 4600.0 0.980083050847
-3900.30839502 -58.662876099 0.941471933018 4800.0 0.941471933018
-2712.70600041 -20.7296280802 0.831287186822 4800.0 0.831287186822
3182.52990671 -2.49827411526 0.886259995381 4800.0 0.886259995381
-669.569499377 22.0172495958 0.902609732017 4800.0 0.902609732017
-6909.40823329 -14.7981766985 0.956944697476 4600.0 0.956944697476
-7731.35353004 -61.5014149486 0.956064584631 4800.0 0.956064584631
1887.61622785 -18.9800137924 0.90200309613 4800.0 0.90200309613
1799.90560652 -31.7441441134 0.949698240576 600.0 0.949698240576
5067.3295024 83.0204252526 0.982023730851 4600.0 0.982023730851
5819.27631293 28.7929432592 0.933913670942 5600.0 0.933913670942
5658.92175779 -12.3982466091 0.923127938418 4600.0 0.923127938418
-9656.42671001 29.9197956015 0.994205179845 5000.0 0.994205179845
3026.26081586 35.5280063637 0.909173221812 5400.0 0.909173221812
-3991.64219672 -24.9026677542 0.848936253299 4800.0 0.848936253299
1488.84335418 -20.0801644688 0.923249860858 5200.0 0.923249860858
-1753.99248568 67.1380203023 0.960249270692 5000.0 0.960249270692
-4389.25720065 -70.0432302455 0.981870629164 5000.0 0.981870629164
-5878.52261299 -48.2075097075 0.995593030245 5400.0 0.995593030245
6364.71620081 -36.5421081571 0.991609992025 4200.0 0.991609992025
3454.76940355 48.4282983565 0.957655740498 3200.0 0.957655740498
4859.13125296 23.5258142411 0.959604767359 600.0 0.959604767359
-2570.62475144 -34.702591714 0.872422942159 4800.0 0.872422942159
-702.85198175 -42.678655455 0.907639872857 4800.0 0.907639872857
6695.82442611 -34.1740483502 0.974058943072 3200.0 0.974058943072
5775.90768428 54.3565587579 0.996118402361 6600.0 0.996118402361
4334.88326113 -18.784997428 0.932833366605 4400.0 0.932833366605
-6767.40151862 25.8848971092 0.971443859867 5000.0 0.971443859867
-5481.99481601 23.9709371558 0.98494698959 5400.0 0.98494698959
3090.61570328 31.9326446559 0.957854913943 4600.0 0.957854913943
-4473.3509857 -41.4725557211 0.939771987841 4400.0 0.939771987841
-5382.3509189 -45.0972458547 0.922259780486 4800.0 0.922259780486
1110.35047247 45.4392469226 0.950537051571 1400.0 0.950537051571
-5406.49113371 43.4617282729 0.954358634888 4800.0 0.954358634888
-5089.63868196 15.7473790103 0.87626077214 4800.0 0.87626077214
6079.45777677 44.3863280711 0.974402798639 800.0 0.974402798639
-3785.53219231 -29.230487045 0.914395793725 5000.0 0.914395793725
-2544.91915058 64.536040951 0.986683985003 4600.0 0.986683985003
-3635.00773311 -33.9377511513 0.865305854443 4800.0 0.865305854443
213.729746397 -6.86542808231 0.903851094931 4800.0 0.903851094931
-997.760634209 24.0429570172 0.921170316943 5000.0 0.921170316943
-5148.79277724 -47.1366441858 0.977466610071 800.0 0.977466610071
2198.88716417 4.51242290132 0.876565484541 4800.0 0.876565484541
5665.0424552 62.0782198864 0.982958773554 4600.0 0.982958773554
7158.05241898 7.45733361262 0.924079756798 5000.0 0.924079756798
-888.588216235 32.4390076318 0.949388129723 4800.0 0.949388129723
1444.72316718 -49.9714801117 0.985410654896 800.0 0.985410654896
-2788.58773861 18.1057785448 0.872182725834 4800.0 0.872182725834
-5604.62401229 35.8742591068 0.971535822576 5000.0 0.971535822576
5565.16036316 61.4854940446 0.973537841492 5000.0 0.973537841492
5156.74498466 -63.7935736595 0.980884792857 800.0 0.980884792857
-5904.5732713 -28.5056098249 0.987712946687 5000.0 0.987712946687
-578.935576402 39.9079732368 0.969183149165 4800.0 0.969183149165
-4250.9213571 52.4635243209 0.967512906598 5200.0 0.967512906598
4840.28915826 72.1933269049 0.99195272759 3000.0 0.99195272759
3510.46441451 24.1565960442 0.931487710696 4600.0 0.931487710696
-3776.07226297 4.94609905799 0.923062072748 5000.0 0.923062072748
7049.82624529 67.925592854 0.983688022968 4600.0 0.983688022968
1056.88127126 37.0295368271 0.911964972221 5000.0 0.911964972221
2598.64771224 57.3619652635 0.974036593758 4800.0 0.974036593758
4625.72718485 54.9899356454 0.951090745342 6200.0 0.951090745342
6132.92554141 -29.9991315247 0.986546034087 5400.0 0.986546034087
368.793862924 -10.8263545653 0.911830532177 4800.0 0.911830532177
-5100.9833508 -10.3845191258 0.924407278095 4800.0 0.924407278095
1851.08252485 49.4993627864 0.959158966529 4800.0 0.959158966529
166.897358351 -5.03905384912 0.869194417237 5000.0 0.869194417237
-6037.33595176 -18.5707298059 0.934753462731 5000.0 0.934753462731
1498.32564945 27.100036013 0.955497837022 600.0 0.955497837022
-7773.54889916 85.0322098851 0.991149242353 5200.0 0.991149242353
-1499.02423158 26.66704055 0.884367373295 4800.0 0.884367373295
4978.48041529 51.5312657935 0.948469259649 4800.0 0.948469259649
4574.20691752 36.2243113332 0.932032823682 6400.0 0.932032823682
-5700.48938183 13.9292248724 0.926811597643 4800.0 0.926811597643
-6902.30131175 -70.4208057679 0.992232368836 6400.0 0.992232368836
-124.804273541 60.3089860986 0.991606222062 600.0 0.991606222062
6066.02212259 18.0401270522 0.974343718785 5600.0 0.974343718785
-6190.67234916 25.3912804458 0.872020907181 4800.0 0.872020907181
4283.26391374 0.932710481094 0.947767945102 4200.0 0.947767945102
160.232174529 7.01393300082 0.897307381929 5000.0 0.897307381929
-3258.82426999 29.2060767626 0.876348464086 4800.0 0.876348464086
-1832.42602521 16.8558071395 0.861878762194 5000.0 0.861878762194
-5395.12592571 -55.8633326411 0.993181663444 7800.0 0.993181663444
6716.52657515 10.4699911334 0.976977347884 5000.0 0.976977347884
1486.94252588 41.0681498294 0.930844218868 2400.0 0.930844218868
6149.28754102 76.2597557962 0.985070088686 6200.0 0.985070088686
4286.463283 26.699271021 0.95307638692 4400.0 0.95307638692
5304.65309291 36.1761146483 0.962889973322 5000.0 0.962889973322
5179.98671661 46.8706962549 0.984419260953 4000.0 0.984419260953
-436.046026382 -32.7200087771 0.941949977782 1200.0 0.941949977782
2488.25337064 -30.4185243243 0.960794326369 600.0 0.960794326369
3683.22780268 -30.3067944516 0.903366240816 5200.0 0.903366240816
6876.23963665 49.9353916038 0.971881968301 5200.0 0.971881968301
2427.55041575 -10.9227645839 0.916638459947 5200.0 0.916638459947
-5092.67150017 -56.5248732127 0.992053920268 6000.0 0.992053920268
-2386.8618027 -23.6220961737 0.857055855297 5000.0 0.857055855297
-3839.12601371 21.8743278652 0.896299272917 4800.0 0.896299272917
-4815.6998009 48.0037953551 0.877338603891 4800.0 0.877338603891
-2384.42548623 -64.7176005677 0.872945181569 5000.0 0.872945181569
-3901.49443381 -16.4004042309 0.869155928784 4800.0 0.869155928784
-2317.95907846 58.8947969874 0.979707763062 2400.0 0.979707763062
-4179.32146925 -73.1986353839 0.994266493787 2400.0 0.994266493787
-4291.55007786 17.613585448 0.886258142294 4800.0 0.886258142294
4302.60448619 14.7147586705 0.946287776473 5000.0 0.946287776473
4455.09259967 48.5226750839 0.959059971679 7800.0 0.959059971679
-7304.54564335 72.0437897714 0.996193483522 6400.0 0.996193483522
-767.457545757 -35.1932756832 0.917389018785 4800.0 0.917389018785
-4830.16855248 -46.1023245978 0.922960090167 4800.0 0.922960090167
5651.49358728 -4.43211778676 0.932726819895 4800.0 0.932726819895
141.634934676 -79.1249938066 0.985883438646 6600.0 0.985883438646
5079.20064326 70.2278955281 0.977525031241 4800.0 0.977525031241
1313.65138011 -41.6479656451 0.938997417847 5400.0 0.938997417847
5998.30378157 -65.7688483521 0.992289015629 4400.0 0.992289015629
-1216.36312416 -45.4520631227 0.910763906727 5000.0 0.910763906727
-5452.55197592 -25.5402439189 0.950625628997 4400.0 0.950625628997
-6403.82653037 -41.6598407357 0.994870326817 7400.0 0.994870326817
5882.01776089 19.4452043981 0.867274967759 4800.0 0.867274967759
-5414.56534754 45.9667048992 0.941587159117 4800.0 0.941587159117
-1702.68313232 19.31496179 0.902285940053 4800.0 0.902285940053
3764.03772615 -68.1567703354 0.993579580142 6200.0 0.993579580142
-889.776878159 8.26499821758 0.859649459396 5000.0 0.859649459396
-2960.63855925 -29.3404631904 0.880175871152 4800.0 0.880175871152
4995.858441 11.8886814738 0.886484383033 5000.0 0.886484383033
-7835.63335422 -12.1428425655 0.977199171824 4800.0 0.977199171824
-3206.80575117 -59.2754489575 0.989829298908 1400.0 0.989829298908
1001.67159174 -28.0991740828 0.933270232386 4800.0 0.933270232386
887.042324475 31.6485483465 0.959552906894 4800.0 0.959552906894
5489.84513532 -48.6055990164 0.981984579555 600.0 0.981984579555
6388.33491804 -69.2112522652 0.996069641734 7800.0 0.996069641734
-4008.92132987 25.0123227886 0.884208338653 4800.0 0.884208338653
5653.9524648 5.31660346883 0.894978110237 4800.0 0.894978110237
-1102.86624555 24.470377719 0.894251654483 4800.0 0.894251654483
5875.76271009 33.7694521331 0.939040584475 3400.0 0.939040584475
-1274.90881936 14.6716709785 0.882319001756 4800.0 0.882319001756
-2434.81334579 -3.81275229675 0.894415776951 4800.0 0.894415776951
-6851.39588283 48.5338570366 0.947165489457 5000.0 0.947165489457
1517.91427407 23.9900638841 0.926046643577 5000.0 0.926046643577
-7121.81752688 -12.32541537 0.928965314672 5000.0 0.928965314672
-7026.86290502 25.5936574566 0.989292079652 4800.0 0.989292079652
-4518.9423021 -70.8171275668 0.973548594633 7000.0 0.973548594633
-5233.26684352 29.3797462215 0.923619884524 4800.0 0.923619884524
-3405.83245178 41.7582419209 0.961526074822 4600.0 0.961526074822
1056.278168 49.7001643823 0.956996198976 5000.0 0.956996198976
3402.8744845 88.1777754151 0.970135628929 600.0 0.970135628929
-5311.29005035 -11.6131734841 0.882261828129 4800.0 0.882261828129
3805.36770687 -52.7596582095 0.94650797329 5600.0 0.94650797329
357.458928565 66.8602131484 0.978542567686 5400.0 0.978542567686
981.987617312 2.903821867 0.909960511088 4800.0 0.909960511088
-1515.72920031 -16.1203389003 0.892198776555 5000.0 0.892198776555
5817.29321334 -42.0898487854 0.997318118863 2800.0 0.997318118863
-6634.88872779 64.2235748495 0.996068982335 4600.0 0.996068982335
-5503.73583103 -69.5490976226 0.971330352459 4800.0 0.971330352459
-8480.51423695 48.2027603015 0.996047706425 5400.0 0.996047706425
-7625.94586759 -22.0300737048 0.980874825095 4800.0 0.980874825095
5380.34017889 43.4674390211 0.940215669082 3800.0 0.940215669082
-718.589070529 -7.36507689382 0.910725384416 5200.0 0.910725384416
4359.41617572 -51.4064861987 0.956338387194 600.0 0.956338387194
2860.64518599 -82.6622616236 0.99456138874 4600.0 0.99456138874
786.279763579 -18.7743468886 0.899593044782 4800.0 0.899593044782
5726.03167062 -24.7336315025 0.972639384136 4200.0 0.972639384136
-2378.21661713 34.5046225066 0.93951041067 4600.0 0.93951041067
-6247.95686742 -40.7240574 0.959274817847 4600.0 0.959274817847
-888.943132325 -38.9350295024 0.934959809629 800.0 0.934959809629
-4603.36325173 28.2156458145 0.903420953695 4800.0 0.903420953695
-1244.75811135 49.0310595866 0.954999668889 5000.0 0.954999668889
-2043.75472426 52.4298506466 0.887264990688 5000.0 0.887264990688
5323.81582538 48.4201556678 0.938148583434 4800.0 0.938148583434
-5098.49304775 27.0899175087 0.956919557092 5000.0 0.956919557092
-3350.94963115 -24.4413775019 0.843002537283 4800.0 0.843002537283
413.366581395 84.1179270115 0.972757039261 4800.0 0.972757039261
-4328.18179768 -48.0858471467 0.901425062919 4800.0 0.901425062919
-6855.82511534 68.8560225319 0.981820328041 4800.0 0.981820328041
-3953.19893328 34.2537427644 0.938247176081 5000.0 0.938247176081
225.815427763 -8.96609377166 0.85235251242 5200.0 0.85235251242
-4347.11400063 86.6585379126 0.993189215568 5200.0 0.993189215568
-622.517708093 29.2044463181 0.920507222049 4800.0 0.920507222049
1123.99432386 -14.9941113764 0.900153411665 5000.0 0.900153411665
720.792796827 -8.67554675115 0.884003118387 5800.0 0.884003118387
-2838.1075343 2.85164237725 0.845689217559 4800.0 0.845689217559
-5992.11005402 -17.4529901827 0.925286443183 4800.0 0.925286443183
4256.29684582 -2.72016876375 0.917172227953 5200.0 0.917172227953
4936.82203568 9.14700236828 0.894534046545 5800.0 0.894534046545
3003.06135957 8.4441340144 0.876638454363 4800.0 0.876638454363
-5001.34745125 34.8078477572 0.91369437183 5000.0 0.91369437183
-4007.33730145 -53.4574047174 0.969438233288 1200.0 0.969438233288
620.444321872 -52.696074124 0.935605161355 4800.0 0.935605161355
7326.62345901 1.0335805596 0.993261737015 5400.0 0.993261737015
2454.84139796 70.4593347077 0.989531072275 1000.0 0.989531072275
-209.979997593 -31.503587792 0.947665288081 4800.0 0.947665288081
-7551.77824333 46.0368803114 0.985107360763 4600.0 0.985107360763
6772.82716738 40.2418403902 1.00186556262 7800.0 1.00186556262
-1564.41274455 -25.2450809546 0.877567026267 5000.0 0.877567026267
-5280.14368348 -17.3741818036 0.870875265322 5000.0 0.870875265322
-6814.76757803 -65.7718534935 0.998622748731 6200.0 0.998622748731
-180.695033542 50.8511860822 0.917352695635 5000.0 0.917352695635
3442.99191969 -69.091894148 0.992560252463 5400.0 0.992560252463
2504.63694635 42.6564547952 0.907292436914 5400.0 0.907292436914
-5417.97002866 -11.7951567158 0.87649732894 4400.0 0.87649732894
-2200.49523824 78.3481890115 0.976644713784 4600.0 0.976644713784
-4592.8802729 13.4214638657 0.877739364634 4800.0 0.877739364634
56.8771350135 69.3206338673 0.98108629428 600.0 0.98108629428
2489.26143096 -53.0798554206 0.994120653637 4000.0 0.994120653637
-4915.54525156 52.1251170375 0.889398694858 4800.0 0.889398694858
-3203.86904215 -48.5733394217 0.896971195382 4800.0 0.896971195382
4125.91137219 85.0442666589 0.94977595932 4800.0 0.94977595932
-3401.50630808 24.7145637601 0.860158680608 4800.0 0.860158680608
-4432.80934183 47.5944645609 0.9423709145 4800.0 0.9423709145
4249.98660722 -20.1557479211 0.906390583805 5000.0 0.906390583805
975.551885319 54.3548740978 0.952612707742 4800.0 0.952612707742
424.051044154 -5.74957554643 0.888823684734 5000.0 0.888823684734
-4243.33630409 -71.7080080381 0.904209372347 5000.0 0.904209372347
-1507.35237994 -65.3810894201 0.990414953361 2000.0 0.990414953361
6620.82389625 -31.7625690279 0.972245483604 4400.0 0.972245483604
-143.816202664 -76.0194608168 0.972119676387 5000.0 0.972119676387
641.795041066 82.8759824361 0.984946292315 600.0 0.984946292315
-6730.30974414 -1.45713873995 0.95295472826 4800.0 0.95295472826
370.971322913 -13.1050702809 0.926891046646 4800.0 0.926891046646
-5722.54793984 20.7616867774 0.929691895343 5000.0 0.929691895343
6282.17220453 -68.3491578517 0.980536042237 5400.0 0.980536042237
2818.47984789 29.4365322562 0.913684385066 5800.0 0.913684385066
6706.45998034 2.43570088391 0.981846330037 4200.0 0.981846330037
-318.186084321 36.1068387603 0.928164853789 4800.0 0.928164853789
4528.66186792 35.073845339 0.911185850681 2600.0 0.911185850681
-139.023754914 -51.9608240254 0.967202453758 1400.0 0.967202453758
7046.39468209 45.1953553013 0.995522819882 5400.0 0.995522819882
-7515.71392022 29.4440329499 0.942821860056 4800.0 0.942821860056
-2806.4838174 64.248478693 0.985925493797 3200.0 0.985925493797
-6345.36145817 -16.1881879455 0.931843265911 4800.0 0.931843265911
93.6182060405 -42.1640135509 0.950247239891 4800.0 0.950247239891
1195.40361717 44.2263513608 0.947998629106 6600.0 0.947998629106
-7972.06784389 21.492038428 0.938751624791 4800.0 0.938751624791
16.3351713553 77.1956329097 0.954275820338 5000.0 0.954275820338
3844.68787393 40.0797434786 0.943701806877 4800.0 0.943701806877
5058.14090785 -6.53240239868 0.93142777916 4800.0 0.93142777916
1635.09539439 4.1341957222 0.877227486616 4600.0 0.877227486616
-2074.90101664 21.3164378261 0.900315278573 4800.0 0.900315278573
1579.90110508 -88.4473634111 0.996420452499 2600.0 0.996420452499
-7072.14677547 -56.2100316056 0.921039670511 4800.0 0.921039670511
823.979249695 -33.5640196873 0.965316349929 600.0 0.965316349929
1961.2434495 -63.1969316899 0.990788630366 4800.0 0.990788630366
-2806.55037823 12.7214654085 0.8942520797 4800.0 0.8942520797
-1520.60511607 27.7225391725 0.89512856456 4800.0 0.89512856456
-5649.76326059 -40.3277611528 0.964597636767 4600.0 0.964597636767
-1914.76650237 29.6875850358 0.913598831678 4800.0 0.913598831678
-4575.8923226 -42.838600077 0.91461182287 5000.0 0.91461182287
-6021.30913542 72.554672424 0.990169847435 4800.0 0.990169847435
-2980.51154838 -33.3335069503 0.894740380254 5000.0 0.894740380254
6140.20530036 -52.6003607989 0.988284840071 600.0 0.988284840071
-6870.00281616 39.2276200783 0.883992104549 5000.0 0.883992104549
6587.68967873 86.5188006709 0.971577103587 600.0 0.971577103587
2931.26476004 25.2443885086 0.925752941769 3000.0 0.925752941769
-6539.53731486 -58.764616561 0.984307331042 4600.0 0.984307331042
-6425.88182544 30.8167124508 0.914062570817 4800.0 0.914062570817
2973.1136134 -18.0978243119 0.912157227821 4600.0 0.912157227821
2708.18850059 37.407978316 0.954859091515 600.0 0.954859091515
-2149.90063164 12.1835092985 0.841355748584 4800.0 0.841355748584
-1088.23864423 40.2422277071 0.947476177879 4800.0 0.947476177879
3063.64769748 -41.2574691161 0.988464961672 600.0 0.988464961672
-640.77087416 24.6916897162 0.888048762398 5000.0 0.888048762398
7453.76332772 43.0221163667 0.985497182588 7800.0 0.985497182588
2109.14233325 50.3677389529 0.923141493277 5000.0 0.923141493277
856.767875706 -64.6293198024 0.957224113083 5800.0 0.957224113083
-2059.31167685 -18.5630075701 0.87655413582 4800.0 0.87655413582
-6125.29516222 -27.6142209673 0.932290874145 4600.0 0.932290874145
-1358.34829151 -35.0661921312 0.928737922012 600.0 0.928737922012
4221.85951218 8.60887840154 0.912205014672 5000.0 0.912205014672
-6364.26248743 16.9710850726 0.964508971838 5000.0 0.964508971838
-5624.03110298 -70.1125127579 0.987762208076 6400.0 0.987762208076
354.822587185 -48.9165462693 0.912899971371 4800.0 0.912899971371
4953.15312108 -18.2850315246 0.955006641401 4800.0 0.955006641401
-5379.1438903 -59.8482781361 0.994029931932 2200.0 0.994029931932
-6018.12242505 53.4764491652 0.995074982421 5000.0 0.995074982421
4489.4629629 -11.8938620325 0.913270228927 4600.0 0.913270228927
-6203.465599 37.4348926828 0.960878833145 4800.0 0.960878833145
-8583.61227315 -21.6214541818 0.957462215982 5200.0 0.957462215982
7794.83236765 -87.5168234126 0.992009240593 6800.0 0.992009240593
-6214.24003484 -13.5065746773 0.934918188419 4600.0 0.934918188419
-2376.56336711 1.05286660555 0.843338874304 4800.0 0.843338874304
-5229.55511369 16.2231863666 0.94252482917 5000.0 0.94252482917
-5121.75192604 -41.2483951642 0.951262688504 4800.0 0.951262688504
6216.91200333 -24.2018112977 0.973394982838 3200.0 0.973394982838
-4633.43733637 -87.6190742272 0.978665135433 6600.0 0.978665135433
-1564.40707516 -15.2333063879 0.889981991207 4800.0 0.889981991207
3576.48106944 47.6801920907 0.949992902466 600.0 0.949992902466
-5441.62974616 -64.6009113237 0.99156682805 2800.0 0.99156682805
-8229.92418112 -39.4170812088 0.958095911487 4800.0 0.958095911487
-1158.71610605 -48.8607591502 0.989779614394 3000.0 0.989779614394
6672.23280963 -78.5182874186 0.970897921058 7200.0 0.970897921058
-4948.79089371 80.1467409434 0.955210339759 4600.0 0.955210339759
-1025.77498658 -19.1993118546 0.897307305794 5000.0 0.897307305794
-4642.22719276 -85.8132442373 0.990189173863 5200.0 0.990189173863
2044.16092732 38.0153451604 0.947630949616 5200.0 0.947630949616
-1358.61892455 74.2116986718 0.981965257427 4800.0 0.981965257427
1728.59863491 -62.851450235 0.987220186684 4800.0 0.987220186684
3247.82717597 35.0323401936 0.944400578626 5600.0 0.944400578626
2389.05082505 10.5251701982 0.894254658798 4800.0 0.894254658798
-394.291143693 22.4387607858 0.918517322666 4800.0 0.918517322666
-4126.46354213 -63.0892045791 0.915803102122 4800.0 0.915803102122
2236.48893222 -9.42356420977 0.907414794561 3800.0 0.907414794561
6584.64812678 -6.56802663749 0.9843783358 5400.0 0.9843783358
-1904.85149388 -53.1922833585 0.991514381853 3000.0 0.991514381853
-3059.58696634 46.6713795138 0.93429703934 4800.0 0.93429703934
-1030.93556075 49.6187016855 0.910383313004 4800.0 0.910383313004
6435.824789 -58.7728653016 0.998136661509 4000.0 0.998136661509
5739.23300084 -44.8523578433 0.974110800495 1400.0 0.974110800495
-2866.49063897 -7.33095620063 0.858973086835 4800.0 0.858973086835
-4980.90768712 33.7678293835 0.956499553495 5000.0 0.956499553495
-5757.20209694 9.33314207371 0.960482033877 5000.0 0.960482033877
5145.71649968 -34.5793948069 0.980417576458 4600.0 0.980417576458
-1508.41944352 67.9041212898 0.979400458502 5000.0 0.979400458502
5043.57110109 86.0302614739 0.983407558307 800.0 0.983407558307
-4666.9440047 -11.7278364742 0.865519440312 4800.0 0.865519440312
-2254.4236387 -13.7913621032 0.841273424456 5000.0 0.841273424456
646.933569201 -60.2285342837 0.99000694617 1800.0 0.99000694617
3603.44474093 52.5713084582 0.955407147267 5000.0 0.955407147267
-3473.08691574 -51.1207590021 0.991227549344 2800.0 0.991227549344
4735.47921381 -87.2452510353 0.980421859825 5200.0 0.980421859825
6172.81393913 -16.2135056822 0.938345431516 5200.0 0.938345431516
1180.42334396 -2.65435313857 0.896821858139 5000.0 0.896821858139
5427.31033289 24.2708312958 0.935124397123 4800.0 0.935124397123
3824.41108611 -40.4531675117 0.920245898505 4600.0 0.920245898505
-6508.4817703 -39.2565065811 0.90756475706 4800.0 0.90756475706
-127.254732118 -9.22636890544 0.874690227985 5000.0 0.874690227985
7204.67331242 -21.1129878098 0.995373932557 600.0 0.995373932557
-3593.38135195 -22.38521782 0.842189160868 4800.0 0.842189160868
-3789.68039061 9.18067537938 0.88531028208 4800.0 0.88531028208
6116.23938463 -47.8068761844 0.985391923499 4200.0 0.985391923499
6629.40235792 24.8547485379 0.985570472011 5000.0 0.985570472011
-6672.57943649 -24.7313564568 0.937793964592 4600.0 0.937793964592
-1946.42556664 7.91210471072 0.899290415121 4800.0 0.899290415121
-3430.59829352 28.5544159638 0.891823269818 5000.0 0.891823269818
5675.36173099 -41.5088243881 0.970042107793 4200.0 0.970042107793
2516.15358948 -2.03553448687 0.932027851864 5000.0 0.932027851864
-5803.71963399 41.516005652 0.963717546696 5200.0 0.963717546696
-5796.84751561 -17.7846703885 0.890938224659 5000.0 0.890938224659
3317.78243698 82.1256882141 0.994375477897 2800.0 0.994375477897
1509.87222169 -4.91200814499 0.866843939654 4800.0 0.866843939654
-3981.21729548 -47.9005590491 0.907496785074 4600.0 0.907496785074
4229.28226636 9.63820489376 0.920555264558 4200.0 0.920555264558
2906.43148192 -54.5719636555 0.983829677677 1400.0 0.983829677677
7864.8470115 -7.28981837463 0.97934669074 4800.0 0.97934669074
-5398.73812876 21.7649488658 0.93947382279 4800.0 0.93947382279
-3207.5286452 -17.6368507063 0.856650060024 4800.0 0.856650060024
3676.81958846 -41.0619152414 0.898481195283 5000.0 0.898481195283
2950.46084491 -44.8711753243 0.91436539832 4600.0 0.91436539832
6660.65833737 -1.82718065622 0.944669918378 5600.0 0.944669918378
-4221.55746165 52.9746674554 0.932127530116 4800.0 0.932127530116
3895.32015486 -34.0666315003 0.947043547741 4600.0 0.947043547741
-3594.47995411 -11.4124936925 0.887752243775 4800.0 0.887752243775
6304.60539027 8.9973415084 0.935572622223 4600.0 0.935572622223
-5195.23899221 -43.6088670593 0.997711028821 3600.0 0.997711028821
7575.60547529 -14.9252290338 0.901195874182 4800.0 0.901195874182
-710.549667698 46.3341835923 0.931661600522 5400.0 0.931661600522
1813.23255063 -73.9352681874 0.992148013906 4600.0 0.992148013906
-3079.66723442 6.24837227713 0.861386446714 4800.0 0.861386446714
-6748.71737494 5.24577813283 0.964174283177 4800.0 0.964174283177
-8519.31675717 36.9539876725 0.975773262993 4800.0 0.975773262993
1266.8403762 -17.6299144793 0.90257392857 5000.0 0.90257392857
-3959.46118772 44.7306138587 0.968330632936 4800.0 0.968330632936
4909.61433367 39.6023102926 0.990192053877 5800.0 0.990192053877
-2708.32703195 -21.3773180319 0.828807837764 5000.0 0.828807837764
-801.621714591 -7.47493204432 0.911674156236 4800.0 0.911674156236
3129.66507902 -41.5716686392 0.899043545097 5400.0 0.899043545097
2178.85753167 7.32868485861 0.893532960368 4800.0 0.893532960368
-2343.43602723 -68.7286370108 0.989412355596 5000.0 0.989412355596
-814.137748745 -73.3482242458 0.953016283131 5600.0 0.953016283131
3587.3693819 76.0968860645 0.991868488553 3200.0 0.991868488553
1915.7172941 13.0056612491 0.899840705304 6000.0 0.899840705304
1243.80105334 8.02604797664 0.899660832471 5200.0 0.899660832471
3271.97753252 73.6154296607 0.978912385581 5800.0 0.978912385581
-5918.42515942 -57.2399920425 0.994266493271 6200.0 0.994266493271
6248.01592034 35.202192376 0.969990729955 5800.0 0.969990729955
-1341.54271681 43.266855078 0.952963231685 5000.0 0.952963231685
6146.13319773 -20.2709785525 0.975388986682 5000.0 0.975388986682
-6940.84701605 37.3412478915 0.993363900487 5000.0 0.993363900487
-3080.20589191 74.7443003524 0.987591097766 5200.0 0.987591097766
5135.15837068 64.5229435174 0.969748620011 4800.0 0.969748620011
4825.39848633 49.059780644 0.910928388485 5600.0 0.910928388485
88.2128318519 -2.19210803404 0.854941853401 5000.0 0.854941853401
6169.37980956 40.0220918872 0.995678530585 7000.0 0.995678530585
3196.3175118 -7.0509935788 0.929604182181 5400.0 0.929604182181
5959.6181295 -3.62266919306 0.981811851174 4600.0 0.981811851174
1544.42100778 61.2279794293 0.973054610379 600.0 0.973054610379
-1718.61259004 -23.0170712617 0.914007540873 5000.0 0.914007540873
-4065.33740864 -55.0524256563 0.899999003086 4800.0 0.899999003086
-1807.76843159 22.54988112 0.883983764758 4800.0 0.883983764758
7487.16105436 -22.066270183 0.984009687041 4800.0 0.984009687041
3015.01680547 -62.6272243411 0.993650763509 2200.0 0.993650763509
4365.95015351 -36.6900656633 0.945817787502 4800.0 0.945817787502
-4235.00941215 -56.0171305245 0.944044994112 4800.0 0.944044994112
1700.99569729 12.6856343553 0.927917334744 4600.0 0.927917334744
3677.02564075 -20.5117670224 0.879197946969 4800.0 0.879197946969
-6481.45297476 -16.9047560245 0.93496695734 5000.0 0.93496695734
7062.14518822 22.3358499463 0.973513356385 4400.0 0.973513356385
-4640.91059072 57.2548111808 0.996040228018 5400.0 0.996040228018
1576.44755671 11.9259684043 0.888973069621 4600.0 0.888973069621
3025.56187554 27.4795416651 0.943990524837 600.0 0.943990524837
-4582.36107265 -20.2108855473 0.846682959604 4800.0 0.846682959604
-1707.37899825 -25.6325156279 0.887078391989 4800.0 0.887078391989
3238.10607787 -55.9224617634 0.979188309144 2000.0 0.979188309144
6369.2998869 11.7169314357 0.974020330102 4600.0 0.974020330102
1628.98658468 -79.319231528 0.993844989782 4400.0 0.993844989782
-634.062722347 -85.6838011382 0.992178820029 600.0 0.992178820029
6845.64048549 -35.2475063987 0.991705979947 3400.0 0.991705979947
-7476.17768146 46.4899585081 0.979816264198 5000.0 0.979816264198
2823.35905461 -41.3872976163 0.920405690255 4800.0 0.920405690255
7562.25849675 18.2256844225 0.997961068315 6000.0 0.997961068315
6612.0789664 -30.1280493157 0.969106804463 600.0 0.969106804463
-5784.62078839 67.6010103065 0.987477077433 6200.0 0.987477077433
1860.8917036 -40.9492611337 0.904585323572 5000.0 0.904585323572
-2470.0931308 -57.8574546486 0.96610053224 5200.0 0.96610053224
4223.23163611 56.8235068426 0.964104692189 5000.0 0.964104692189
-4900.57766569 74.2855462973 0.967645281996 4800.0 0.967645281996
5014.65666489 37.3242141875 0.954246632203 5400.0 0.954246632203
-8508.91352583 -5.63452329272 0.964957508493 5400.0 0.964957508493
-2785.21057363 63.8175099893 0.938339670144 4600.0 0.938339670144
95.8386470052 -13.0808710262 0.89155235279 5000.0 0.89155235279
609.124752847 81.573971772 0.975520690167 1400.0 0.975520690167
1527.39492512 12.0870129929 0.904764123816 4600.0 0.904764123816
-3288.59858022 50.2800326501 0.92554513978 4600.0 0.92554513978
-3323.4336526 -38.478246877 0.908947468478 4600.0 0.908947468478
2003.45639252 82.7660938438 0.980109657074 5800.0 0.980109657074
781.76571997 45.4530661421 0.947287031232 5200.0 0.947287031232
6871.01240873 -50.1946389294 0.98236183463 4800.0 0.98236183463
504.132904647 -9.36980425577 0.828964810022 5200.0 0.828964810022
4203.47375713 41.5891687368 0.959593059386 5400.0 0.959593059386
5879.57843629 50.0266921174 0.970121816474 4600.0 0.970121816474
-4106.10945585 -41.2676150415 0.945497868477 600.0 0.945497868477
3212.33203014 40.1909200134 0.959174855305 4800.0 0.959174855305
5187.83511923 42.3163212276 0.924252443469 4800.0 0.924252443469
-7584.95121296 34.4371425446 0.960903001557 5000.0 0.960903001557
221.969895175 -67.6116964234 0.930236387812 5000.0 0.930236387812
7086.84567827 66.9635567955 0.989624918969 5800.0 0.989624918969
-5285.28886189 -64.6368559074 0.990073686572 5400.0 0.990073686572
-2922.00212815 -54.7559097002 0.987097786704 4000.0 0.987097786704
-1963.85631928 84.0798783684 0.992317506097 4600.0 0.992317506097
945.861624458 -4.72827774389 0.888618439999 4800.0 0.888618439999
3646.8433696 -41.8362347547 0.923836402777 4800.0 0.923836402777
6233.16082266 -72.3507199944 0.98547848162 4600.0 0.98547848162
-3607.53770339 18.6853396602 0.907208355173 5000.0 0.907208355173
-1908.76340013 -9.45589989563 0.882105953433 4800.0 0.882105953433
-8642.48881453 50.0565144103 0.9919568961 5200.0 0.9919568961
-4371.57884249 71.2311099659 0.986150135848 6600.0 0.986150135848
-1364.6001279 21.3295342083 0.904188093555 5000.0 0.904188093555
-2520.06608362 -75.4624964597 0.92755627691 4800.0 0.92755627691
-5533.98986079 -14.5436019993 0.86694773932 5000.0 0.86694773932
2943.37624911 74.8314531348 0.990761023951 2200.0 0.990761023951
2170.65977255 26.9795377259 0.908196841658 4600.0 0.908196841658
-2558.13243817 -46.6905035349 0.91766251165 5000.0 0.91766251165
462.980142554 8.93802481708 0.884402154505 4800.0 0.884402154505
-1199.24940138 -37.2542266338 0.916598020158 4600.0 0.916598020158
1587.56326155 -75.6770234666 0.977244387374 4800.0 0.977244387374
-2430.26218244 21.6010138711 0.85534279672 4800.0 0.85534279672
-5876.65594233 16.1045501942 0.956214285051 4800.0 0.956214285051
-1351.96117402 36.0005176201 0.85681341512 5000.0 0.85681341512
-2435.08492892 -65.4766376226 0.991862478414 1600.0 0.991862478414
2375.46178636 -39.4788074004 0.905617679587 4400.0 0.905617679587
2109.761089 -47.6403898831 0.914567078471 4600.0 0.914567078471
-3077.02845199 55.1752546115 0.847424864038 4800.0 0.847424864038
3555.22259861 53.5422897796 0.973866780194 4800.0 0.973866780194
6344.02099791 8.56515320665 0.964871258976 4800.0 0.964871258976
4864.1228123 67.4520677495 0.991757040356 4600.0 0.991757040356
2680.90176003 -18.5676266039 0.950146772854 4800.0 0.950146772854
4321.33770211 -64.4172210707 0.976595562727 5000.0 0.976595562727
-4071.65236402 -37.0858426253 0.873308567978 4800.0 0.873308567978
-5142.62576326 -35.1839769294 0.930381809686 5000.0 0.930381809686
-6429.22854973 -70.5682304699 0.994920834462 5000.0 0.994920834462
-3642.82078723 -18.4654301415 0.875966689987 4800.0 0.875966689987
4864.48345626 -22.7666533551 0.93681373685 4400.0 0.93681373685
-2463.57876997 60.4428409314 0.978059959213 4600.0 0.978059959213
-4760.64456902 28.720177514 0.895485151741 4800.0 0.895485151741
6246.95577151 7.80227027705 0.933966732175 4800.0 0.933966732175
6867.73761197 46.2476406409 0.977850074229 5000.0 0.977850074229
-390.724330538 -17.1136055156 0.924931131124 6000.0 0.924931131124
-428.262003911 52.2528021125 0.963234842006 4800.0 0.963234842006
-2210.81613133 -6.65312818527 0.838794566733 4800.0 0.838794566733
-1480.63475671 -77.3339144958 0.979621972695 5000.0 0.979621972695
76.7793913946 19.1070237862 0.897537318013 5000.0 0.897537318013
-1545.97578393 -40.3438931629 0.861526496026 4800.0 0.861526496026
-1313.03066077 40.3488142323 0.924523850266 5000.0 0.924523850266
2932.98916178 -67.8476499037 0.99547169206 4400.0 0.99547169206
-4498.41458386 -3.52445211736 0.940494523969 4800.0 0.940494523969
-5298.43324613 -2.79585497939 0.846816895295 4800.0 0.846816895295
-588.677370901 -23.9533252653 0.875624423448 5000.0 0.875624423448
-5150.47347001 38.0573492494 0.92620495404 4800.0 0.92620495404
-1746.94634045 -49.7806549547 0.992016838012 600.0 0.992016838012
3260.83970687 38.9247499087 0.921473327241 5600.0 0.921473327241
-6658.21537233 -36.769046608 0.981738796588 4800.0 0.981738796588
2550.37187849 45.3019463234 0.967012681249 5000.0 0.967012681249
7844.19866967 43.3248312452 0.974083988159 4600.0 0.974083988159
-9.2647388487 -53.5548041843 0.939447659582 1200.0 0.939447659582
-4455.3132468 51.2745951279 0.970856622195 4800.0 0.970856622195
159.098727104 7.31084063667 0.927096759496 5000.0 0.927096759496
729.928959554 23.0101602252 0.908263488495 4800.0 0.908263488495
-3973.04902729 -48.2228731857 0.99291522631 5400.0 0.99291522631
-50.5611275648 -38.7845972641 0.897941399184 5000.0 0.897941399184
-5543.0866077 83.8048340708 0.981681551807 5400.0 0.981681551807
-4336.37599314 14.4368481049 0.901831368666 5200.0 0.901831368666
2659.39419073 43.5330655643 0.914103483022 5400.0 0.914103483022
3002.85063933 6.73894535867 0.893174425209 4800.0 0.893174425209
5191.43032293 3.59593064908 0.89288609742 5000.0 0.89288609742
-3054.90713511 -82.9614785051 0.976261246609 5000.0 0.976261246609
-956.675307266 7.79264425116 0.884682594126 4800.0 0.884682594126
2901.44421918 3.1789702219 0.897605841792 4600.0 0.897605841792
297.256822923 41.3951236088 0.891361372786 5200.0 0.891361372786
-1395.8829151 6.82504775696 0.913988194677 4800.0 0.913988194677
-3818.60090271 38.710741108 0.965817681581 2400.0 0.965817681581
-3679.51487171 68.2635546551 0.961649439824 4800.0 0.961649439824
-4017.91763483 70.0276044916 0.961520421596 4600.0 0.961520421596
-1363.85201697 59.7627893326 0.969042405287 4400.0 0.969042405287
-4887.09553982 -81.0321908349 0.978907235988 5000.0 0.978907235988
1253.3424402 -52.5959342885 0.938479789203 5000.0 0.938479789203
7421.58043591 -62.9546491731 0.997820914975 4000.0 0.997820914975
2412.03960712 -44.5927606034 0.971794848013 600.0 0.971794848013
964.946448333 -4.55021223337 0.864324094653 4800.0 0.864324094653
3318.50924228 -20.2586561079 0.946004695677 4800.0 0.946004695677
-1070.59265505 -29.8275672513 0.904999878403 4800.0 0.904999878403
225.64702478 14.6842389029 0.903735574282 5000.0 0.903735574282
643.816389587 -39.8382903694 0.90594808987 4800.0 0.90594808987
5972.34451482 11.8071434808 0.938170361343 5000.0 0.938170361343
-4366.3295693 25.5149852041 0.853902955635 4800.0 0.853902955635
-7143.80730734 9.92890615177 0.981783247607 4600.0 0.981783247607
6327.30075115 21.2626607122 0.964492834731 6200.0 0.964492834731
733.869391668 -26.1460733471 0.92261226949 5200.0 0.92261226949
-6767.27796243 -30.2785405862 0.95951543976 5000.0 0.95951543976
-6418.33976959 -78.6072298282 0.980367133745 5000.0 0.980367133745
-241.61159373 -42.293299551 0.922506558755 5000.0 0.922506558755
4510.3769811 41.7481270743 0.988564457576 1400.0 0.988564457576
4270.08678279 -43.0872955765 0.955802834498 600.0 0.955802834498
-1897.4085148 64.9538434506 0.968493381545 4800.0 0.968493381545
7712.39917117 -29.2224705256 0.99532746042 600.0 0.99532746042
-1663.25478631 -68.3507900805 0.984474464454 1600.0 0.984474464454
-5116.64032952 -67.3087427316 0.978042455119 1800.0 0.978042455119
-3001.05253529 43.1781675711 0.902322134512 4800.0 0.902322134512
2501.45619216 -56.5240099602 0.994081130896 600.0 0.994081130896
-4470.66766149 11.4126651226 0.870418276218 4800.0 0.870418276218
-4019.1113159 88.1687941206 0.95814799165 6400.0 0.95814799165
4482.75897007 -22.1518631575 0.944502175132 4200.0 0.944502175132
3489.99748577 -4.65714888226 0.896341431004 4800.0 0.896341431004
2563.88682233 9.84258712913 0.921996408745 4600.0 0.921996408745
-7776.5598675 -42.3400415651 0.966889775827 5000.0 0.966889775827
-8381.6384807 2.16338735591 0.974080786501 5000.0 0.974080786501
-5863.12826641 -19.9342503726 0.912763583355 4400.0 0.912763583355
-8120.77231498 26.3801406757 0.977740398559 5000.0 0.977740398559
5150.73753664 -55.9249221087 0.987504668016 2800.0 0.987504668016
188.013295678 -39.8421963876 0.973735700701 600.0 0.973735700701
-9410.15265627 -3.55205862404 0.988730081581 4600.0 0.988730081581
-923.850798833 -61.0990552191 0.910571688743 4600.0 0.910571688743
-5347.52878343 -36.4633359492 0.879793692741 4800.0 0.879793692741
1204.01613895 -32.8815289897 0.946981189296 6400.0 0.946981189296
-641.623063025 17.8037643063 0.926331947047 5200.0 0.926331947047
-2192.71894307 -44.69728611 0.955915538091 4800.0 0.955915538091
-6250.34940631 -76.5592578243 0.989486942991 4400.0 0.989486942991
-596.800362796 -74.830440034 0.989177125442 5000.0 0.989177125442
-6609.34939234 -47.5635052611 0.913396918078 5000.0 0.913396918078
-4856.48075709 -35.4269067633 0.966614772042 4600.0 0.966614772042
5864.28143523 18.044808202 0.916520713505 4600.0 0.916520713505
-7278.04589422 4.93494890148 0.927509810547 4600.0 0.927509810547
4392.0316591 39.4406062867 0.926328532935 4000.0 0.926328532935
1072.57240128 22.9740389954 0.920404452268 5000.0 0.920404452268
2019.59093282 52.9966041992 0.969402461954 5800.0 0.969402461954
-455.392814041 64.9390928866 0.984778354528 4800.0 0.984778354528
6693.43550625 5.19380096949 0.93952270349 4600.0 0.93952270349
-7363.081648 34.9167424281 0.983974762231 5000.0 0.983974762231
1702.45830978 51.7670960266 0.92912201335 6000.0 0.92912201335
-5560.30246918 61.1387430327 0.969106505861 5200.0 0.969106505861
7804.98086924 -19.6786926819 0.943945470418 5000.0 0.943945470418
-1105.57757327 -32.6213444002 0.915061785587 4800.0 0.915061785587
7026.86030503 -53.6731274689 0.996107756159 4200.0 0.996107756159
6513.10135643 77.5954734741 0.967041711028 5000.0 0.967041711028
3937.85504124 33.6583357683 0.93332919461 4200.0 0.93332919461
5733.68552257 -29.6545535639 0.96008389378 4800.0 0.96008389378
-3249.70088196 56.6034091675 0.965689657873 4600.0 0.965689657873
-5485.72067508 0.847901683377 0.947187383615 4600.0 0.947187383615
-6454.21121031 47.2985169242 0.974823978965 4800.0 0.974823978965
-2537.83196704 62.8674255741 0.899764617597 5000.0 0.899764617597
-3319.21652044 30.6781961948 0.904753069033 4800.0 0.904753069033
8312.88345999 31.7084094961 0.9963926998 5200.0 0.9963926998
-513.554284949 -41.7599843367 0.956970952117 1400.0 0.956970952117
2325.26088389 41.5730153908 0.968126240198 4000.0 0.968126240198
-6742.88791047 68.4197050344 0.989863588327 4000.0 0.989863588327
4446.03159689 4.11093674818 0.927867010172 5400.0 0.927867010172
-3533.50864858 34.3739993227 0.926490326368 4800.0 0.926490326368
7216.19584905 -4.10581894761 0.972338503267 4800.0 0.972338503267
-1759.61757855 19.7099618308 0.913835539112 4800.0 0.913835539112
-6979.89424864 6.79115138832 0.909889535906 5000.0 0.909889535906
2771.4883355 5.17798477689 0.89360430601 4600.0 0.89360430601
-4963.39753698 -22.4515646878 0.909696258394 4400.0 0.909696258394
-5964.17706195 -12.0442833991 0.897313167612 5000.0 0.897313167612
1028.93956403 -35.5939406609 0.915500424719 5400.0 0.915500424719
-2488.57995067 -60.6586690628 0.987017621405 1400.0 0.987017621405
-764.33607108 -35.9841354192 0.925494850169 4800.0 0.925494850169
-6706.10645351 34.7880028736 0.995253153321 5200.0 0.995253153321
4167.79386708 38.4682269418 0.971041018844 800.0 0.971041018844
6138.55532671 43.1411427897 0.959925436002 5000.0 0.959925436002
-2481.78583712 -81.0504851437 0.960193505374 4800.0 0.960193505374
4345.68123705 38.0065091237 0.963650197978 4800.0 0.963650197978
-2141.62414885 -79.8107253311 0.991077009465 4800.0 0.991077009465
3040.02487685 -45.798175795 0.913790990214 5200.0 0.913790990214
-2274.51568573 -84.0639548844 0.993327144251 1800.0 0.993327144251
-4654.45330247 -1.2204864174 0.924258622563 4800.0 0.924258622563
-851.763317665 78.7304113946 0.976358553184 600.0 0.976358553184
-1066.4649595 -8.55434916986 0.915901245006 4800.0 0.915901245006
-4668.69096727 -32.3594935475 0.866824537233 4800.0 0.866824537233
4597.32368955 -53.3218489551 0.979011322775 2400.0 0.979011322775
-6249.10166081 28.3026948497 0.984651614321 5200.0 0.984651614321
-19.7436324325 7.83727595255 0.866678429352 5000.0 0.866678429352
-3903.00772328 -24.6900703875 0.87730153976 4800.0 0.87730153976
410.286556135 -56.6924720408 0.951719783496 4800.0 0.951719783496
1210.63284678 5.49501168206 0.917118493821 5800.0 0.917118493821
4008.03020655 26.2934388793 0.882184776621 4400.0 0.882184776621
-5860.79709391 -3.95008239336 0.898251463857 4800.0 0.898251463857
-2729.34587168 47.8914039738 0.900073822784 4800.0 0.900073822784
-4575.73911291 -49.9841875278 0.909534897078 4800.0 0.909534897078
4645.72819821 25.2316665342 0.944640794047 4800.0 0.944640794047
-8365.03012131 -41.9764211312 0.973366517022 4600.0 0.973366517022
-3725.85547715 -61.5443247874 0.89869894776 4800.0 0.89869894776
4795.35419511 -89.1227925217 0.982241970976 4000.0 0.982241970976
7351.06867173 -21.5984573146 0.995510916309 600.0 0.995510916309
-1791.83093504 -25.7632593673 0.884078590117 4800.0 0.884078590117
1373.51691389 40.4365319095 0.93761004645 5200.0 0.93761004645
-4827.95952121 75.6193149249 0.980844382452 3800.0 0.980844382452
-7771.8682559 75.0988904785 0.995423478539 6200.0 0.995423478539
1156.05984649 -55.9370704259 0.963654316933 4800.0 0.963654316933
666.105124032 25.2858828664 0.899840722052 5200.0 0.899840722052
5977.74880608 41.2325417938 0.902410641728 4800.0 0.902410641728
5887.03588076 -63.1074119588 0.989916893119 4000.0 0.989916893119
-2661.63975409 28.0166917157 0.842030737396 5000.0 0.842030737396
5805.15826372 -39.1908951824 0.988208477501 600.0 0.988208477501
6191.06030693 -17.3696119414 0.963724140967 2600.0 0.963724140967
-1532.7865963 3.00690302067 0.891957215941 4800.0 0.891957215941
5952.71121457 -58.2909216338 0.987111428594 5600.0 0.987111428594
-610.355745368 9.40243611744 0.899100459246 4800.0 0.899100459246
-3417.70750483 46.0392284563 0.968339930774 4800.0 0.968339930774
2563.80195104 -43.043837805 0.9287017036 4800.0 0.9287017036
-3816.81961528 -13.8691442107 0.856887124409 4800.0 0.856887124409
-4.85530984658 24.4980107611 0.91328218989 5000.0 0.91328218989
-1709.92944319 -2.60942910869 0.895444707803 4800.0 0.895444707803
951.647198388 49.2397270215 0.932789140473 5000.0 0.932789140473
3066.36789155 -20.4184109277 0.911923488226 4800.0 0.911923488226
2928.68483972 -40.0289215683 0.932797439451 4200.0 0.932797439451
5174.99172571 -19.9317650325 0.887653681947 4800.0 0.887653681947
633.493857881 -52.0935031389 0.988503991085 600.0 0.988503991085
2587.21495212 -51.8090925819 0.990286674403 1600.0 0.990286674403
1167.2415738 -66.3595194819 0.955472482413 4600.0 0.955472482413
6934.68651134 18.0643764074 0.980317997948 4000.0 0.980317997948
6415.82281152 -50.0726775929 0.954298972825 4800.0 0.954298972825
824.714232544 -44.6594882786 0.955937732485 1000.0 0.955937732485
281.295000326 -14.0715538793 0.905706766125 4800.0 0.905706766125
-6899.56726713 -24.9221767251 0.980406114958 5200.0 0.980406114958
-6023.79138546 -31.209693129 0.885991956684 4800.0 0.885991956684
6541.67301604 17.8601525884 0.990374765912 1000.0 0.990374765912
3124.08785165 28.9433809523 0.934886555278 4800.0 0.934886555278
4145.59636153 60.0867538745 0.97800319104 6800.0 0.97800319104
3991.49704523 26.133468814 0.951233735486 4800.0 0.951233735486
-5558.99517937 -37.5618691285 0.869371519809 4800.0 0.869371519809
-7026.11473372 66.9076524164 0.998996184136 5000.0 0.998996184136
344.24359224 84.2407659603 0.986569337004 600.0 0.986569337004
293.395517112 7.47241263608 0.886813500621 5000.0 0.886813500621
-4719.81757694 36.1368386463 0.905322121451 4800.0 0.905322121451
7743.07316485 52.3935330361 0.968466335754 4800.0 0.968466335754
-1015.61622936 -69.1426301617 0.994750737066 3200.0 0.994750737066
4763.80643646 -79.8783911611 0.970705728547 4800.0 0.970705728547
6503.30770447 -5.02592112582 0.873900503719 4800.0 0.873900503719
3351.83832232 42.9646340527 0.949897810875 600.0 0.949897810875
4626.27743657 -38.8056307472 0.981394961655 1000.0 0.981394961655
2868.7631404 24.8044772011 0.924085257262 4800.0 0.924085257262
1650.98394049 -19.2222894425 0.933589983169 5000.0 0.933589983169
188.389332382 -19.4068708813 0.90166138425 5000.0 0.90166138425
4713.03205893 -57.7667641341 0.987172149139 6200.0 0.987172149139
-2743.81576985 -26.7699926103 0.852518615124 4800.0 0.852518615124
-5577.77183001 -17.5565444851 0.929041235999 4000.0 0.929041235999
-2112.40035548 20.6983993097 0.865131649889 5000.0 0.865131649889
-2189.04227918 55.1222585411 0.975150975643 4800.0 0.975150975643
7267.47246468 -48.6527539018 0.983251019789 4600.0 0.983251019789
5509.53827615 -48.0851454607 0.963117419663 4800.0 0.963117419663
1349.39204091 -71.1178919922 0.993572651543 4200.0 0.993572651543
-2000.76597827 -59.4714930721 0.980227446236 600.0 0.980227446236
3221.38891279 -50.4173564492 0.954532251275 4800.0 0.954532251275
566.278101715 -23.6991607814 0.927047461304 4800.0 0.927047461304
2747.55099541 -71.4228270155 0.984648447938 4800.0 0.984648447938
6369.43940501 -43.6349385036 0.98854257454 6600.0 0.98854257454
2794.74738592 -20.4524107654 0.916263505502 5000.0 0.916263505502
6280.17737421 34.6690759981 0.990202950333 5200.0 0.990202950333
8628.16154935 40.8942115099 0.998944211688 6800.0 0.998944211688
-3314.0473041 -2.69068169943 0.846780043014 4800.0 0.846780043014
1823.37417108 12.862669458 0.918822008609 4400.0 0.918822008609
3290.680919 -77.6054954675 0.969934786899 5000.0 0.969934786899
2422.83698179 -79.2900598327 0.995635561723 3000.0 0.995635561723
-1239.6255561 -57.0077975504 0.932345979057 6000.0 0.932345979057
-4732.92670869 -3.27700631419 0.88678349006 5000.0 0.88678349006
3166.97607462 -3.62226211943 0.896210358816 5000.0 0.896210358816
-4627.96004358 72.2158844709 0.980662676416 4600.0 0.980662676416
-6866.69271729 20.4778606531 0.978983999606 5000.0 0.978983999606
2258.52642362 47.3474446798 0.944476519096 4200.0 0.944476519096
-5540.09352956 27.4071340417 0.934447710723 4800.0 0.934447710723
-5631.40078538 9.9621303946 0.881495052885 4800.0 0.881495052885
-1823.58669735 34.1014190795 0.939794000083 4800.0 0.939794000083
-3193.11849187 -37.3481267027 0.960606175748 1000.0 0.960606175748
5379.85019585 -48.3603534732 0.955195060293 6400.0 0.955195060293
-7836.28071807 40.9386920755 0.991022953029 5000.0 0.991022953029
-5251.36020241 -53.7897622943 0.930314749932 5000.0 0.930314749932
-1506.51457003 51.5237851394 0.975757601218 600.0 0.975757601218
-5566.47358405 -36.3110896537 0.911449595058 5000.0 0.911449595058
-3720.093314 -28.5613746014 0.868467769982 5000.0 0.868467769982
-2768.71229439 75.4188966202 0.977192393127 4600.0 0.977192393127
-1254.22363403 -24.3921218185 0.926066767151 4800.0 0.926066767151
3611.13446373 23.3921578059 0.950026914335 2600.0 0.950026914335
-1148.12343958 65.606973884 0.988321374005 600.0 0.988321374005
3520.44385252 -71.9848521975 0.995445688887 1600.0 0.995445688887
-5141.12807182 6.30327664043 0.927775990468 4800.0 0.927775990468
-726.998985417 -65.1899153901 0.991443406427 3000.0 0.991443406427
-2483.5454788 -39.4659803343 0.900079435531 4800.0 0.900079435531
-41.0531922579 -54.7100821472 0.967817718387 600.0 0.967817718387
6035.40463943 -39.3011833561 0.996844222593 1200.0 0.996844222593
-7798.8703752 -31.4474981274 0.978836494087 4800.0 0.978836494087
-856.279469829 -37.2124207819 0.870241544773 4800.0 0.870241544773
7016.29944711 15.6276572678 0.923095552368 4600.0 0.923095552368
3828.08972966 -53.4585198243 0.949514912332 5200.0 0.949514912332
-4354.57424863 3.22310162648 0.865109454492 5000.0 0.865109454492
773.881061254 -56.3828676129 0.913420477462 5000.0 0.913420477462
8093.44050463 -15.4092007371 0.973128668923 4800.0 0.973128668923
-1397.49249159 -59.0469755501 0.986977466348 600.0 0.986977466348
-2997.49950238 10.6184561437 0.846912627043 5000.0 0.846912627043
5985.64180964 -10.8042553954 0.947041860845 4800.0 0.947041860845
-4197.36226493 29.6099662876 0.866143868632 4800.0 0.866143868632
-1744.75599825 -0.837743549579 0.870002037194 4800.0 0.870002037194
8806.52549666 -66.5011853011 0.995568203941 4000.0 0.995568203941
-1128.68230152 63.8040280029 0.966707281423 5000.0 0.966707281423
-4371.98361217 -24.8614204269 0.884543566254 4800.0 0.884543566254
-4380.53454433 9.30849518005 0.879933004167 4800.0 0.879933004167
-6854.19494395 44.0368795765 0.982805930997 4800.0 0.982805930997
-3697.37790925 76.3458940324 0.975643309012 4600.0 0.975643309012
