-586.778123869 -24.8902581855 0.879073834085 5200.0 0.879073834085
5701.45534539 -72.2401491668 0.985390205709 5000.0 0.985390205709
6910.2013011 -50.1712933751 0.996023770816 6600.0 0.996023770816
-1848.90649827 -15.9216982925 0.852895691315 5000.0 0.852895691315
350.748165665 -25.1702421398 0.86594675973 4800.0 0.86594675973
3921.60070109 -13.1708008094 0.879803100213 5800.0 0.879803100213
-6067.41277286 33.4085719656 0.980731716516 6000.0 0.980731716516
3261.37976715 -68.3275375583 0.974361603328 5800.0 0.974361603328
5626.08070324 72.6389629435 0.997656915308 5600.0 0.997656915308
3040.92479985 31.4992970537 0.858250183255 5400.0 0.858250183255
-3660.74821479 -70.6160388039 0.932148075734 7200.0 0.932148075734
1349.15800241 -50.0263663771 0.982653339876 4000.0 0.982653339876
-7048.33100657 -16.4441474891 0.982810349404 5000.0 0.982810349404
-3733.46438954 25.2159711959 0.852454499168 5000.0 0.852454499168
-6595.59294232 70.7552523721 0.97274979323 6000.0 0.97274979323
9160.36105929 -6.54820498678 0.983321776673 5800.0 0.983321776673
2211.56979167 -77.1944246721 0.978131406053 5800.0 0.978131406053
-1400.93764989 -3.0564352464 0.837804880441 4800.0 0.837804880441
4232.76669849 -9.98529418515 0.902388235317 5600.0 0.902388235317
-3573.23650118 -54.0775286351 0.96017010903 5000.0 0.96017010903
-4331.17495985 42.7518552831 0.94988124089 5400.0 0.94988124089
-2483.1691809 10.487586101 0.827561991547 4800.0 0.827561991547
4741.23208127 -51.6222236534 0.990889516483 7000.0 0.990889516483
-3966.81009491 -34.5629155089 0.906978121151 4800.0 0.906978121151
-23.2632078153 -46.7881915124 0.916220460794 7600.0 0.916220460794
-4818.21777051 -13.8204411971 0.943310086336 6000.0 0.943310086336
-2349.28988121 -28.3237136327 0.795544773831 5000.0 0.795544773831
1590.84500104 -35.3947907532 0.9157091705 4800.0 0.9157091705
7263.60376225 -58.1330067661 0.974139066875 5200.0 0.974139066875
1568.26713236 -11.4298449871 0.865408428821 5000.0 0.865408428821
3077.11591772 27.3423527751 0.899497343752 4800.0 0.899497343752
-4757.17361881 21.9926962212 0.954789488458 4800.0 0.954789488458
1885.93296897 4.25016023305 0.853294643391 6000.0 0.853294643391
235.851162037 -60.4677335307 0.95719715662 800.0 0.95719715662
6939.73764811 -18.9743366408 0.994590712835 5800.0 0.994590712835
6352.67669392 24.2237073254 0.979102178885 5200.0 0.979102178885
-3679.9491369 -9.60897504046 0.925792967546 5000.0 0.925792967546
-5870.6986196 -13.4220469601 0.924378293519 5200.0 0.924378293519
5528.23576507 32.3050394014 0.955725472418 7600.0 0.955725472418
-5636.59431917 -6.09525388787 0.941587889158 5400.0 0.941587889158
7006.75487115 16.7287056934 0.978708256579 5800.0 0.978708256579
1440.66999774 -31.4252415497 0.936813990479 5000.0 0.936813990479
3440.2750507 28.2271785058 0.896416576647 5000.0 0.896416576647
7461.85716852 -66.6967271905 0.95343642458 5200.0 0.95343642458
3766.32409269 -32.6538426073 0.857086970359 5600.0 0.857086970359
-3768.26830539 33.3784904116 0.875205700166 4600.0 0.875205700166
7693.14228842 -5.94578932346 0.99319121884 4600.0 0.99319121884
6083.91108405 14.141862761 0.934162408171 4800.0 0.934162408171
5946.72967359 -16.4115011048 0.986007332738 4000.0 0.986007332738
7114.05514814 -33.9234010288 0.987286636595 5000.0 0.987286636595
-6432.96936174 6.05515579471 0.959693076798 5000.0 0.959693076798
5170.52265532 -86.4267123429 0.995171116221 2400.0 0.995171116221
-2832.38705565 -54.8096683814 0.942714615022 5800.0 0.942714615022
-7087.54475314 -20.5440851369 0.992235147461 5800.0 0.992235147461
-5001.22998001 17.0936824524 0.955110372517 5400.0 0.955110372517
-4111.99156106 -26.5184926467 0.879154572432 5000.0 0.879154572432
-5522.35491949 -21.3079261651 0.928451668429 6000.0 0.928451668429
3708.55865122 33.2482855463 0.86285568855 4800.0 0.86285568855
5490.04764402 13.3895804732 0.892773562904 5000.0 0.892773562904
2260.57522745 19.7855149118 0.88832201455 4800.0 0.88832201455
-2435.57307337 72.148128257 0.979172980949 7000.0 0.979172980949
2360.46839808 -62.1170333903 0.986800039839 600.0 0.986800039839
-3465.45176129 -41.5310476151 0.991527995437 2000.0 0.991527995437
2386.5051 -0.881364192202 0.854940556962 6800.0 0.854940556962
1234.66705553 -52.2888634601 0.87411006178 5600.0 0.87411006178
-4160.32726474 -48.2969051589 0.924579656753 5200.0 0.924579656753
2775.41021528 -89.5579424538 0.985668210813 5000.0 0.985668210813
-5417.49566431 -47.9582718074 0.954279076101 4800.0 0.954279076101
837.691020527 39.5186724371 0.88336534548 7600.0 0.88336534548
6548.88142029 9.69181008681 0.958095530492 4800.0 0.958095530492
2642.95799082 45.8523883872 0.957554902353 5000.0 0.957554902353
-1911.58524406 -46.6367663769 0.868774778596 5000.0 0.868774778596
-1561.43039885 4.04463499472 0.789853806636 5000.0 0.789853806636
1580.89115852 -7.04232335641 0.816914375795 5000.0 0.816914375795
3016.44157126 -50.5545940779 0.899935783531 4400.0 0.899935783531
-6491.65159464 84.8855497936 0.986463313879 5400.0 0.986463313879
-4407.38347123 -55.1224780144 0.981356410006 6400.0 0.981356410006
5200.82582652 13.4226346046 0.886399050474 5800.0 0.886399050474
-3786.81962181 61.6431264756 0.992191546151 7000.0 0.992191546151
3503.09471522 44.7296697951 0.876423269802 7600.0 0.876423269802
-6662.2516727 -15.1280239024 0.962835392946 5000.0 0.962835392946
-6870.5703785 -0.982936801867 0.94933929776 5400.0 0.94933929776
6205.40296014 8.28686711964 0.97764486968 6000.0 0.97764486968
8346.51497525 -47.2276590321 0.919851828111 4800.0 0.919851828111
-5598.61102572 76.3591250689 0.989923296189 6800.0 0.989923296189
517.609644428 28.7680635585 0.910176557156 5200.0 0.910176557156
-6654.51172194 -21.9409343807 0.929422230188 5200.0 0.929422230188
-964.570914122 19.6694362698 0.892260940516 5000.0 0.892260940516
-858.951251973 -84.4487535273 0.981800865472 1400.0 0.981800865472
5183.60049446 63.5683655637 0.975270404385 6800.0 0.975270404385
-3611.52704126 -4.32634208263 0.823414336577 5000.0 0.823414336577
-8075.1922635 24.3016985224 0.975855758572 5200.0 0.975855758572
-5362.11499788 18.439139782 0.952704020981 5600.0 0.952704020981
-2955.84569971 -74.5848297612 0.987907434349 6800.0 0.987907434349
-458.371850616 -54.1885686575 0.973019950221 4800.0 0.973019950221
3794.33620402 29.8936925932 0.854621177709 5600.0 0.854621177709
1530.71889211 32.0899728117 0.873847028696 6000.0 0.873847028696
5001.79028565 36.9850615552 0.991027011731 5800.0 0.991027011731
-513.26647271 25.8748065679 0.897004638245 4800.0 0.897004638245
1067.18106291 36.4921766319 0.898695608946 4400.0 0.898695608946
-2460.69040376 -19.2774143494 0.780329398494 5000.0 0.780329398494
499.184786565 -43.880798856 0.910408304745 7000.0 0.910408304745
2709.61258414 79.5157365108 0.962546579722 4800.0 0.962546579722
2159.39239764 -3.23679056294 0.839658488185 4800.0 0.839658488185
-2335.92853353 -3.8744514299 0.757487524867 5000.0 0.757487524867
2312.66246122 4.99240518317 0.830223646357 5400.0 0.830223646357
1555.65575198 -9.97756715664 0.851162585544 4800.0 0.851162585544
-3055.32901906 -2.71610991473 0.837438104757 5000.0 0.837438104757
-3762.38905815 -61.8509264335 0.944432324972 5400.0 0.944432324972
-2445.4941054 17.6921286453 0.796789946062 5000.0 0.796789946062
915.849701051 -6.58918590972 0.821696140288 6800.0 0.821696140288
-6872.07707848 45.6485313986 0.993460165569 5800.0 0.993460165569
-3349.82666393 -5.27405937786 0.808097209903 5000.0 0.808097209903
5071.41610352 42.7725680349 0.964467931055 5400.0 0.964467931055
3375.3165259 -28.1591352936 0.937353138498 5000.0 0.937353138498
6431.1856212 -12.0309524207 0.986942872338 7800.0 0.986942872338
5335.99895067 -24.5571410312 0.931371118882 7800.0 0.931371118882
-4934.38557207 31.8058054965 0.965970571105 5400.0 0.965970571105
-137.147655607 47.2022230174 0.921898218634 7400.0 0.921898218634
6114.2579954 70.8859774501 0.97560825354 7600.0 0.97560825354
-6583.43151492 18.341379861 0.960585629895 5000.0 0.960585629895
3166.39456454 34.9547151791 0.868686432597 7800.0 0.868686432597
-8071.99373664 -41.6504442007 0.975288849882 6000.0 0.975288849882
-6749.97490863 -23.0159310026 0.98333431654 6000.0 0.98333431654
8361.1623835 18.5558318713 0.981645600305 5400.0 0.981645600305
5377.12890443 56.175651625 0.997070195498 7000.0 0.997070195498
-3161.88558125 -2.7229326022 0.812203808075 5000.0 0.812203808075
2970.12662809 86.1908823597 0.99221235975 1400.0 0.99221235975
2328.91045397 45.3727941015 0.911329929329 6200.0 0.911329929329
-6427.67358722 47.0408740778 0.992351041056 5800.0 0.992351041056
4853.95197144 36.8612461117 0.885718742789 4800.0 0.885718742789
-3409.06133674 -87.1049344295 0.973959677109 5600.0 0.973959677109
3977.04957493 56.0834914834 0.937832074779 6200.0 0.937832074779
-570.996388991 28.0860707249 0.873533766875 5000.0 0.873533766875
-6071.8797849 29.3468471627 0.979550730931 6000.0 0.979550730931
-2140.28486989 62.5087335399 0.970836143343 4800.0 0.970836143343
2209.70882804 -56.7146524331 0.844373011627 5000.0 0.844373011627
7101.54266274 -65.0390571401 0.994182985928 4800.0 0.994182985928
1554.01585792 -7.60134506185 0.867373467744 6400.0 0.867373467744
711.762979684 -26.617725027 0.896772295626 4800.0 0.896772295626
-4154.7705754 -40.4827835744 0.882434381619 5000.0 0.882434381619
5688.93809407 -66.9098585375 0.975892279576 5400.0 0.975892279576
-160.918813377 -33.161151131 0.848640316272 6800.0 0.848640316272
-587.096534612 -31.2482520253 0.865669972675 5000.0 0.865669972675
-4254.23985611 40.9469406281 0.913276562255 5000.0 0.913276562255
1239.33791772 -32.8996465625 0.873272058899 5600.0 0.873272058899
2044.91102546 16.5803235263 0.880677063283 5200.0 0.880677063283
-2877.38287074 20.7096572984 0.909561836759 5800.0 0.909561836759
4419.69964613 63.2742054364 0.978031912896 3800.0 0.978031912896
-1155.29731236 12.634381546 0.821053570396 5000.0 0.821053570396
-5127.51716596 -60.4587164123 0.969577138502 7800.0 0.969577138502
877.297276692 -25.5128638417 0.893185716781 5000.0 0.893185716781
4203.70041005 -33.949435976 0.940820703668 5800.0 0.940820703668
-3785.04044384 -43.7568530057 0.862180051675 4800.0 0.862180051675
5716.6045804 -29.0639966438 0.904651320342 5200.0 0.904651320342
4729.291826 -70.1956723237 0.952074220006 4400.0 0.952074220006
-2986.26810501 49.6878696403 0.927326389278 5000.0 0.927326389278
4835.91338523 49.914144591 0.968848983895 7800.0 0.968848983895
2217.71108756 79.5499210238 0.990254620188 5600.0 0.990254620188
6039.75556105 37.0963927656 0.994870888774 5800.0 0.994870888774
-3461.38612995 -39.2848131982 0.828190702966 4800.0 0.828190702966
4148.50676049 44.8336642652 0.960556563903 5800.0 0.960556563903
2832.14565993 -51.7943655572 0.927065315851 6000.0 0.927065315851
699.661674023 -13.6448678244 0.85193753659 6200.0 0.85193753659
-275.20204018 26.3149907051 0.876336637836 6800.0 0.876336637836
7269.2781504 -4.66863646438 0.945771066582 5000.0 0.945771066582
7059.19488512 89.6046859148 0.994931110183 1600.0 0.994931110183
-2270.46470444 29.523582598 0.808857517048 5000.0 0.808857517048
4861.8909564 -34.9220430035 0.888152504902 6000.0 0.888152504902
-2606.90303383 -57.3917702098 0.867869071457 5000.0 0.867869071457
-3112.06067978 -79.6413118385 0.954471264978 5000.0 0.954471264978
-4167.9511173 -72.620919698 0.959190467621 5000.0 0.959190467621
393.867560903 -35.0320917281 0.918178211981 5200.0 0.918178211981
-2908.6821068 -31.2653228914 0.805059362827 5000.0 0.805059362827
-9288.51710135 5.5393817418 0.986886568567 5000.0 0.986886568567
-5262.44023195 22.7709118163 0.956612548886 5200.0 0.956612548886
-2972.88607381 19.6896774904 0.86679939592 5000.0 0.86679939592
-3786.86337209 -20.2645778154 0.882510556018 5000.0 0.882510556018
7130.56196473 30.3339787679 0.944991214896 5000.0 0.944991214896
-4066.25282885 26.5067605328 0.939353701807 5000.0 0.939353701807
-856.640599506 34.2137372393 0.876373515773 5000.0 0.876373515773
2124.39234474 67.2767520628 0.977250483303 4600.0 0.977250483303
-5415.53914283 -60.3873038139 0.953635448666 5200.0 0.953635448666
335.574429971 10.2955071817 0.844147541341 4800.0 0.844147541341
3440.9410876 8.44552322576 0.906986679068 5800.0 0.906986679068
-3248.73285999 34.3509430259 0.845730158539 5000.0 0.845730158539
4507.87401133 -37.2043359177 0.926746628002 5600.0 0.926746628002
5260.59872262 -48.1478667218 0.90425363108 5000.0 0.90425363108
1038.94504974 24.3386906373 0.867713563242 6800.0 0.867713563242
1927.92012866 6.6947013114 0.825426527809 6400.0 0.825426527809
5108.76105374 46.0105646725 0.989491551184 1400.0 0.989491551184
-1790.33090792 49.5625936013 0.94236374385 5000.0 0.94236374385
-5607.35300081 -41.9612777382 0.957897579398 6000.0 0.957897579398
1820.4273993 27.1603089298 0.864692159172 7600.0 0.864692159172
-2442.25090003 -2.2160099494 0.817763003562 5000.0 0.817763003562
-1593.81268955 -7.90289308965 0.830365354889 5000.0 0.830365354889
6448.81733994 -37.0271772214 0.935071618463 5000.0 0.935071618463
4501.20416118 -70.5514076548 0.964720609827 5400.0 0.964720609827
-6998.82883509 -72.9746233514 0.992638253163 5800.0 0.992638253163
5162.6313712 -71.9762758006 0.975843559811 7800.0 0.975843559811
-5240.1560213 -72.6729320712 0.989596462595 7800.0 0.989596462595
-7174.38221567 -28.1163233954 0.96462792229 5400.0 0.96462792229
-5732.62971424 28.7570764848 0.987429804559 5000.0 0.987429804559
6167.47127701 -19.2509160628 0.977138324475 4800.0 0.977138324475
-8503.00713579 -16.3377209993 0.98903829973 6000.0 0.98903829973
-2696.2959105 50.0870929979 0.946830206591 4800.0 0.946830206591
-3743.79218942 37.1787991007 0.928888328799 5000.0 0.928888328799
2659.65825594 -11.9980306097 0.873118324058 5200.0 0.873118324058
-3073.50348023 26.2985858163 0.76707249845 5000.0 0.76707249845
5497.08258187 -25.9716702103 0.966925613463 5800.0 0.966925613463
-264.112502824 38.0664746208 0.911324758185 6600.0 0.911324758185
-3409.52447033 60.3140159574 0.984849445374 5200.0 0.984849445374
5747.02149516 -73.2190886891 0.974221064382 7200.0 0.974221064382
5449.85505394 -26.0403684097 0.924815022897 5200.0 0.924815022897
-4827.30104541 -43.41113765 0.938441163925 5000.0 0.938441163925
5205.54917393 60.3457698764 0.98049235056 7800.0 0.98049235056
-2439.37676744 -53.6394047688 0.86905150404 5000.0 0.86905150404
4301.80554858 -43.9123661159 0.890508286001 5800.0 0.890508286001
-2061.07864726 62.0805287503 0.931085537305 5000.0 0.931085537305
1751.91950464 -62.2608431891 0.965005684657 6000.0 0.965005684657
-3778.63267309 -59.5381882083 0.96953286792 5200.0 0.96953286792
3812.09443828 44.755739559 0.958103593216 7000.0 0.958103593216
5722.57328416 -40.589416259 0.905739182153 5800.0 0.905739182153
8055.88568129 -2.29336279475 0.98677068218 6000.0 0.98677068218
1251.34824357 48.2572740735 0.957398799712 600.0 0.957398799712
-2102.8212437 -23.8740171446 0.870246295337 5000.0 0.870246295337
236.827199673 82.9885952267 0.951729098412 1200.0 0.951729098412
-5323.17607559 -11.6051969607 0.862171505853 5000.0 0.862171505853
1452.11737888 72.9319764204 0.987804103872 5400.0 0.987804103872
2897.72570296 5.11376312584 0.869231960037 4800.0 0.869231960037
3034.01185811 33.9390913826 0.970498224532 5000.0 0.970498224532
2604.69897599 1.76251402623 0.835816280793 5000.0 0.835816280793
5282.63895994 -24.733161647 0.945957963185 4800.0 0.945957963185
-8464.15881233 52.9648479452 0.998024441999 6400.0 0.998024441999
-6081.8040551 -4.98580580141 0.952033755517 5000.0 0.952033755517
-6101.11319455 69.0983275366 0.997635172892 7800.0 0.997635172892
-3855.31338575 88.9871091428 0.988332994438 4800.0 0.988332994438
621.973800992 36.9581673919 0.911188736876 7800.0 0.911188736876
3731.63725862 -28.0348795589 0.95475878891 5600.0 0.95475878891
1057.71251102 -7.593144988 0.867598247843 6600.0 0.867598247843
-3563.80581811 -43.6589985317 0.934779706471 4800.0 0.934779706471
-4490.27597212 60.6260698021 0.956926278401 5800.0 0.956926278401
-3602.5595981 23.2447551556 0.887091634961 5000.0 0.887091634961
4.96924253014 55.3239662312 0.87969403269 7400.0 0.87969403269
861.669670295 31.8419893632 0.851911856123 6400.0 0.851911856123
-7053.39761505 -1.85685103886 0.946947274796 5800.0 0.946947274796
-64.8353476438 61.9303129382 0.955823305726 5000.0 0.955823305726
-2233.87456189 12.6764173 0.811027055715 5000.0 0.811027055715
-5435.37292399 6.83230958761 0.914843652655 5600.0 0.914843652655
3392.71122339 46.4523623818 0.958672045792 4800.0 0.958672045792
7575.70587016 5.61013969036 0.985071098545 5400.0 0.985071098545
3079.1430176 -17.29689657 0.909879650923 5000.0 0.909879650923
-2941.47617194 24.9646653077 0.834220359387 5000.0 0.834220359387
-22.8905714813 20.4527628146 0.888734903848 4800.0 0.888734903848
7165.87197618 64.986590352 0.996194017694 800.0 0.996194017694
-3780.89307549 -62.9350960092 0.959484881896 5000.0 0.959484881896
3540.22209783 -19.9167575769 0.857969778299 5200.0 0.857969778299
-5588.26252626 -47.9403100864 0.967367346933 6000.0 0.967367346933
5489.17084759 14.1345044799 0.957446535737 5000.0 0.957446535737
3997.73605984 -16.8135437865 0.845480174443 4800.0 0.845480174443
1420.39517478 -34.1872612195 0.933829343682 600.0 0.933829343682
-3384.951118 73.9412835503 0.924470772634 4800.0 0.924470772634
2222.99920927 -62.2618170562 0.889698611759 4600.0 0.889698611759
-1004.84759491 51.5035230018 0.897748650398 5000.0 0.897748650398
-2837.94844057 -74.7555434027 0.889516032941 5000.0 0.889516032941
-4451.07841792 43.4392356595 0.922594054734 4800.0 0.922594054734
610.417842656 -5.34390886039 0.791002151502 7600.0 0.791002151502
-6798.51914829 -4.76310397316 0.949595034986 5600.0 0.949595034986
6967.86807082 44.6421152788 0.998020998105 7800.0 0.998020998105
-6711.65481158 68.6615955815 0.998923653973 7800.0 0.998923653973
-1698.74513062 -34.9640203182 0.821018687736 5000.0 0.821018687736
6615.8205394 -19.1402798771 0.910696298838 5000.0 0.910696298838
511.007545516 7.08758704129 0.858174636377 7000.0 0.858174636377
6003.04956592 2.82863160674 0.966798174334 4600.0 0.966798174334
959.826494864 -41.4338646072 0.865500803603 5000.0 0.865500803603
3790.98771275 -16.9553486502 0.834087804287 5000.0 0.834087804287
-3256.16774657 36.0181751019 0.936028645261 7800.0 0.936028645261
-4145.85436127 59.2358161878 0.964669840413 6800.0 0.964669840413
2589.46192403 60.1343854411 0.955003235554 600.0 0.955003235554
4684.63426728 85.3111579715 0.980358787296 5000.0 0.980358787296
6424.23306945 4.65961947303 0.978235248066 1800.0 0.978235248066
3778.38514406 -7.14478925294 0.906293739211 6000.0 0.906293739211
5694.53229573 -69.305443853 0.993564550392 2200.0 0.993564550392
2576.20570213 46.1250104939 0.905290016207 7000.0 0.905290016207
6793.09406484 -24.5042693663 0.996645014386 7800.0 0.996645014386
572.36047525 10.7938625305 0.869523160088 4800.0 0.869523160088
-5173.00254223 65.0048770132 0.983335423182 6800.0 0.983335423182
3234.3947443 -67.9986363139 0.988476959618 4200.0 0.988476959618
7144.53862773 -52.8161408529 0.979615033289 5400.0 0.979615033289
-3525.29339958 -26.1470255585 0.836296607116 5000.0 0.836296607116
-3496.0249084 -37.6197945556 0.807279103259 5000.0 0.807279103259
-54.6481474595 -57.9285494436 0.98166578628 6800.0 0.98166578628
7212.03865293 48.410769254 0.991748897392 5600.0 0.991748897392
5264.61504407 49.912141793 0.967128369731 7600.0 0.967128369731
-361.028104897 -10.5769364776 0.830832429513 5200.0 0.830832429513
-6313.93676823 11.0967018966 0.971556469337 5000.0 0.971556469337
-4272.44548537 16.5262090666 0.889968033437 5000.0 0.889968033437
-3364.28394385 37.9052802016 0.954265436527 5200.0 0.954265436527
-2912.79857672 86.2218440808 0.992303615061 7000.0 0.992303615061
2770.24366169 -46.5457601701 0.973957216019 1200.0 0.973957216019
-4161.93303828 51.4278146093 0.973243929372 6000.0 0.973243929372
1723.88715701 -56.0624661392 0.913690077416 5200.0 0.913690077416
-340.165580088 27.7251157335 0.872590599348 7400.0 0.872590599348
-6153.15903244 63.1737105372 0.993870301708 3600.0 0.993870301708
4991.12489357 22.9699723889 0.919764913961 7800.0 0.919764913961
301.492397346 28.1112806432 0.858875190449 6200.0 0.858875190449
-6994.56124685 62.57998484 0.998162755314 5800.0 0.998162755314
-319.779184172 5.57854965016 0.865166514809 5000.0 0.865166514809
3094.12999449 -9.00265290304 0.88512415175 7600.0 0.88512415175
-740.646486477 86.038514163 0.98593413848 600.0 0.98593413848
1907.1326067 -6.15894092593 0.874393608419 6000.0 0.874393608419
-5403.44914703 26.3177663542 0.858341657547 4800.0 0.858341657547
4024.52512877 72.677769548 0.974529638356 600.0 0.974529638356
3524.05024736 64.6085613187 0.976681501374 4600.0 0.976681501374
6813.18070237 -29.848801459 0.91398889264 5000.0 0.91398889264
-5626.11993429 3.22663185058 0.939687264468 5200.0 0.939687264468
3227.32158073 47.3126140747 0.914580542637 7800.0 0.914580542637
-5694.98632677 32.5195050196 0.884618995642 5000.0 0.884618995642
4315.53801148 58.7767762399 0.973399263827 6000.0 0.973399263827
4562.57340273 19.8271342283 0.882963086978 5000.0 0.882963086978
613.152183864 41.8879765472 0.88591232515 7000.0 0.88591232515
3592.67175331 61.19345993 0.886846868473 6000.0 0.886846868473
4250.00538014 43.3456115329 0.85161409224 5000.0 0.85161409224
1032.16200676 41.963396783 0.842410238666 6800.0 0.842410238666
-6700.93960504 36.3579878989 0.9861260497 5800.0 0.9861260497
5298.42004187 -37.9823583572 0.980724495788 7800.0 0.980724495788
-5810.2688026 -25.9641750131 0.963962607098 4800.0 0.963962607098
-2530.73633404 73.3935431529 0.947554157002 4800.0 0.947554157002
6898.09102199 -37.4072530493 0.936433377187 6600.0 0.936433377187
-533.90911578 -56.970324902 0.975811830595 4800.0 0.975811830595
-4022.58933631 16.3680427226 0.880241902046 5000.0 0.880241902046
1524.04604178 -43.056547382 0.990348982164 1200.0 0.990348982164
2692.40502083 12.6971789904 0.82503451648 6000.0 0.82503451648
7609.62110302 47.1111942831 0.988580900634 5800.0 0.988580900634
4115.78926496 32.2764422368 0.873000305659 6000.0 0.873000305659
72.1748719631 -55.2037524934 0.977653842253 7400.0 0.977653842253
-955.734168429 15.7823119387 0.802256674991 5000.0 0.802256674991
-45.7247927671 41.0444646918 0.879762159117 7400.0 0.879762159117
-512.688394275 43.4324500435 0.961041872882 600.0 0.961041872882
-3070.77285081 -13.517344526 0.806515448902 5000.0 0.806515448902
1795.77287611 86.2358170277 0.970681005328 1600.0 0.970681005328
-3609.86431959 16.9888882046 0.867510675512 5000.0 0.867510675512
2729.68352967 -60.0768413856 0.881097201618 6400.0 0.881097201618
2407.47683665 1.55248487738 0.807401658858 4800.0 0.807401658858
7003.13465715 18.9067593379 0.918815699959 5000.0 0.918815699959
-448.158294122 -33.5304099755 0.883548266983 5200.0 0.883548266983
-484.121624131 33.8065961438 0.943669503448 4800.0 0.943669503448
-3449.44776194 -64.4340936174 0.966906020759 5000.0 0.966906020759
-217.111759102 -28.8557868595 0.907828576831 5000.0 0.907828576831
1066.11255875 -54.3948155971 0.991130056069 6000.0 0.991130056069
6030.07250551 -67.7788484887 0.95355008901 5400.0 0.95355008901
-5016.39065491 9.64542765944 0.965475336549 5000.0 0.965475336549
-3149.27205546 10.318643925 0.883145714235 5000.0 0.883145714235
735.971800101 -39.8633677908 0.877643866355 6600.0 0.877643866355
-4533.90701489 64.5433204783 0.971958364191 5000.0 0.971958364191
-6545.57439113 56.0062108921 0.987183451486 7200.0 0.987183451486
-1059.99318126 -82.589336986 0.934843964654 5000.0 0.934843964654
-541.998920952 -20.801077344 0.866768821794 5000.0 0.866768821794
-2584.0814059 15.4017896058 0.825009004834 5200.0 0.825009004834
-429.207332154 -56.1460750949 0.880631602512 5000.0 0.880631602512
-5223.59832892 2.82723567552 0.914329474865 5000.0 0.914329474865
-1560.80519265 -76.8028304533 0.986322707348 5000.0 0.986322707348
6664.40937808 50.1231079759 0.970652669564 5200.0 0.970652669564
2693.9786207 54.1705543429 0.939713043588 4800.0 0.939713043588
-3476.50494527 -23.5807099768 0.850420849017 5000.0 0.850420849017
6218.43282922 -47.4815669721 0.905243678043 5000.0 0.905243678043
-1724.02915296 -29.8382467404 0.834435611221 5000.0 0.834435611221
-1949.9414933 14.9731132402 0.822790725434 5000.0 0.822790725434
-4656.06945539 -57.0444884784 0.923106528834 7400.0 0.923106528834
1164.86442892 64.9479390089 0.96739048592 1400.0 0.96739048592
6136.97260942 -55.0977576988 0.984437725379 5800.0 0.984437725379
-7035.67842709 -58.0020533552 0.989820393126 5200.0 0.989820393126
-4163.96242482 16.9697663885 0.90804546509 5000.0 0.90804546509
6656.26298017 -22.6273445069 0.990030212067 5000.0 0.990030212067
4031.48249381 45.8981975268 0.98871441605 2400.0 0.98871441605
-4032.17424581 77.6872043166 0.976211843273 1400.0 0.976211843273
1677.28574577 13.504967398 0.871133998918 6400.0 0.871133998918
4419.19128176 24.5605124695 0.866365566271 5000.0 0.866365566271
2172.58781442 47.4337092846 0.900151923882 5800.0 0.900151923882
-900.329092445 3.25576215653 0.82596418815 5200.0 0.82596418815
7539.26386773 -13.4254906207 0.974496986349 5800.0 0.974496986349
-529.728770384 22.4906500395 0.865371400863 5000.0 0.865371400863
-6834.00863567 -69.7496507174 0.989942551972 5200.0 0.989942551972
-6159.63102408 -54.4776493065 0.999243685743 4800.0 0.999243685743
1251.01000188 -5.42640387632 0.868143549281 5800.0 0.868143549281
-8483.65334314 -1.18724185913 0.986698304307 5800.0 0.986698304307
2599.96815373 27.3022245213 0.868471948128 5000.0 0.868471948128
-4838.8095418 -36.6750113783 0.889738222117 5000.0 0.889738222117
4522.66010588 4.39966074154 0.833130482277 5000.0 0.833130482277
45.6094606346 -45.6762036664 0.912198029142 4800.0 0.912198029142
2941.62029766 66.537240642 0.911548869487 7000.0 0.911548869487
5948.41716038 -80.836180804 0.993843074961 6600.0 0.993843074961
4728.4722321 31.5940509482 0.966479029008 7800.0 0.966479029008
-3838.27873755 -49.2953952825 0.863237744458 5000.0 0.863237744458
4725.16341646 20.827409158 0.891364292946 6000.0 0.891364292946
1295.35719268 -30.9306468246 0.951760464532 5600.0 0.951760464532
4891.6163395 -30.5875690211 0.91451014177 5600.0 0.91451014177
2844.38557402 -21.1369430229 0.841308680706 5600.0 0.841308680706
-6620.63967779 48.8131563647 0.992203982718 5800.0 0.992203982718
3813.79387521 -55.9219527262 0.987799016427 5800.0 0.987799016427
-5668.60955288 -34.1712675858 0.888597837251 5200.0 0.888597837251
-7074.90790876 22.2192127415 0.978706844133 6000.0 0.978706844133
-1033.57507341 -18.7619654228 0.841875915614 5000.0 0.841875915614
-3347.61205347 -19.3982479888 0.852799471665 5000.0 0.852799471665
-5053.94757662 80.8238080252 0.986379309733 6000.0 0.986379309733
-4635.13422233 1.35285094083 0.906291258293 4800.0 0.906291258293
6608.67320054 -37.2872243234 0.991350076547 1200.0 0.991350076547
2511.26877069 -30.5359452424 0.930016665977 5600.0 0.930016665977
6287.28275314 24.0739677196 0.992905714948 5800.0 0.992905714948
4658.00695932 -39.0973532687 0.896339376912 5800.0 0.896339376912
1834.25827082 -4.43191972007 0.85793029945 6200.0 0.85793029945
-6560.35921747 8.20767126871 0.95427810827 5600.0 0.95427810827
1542.69044455 -23.9073325766 0.908191488203 4400.0 0.908191488203
-5630.91043469 79.5828828851 0.991623851857 5200.0 0.991623851857
-636.128772373 9.87248478862 0.885593889308 5200.0 0.885593889308
-1728.69336712 18.119577565 0.80859545707 5200.0 0.80859545707
-571.266490941 47.688063863 0.922742222457 5000.0 0.922742222457
-606.187425329 72.9884739944 0.984935377392 7800.0 0.984935377392
6150.87995411 64.9275265071 0.984717993283 7800.0 0.984717993283
-3151.37620021 -82.51709755 0.973541145818 4400.0 0.973541145818
-570.111823125 -65.5073291527 0.988601907723 7400.0 0.988601907723
3248.69401675 65.1533140847 0.957381630034 5000.0 0.957381630034
7537.25897441 33.7533662504 0.972608477771 4800.0 0.972608477771
3498.01478908 -24.4503193786 0.882806266946 4600.0 0.882806266946
-456.451742902 4.41207173366 0.902249867375 5200.0 0.902249867375
142.538364295 19.7518655132 0.840605826893 7400.0 0.840605826893
4823.17943425 -65.4752720709 0.971813531216 4400.0 0.971813531216
5308.11214043 -9.11858903469 0.947605870352 7600.0 0.947605870352
7170.75621116 66.36047174 0.991288799868 7600.0 0.991288799868
-2650.9621656 -19.7779592095 0.783571605838 4800.0 0.783571605838
-3688.53085411 -49.8155643573 0.856392831514 5000.0 0.856392831514
-5320.05503357 -49.5270694988 0.996330884377 5400.0 0.996330884377
-4981.97561271 83.2812089461 0.993970745212 7800.0 0.993970745212
4208.42163319 -4.71624245498 0.851546830492 5800.0 0.851546830492
-1107.45484991 33.5097650057 0.921123787399 5000.0 0.921123787399
-9264.76330045 17.2026328145 0.994469518058 5600.0 0.994469518058
8924.67071761 76.4960414498 0.989266728483 4800.0 0.989266728483
1558.58587599 -62.8081667345 0.933868564803 6800.0 0.933868564803
2991.67160004 46.5896852314 0.914287383554 5000.0 0.914287383554
-6872.59828614 -0.875672365476 0.948139111301 5000.0 0.948139111301
-3216.08984809 48.7431519516 0.993347653268 5200.0 0.993347653268
5815.03583043 83.0605274282 0.982746102309 5400.0 0.982746102309
-2294.95965954 42.5237524765 0.953207340607 5000.0 0.953207340607
953.716637144 -59.6051852213 0.989420770551 600.0 0.989420770551
2219.05858985 43.8298544774 0.946198829959 3800.0 0.946198829959
3191.6640041 -25.77028848 0.852916700412 5000.0 0.852916700412
6797.04719229 -40.9387081564 0.90717602632 5800.0 0.90717602632
1234.09535293 84.9083027715 0.975056215932 600.0 0.975056215932
379.175285959 -24.2971726966 0.886513816456 5000.0 0.886513816456
5808.5947333 15.5792812221 0.89945091822 7400.0 0.89945091822
1586.06693953 20.902391809 0.890304862531 4600.0 0.890304862531
284.77835959 -45.2812847867 0.868708022948 7600.0 0.868708022948
3884.69883601 0.615649003634 0.896113238786 7200.0 0.896113238786
-2664.1065907 44.34457698 0.985851507531 4400.0 0.985851507531
5712.32105669 -21.3740929137 0.958849055036 5600.0 0.958849055036
8017.74036284 -82.7352037566 0.99472204261 4800.0 0.99472204261
2479.15948391 47.7481788712 0.887923791811 5400.0 0.887923791811
-7285.24214547 -2.34532126311 0.955678867813 5000.0 0.955678867813
5390.5070505 -13.8908004568 0.912770733727 5800.0 0.912770733727
-6840.52592109 49.6127144635 0.994094951438 5800.0 0.994094951438
5488.94050348 -18.5064418227 0.910792376471 7800.0 0.910792376471
1284.42032635 -31.2957654558 0.816814238739 5200.0 0.816814238739
1537.19459654 84.1121205345 0.967900878473 5000.0 0.967900878473
-4171.66375088 -65.4725281739 0.987947184632 6200.0 0.987947184632
-961.472566714 5.93489519297 0.887313422942 5000.0 0.887313422942
6121.31594792 -54.0944039185 0.986853086727 5600.0 0.986853086727
-3942.24337181 46.6530292343 0.916061956591 5000.0 0.916061956591
-1089.49910549 -33.551233236 0.801316064115 4800.0 0.801316064115
6790.21689615 -33.9560758627 0.984165357939 2800.0 0.984165357939
-4277.69115731 56.7147433074 0.948542688665 5800.0 0.948542688665
4122.33360512 -62.5019830941 0.994523464511 800.0 0.994523464511
3983.08352186 86.068518127 0.947450787111 600.0 0.947450787111
-5618.22103974 -70.0736299646 0.988144206718 5600.0 0.988144206718
-6461.58221088 41.7993303788 0.998891092814 5000.0 0.998891092814
4060.68500528 -89.9433710236 0.944626364259 6800.0 0.944626364259
2306.65444565 -63.0106691686 0.963362504779 1400.0 0.963362504779
-6382.95992462 -7.58114481339 0.958086405241 5800.0 0.958086405241
833.353965495 20.9230719228 0.874878114379 6200.0 0.874878114379
310.372724701 53.5343850562 0.934237785451 800.0 0.934237785451
-2940.81971986 43.1163297449 0.885145445297 5000.0 0.885145445297
-6569.2491339 9.12988548047 0.948985841559 5200.0 0.948985841559
3720.1687964 66.1341910044 0.964237289784 5000.0 0.964237289784
-7011.77590554 11.4873430766 0.961774391348 6000.0 0.961774391348
-5108.09707685 -30.4458062165 0.961322042085 4800.0 0.961322042085
-3930.6731557 56.2966938469 0.982718611913 6000.0 0.982718611913
2396.70935924 25.1307939301 0.845634541869 5800.0 0.845634541869
6631.34120772 -78.3078318117 0.991913065935 6000.0 0.991913065935
-913.677292063 68.4127906099 0.97895681633 4800.0 0.97895681633
-8112.21011601 -3.38356864465 0.958304257354 4800.0 0.958304257354
-3536.5099881 -49.1183114593 0.97347374981 5600.0 0.97347374981
7602.63082324 10.3919241944 0.958617614318 5600.0 0.958617614318
-2703.52123748 29.9801831733 0.862637112553 5000.0 0.862637112553
-3633.64035448 3.1564586542 0.935699801936 5000.0 0.935699801936
-268.7332478 -12.779701633 0.883146253888 5200.0 0.883146253888
1994.98423401 0.899939496017 0.83921823799 4800.0 0.83921823799
6366.03280765 30.2850963028 0.981532598523 600.0 0.981532598523
-203.058194362 14.9925205516 0.888025192639 5200.0 0.888025192639
3806.00143911 -57.0716971506 0.90763995003 5400.0 0.90763995003
5248.66323784 -36.2371197266 0.981437042779 7600.0 0.981437042779
4700.92136274 -81.4364302395 0.924628724373 7800.0 0.924628724373
4639.62589182 -20.0131705378 0.904708355186 5800.0 0.904708355186
-2630.52319068 -52.575717559 0.91925548567 5000.0 0.91925548567
5762.7138331 -42.0786406807 0.96310423381 5000.0 0.96310423381
-5197.11135015 28.3930906264 0.957624676666 6000.0 0.957624676666
-883.238051915 -58.5047547426 0.841462540116 5000.0 0.841462540116
-698.651611657 11.0737247378 0.83944644558 5000.0 0.83944644558
1297.01650195 -85.6887155902 0.973984816081 600.0 0.973984816081
-507.948474582 -60.5312364891 0.932028283919 4800.0 0.932028283919
-4681.12211862 -19.8313323681 0.784188913704 5000.0 0.784188913704
1279.98796405 -36.0185676745 0.853406192406 7200.0 0.853406192406
-5173.02238499 -18.6454716267 0.817701147589 5000.0 0.817701147589
-2769.57169972 24.2244890269 0.827796112713 5000.0 0.827796112713
-561.530907009 -72.6071298077 0.978895867064 600.0 0.978895867064
-1130.17181302 -19.0557506202 0.84163804995 4800.0 0.84163804995
-3891.90896956 -84.5677011717 0.986711775196 7000.0 0.986711775196
-1158.42982287 48.6952509038 0.968984062862 3400.0 0.968984062862
-511.594424293 -9.91515237434 0.871126042891 4800.0 0.871126042891
6782.61195241 9.21252230307 0.927718810695 5000.0 0.927718810695
-1967.08445453 44.5855896347 0.924025537876 5000.0 0.924025537876
623.565394352 -46.8537726539 0.884349245904 7800.0 0.884349245904
3701.82868506 -25.229727541 0.918726392814 5800.0 0.918726392814
4622.51847488 57.5503966658 0.977999317481 1000.0 0.977999317481
-3772.89315055 -43.6364205759 0.861451296366 4800.0 0.861451296366
-3827.46640738 37.6503997956 0.918363757587 5000.0 0.918363757587
-7649.04512339 -25.263933203 0.99249251368 5200.0 0.99249251368
105.861660962 17.3785864896 0.818297893578 7800.0 0.818297893578
3190.30704625 -75.2044600279 0.941930288408 7200.0 0.941930288408
-1658.39290353 -75.7071003927 0.986484857761 4600.0 0.986484857761
-5014.41271168 51.6944671204 0.97298492669 7200.0 0.97298492669
1078.08248823 43.3199445651 0.839691748049 7200.0 0.839691748049
5687.46296629 5.88565182352 0.961400953849 5400.0 0.961400953849
-3014.32374323 23.5285857063 0.849514239003 5000.0 0.849514239003
-797.854706521 4.41116173601 0.85200078587 5000.0 0.85200078587
-5175.09870285 21.0747708132 0.9415140016 6000.0 0.9415140016
-2389.44475015 76.196841393 0.935922632964 4800.0 0.935922632964
-2125.55414527 -1.36735641241 0.778727983782 5000.0 0.778727983782
-2136.24251733 -2.4332547177 0.812687911714 4800.0 0.812687911714
4082.02489559 60.318843363 0.894026310687 7800.0 0.894026310687
6663.51149798 -14.1153176335 0.965986385696 5000.0 0.965986385696
-4852.7438464 9.24905227484 0.955087400751 7400.0 0.955087400751
7905.0203027 -21.5367008812 0.947271311375 5000.0 0.947271311375
49.5238027057 -52.0404101391 0.900038023546 4800.0 0.900038023546
5651.24353131 63.3667159533 0.974701291336 5000.0 0.974701291336
-38.1696221672 40.5144245033 0.93142430372 4800.0 0.93142430372
4062.4322387 -71.1393798114 0.953324491602 5200.0 0.953324491602
-6400.20151646 -70.6743325755 0.997195790647 7800.0 0.997195790647
-6699.59528231 48.190301263 0.996626747122 6400.0 0.996626747122
6006.83155787 -51.22217191 0.985959162517 5600.0 0.985959162517
-8386.73825522 30.4652440537 0.988174158573 6000.0 0.988174158573
-5156.65460007 73.1238371694 0.99371048889 6000.0 0.99371048889
-4412.76899924 13.880794376 0.913323809094 5000.0 0.913323809094
1175.84886725 20.3088257361 0.869639651522 7400.0 0.869639651522
-6840.3036618 34.3469542961 0.98679745175 5200.0 0.98679745175
6159.44893257 -22.2273311515 0.948350473283 6000.0 0.948350473283
1427.19798849 -75.6674407786 0.877996770341 4800.0 0.877996770341
-4069.8798935 -44.1881833749 0.97633954716 7600.0 0.97633954716
-3780.16375518 -69.4262194258 0.951215277591 5200.0 0.951215277591
5468.51028191 36.3303165876 0.959071955234 5800.0 0.959071955234
-7305.32542114 -13.2464883779 0.956821967134 5200.0 0.956821967134
-1536.63052506 -39.5910048212 0.821902365906 5000.0 0.821902365906
-1542.72403034 6.08485407291 0.812633335797 5000.0 0.812633335797
5758.32749802 5.51536968215 0.904421433763 5800.0 0.904421433763
1381.91747281 -9.08041564929 0.858308288675 5400.0 0.858308288675
4874.20250541 55.4304023365 0.970068148584 7800.0 0.970068148584
-4980.61560836 35.4531004314 0.878631434502 4800.0 0.878631434502
2740.82095992 8.02532576796 0.864411156259 4800.0 0.864411156259
6253.27136686 -20.9695590759 0.908864180037 5600.0 0.908864180037
-2847.08245338 -6.53980887476 0.794078174246 5000.0 0.794078174246
2454.53331859 -73.0563859222 0.904629250286 6400.0 0.904629250286
-6187.86659364 -50.9937931359 0.978802620303 5000.0 0.978802620303
1022.63465387 29.9172170031 0.873370601055 5000.0 0.873370601055
2507.34529132 -27.4832442608 0.916626846323 4800.0 0.916626846323
-3110.57493823 50.5680629165 0.894275592474 5000.0 0.894275592474
-6578.61774213 87.3426023122 0.9920820319 5600.0 0.9920820319
2949.68577511 16.0279398112 0.915272876705 5200.0 0.915272876705
5021.23857406 52.457562689 0.981164169042 7200.0 0.981164169042
-5370.99294905 14.367857985 0.917924111133 5000.0 0.917924111133
871.740734401 -24.276867234 0.869976495539 4800.0 0.869976495539
3656.71281568 -1.89920809636 0.888827725141 6000.0 0.888827725141
4817.00018308 15.8217619377 0.927400131275 7400.0 0.927400131275
-3175.79057759 -43.0030273647 0.891357930728 5000.0 0.891357930728
-5928.41027633 82.0492501927 0.983652245412 5400.0 0.983652245412
5189.06334708 58.2029811334 0.945113007044 7800.0 0.945113007044
-6993.59227653 4.14302025458 0.950697965712 5000.0 0.950697965712
-3220.04328465 -30.3599254425 0.882497351082 4800.0 0.882497351082
2199.61297411 1.47725080966 0.867679104659 4800.0 0.867679104659
-4070.01598185 -26.5933820541 0.893971301727 5000.0 0.893971301727
2110.4980112 -37.3736936659 0.887165420958 5000.0 0.887165420958
-6389.69968403 30.8206937701 0.986646823776 5000.0 0.986646823776
-3486.78183335 19.0653355235 0.884869529717 4800.0 0.884869529717
333.762901801 -15.7136799167 0.892350301564 7000.0 0.892350301564
-8121.50677859 13.897656269 0.977807154334 5800.0 0.977807154334
-2187.9026498 -14.0677942837 0.849893470189 5200.0 0.849893470189
7141.86698108 -32.0329923609 0.98083405967 5400.0 0.98083405967
5165.81667844 59.4170942564 0.904606069589 5000.0 0.904606069589
4302.95232662 55.6616549411 0.987652386674 7600.0 0.987652386674
7035.57190586 -38.2688968794 0.976801601852 4600.0 0.976801601852
1343.62016801 -61.8243566188 0.945164978164 4600.0 0.945164978164
-2553.2223804 58.5160488559 0.966128862621 4800.0 0.966128862621
4596.26721794 -36.4012341826 0.896588469565 5000.0 0.896588469565
4399.08417325 7.20225345423 0.889312053164 5800.0 0.889312053164
3514.50430474 88.841441929 0.968854842297 4800.0 0.968854842297
-1815.83826696 60.2906392439 0.912004376388 5000.0 0.912004376388
2019.14212387 -17.3487943841 0.888157107559 4800.0 0.888157107559
-726.37325442 24.4674018126 0.880786435915 5000.0 0.880786435915
6061.46587693 -17.3047225331 0.990317886181 5000.0 0.990317886181
-3306.11963554 -50.627240958 0.863905970391 4800.0 0.863905970391
-2555.38665634 -71.4585337962 0.948265160578 5000.0 0.948265160578
-4450.45453854 -24.1778769692 0.904054985146 5000.0 0.904054985146
-2953.30313481 -77.2479874676 0.961657046903 6400.0 0.961657046903
-4679.66920768 11.3256251751 0.789780200686 5000.0 0.789780200686
-5859.98782943 -36.7658732126 0.985195860143 5000.0 0.985195860143
4653.92998993 -16.3469077644 0.900020048052 5800.0 0.900020048052
-6934.0714296 88.8903161149 0.959920641488 5200.0 0.959920641488
-177.290277831 -45.2607028054 0.965477905633 600.0 0.965477905633
3164.61385426 35.250534474 0.958118157983 600.0 0.958118157983
-3909.04377585 -26.9740666862 0.898270468645 5000.0 0.898270468645
3654.46246724 35.6012080797 0.962419035943 4600.0 0.962419035943
-6133.88408288 9.69752179694 0.954674967986 6000.0 0.954674967986
-747.094411065 -70.1863197453 0.986537593617 5000.0 0.986537593617
5737.61402009 39.7909091873 0.946205944377 6000.0 0.946205944377
-2209.37760528 75.1030722284 0.968639965151 5000.0 0.968639965151
5057.57661913 26.7625321296 0.886563683704 5000.0 0.886563683704
-3125.10475806 -9.27257625584 0.84983487619 4800.0 0.84983487619
-3340.75196354 16.5248471032 0.843212896626 5000.0 0.843212896626
-4849.38836572 53.7862898621 0.958654205155 7400.0 0.958654205155
-5553.85178274 27.7446266231 0.991640432171 5000.0 0.991640432171
2251.51612181 -45.4704556036 0.944638008452 5000.0 0.944638008452
-3986.4110231 11.40551983 0.907578412155 5000.0 0.907578412155
-504.725790789 23.0820997389 0.877471904864 5000.0 0.877471904864
-7452.77531203 -33.3269364733 0.960339407841 5600.0 0.960339407841
-443.803250808 -22.4098625857 0.879342011009 5000.0 0.879342011009
3415.40607929 6.15862414642 0.876253173019 4600.0 0.876253173019
-7532.12860474 3.26131480641 0.963436055956 5000.0 0.963436055956
45.0752747332 -70.4526128074 0.930472506378 4800.0 0.930472506378
886.659460676 -17.3560857089 0.895568859954 5600.0 0.895568859954
-4702.95482557 -18.5065152932 0.92569607174 5000.0 0.92569607174
4042.49238212 25.5167972879 0.963621901597 5000.0 0.963621901597
-5351.414991 -15.7873215189 0.892969572588 5000.0 0.892969572588
4080.74371066 -41.3352664235 0.889497266635 5000.0 0.889497266635
-4282.16812667 -6.59247957153 0.909172122522 5200.0 0.909172122522
-5409.80460083 56.065105959 0.991062698936 5800.0 0.991062698936
-5451.65104211 -38.1862879118 0.944558295096 5200.0 0.944558295096
-5255.91461616 -42.4770919566 0.999190895896 7400.0 0.999190895896
4842.84202512 59.0110043833 0.939206592022 4800.0 0.939206592022
-6622.78951458 -1.4869607622 0.953205025456 5600.0 0.953205025456
5827.85330122 13.2134511279 0.96453860881 3800.0 0.96453860881
-1852.56992663 -26.3208974443 0.881214843481 4800.0 0.881214843481
6461.03143484 -18.7091442425 0.974455631949 1400.0 0.974455631949
7327.67571562 -1.37932580759 0.988997965656 7200.0 0.988997965656
6714.39410432 34.3811219702 0.996250147614 1200.0 0.996250147614
11.2502544702 -44.8110481736 0.960909840182 600.0 0.960909840182
-5919.16562115 -50.8903647101 0.930975838933 5000.0 0.930975838933
4285.78310832 -50.9952328604 0.959855425492 6000.0 0.959855425492
-1148.71355863 16.6320759985 0.844293906788 4800.0 0.844293906788
4720.47487131 -20.3096725239 0.950001950189 4800.0 0.950001950189
905.192402132 -1.19068046401 0.847109779181 6400.0 0.847109779181
3610.3763747 -68.7112554065 0.897670012439 7800.0 0.897670012439
4940.18606361 -28.4976033647 0.892299203406 6000.0 0.892299203406
-3341.94974319 29.4396149666 0.937618951291 7600.0 0.937618951291
-2971.891048 83.5718951861 0.939890424922 5000.0 0.939890424922
-6656.27403238 26.4625306853 0.979077763433 5800.0 0.979077763433
8102.05325574 83.9810423282 0.991030621145 7000.0 0.991030621145
-5380.43326612 87.0536666295 0.991135423305 5200.0 0.991135423305
3123.92936208 29.7596457495 0.882944234722 4800.0 0.882944234722
1544.435156 39.1713396163 0.920655615467 7600.0 0.920655615467
-4452.78009434 -51.5012846342 0.947550052396 5800.0 0.947550052396
-78.8820299503 -38.8357210448 0.849166932198 5000.0 0.849166932198
-4712.08925097 -30.1969024729 0.916642476367 5000.0 0.916642476367
3532.87377639 -11.4853239868 0.889390169394 5400.0 0.889390169394
1834.96892439 68.8578379069 0.871603794706 6600.0 0.871603794706
-1401.3212604 41.4934588021 0.862805043822 5000.0 0.862805043822
-7184.9200921 71.1866293525 0.999060955463 7200.0 0.999060955463
4828.0980594 -31.9194347463 0.853180258545 5200.0 0.853180258545
-4535.42722165 52.575445662 0.985432386506 6000.0 0.985432386506
6252.46909063 21.9280096432 0.924129104869 5000.0 0.924129104869
3110.28741579 -32.6868006846 0.876722080419 5600.0 0.876722080419
-2706.57077289 36.4164274127 0.924425907562 4800.0 0.924425907562
-3093.10968778 -15.1470041222 0.857950996431 5200.0 0.857950996431
447.328226618 31.1034755236 0.875069222838 6400.0 0.875069222838
-3445.24809478 57.0775567325 0.959912400736 5000.0 0.959912400736
874.92403053 29.714456315 0.854307608526 6000.0 0.854307608526
-6227.52377243 31.5563673958 0.986932715314 5600.0 0.986932715314
-3802.54948121 -55.4615977905 0.960167514149 7600.0 0.960167514149
-3289.2041218 -40.4952263732 0.98058413473 4400.0 0.98058413473
-2818.4634792 -20.1128574922 0.826883440385 5000.0 0.826883440385
5841.45692488 64.9891896376 0.957479707645 5800.0 0.957479707645
1213.44287558 49.1884355206 0.913039601985 4400.0 0.913039601985
-5743.08398969 -8.30739371919 0.895214356506 5000.0 0.895214356506
1147.17942201 -20.2150916499 0.851181207991 6600.0 0.851181207991
-3329.73791962 61.5745772967 0.979674105756 7000.0 0.979674105756
-4773.95690239 8.88946054261 0.925164425946 4800.0 0.925164425946
-6389.60960793 31.5326139915 0.95837527073 5000.0 0.95837527073
8351.04254423 18.3134996023 0.967993693596 5600.0 0.967993693596
86.904374791 63.6512617164 0.985434567544 7200.0 0.985434567544
7047.34284381 80.0430854143 0.990752850519 4800.0 0.990752850519
363.508640742 -4.69380073716 0.846775694355 6000.0 0.846775694355
-1022.04863665 25.2380183415 0.846773171578 5000.0 0.846773171578
-190.411242924 -65.8672157032 0.954289385911 5000.0 0.954289385911
3323.91646746 10.2573899632 0.837136853671 5000.0 0.837136853671
-4747.69089838 -83.721112502 0.987525253658 7800.0 0.987525253658
1526.00875007 14.4345910126 0.853227713586 5200.0 0.853227713586
-4033.33445892 17.9189505926 0.858004785704 5000.0 0.858004785704
-3912.51599406 -13.870645141 0.844900839927 5000.0 0.844900839927
-4115.96548944 10.8132442386 0.927475937337 4800.0 0.927475937337
-2283.80216242 -33.4397837856 0.786824525942 5000.0 0.786824525942
-6334.47635829 -33.5965820832 0.960424116508 5000.0 0.960424116508
-5694.15140829 -11.6918817711 0.940058487626 5400.0 0.940058487626
5798.05622683 32.669094812 0.968349051476 4600.0 0.968349051476
-4001.23629235 -71.0594522731 0.938263472439 7400.0 0.938263472439
2142.11864399 84.9137362434 0.978376058429 600.0 0.978376058429
762.035510837 11.5922039461 0.847189603353 5000.0 0.847189603353
-1527.11327585 84.8849313033 0.933534144372 7800.0 0.933534144372
-4101.70711772 -52.0768699247 0.920905731586 5200.0 0.920905731586
603.980068012 71.5347242784 0.990492772183 600.0 0.990492772183
-6261.09054708 -47.8778391324 0.985785512865 5000.0 0.985785512865
1107.45549552 59.4184193485 0.98619652045 4400.0 0.98619652045
4871.37638796 -53.4823967155 0.926017958988 7200.0 0.926017958988
-1425.70420093 -45.2239568127 0.809921877791 5000.0 0.809921877791
-2145.98268066 -13.5879719399 0.852586618279 4800.0 0.852586618279
1406.94042354 -18.2025863117 0.857823834714 7200.0 0.857823834714
-4014.35930811 -9.36215974002 0.890306117845 5200.0 0.890306117845
6374.04019601 -67.1499982708 0.996949035792 5800.0 0.996949035792
-5371.3130734 -52.9506607379 0.966028621667 5000.0 0.966028621667
2732.29196109 -44.8635556104 0.875957988194 7600.0 0.875957988194
-700.054444419 -87.2925669338 0.98202422134 4800.0 0.98202422134
-2631.51826765 -1.08405110562 0.822025326438 5000.0 0.822025326438
-2334.00699715 -53.4967820352 0.879980329688 5000.0 0.879980329688
-2650.50176128 20.9436834425 0.812672162763 5000.0 0.812672162763
4821.89183865 54.8350069951 0.914903780211 5000.0 0.914903780211
2817.74890312 44.8258563925 0.93941165186 7800.0 0.93941165186
-523.387706374 44.5562015079 0.967235891298 4800.0 0.967235891298
5777.52142986 21.6026451506 0.96496519328 4800.0 0.96496519328
-8066.30542045 46.1757603634 0.995539201448 5600.0 0.995539201448
-1286.00561439 -46.7870728636 0.856869435619 5000.0 0.856869435619
7105.11495602 -10.9810654049 0.976979648413 6600.0 0.976979648413
-4137.48479184 -33.9020615383 0.934826322364 5200.0 0.934826322364
-279.893291965 -65.7345617163 0.87704265186 5200.0 0.87704265186
6131.35294759 65.5949245421 0.998597701662 5000.0 0.998597701662
1504.3601851 -10.5161349633 0.877587731817 4600.0 0.877587731817
3312.9724031 -88.9070107782 0.966787286133 6000.0 0.966787286133
1521.50043088 -54.1144516187 0.992459246647 5200.0 0.992459246647
7301.24952143 38.5370527809 0.993328586865 7000.0 0.993328586865
7141.83691118 -50.3347784767 0.985951870296 7800.0 0.985951870296
2967.57403115 -68.0997936747 0.914525550433 6400.0 0.914525550433
5715.924758 46.9566887453 0.941431945082 6600.0 0.941431945082
-14.6324567506 73.4016797942 0.937625066952 1400.0 0.937625066952
8705.10532148 58.6512039113 0.998075025461 5000.0 0.998075025461
-3859.93385108 -28.9719615218 0.943502603884 5200.0 0.943502603884
-7828.15582897 10.7983540432 0.982360979378 5200.0 0.982360979378
-3990.91793545 -86.6859470574 0.989345151385 7800.0 0.989345151385
1293.98564775 -7.69336436232 0.835339193162 7000.0 0.835339193162
-2862.62113299 38.6268709853 0.926153196343 5200.0 0.926153196343
-5949.1662888 -13.9186103527 0.939843016418 5200.0 0.939843016418
-771.043640156 -38.6430393943 0.888679548954 5000.0 0.888679548954
-6124.9184722 -33.9742432472 0.966783112054 5000.0 0.966783112054
-6187.35137234 -14.7173165033 0.906407777497 5000.0 0.906407777497
3922.92589928 23.2361667565 0.877718680424 4800.0 0.877718680424
3031.37084332 0.982333918724 0.867157271504 6600.0 0.867157271504
170.901895731 -7.929776275 0.878794251524 7400.0 0.878794251524
5526.81587531 60.6941006332 0.996191881614 6000.0 0.996191881614
3301.51091881 41.55966304 0.894404929077 5000.0 0.894404929077
1416.47319344 88.0073296346 0.977196000814 600.0 0.977196000814
865.489600673 14.7558157427 0.852382152539 5000.0 0.852382152539
-5258.90733797 -18.6013762159 0.880468299552 4800.0 0.880468299552
-6917.35339154 1.35538311833 0.959190232218 5800.0 0.959190232218
661.821773223 19.3388728388 0.871766203617 6400.0 0.871766203617
-2389.36806499 41.9555453989 0.872370438189 5000.0 0.872370438189
6405.98039467 -41.1686473927 0.997531491832 7600.0 0.997531491832
1253.52412864 -2.83380564756 0.827936058195 5600.0 0.827936058195
5759.94056521 -34.5666314532 0.996624567419 7000.0 0.996624567419
-2083.95184842 -45.3181181239 0.893198293976 5000.0 0.893198293976
3583.51599458 -50.4651140758 0.894858195045 6000.0 0.894858195045
-2925.52362649 46.0529243678 0.951557640542 4800.0 0.951557640542
-4372.89899573 -76.80398787 0.969934132366 5200.0 0.969934132366
5636.9137839 -16.1750616821 0.967965466017 7000.0 0.967965466017
207.41050524 -36.9333598658 0.886025739935 5000.0 0.886025739935
7310.81108766 7.61710189531 0.965921040931 5400.0 0.965921040931
-8013.46013706 30.2687712943 0.999362764133 5000.0 0.999362764133
6494.79655179 -31.8325776738 0.930553537774 7000.0 0.930553537774
-4714.58927754 55.9966474677 0.981380792784 7800.0 0.981380792784
-5983.92765208 -59.0212796282 0.952502271348 5000.0 0.952502271348
4820.70833083 27.9695801575 0.955642426388 6000.0 0.955642426388
-2648.89153998 67.4640120121 0.973176901675 6200.0 0.973176901675
2420.73736338 51.4338918821 0.949594217422 600.0 0.949594217422
1694.93424551 52.6305173016 0.962277251757 6000.0 0.962277251757
-6333.41069213 -43.9047419657 0.994746359568 5800.0 0.994746359568
-1560.9907056 -38.6277828845 0.887597954402 5000.0 0.887597954402
4373.18357577 28.0273141318 0.832235149546 5200.0 0.832235149546
-4329.18732435 -62.1270977064 0.985382428419 4400.0 0.985382428419
-4605.0203824 -6.02276673871 0.946913993726 7600.0 0.946913993726
-5415.58347878 29.3561450501 0.928325132222 5600.0 0.928325132222
922.934114033 15.7314482797 0.837855509061 5000.0 0.837855509061
-6424.91059013 -22.1679882784 0.965488672958 5000.0 0.965488672958
-7628.25500069 44.9170725235 0.973168946668 6000.0 0.973168946668
5332.37238441 25.4959035197 0.984031087976 5600.0 0.984031087976
-4782.8240295 -31.9124133645 0.942299250956 5000.0 0.942299250956
1996.75353067 -31.8284707056 0.93661264302 4800.0 0.93661264302
-1523.4496356 48.6567582141 0.928182253075 5200.0 0.928182253075
-2905.74338695 79.8819984443 0.952505240833 5000.0 0.952505240833
-4706.0905926 70.869966443 0.983591737337 6800.0 0.983591737337
3878.62636187 -39.1492141693 0.860708047734 5400.0 0.860708047734
5852.6371825 -52.2927129775 0.895071727668 5000.0 0.895071727668
-3019.7020284 33.3287501946 0.860121543916 5000.0 0.860121543916
3507.75886111 -33.4738171149 0.901874615292 6000.0 0.901874615292
754.76125462 4.88588199362 0.883877224626 4800.0 0.883877224626
7481.19024104 74.3502043023 0.998410306782 5000.0 0.998410306782
-2237.40469317 -14.8574701346 0.763771184 4800.0 0.763771184
3943.7070916 10.5083325341 0.852946684041 5400.0 0.852946684041
26.5389983355 11.0424819892 0.906529557982 7400.0 0.906529557982
4121.65223972 -53.7391201148 0.974136380256 4600.0 0.974136380256
-5751.52170957 -26.1277260572 0.950643536516 6000.0 0.950643536516
6773.63559336 -49.9098892121 0.992098051549 3400.0 0.992098051549
6259.12165248 35.8525277219 0.911717073086 5000.0 0.911717073086
1158.03204514 -31.782253526 0.93794682613 5000.0 0.93794682613
-3414.92999237 68.7014922706 0.940225383761 5000.0 0.940225383761
4627.16230119 57.1165288578 0.912603464559 800.0 0.912603464559
612.653515203 -13.5166480057 0.813342643714 6000.0 0.813342643714
-6477.95917344 42.4166861401 0.90431218545 5000.0 0.90431218545
3770.54793885 -13.0089905914 0.901260661384 5200.0 0.901260661384
-4549.88777258 -27.3057110629 0.880625442104 5200.0 0.880625442104
-5469.43271812 26.4089670707 0.964985632342 5800.0 0.964985632342
-3161.46240185 27.6613493154 0.916743120295 5000.0 0.916743120295
-3830.28496036 20.898529672 0.838955117384 5000.0 0.838955117384
-6581.78736067 -29.2872841753 0.983673069476 5000.0 0.983673069476
5443.46341213 82.1020917616 0.993005924926 5200.0 0.993005924926
7184.71638605 38.3723637248 0.95535895771 3800.0 0.95535895771
3203.13058202 25.2243635218 0.917315804402 5000.0 0.917315804402
458.811432061 18.4087727667 0.874613514618 7200.0 0.874613514618
-7048.05777543 21.3221624075 0.963744865555 6000.0 0.963744865555
7593.92226083 -15.9547006835 0.975647414812 5200.0 0.975647414812
4737.92667352 33.5490407748 0.930987286284 7800.0 0.930987286284
5696.56760538 44.6676576285 0.998327523403 5800.0 0.998327523403
6331.76600159 -4.9158760809 0.959723629177 4600.0 0.959723629177
2287.81928411 -1.37422742709 0.845936236141 5000.0 0.845936236141
-2763.72059292 33.4947083789 0.838282976496 5000.0 0.838282976496
-4480.6738174 -16.5683995286 0.852059975741 5000.0 0.852059975741
2162.41746079 29.4268877608 0.887400145846 5200.0 0.887400145846
-3486.08293064 -45.7596684777 0.988621933797 5000.0 0.988621933797
4634.77782649 9.98770894474 0.903126215354 5400.0 0.903126215354
-2188.49808729 21.6863781925 0.822409339643 5000.0 0.822409339643
6650.71332605 -9.66877290285 0.989070772288 1800.0 0.989070772288
-4960.22400075 45.3800662844 0.988347237702 7200.0 0.988347237702
-4477.63892885 81.3252869782 0.970795749184 6000.0 0.970795749184
3177.48253129 -16.0523302173 0.86357598429 4800.0 0.86357598429
-3070.31241105 65.5000805427 0.984992494537 3200.0 0.984992494537
277.405969128 63.6548150676 0.90571564663 7400.0 0.90571564663
3907.73544283 8.76828746646 0.86593683292 7600.0 0.86593683292
5198.10304589 37.8586657912 0.971302667336 5000.0 0.971302667336
-2215.11105281 11.5181959343 0.779446022006 5000.0 0.779446022006
4280.19209088 2.85020011514 0.868456968876 5000.0 0.868456968876
-6231.56713973 -4.82070235994 0.947974549964 5800.0 0.947974549964
7154.30137006 12.5126129187 0.980234465543 4600.0 0.980234465543
-5629.4795997 -15.1668271774 0.957052869475 5800.0 0.957052869475
-2013.95896343 3.37912360228 0.788380271021 5000.0 0.788380271021
-7067.88050305 58.2964243335 0.994493336905 7800.0 0.994493336905
-2008.13362832 35.1926223843 0.907017822595 5000.0 0.907017822595
-3278.95498478 28.4441419797 0.900934207977 5000.0 0.900934207977
2601.87411453 61.6264275215 0.986623044905 7000.0 0.986623044905
-4671.2551008 78.7266001703 0.995737544458 7800.0 0.995737544458
-2511.37875626 4.4209134042 0.81131921116 5000.0 0.81131921116
1902.68656761 -35.9632686804 0.844050785308 5000.0 0.844050785308
1296.18623726 -44.3891505955 0.876764303836 5400.0 0.876764303836
4744.19006305 28.3607337691 0.967391987692 6000.0 0.967391987692
-6301.99874741 -74.6310966061 0.996313823406 6000.0 0.996313823406
-2315.0253601 10.0694179117 0.81415000324 5000.0 0.81415000324
-1145.06198534 -20.8554605043 0.820290948594 5000.0 0.820290948594
2474.37041857 67.5079707836 0.979717019923 800.0 0.979717019923
-3331.72227534 2.58832646434 0.831620211922 4800.0 0.831620211922
-2674.48735715 69.9574166857 0.905206246937 5000.0 0.905206246937
2498.44233969 -11.8975644165 0.878417283914 6400.0 0.878417283914
-2575.54407979 -59.3169345968 0.922715615178 5000.0 0.922715615178
-706.036451874 -4.84340253119 0.824680386026 4800.0 0.824680386026
-6395.39201911 64.9565201148 0.998417817384 2200.0 0.998417817384
-1735.90531572 -75.378054868 0.963886257632 5000.0 0.963886257632
-2204.08606387 5.2321426976 0.7743730627 5000.0 0.7743730627
1472.75780962 83.8025919758 0.957923371289 1400.0 0.957923371289
-4390.46003966 65.4855183106 0.976535582865 7800.0 0.976535582865
2300.92585599 50.9929895867 0.891106179143 5000.0 0.891106179143
2234.81662077 7.8890868829 0.824748699329 5200.0 0.824748699329
-5313.25327945 -2.9202619462 0.939953447951 5000.0 0.939953447951
-158.030290682 11.452736468 0.837008187659 5000.0 0.837008187659
2891.40071892 57.8099232556 0.881607522863 7000.0 0.881607522863
5208.69664634 55.7017104576 0.980678252387 6000.0 0.980678252387
1650.01340142 -12.2632136253 0.809670271728 5000.0 0.809670271728
-469.152683782 -7.00231703735 0.834185345261 7800.0 0.834185345261
-5048.92661509 32.2527707917 0.980632223508 6000.0 0.980632223508
5112.12584229 -42.9944960898 0.911806668132 5400.0 0.911806668132
926.074012463 -9.09520419196 0.843242745198 5000.0 0.843242745198
-1332.00955699 3.51827608859 0.794304350426 5000.0 0.794304350426
-1971.03661636 66.6216365654 0.987174723131 5400.0 0.987174723131
-2427.4797556 -24.5937850172 0.826387486569 5000.0 0.826387486569
-7062.87069676 -56.5857818875 0.999007067116 7400.0 0.999007067116
-7392.72929147 86.4205779322 0.995241015705 5600.0 0.995241015705
-934.219778423 -23.9917073991 0.824361907185 5000.0 0.824361907185
-1077.09059499 12.7872983191 0.851467737389 5000.0 0.851467737389
-1567.27496476 -72.2594854332 0.987580774334 6800.0 0.987580774334
-3623.15345205 -20.5126509841 0.902526458947 5000.0 0.902526458947
-5381.99419281 85.0230594139 0.970420869837 5600.0 0.970420869837
-5871.58642185 -43.0207195283 0.955110326231 6000.0 0.955110326231
-1421.73232749 -27.1482695228 0.884859049967 5000.0 0.884859049967
-1078.19884865 80.6738112112 0.970977218839 7800.0 0.970977218839
-3583.66265733 22.5295762785 0.912410281018 5000.0 0.912410281018
-570.963334809 -38.4831481448 0.881535090829 5200.0 0.881535090829
967.539589832 -33.3764431806 0.838045796771 7200.0 0.838045796771
4373.68851345 2.0817931359 0.895490469445 4600.0 0.895490469445
-4212.20813731 72.4667402072 0.96673645025 5000.0 0.96673645025
-309.678829608 81.3924918767 0.967442783833 1400.0 0.967442783833
5931.0109551 25.4096823821 0.902346223481 5200.0 0.902346223481
-5523.54460967 -1.29898023742 0.906947584783 4800.0 0.906947584783
-3496.39877113 -89.3125718651 0.98177270412 4800.0 0.98177270412
405.44230816 87.7706546774 0.960523075423 600.0 0.960523075423
5099.42272344 44.5603314988 0.922212494693 6200.0 0.922212494693
-1282.87862026 66.799460154 0.952017705599 5000.0 0.952017705599
1580.62863654 40.7874891729 0.889948138179 7800.0 0.889948138179
2806.93549738 84.3621468111 0.955450850717 1200.0 0.955450850717
-6578.13912134 60.3233125555 0.992849260341 5200.0 0.992849260341
5647.685096 15.1296478495 0.933791502554 4800.0 0.933791502554
3802.57052254 -35.1756096587 0.937694870033 5600.0 0.937694870033
3184.64409358 38.8021739399 0.983301956836 3600.0 0.983301956836
810.280990233 15.2351604218 0.846615291285 7800.0 0.846615291285
-1991.89028669 -55.6239003464 0.859331188134 5000.0 0.859331188134
2558.2253266 -31.0476319652 0.894321588464 7200.0 0.894321588464
1548.69958551 -64.0458114282 0.911683157105 5000.0 0.911683157105
-6334.85202354 -71.1130573998 0.997985367491 4800.0 0.997985367491
-1364.35482186 58.3094438504 0.947112869362 7400.0 0.947112869362
-7352.94873828 20.462079684 0.972006636901 5800.0 0.972006636901
-4012.91774619 -38.4175022016 0.864742733717 5000.0 0.864742733717
-4936.25797943 -12.712070441 0.942868209829 5000.0 0.942868209829
6015.92190047 -13.5937493008 0.918484826856 5200.0 0.918484826856
-5839.08774226 -62.8577841018 0.997046576714 4800.0 0.997046576714
7026.22289984 -47.8491726932 0.997016142577 6000.0 0.997016142577
-3966.67460698 68.7855682305 0.987975160712 6800.0 0.987975160712
-4452.10118774 76.0730541399 0.993189509611 4600.0 0.993189509611
4363.25475123 87.6556714695 0.992621649861 7800.0 0.992621649861
-2361.77129416 44.0206439436 0.922828129858 5000.0 0.922828129858
6093.77206575 -31.9981064111 0.989349325704 1000.0 0.989349325704
7312.93974208 69.090251932 0.997168902582 2800.0 0.997168902582
-6603.96839187 51.468768801 0.983337323261 5600.0 0.983337323261
7179.49851416 -38.0417082332 0.942457228532 5000.0 0.942457228532
5542.761533 35.5752707954 0.916105508324 4800.0 0.916105508324
1986.38794834 16.6401189712 0.888474038814 5200.0 0.888474038814
6344.98761576 19.4154339299 0.974570940827 5800.0 0.974570940827
7180.29037534 -33.1470861657 0.991864217337 1400.0 0.991864217337
-6237.06840183 -45.2806096918 0.881960587096 4800.0 0.881960587096
-2138.20766228 -28.5363409626 0.925882485062 4800.0 0.925882485062
889.828299009 -56.5115519277 0.885348665339 6400.0 0.885348665339
5510.75558099 28.7362790797 0.981268087808 600.0 0.981268087808
4383.69395677 -52.8091765573 0.890412721255 5400.0 0.890412721255
-4366.41943179 39.9682888624 0.947718374974 5000.0 0.947718374974
679.472895085 55.0273617039 0.867015651014 7000.0 0.867015651014
4472.06502312 77.4748584335 0.976070489393 5000.0 0.976070489393
-4859.7601386 34.1196245429 0.990132446417 4800.0 0.990132446417
5370.32746023 -49.8091995068 0.979738673106 4000.0 0.979738673106
6247.10445931 -63.1292341256 0.994411955734 7800.0 0.994411955734
7944.92791076 -30.0785588036 0.933317915744 6000.0 0.933317915744
2844.20635733 -26.7539537636 0.866947863882 5000.0 0.866947863882
7002.5333477 -87.0570723571 0.997516913674 6800.0 0.997516913674
-541.480827969 -62.908291319 0.918807329789 4800.0 0.918807329789
1724.32876787 -53.0330921955 0.982042524972 800.0 0.982042524972
-805.670207344 7.26530296025 0.820808130784 5000.0 0.820808130784
-1910.29308155 28.7002477855 0.824123027835 5000.0 0.824123027835
3318.30624334 68.4793611159 0.884733680935 7400.0 0.884733680935
-6253.225106 -82.6201304287 0.995217221142 5000.0 0.995217221142
2107.30276237 -36.9251203083 0.966996819909 5000.0 0.966996819909
-296.626821548 41.0739081964 0.879190423197 7600.0 0.879190423197
4590.08839331 36.3019983523 0.968992780241 5200.0 0.968992780241
-3275.94976345 -8.57694354492 0.814920781296 5000.0 0.814920781296
-2372.85295083 26.1999533401 0.822475394299 4800.0 0.822475394299
-6839.89543845 15.5203330871 0.972400920554 5000.0 0.972400920554
-504.329854152 36.2757611464 0.952232741489 600.0 0.952232741489
6686.86478901 -78.6852230811 0.999347768601 5400.0 0.999347768601
-1963.7702 41.5409841539 0.916967171137 4800.0 0.916967171137
-3742.10324131 -41.3744407652 0.894864809072 5000.0 0.894864809072
-6859.85438945 -43.1354824268 0.998928348959 7800.0 0.998928348959
-1720.4040543 -49.7227084861 0.809642126726 5000.0 0.809642126726
-1759.06457068 4.30570783664 0.829392527816 5000.0 0.829392527816
-4205.33487404 -67.2648799909 0.944888069911 5000.0 0.944888069911
3064.13010369 25.9513448029 0.921359605881 5600.0 0.921359605881
-6383.71815282 -64.4334343392 0.94651954037 5200.0 0.94651954037
-3330.61083542 -23.0272073004 0.843959400474 5000.0 0.843959400474
-5722.85275154 46.4246687117 0.940818349841 5800.0 0.940818349841
-145.182492852 -14.8487484563 0.851815157079 7600.0 0.851815157079
2089.1588677 -32.2018668329 0.891690390627 6800.0 0.891690390627
1313.27520994 73.9180941968 0.978671532316 600.0 0.978671532316
-3227.19249006 -30.9697471444 0.969732622706 4400.0 0.969732622706
4013.38677976 -39.6948392143 0.944117748912 6000.0 0.944117748912
-2904.55369657 21.4163287974 0.869295775253 5200.0 0.869295775253
-7194.97522651 26.9776329925 0.92770308844 4800.0 0.92770308844
-1623.80061309 -60.7447611619 0.916808475309 7600.0 0.916808475309
182.790581207 -35.577502617 0.862851552458 6000.0 0.862851552458
5276.10777253 -66.9849759027 0.981960083531 6400.0 0.981960083531
6416.42177944 -83.4708841482 0.989931546401 6200.0 0.989931546401
-2895.43152923 -23.1510619024 0.874365164616 5000.0 0.874365164616
2898.76577182 -62.9767497051 0.955873339497 5600.0 0.955873339497
-2164.73158951 -87.2170625564 0.9681681603 7000.0 0.9681681603
-1506.36876494 -12.2137093546 0.83225386379 5000.0 0.83225386379
-1122.55689221 3.23113582155 0.846889658228 5000.0 0.846889658228
4855.55338349 33.0730341298 0.941895946032 5000.0 0.941895946032
-3852.50325907 18.598089519 0.913849471477 7800.0 0.913849471477
-1712.84236969 -7.39410508428 0.809144133182 5000.0 0.809144133182
4656.59537685 8.2543943634 0.886911857969 4800.0 0.886911857969
-3679.12406628 -36.4545170458 0.975019823329 3400.0 0.975019823329
1029.87237158 66.9683493727 0.982787082974 800.0 0.982787082974
-8263.63162344 71.8032195257 0.994141459641 5000.0 0.994141459641
6736.09687707 -68.4712980756 0.980817408791 5400.0 0.980817408791
1551.96413781 -9.38465068593 0.825998212899 5800.0 0.825998212899
-922.218503687 39.5277391448 0.973456200903 4600.0 0.973456200903
-2851.95655569 5.28863185702 0.823871290485 5200.0 0.823871290485
-6722.11558899 -5.10768108411 0.969917180811 5000.0 0.969917180811
-2684.81402061 1.5133576689 0.839347028427 4800.0 0.839347028427
-2264.56322957 1.88739888147 0.763626438489 5000.0 0.763626438489
3085.94067248 40.6217798681 0.893338821872 5000.0 0.893338821872
-2969.43178881 -16.948345915 0.857175450811 5000.0 0.857175450811
-5380.27249427 -45.520159014 0.991136427058 7800.0 0.991136427058
-122.762477541 -79.6027759371 0.971867332812 5000.0 0.971867332812
-6875.9228328 62.5970524441 0.992936773759 5800.0 0.992936773759
-507.870752037 -49.1724757855 0.935572854257 5200.0 0.935572854257
5753.2611556 -71.4176947052 0.987764035637 6400.0 0.987764035637
-4251.1961665 72.1922976884 0.969816896798 5800.0 0.969816896798
19.5723176218 -85.2989203813 0.9513034683 7400.0 0.9513034683
-2277.6683344 13.1514578047 0.821905042474 5000.0 0.821905042474
5354.79605328 -48.1605650406 0.950336070128 4600.0 0.950336070128
-7720.18014339 -6.58649030798 0.970283391505 5800.0 0.970283391505
6975.14310542 59.407660877 0.947934663218 5800.0 0.947934663218
-4034.71126629 3.45424614891 0.848539638289 5000.0 0.848539638289
-1073.27746497 -24.5447712259 0.859164032137 5000.0 0.859164032137
-8226.81345331 45.9169856959 0.996444565198 5800.0 0.996444565198
-1521.23088552 21.0247849648 0.80543537434 5000.0 0.80543537434
2630.76484348 26.2491880667 0.87822834749 7600.0 0.87822834749
6559.49548313 58.1422491242 0.981681119441 5800.0 0.981681119441
-5004.5186007 5.07235334605 0.949515825688 5000.0 0.949515825688
-354.543548052 -7.73157880401 0.822149717029 5000.0 0.822149717029
1246.96657081 53.7259113198 0.940420903479 5800.0 0.940420903479
-3224.59728294 -57.7706806435 0.971771202511 5200.0 0.971771202511
6115.45781802 21.6515238546 0.951994190748 4800.0 0.951994190748
-878.492721015 38.051129974 0.851657501314 4800.0 0.851657501314
-8213.16901303 -51.5968875894 0.994110445162 5800.0 0.994110445162
-6380.29256907 -28.9222981638 0.980272320978 5200.0 0.980272320978
-6594.80258745 71.7380377606 0.985873659769 5800.0 0.985873659769
7187.00298992 74.5032368983 0.999213221927 5800.0 0.999213221927
-3533.88982779 -79.7110904562 0.938526405483 7400.0 0.938526405483
-3225.88011212 -68.059768226 0.950023139919 5000.0 0.950023139919
4315.47565776 29.8526122583 0.975452768788 5000.0 0.975452768788
4215.25126471 48.1333538027 0.972673798779 5000.0 0.972673798779
-5933.26392592 51.0581992969 0.989158629839 6000.0 0.989158629839
4067.26504483 49.695042622 0.910930399835 7600.0 0.910930399835
8125.56102874 -45.9413934557 0.969779495615 5800.0 0.969779495615
-2279.7620821 10.9450339141 0.786380271751 5000.0 0.786380271751
5083.50927476 -2.97748952346 0.918303546257 5800.0 0.918303546257
5942.17472368 26.7341414351 0.971001360982 5600.0 0.971001360982
3670.56953584 72.6158949973 0.976474477397 5600.0 0.976474477397
-5988.96565287 -32.2469802528 0.8696224266 4800.0 0.8696224266
-2811.43475413 36.400343454 0.857674463545 5000.0 0.857674463545
-2750.78028279 -48.7931448882 0.947732063136 4800.0 0.947732063136
-6747.73226599 -38.1193099567 0.977098826661 5800.0 0.977098826661
-5770.83658827 60.3868366734 0.992851476689 6000.0 0.992851476689
-4720.22407142 -7.93410366698 0.933398278585 5600.0 0.933398278585
-1922.49435575 -23.8352391803 0.867759710613 5000.0 0.867759710613
2138.50551252 53.5879678409 0.96944482603 5000.0 0.96944482603
-2411.92541072 1.96575412835 0.842589995607 5000.0 0.842589995607
-1878.75815405 87.5830362364 0.984406640252 5400.0 0.984406640252
7505.73557894 -63.0270764688 0.957375064635 5400.0 0.957375064635
145.315656304 -7.02412630792 0.87293566639 7400.0 0.87293566639
-5632.73525594 -40.2471949754 0.882598684806 5000.0 0.882598684806
1136.66090127 45.3285419381 0.974938560867 600.0 0.974938560867
-5597.0995879 37.6861870159 0.993586109453 5800.0 0.993586109453
-5339.20948576 -38.0553393058 0.954788758693 5200.0 0.954788758693
-4364.87703617 1.74503696443 0.898818294891 6000.0 0.898818294891
2013.9377592 18.0850649252 0.881473781686 5400.0 0.881473781686
7762.62706667 -10.2737206652 0.963056767685 5000.0 0.963056767685
-6593.98321266 45.5130270532 0.998341556353 7800.0 0.998341556353
6838.66586067 6.87609096161 0.940518916338 5400.0 0.940518916338
-3309.37960522 9.81139232083 0.772395341917 5000.0 0.772395341917
7444.82885615 -35.3394674693 0.99351101767 2000.0 0.99351101767
-2741.78249637 -61.9727457067 0.972098838057 4800.0 0.972098838057
-867.548040235 -21.527365063 0.87084435462 4800.0 0.87084435462
-5875.55440976 -73.283265795 0.993113612079 6000.0 0.993113612079
1335.10011535 86.9991578225 0.994174056115 1600.0 0.994174056115
7186.34522174 40.8678895081 0.982678300939 5000.0 0.982678300939
-1961.07098213 29.3709421719 0.831923219182 5000.0 0.831923219182
3339.15913854 -82.2790158206 0.972315504546 5200.0 0.972315504546
-1623.14038357 45.8611785719 0.898996320577 5000.0 0.898996320577
-165.426768628 -53.5424624677 0.980412532283 4800.0 0.980412532283
5018.17474921 -32.2338510382 0.888320366641 5600.0 0.888320366641
-4931.94705072 61.2642418025 0.976586972815 6200.0 0.976586972815
2762.05776604 68.1650223823 0.979245218857 4200.0 0.979245218857
-6246.21191644 -11.1308074465 0.949352406685 5600.0 0.949352406685
-6731.33841953 -7.47297833003 0.934291933775 5600.0 0.934291933775
-753.563411577 76.5525891549 0.988253401838 600.0 0.988253401838
3055.37055852 -35.5904303626 0.966555311114 5000.0 0.966555311114
6300.37268113 -27.7206137152 0.92611444052 5000.0 0.92611444052
-5237.24773917 58.1661764329 0.963471018637 5000.0 0.963471018637
2290.84384369 19.863908221 0.940254052762 5600.0 0.940254052762
2172.98767998 7.63640993587 0.827364191904 4800.0 0.827364191904
6740.93814038 18.2872971021 0.926064468014 4600.0 0.926064468014
1580.03101332 -16.4303322219 0.858973920545 5200.0 0.858973920545
6632.81971097 2.46808835532 0.991481398185 5200.0 0.991481398185
-2784.09684284 -50.1010361281 0.986257175039 4800.0 0.986257175039
-1207.71540063 52.8335180957 0.930793630715 5000.0 0.930793630715
-4648.23890215 55.1988397609 0.979260424427 6000.0 0.979260424427
-3536.7595382 -29.6856646148 0.846572508387 5000.0 0.846572508387
4218.29548013 58.4072241388 0.929325421129 6000.0 0.929325421129
-2313.36466457 72.7389061306 0.965046115645 4800.0 0.965046115645
4936.9961211 -54.428469579 0.922549871628 7600.0 0.922549871628
-4102.48526728 18.051955432 0.869108870034 5200.0 0.869108870034
-2936.28331568 -68.4014941556 0.918458025626 5000.0 0.918458025626
-5832.25176116 18.8968450213 0.976141573702 5200.0 0.976141573702
-2819.21762075 15.037639898 0.848214529831 5000.0 0.848214529831
7675.68713707 -33.5722083814 0.947929394915 5200.0 0.947929394915
-2603.77452134 53.2089086221 0.93168038127 7800.0 0.93168038127
3950.29633264 39.5898885659 0.976355697319 4800.0 0.976355697319
-2456.08329108 -66.5431173353 0.830610906901 5000.0 0.830610906901
-7193.85142693 64.7195226501 0.995776039082 5800.0 0.995776039082
-317.346797724 47.0472604317 0.857869655051 6600.0 0.857869655051
-1855.33194507 -47.9828554699 0.900284739714 5000.0 0.900284739714
1878.20144346 37.70825458 0.885422935012 5800.0 0.885422935012
3644.89294714 -37.7209363542 0.961881442259 5400.0 0.961881442259
-715.802335566 -47.0723025339 0.863095039099 5000.0 0.863095039099
3320.33612073 22.6772268348 0.879561951505 5600.0 0.879561951505
2923.86316138 38.9430776393 0.953131320387 3400.0 0.953131320387
2002.050523 26.6663448233 0.899153946187 6000.0 0.899153946187
-2610.14673399 -5.9433616907 0.820917838946 5000.0 0.820917838946
-5635.77346814 85.750032698 0.983888065547 5000.0 0.983888065547
-5544.22025404 24.3481960693 0.941480995568 5000.0 0.941480995568
-7001.41672583 70.6428647753 0.945996203876 5800.0 0.945996203876
-2920.58838339 19.3940447187 0.857255436819 5000.0 0.857255436819
-2702.13539321 -19.7064215934 0.788842827174 5000.0 0.788842827174
-358.353867525 -76.591215791 0.954710930084 6000.0 0.954710930084
-935.556116858 61.2778869428 0.908561938868 7200.0 0.908561938868
6355.95080228 -20.7351524782 0.971664658711 4400.0 0.971664658711
-3086.66634886 -85.2511202405 0.936433108066 5000.0 0.936433108066
-351.167219247 -7.1393866392 0.850394737446 5000.0 0.850394737446
-1249.90653862 -81.0423928966 0.984485401166 600.0 0.984485401166
3721.43655446 -32.4198463264 0.891902226384 5400.0 0.891902226384
-2900.62006447 -73.394350718 0.928917702341 5000.0 0.928917702341
4798.55915497 -7.10549153783 0.903936894963 5400.0 0.903936894963
1563.89903796 -16.9994216541 0.894851526851 5400.0 0.894851526851
700.959671511 47.4672349285 0.833751859474 7600.0 0.833751859474
8003.84300633 -32.4996379863 0.961472093095 4800.0 0.961472093095
-3085.34982022 25.2439171022 0.861107499257 4800.0 0.861107499257
7173.9457657 61.2831041464 0.994031358704 5000.0 0.994031358704
2018.24455543 -35.5791492862 0.985593219984 600.0 0.985593219984
1379.89344668 69.8445321232 0.972321041137 1200.0 0.972321041137
1886.89445147 3.23744628847 0.848438365155 6400.0 0.848438365155
-3882.89609514 62.6434075895 0.967825347873 6600.0 0.967825347873
57.3193759421 28.9195521342 0.855399036986 7400.0 0.855399036986
-6761.32582274 5.46810869878 0.959028625492 5600.0 0.959028625492
-5892.67005378 19.0101024578 0.935042067841 5800.0 0.935042067841
-4502.56953671 25.2806133973 0.84395605365 5000.0 0.84395605365
3546.94932419 3.56611645448 0.83488135939 5000.0 0.83488135939
-1410.83976093 42.8523945923 0.965119139942 600.0 0.965119139942
-3168.47429464 -16.9621276627 0.801843976323 5000.0 0.801843976323
2467.47235242 6.82385691982 0.851166061999 5000.0 0.851166061999
2663.88837946 -7.99483481939 0.808079067515 5000.0 0.808079067515
-4930.79844213 10.4625139843 0.931678354885 5200.0 0.931678354885
-5885.91995522 -89.5612169642 0.997770169323 7800.0 0.997770169323
7117.02195238 16.9463364613 0.968015401172 4800.0 0.968015401172
-5063.95618734 -21.0520527813 0.953223112958 5200.0 0.953223112958
859.054853202 -40.1541821092 0.903962562349 4800.0 0.903962562349
7361.06316902 -22.158135026 0.992883581317 5200.0 0.992883581317
2764.03908641 -5.97384149899 0.898060608802 5000.0 0.898060608802
-773.135092105 1.77746828472 0.809746340822 5200.0 0.809746340822
4596.15430504 -46.7711455054 0.913800871537 5800.0 0.913800871537
-6892.92163029 -59.3549316047 0.988109520196 5800.0 0.988109520196
-3663.17332523 -34.216278187 0.93569202986 5000.0 0.93569202986
-2791.62329457 -8.12934881538 0.779229654885 5000.0 0.779229654885
584.37848907 -33.5078294686 0.864234607811 7600.0 0.864234607811
2280.46291325 -36.112573464 0.877852144124 5800.0 0.877852144124
-412.08680067 -18.385170681 0.845297800009 5000.0 0.845297800009
3792.52958086 -54.5951023851 0.992119864233 5200.0 0.992119864233
-5033.5003355 14.5875545536 0.885056672194 5000.0 0.885056672194
-4017.80157037 14.6671509885 0.872882249699 5000.0 0.872882249699
7011.91612237 -25.4395430968 0.973804080962 5000.0 0.973804080962
-5561.16919428 84.6527501334 0.971418727178 5800.0 0.971418727178
-3978.09745985 6.11488808456 0.800272030648 4800.0 0.800272030648
-3548.56359815 70.5415842033 0.994847900743 7000.0 0.994847900743
-99.8553157333 -43.9374808621 0.960637709623 4800.0 0.960637709623
5376.45240942 -53.5308267153 0.986059381789 7800.0 0.986059381789
311.834747683 36.1510705971 0.893173236743 7400.0 0.893173236743
-4858.10153771 41.6256706345 0.969818742965 5000.0 0.969818742965
7560.26843525 -45.4356856903 0.994441998042 3200.0 0.994441998042
-2331.73175176 -39.3802120167 0.822222118239 5000.0 0.822222118239
-1356.42199071 72.4984572371 0.980888518994 5000.0 0.980888518994
2543.97637024 -54.2928749868 0.949702683943 5200.0 0.949702683943
-2381.93941338 -19.7031447338 0.814338772148 5000.0 0.814338772148
-7751.5737125 -57.9088808272 0.999623491271 5800.0 0.999623491271
79.1170236327 23.2756966422 0.81162250654 7400.0 0.81162250654
2961.90645212 24.8544427282 0.905531882097 5600.0 0.905531882097
5151.97455035 30.2001073932 0.912096583078 4800.0 0.912096583078
5397.39958598 -68.0162582343 0.991776279963 6600.0 0.991776279963
-1420.45689425 74.7580740926 0.965233811285 5000.0 0.965233811285
571.298895017 8.58210149329 0.84046699159 7800.0 0.84046699159
-4444.31600061 -48.202846285 0.984662107004 3800.0 0.984662107004
-4699.69231249 -42.3542767463 0.904967699934 5000.0 0.904967699934
-958.03529434 -51.9666517897 0.98850486004 800.0 0.98850486004
-3871.820324 -31.6994947829 0.878115801673 5000.0 0.878115801673
1180.73949186 -34.3644966304 0.97006496497 4800.0 0.97006496497
5325.05675493 -48.917328461 0.923915912699 6000.0 0.923915912699
1892.93147478 45.4655780846 0.956146036697 4800.0 0.956146036697
-2747.63925789 6.05468625211 0.861955421095 5200.0 0.861955421095
1115.13026914 -8.8132111465 0.839279439072 6600.0 0.839279439072
79.7294195939 59.1391852734 0.97083155949 1400.0 0.97083155949
-3479.18856225 -71.8926959611 0.943591729514 4800.0 0.943591729514
6863.00565451 -33.6853767767 0.887969268976 5000.0 0.887969268976
2434.881948 -4.95230324896 0.846904905341 4800.0 0.846904905341
-1271.41898645 27.3037160625 0.828388937437 5000.0 0.828388937437
3908.37624892 -60.5314521743 0.988838119984 5200.0 0.988838119984
2718.96753225 60.5843343581 0.935999106951 800.0 0.935999106951
-6167.60075654 40.0805009871 0.993104833928 7800.0 0.993104833928
-5745.71002662 -29.9457200067 0.988694973053 5200.0 0.988694973053
1578.94080188 43.9863836897 0.930533454357 4800.0 0.930533454357
-5461.86120168 -45.9230051008 0.977406114363 7600.0 0.977406114363
-990.695633116 -3.34139764877 0.781473662137 5000.0 0.781473662137
481.549206204 88.1031209464 0.978603977867 600.0 0.978603977867
-5096.04601666 12.0932459847 0.942914208051 6000.0 0.942914208051
2749.79384128 -18.903143856 0.900398062772 6000.0 0.900398062772
5219.30147112 1.71665224476 0.851977064426 5000.0 0.851977064426
7185.95096425 -33.9798193337 0.937489944378 5000.0 0.937489944378
-4123.8958779 -74.2795666563 0.937612775477 7800.0 0.937612775477
4810.88508511 -73.0554164963 0.993408728979 6000.0 0.993408728979
4857.1136934 -34.5535338055 0.979230186842 6000.0 0.979230186842
-6027.49457303 23.7038204226 0.960576313525 6000.0 0.960576313525
-1187.96999326 70.5315576404 0.985795081539 4800.0 0.985795081539
-6911.46501545 -50.8477137515 0.975610832972 5800.0 0.975610832972
-1346.12518861 -80.9646869157 0.983993118196 5800.0 0.983993118196
2723.28598721 -26.8812544751 0.947358459257 4800.0 0.947358459257
1815.42674723 63.6675337487 0.852641969029 6400.0 0.852641969029
2516.40562472 -71.1035905068 0.962170717105 6600.0 0.962170717105
5460.45959649 -22.8426349609 0.947004626155 5200.0 0.947004626155
5290.32975565 -53.821971313 0.984290972272 2200.0 0.984290972272
3455.0610734 40.6363312418 0.947802156134 5600.0 0.947802156134
-4263.88600855 48.7418278118 0.9798563258 5400.0 0.9798563258
4851.99113325 -31.4477437162 0.898186074905 7200.0 0.898186074905
3908.09515569 26.5675760904 0.901871997004 5000.0 0.901871997004
-4503.46559809 65.2676344175 0.985535984421 5000.0 0.985535984421
7223.02634577 -14.2444023172 0.976389501417 5800.0 0.976389501417
6378.79033524 -36.3229910788 0.954063781978 4800.0 0.954063781978
-887.573755487 -11.7477755384 0.829497721958 4800.0 0.829497721958
-3179.52348575 36.6686066384 0.900633955195 5000.0 0.900633955195
-5246.29920178 -47.1741887944 0.948521068411 5800.0 0.948521068411
6899.5859972 -65.9269521884 0.988837053148 6800.0 0.988837053148
-4135.58071395 -25.2563854609 0.873617366859 5200.0 0.873617366859
692.635077497 -24.4670665991 0.823555439446 7400.0 0.823555439446
-5377.25823389 31.9272611718 0.968648352766 5200.0 0.968648352766
7528.02447271 5.06294617355 0.981594666063 4800.0 0.981594666063
-5098.04539291 -64.0061389881 0.991347745182 5200.0 0.991347745182
-6046.89834098 45.4402518347 0.993788163003 5000.0 0.993788163003
423.488981814 9.55577130698 0.796691620745 7400.0 0.796691620745
-3705.86931203 -17.0315074914 0.829610186123 4800.0 0.829610186123
-4754.89565592 46.1855302987 0.962838866773 7800.0 0.962838866773
-530.299735333 44.8284175852 0.955339386223 7800.0 0.955339386223
-2194.70949332 2.79168038785 0.776680525974 5000.0 0.776680525974
2965.80310421 -36.7478129737 0.98768966879 5000.0 0.98768966879
2379.18093342 -23.6528972123 0.907414449477 5600.0 0.907414449477
-5187.05193253 -41.1569951925 0.910969785761 5000.0 0.910969785761
-3574.95784291 77.3951560759 0.976418673477 7800.0 0.976418673477
-6123.26338513 26.3499138684 0.980516145805 6000.0 0.980516145805
7391.56253092 66.8436928938 0.999192089387 7000.0 0.999192089387
102.271226987 20.23696164 0.861886752909 7400.0 0.861886752909
7918.66460756 -46.9299138449 0.99731577209 4800.0 0.99731577209
-1424.76277266 6.48021059512 0.75308246924 5000.0 0.75308246924
-423.314045583 35.6955259053 0.888721060039 4800.0 0.888721060039
4422.99947236 38.6572480391 0.898269264464 7600.0 0.898269264464
7843.4837431 16.6676737181 0.96686039193 5200.0 0.96686039193
-5641.83977468 -58.6857965405 0.976078397669 6200.0 0.976078397669
8441.23525583 8.30477924111 0.989639703731 4800.0 0.989639703731
-3146.88925641 23.305762039 0.824506314491 5000.0 0.824506314491
8646.9037333 -66.3795614365 0.997533001559 3800.0 0.997533001559
-7011.82579453 12.0872890331 0.983069705934 5800.0 0.983069705934
4607.35949698 51.6899900624 0.985178210072 1400.0 0.985178210072
1804.63616773 76.4146995932 0.98933897026 7600.0 0.98933897026
-7940.0540781 26.6313177613 0.978092196117 5600.0 0.978092196117
148.004444746 17.8742362843 0.886034556653 5000.0 0.886034556653
-4896.37303212 -62.7805663263 0.95344899032 5800.0 0.95344899032
-6745.50429155 -73.2212392292 0.996055687521 6800.0 0.996055687521
-5219.1988606 -50.2661069487 0.899438062965 5000.0 0.899438062965
2194.85985856 28.8296255533 0.897035952127 4800.0 0.897035952127
2845.51769703 58.0728524885 0.921259506829 5000.0 0.921259506829
2091.03565947 -83.0623802984 0.979546192667 600.0 0.979546192667
-4679.6131523 56.3842344851 0.969493407924 5200.0 0.969493407924
-1482.90161945 -79.8255642131 0.958284933057 5200.0 0.958284933057
7519.94932584 -34.5009624575 0.989714706141 3200.0 0.989714706141
6422.77850926 -18.2835445631 0.983996343117 4600.0 0.983996343117
7169.12448318 46.5344063497 0.989132658566 7600.0 0.989132658566
-417.35375318 -61.6003347635 0.878011167065 5000.0 0.878011167065
3615.99162316 12.6407117145 0.872390427853 7200.0 0.872390427853
6733.35944381 64.1473733662 0.982553848002 6000.0 0.982553848002
5669.48859501 -60.6408719479 0.963508620895 7800.0 0.963508620895
-5171.40131062 66.5526183014 0.977760662613 5800.0 0.977760662613
3328.51350455 -18.3944881653 0.910747136395 4400.0 0.910747136395
-3492.12770505 -32.2904500661 0.891746082747 5000.0 0.891746082747
-5949.58878252 62.0361607391 0.991216004938 5800.0 0.991216004938
6598.9622283 41.6623076195 0.994252495356 7200.0 0.994252495356
1417.83038783 -37.65384467 0.931649662849 600.0 0.931649662849
-1017.54609513 -30.9712763505 0.817273298063 5200.0 0.817273298063
3195.57348801 -45.4522703488 0.904337441483 5200.0 0.904337441483
-1881.12451964 56.4491202074 0.91238855772 6800.0 0.91238855772
2057.19926277 63.8818268663 0.879290745531 7200.0 0.879290745531
2011.57962647 71.4353816796 0.968639930409 5000.0 0.968639930409
2841.24022992 -12.4171640111 0.860680160748 5200.0 0.860680160748
-3873.39434617 -83.3072954795 0.993415048696 4600.0 0.993415048696
-5398.53985887 49.3677748671 0.976886022019 5800.0 0.976886022019
-2235.3357411 23.282468625 0.851509153372 5000.0 0.851509153372
-5806.49022781 -34.6390153581 0.986409985098 5400.0 0.986409985098
-7165.47693137 47.0602584149 0.981362644664 6000.0 0.981362644664
5609.62251403 60.4796405679 0.980671999216 7200.0 0.980671999216
984.270891999 -48.7891657314 0.964917151771 600.0 0.964917151771
-5511.49658829 14.5790327239 0.883445110156 5200.0 0.883445110156
644.290720655 -36.7505767602 0.946763846824 600.0 0.946763846824
3825.16353958 61.5735707144 0.903271985659 7800.0 0.903271985659
-5648.67051846 -28.2722924792 0.96351311188 5000.0 0.96351311188
-3208.52468326 25.2917694788 0.890030022453 5000.0 0.890030022453
4079.50006981 -8.9087992054 0.891797072091 5200.0 0.891797072091
8489.924125 38.2952366686 0.983044374934 4800.0 0.983044374934
5691.90672995 8.06812213831 0.927962934852 7600.0 0.927962934852
-7756.43853511 -73.8359545506 0.991152519912 4600.0 0.991152519912
6853.68489412 -31.0796134629 0.983300195982 6400.0 0.983300195982
906.987933487 -13.8062606206 0.849064394215 5000.0 0.849064394215
-6683.59107568 -47.860157149 0.996677041938 3000.0 0.996677041938
-4360.8734575 54.0590700801 0.972562485311 5800.0 0.972562485311
2710.0012227 -36.3292850378 0.882238495134 7600.0 0.882238495134
3063.63760157 75.1351569305 0.996443858102 4200.0 0.996443858102
5952.07398824 -31.5920047123 0.87817835318 4600.0 0.87817835318
-6116.51999633 30.634914966 0.966405857756 5800.0 0.966405857756
5896.23705429 -61.6951783267 0.984078934602 7400.0 0.984078934602
-2289.16872956 34.3270011942 0.794936961327 5000.0 0.794936961327
-393.467968901 -44.1182716401 0.872577449972 5200.0 0.872577449972
-5878.01128698 62.0980586712 0.997859431877 7600.0 0.997859431877
2005.46600679 57.112748504 0.993439395192 600.0 0.993439395192
-6819.06970485 63.1252271413 0.946223396871 5000.0 0.946223396871
-1229.59997059 21.018042717 0.829406677353 5000.0 0.829406677353
-2718.90899305 -67.1152472817 0.912954852474 5000.0 0.912954852474
-3058.3947563 -16.0531801678 0.855034941844 5000.0 0.855034941844
1914.37221247 -45.6807365086 0.864977847802 4800.0 0.864977847802
-6151.88210414 63.8285707092 0.996018617821 3200.0 0.996018617821
7341.7175265 -58.3701657328 0.936770725478 5400.0 0.936770725478
-6583.96213531 -11.2612652075 0.892332629429 4800.0 0.892332629429
6446.15740328 -77.3794784155 0.99512851494 7800.0 0.99512851494
1157.36524071 25.8671454691 0.890006290604 7400.0 0.890006290604
5687.26228851 -28.1135356414 0.98386738725 600.0 0.98386738725
-2841.68072058 73.7148998145 0.936284818322 7800.0 0.936284818322
-7330.00389175 40.4196381666 0.997107119391 5200.0 0.997107119391
-7182.92813908 66.8703131896 0.996633797246 5000.0 0.996633797246
6223.60713291 5.20553574476 0.980648519978 7400.0 0.980648519978
4638.64715447 -86.4500881075 0.993393506653 7800.0 0.993393506653
546.126639207 -86.3787803841 0.978517719956 4800.0 0.978517719956
-3178.26218528 -11.4056373902 0.826095241622 5000.0 0.826095241622
-643.008077922 -1.70557287438 0.844489517202 5000.0 0.844489517202
-6538.27779154 -16.7153967627 0.966473388493 4800.0 0.966473388493
3082.8065908 -7.71652872999 0.863594947879 5400.0 0.863594947879
-5776.24055792 -0.830874323125 0.953697367575 5000.0 0.953697367575
-1258.13881067 53.6861637095 0.959191343471 4400.0 0.959191343471
-8053.2536242 50.0594067303 0.992182978929 6200.0 0.992182978929
2629.5714963 -42.3396914868 0.979153632373 800.0 0.979153632373
4879.55233409 35.8567208934 0.948546232948 4800.0 0.948546232948
-5048.67522307 -43.9441186729 0.893678627326 5000.0 0.893678627326
4341.15860339 -42.4907073041 0.968867856762 6200.0 0.968867856762
-4000.55036017 51.616316462 0.938669743232 7800.0 0.938669743232
-6351.92079419 -57.524407916 0.996316203008 3800.0 0.996316203008
362.421729681 -30.3046065264 0.946377480741 4800.0 0.946377480741
4172.8966892 -15.8809092323 0.941299500365 5000.0 0.941299500365
-4248.55412923 -74.0713492308 0.961772966259 7800.0 0.961772966259
-6589.62103514 -17.121056741 0.973870831173 6000.0 0.973870831173
2403.41966591 -25.1258342557 0.921479117021 5000.0 0.921479117021
-468.315764049 22.6408279534 0.881565073751 5200.0 0.881565073751
3009.42552643 -37.9656637433 0.916065805647 5000.0 0.916065805647
-6680.91988093 -77.1706344214 0.99216113249 7800.0 0.99216113249
-6664.76229037 -25.6950170888 0.891468446545 5000.0 0.891468446545
-7881.39382005 6.90596598507 0.975454653247 5800.0 0.975454653247
-6445.61482169 47.5205401813 0.990998303638 6400.0 0.990998303638
-6248.6838172 71.677333584 0.92596632674 5400.0 0.92596632674
4413.60571189 -47.6428268715 0.872654207814 5200.0 0.872654207814
2209.92146828 -50.8314124366 0.906331492264 7400.0 0.906331492264
-3497.75529404 8.13469443184 0.878065912432 5000.0 0.878065912432
-2936.06232859 15.6381676195 0.843252414264 4800.0 0.843252414264
5711.55293068 -19.0165843768 0.966769472777 6200.0 0.966769472777
-3815.23409545 -42.6652115168 0.796780977566 4800.0 0.796780977566
3345.85155666 -23.8613688367 0.94780992737 4800.0 0.94780992737
5935.9493597 -49.6366231391 0.985971975432 5800.0 0.985971975432
6270.10243092 -70.6405126871 0.995492276063 4800.0 0.995492276063
-519.813738909 28.8889485817 0.870582865336 6600.0 0.870582865336
6051.91123032 63.7903426402 0.993624878647 5600.0 0.993624878647
-7302.35278374 -25.3861855181 0.986540938694 5200.0 0.986540938694
1685.52251438 7.54533756463 0.853857771371 7200.0 0.853857771371
465.355821133 -2.70908527288 0.861935468655 6200.0 0.861935468655
3234.82534421 81.9298804314 0.977762050858 4800.0 0.977762050858
2026.63444199 -19.6143083757 0.879675498951 7400.0 0.879675498951
4626.78421605 86.2342814388 0.992314764781 7800.0 0.992314764781
-4236.29800105 41.8437061396 0.870953725926 5000.0 0.870953725926
5323.94008393 -38.2011783545 0.973687710139 5000.0 0.973687710139
6695.22305454 9.71282559001 0.960012526629 6000.0 0.960012526629
-5611.86254412 -49.989026486 0.923419735964 5000.0 0.923419735964
-5052.04262934 -42.1732253522 0.987348095138 7600.0 0.987348095138
1393.1602792 -5.7683585792 0.845389009642 5000.0 0.845389009642
2869.7695998 46.7736377893 0.985973855943 7000.0 0.985973855943
-2216.6094276 -8.54742707311 0.829592242813 5000.0 0.829592242813
8083.91684119 -26.8977798396 0.979028425256 5600.0 0.979028425256
451.739181962 41.8803168115 0.976775400406 600.0 0.976775400406
1619.32945851 62.9751664013 0.975058396557 5000.0 0.975058396557
6164.76186318 -46.7622073213 0.987867537642 6000.0 0.987867537642
2115.54118023 70.1510524753 0.965189039191 4400.0 0.965189039191
6949.08425424 34.3024032789 0.977251128069 5800.0 0.977251128069
889.988894991 -53.7285393229 0.875958952088 7000.0 0.875958952088
-5288.95672358 12.5701203012 0.933392580007 5200.0 0.933392580007
-5726.22439775 -4.23323035792 0.926684054995 5000.0 0.926684054995
-3935.69577734 14.66213588 0.907467519221 5000.0 0.907467519221
-4704.23523773 -23.6098066919 0.943150029606 5200.0 0.943150029606
-4198.60303932 75.3053750172 0.970669588579 5000.0 0.970669588579
4338.53062295 50.8790386656 0.904952707066 6000.0 0.904952707066
-4826.05832038 -8.74382756937 0.863640396776 5000.0 0.863640396776
2873.57391842 24.9716342767 0.872595144748 5400.0 0.872595144748
-5848.33958583 73.2526416707 0.985422427191 6000.0 0.985422427191
-3175.26894999 -29.1235997727 0.823728885725 5000.0 0.823728885725
7459.94035597 -29.1883970701 0.941515403773 4800.0 0.941515403773
8458.9944615 12.3555772806 0.978867379082 7800.0 0.978867379082
-2785.90290199 -83.2590068761 0.967894343193 6800.0 0.967894343193
2569.59320604 16.8752027464 0.831350886249 5000.0 0.831350886249
-4647.45816262 40.09656738 0.953942537011 5200.0 0.953942537011
7643.50037825 65.4969519606 0.99272004611 5600.0 0.99272004611
621.6323189 38.6310090605 0.953188081684 4800.0 0.953188081684
5452.0348872 21.128678545 0.871550904383 5600.0 0.871550904383
3024.08115668 10.7560224988 0.85357663179 4800.0 0.85357663179
-6817.97348873 -62.3198835923 0.999803380823 5400.0 0.999803380823
-3525.65375341 -35.8775945256 0.979482865101 4800.0 0.979482865101
8347.90116037 0.958894387103 0.99081954887 4800.0 0.99081954887
4729.61992355 -10.4991462813 0.889526748801 5000.0 0.889526748801
2924.99526717 -22.2028722041 0.870950846169 5400.0 0.870950846169
-7583.32561201 -2.00710672999 0.956189270602 5800.0 0.956189270602
647.046970747 -3.14141763868 0.820837419795 7000.0 0.820837419795
-5464.06054919 61.9314157599 0.962727069453 5800.0 0.962727069453
-4891.16226986 24.6017557019 0.894618352142 6000.0 0.894618352142
-5296.35702476 1.80185279486 0.873633068456 5000.0 0.873633068456
-6284.62475546 -20.5989027416 0.917161905475 5800.0 0.917161905475
-1313.41384688 54.3172627371 0.981610862583 6800.0 0.981610862583
-1469.06022236 6.05545687793 0.830732545388 5000.0 0.830732545388
590.246607384 15.7964379541 0.84615689114 4800.0 0.84615689114
-6437.86486228 -3.14220605013 0.954379343267 6000.0 0.954379343267
1431.52216697 -24.6150669624 0.890617360473 4200.0 0.890617360473
-7784.76173011 -40.1850663031 0.969880545748 5800.0 0.969880545748
1046.68448687 -70.3305457723 0.948051822675 4800.0 0.948051822675
2393.2652393 26.9014088732 0.878759107285 5000.0 0.878759107285
5423.49204109 40.1109180763 0.971367704348 5800.0 0.971367704348
-52.7954139801 -8.5820269912 0.885233254705 5000.0 0.885233254705
-4292.70709673 68.686599981 0.9735270226 5800.0 0.9735270226
-2103.74252571 -45.2778604539 0.898072355797 5000.0 0.898072355797
-515.378840469 -14.2405758678 0.892823285634 6800.0 0.892823285634
-152.672737317 69.7791363229 0.992884507258 600.0 0.992884507258
-5580.56426383 41.5525565693 0.970725893804 5800.0 0.970725893804
2348.40383341 -14.2931686389 0.869834507744 4600.0 0.869834507744
-3653.28750275 17.1711850739 0.847780609756 5000.0 0.847780609756
1491.39183688 49.1577665254 0.982084980559 1200.0 0.982084980559
-6436.6424801 -18.9205568031 0.957124781954 6000.0 0.957124781954
4725.58477902 76.645701338 0.980106263696 1400.0 0.980106263696
-4998.81711026 70.0576335555 0.971016010178 6000.0 0.971016010178
1701.85165002 7.74629117594 0.854183195328 4800.0 0.854183195328
-2023.595075 8.59207743318 0.836961351494 5000.0 0.836961351494
6333.39399381 -5.67578880108 0.970058756013 6400.0 0.970058756013
-457.745095738 17.2448935459 0.867820275915 4800.0 0.867820275915
7344.40391676 -66.4003546515 0.987804377389 5400.0 0.987804377389
-7238.07742153 -22.6719263611 0.9104811194 5200.0 0.9104811194
-4878.92790011 -57.1263926515 0.985454642415 7800.0 0.985454642415
-6334.68103994 6.27890322838 0.959515959728 5400.0 0.959515959728
-5999.05656584 46.7372263944 0.98643968616 5000.0 0.98643968616
-68.0947769555 -46.8475310566 0.940951422163 4800.0 0.940951422163
5590.6947698 73.5595565991 0.997695456316 7800.0 0.997695456316
-799.779890661 25.8518978895 0.893323599376 5000.0 0.893323599376
2700.09520819 18.6321204378 0.908013590574 6000.0 0.908013590574
990.660348207 -53.8334845993 0.911086035917 5000.0 0.911086035917
1780.99623683 32.1814670596 0.893042905278 5400.0 0.893042905278
-519.513773351 51.4413734153 0.961394738453 800.0 0.961394738453
-129.654894879 1.06723234971 0.819313729944 5000.0 0.819313729944
-2707.19473973 29.8108486457 0.85225051724 5000.0 0.85225051724
7453.7727346 -51.9189741192 0.988777505916 5600.0 0.988777505916
-3308.47924551 -14.6666748763 0.841656691182 5000.0 0.841656691182
5985.47198558 22.4930049912 0.989674126309 7200.0 0.989674126309
-6363.06157465 -33.3835955992 0.936333879748 5200.0 0.936333879748
2602.81794157 -89.9476602497 0.980024684079 6400.0 0.980024684079
3834.19176114 -31.7839745233 0.902858868014 6400.0 0.902858868014
-8038.15434258 -49.6445386784 0.995942355034 3800.0 0.995942355034
-5107.34918934 -82.9277442982 0.985892638389 6000.0 0.985892638389
-1622.70961218 55.9144147304 0.968067855683 5000.0 0.968067855683
7302.043639 69.5229946795 0.996935135765 5000.0 0.996935135765
5450.39992151 24.8641251317 0.948482952291 6000.0 0.948482952291
-7684.08023016 9.00735165207 0.970976026534 6000.0 0.970976026534
-4351.29401328 72.3335509182 0.959133047406 5000.0 0.959133047406
-5878.61216821 58.3801646859 0.99864790389 6000.0 0.99864790389
1331.59062951 41.839748893 0.900486920205 5000.0 0.900486920205
-5315.31678437 -53.6339662334 0.976899274478 5600.0 0.976899274478
-7147.83753935 -49.757664473 0.998450717711 6000.0 0.998450717711
-2762.91789139 28.0415777069 0.82782580897 4800.0 0.82782580897
-1689.98354553 -30.4027441569 0.864321502827 5000.0 0.864321502827
184.257061122 -49.6731953572 0.988883386764 7200.0 0.988883386764
-4487.3153899 -2.72161102769 0.843057735074 5000.0 0.843057735074
1578.55051185 -46.1770698659 0.989487712998 6800.0 0.989487712998
6961.71923574 34.3875679369 0.979461589011 5800.0 0.979461589011
-4172.23965302 60.5971298024 0.963533571606 6000.0 0.963533571606
2877.53416718 -21.4648206577 0.900064584484 6200.0 0.900064584484
3210.83370431 -8.27137533687 0.850025991587 5000.0 0.850025991587
-2946.91785601 7.20525951983 0.771905086341 5000.0 0.771905086341
