-591.930770076 -60.8203758882 0.944227974804 5000.0 0.944227974804
-6430.16511906 19.9341014988 0.983519952602 5800.0 0.983519952602
3264.95748995 -62.7863091756 0.984939786855 1600.0 0.984939786855
-4531.4500298 68.4295750096 0.94174815992 5000.0 0.94174815992
729.362559303 23.5714202802 0.894070785958 5600.0 0.894070785958
-6438.45329162 -46.1706752103 0.903832452947 5000.0 0.903832452947
-2690.47543113 55.0574777934 0.940227398613 4800.0 0.940227398613
6038.66765511 27.8424112639 0.932901355697 5000.0 0.932901355697
5782.21146637 -67.9270095939 0.990821699284 1600.0 0.990821699284
4210.98407558 62.8887069165 0.967541771198 5000.0 0.967541771198
-5736.99911593 39.4281985789 0.852979937053 5000.0 0.852979937053
6073.85748155 -42.1336927977 0.981627238473 5400.0 0.981627238473
-7454.52600052 -12.9159196829 0.959737916433 5800.0 0.959737916433
6738.91253217 -73.043108053 0.980468169513 7800.0 0.980468169513
1671.0966782 -82.1767006847 0.931642323502 6400.0 0.931642323502
4356.32753556 30.3734791387 0.893701624027 6800.0 0.893701624027
3083.53493157 -30.2024951018 0.893916695762 6000.0 0.893916695762
-1974.86828861 -3.08209703711 0.776022267471 5000.0 0.776022267471
-1831.23439679 -22.0747580283 0.795019895812 5000.0 0.795019895812
6135.75604614 38.5796868874 0.973155459321 5200.0 0.973155459321
3913.42950965 -72.4913942632 0.917504670306 5400.0 0.917504670306
6459.35433361 -56.5915004505 0.984669191919 4800.0 0.984669191919
1208.26690533 -41.0553917388 0.955697824721 1400.0 0.955697824721
-1742.08342488 -27.789221552 0.839332507988 5000.0 0.839332507988
6399.67635455 -31.6712657249 0.997448848488 5200.0 0.997448848488
6293.73912054 -40.2041584 0.899042944867 5200.0 0.899042944867
7692.752722 -33.6884549011 0.946239918598 5000.0 0.946239918598
4020.07506636 -57.7207173076 0.979933448604 5200.0 0.979933448604
-237.969602363 -13.0467249578 0.860366196828 6800.0 0.860366196828
1937.8166339 24.5504225343 0.842675183905 6000.0 0.842675183905
5522.76303883 40.9026331671 0.979281459575 4800.0 0.979281459575
-7286.46615581 -70.8126833649 0.949380916265 5000.0 0.949380916265
4203.80770377 36.3147259961 0.92700119651 6000.0 0.92700119651
-6180.5119447 81.5694535613 0.995197096409 7000.0 0.995197096409
2347.15669614 -37.083632313 0.856643905868 5400.0 0.856643905868
-3609.81234271 14.9433966218 0.896653729559 5000.0 0.896653729559
-6646.6695601 -54.6767108277 0.941111940643 4800.0 0.941111940643
4683.18870149 -8.63594026815 0.947845683658 5800.0 0.947845683658
-3692.05644194 8.39215172972 0.893817831558 5000.0 0.893817831558
-5803.7945701 12.2531747403 0.967540605291 5200.0 0.967540605291
-7192.8020191 -40.8185233535 0.988994278012 5000.0 0.988994278012
-290.520850619 60.8675498406 0.886285730016 7400.0 0.886285730016
-1611.44725254 -46.6673288247 0.954385334122 5000.0 0.954385334122
-3821.44973916 -51.4491111527 0.854596312562 5000.0 0.854596312562
-6685.37621033 37.1237148486 0.956717608137 5600.0 0.956717608137
-7195.84923318 55.5825705737 0.997652368109 7800.0 0.997652368109
-6943.28957359 -27.9244833815 0.949369373577 5000.0 0.949369373577
-6504.2486263 78.0846163512 0.997558220983 5400.0 0.997558220983
-7358.44073295 -14.4189316238 0.974519285338 5200.0 0.974519285338
-4907.53773329 16.7446684011 0.932674958936 5000.0 0.932674958936
-2024.11072693 61.9147583884 0.964728906873 7000.0 0.964728906873
-765.488022206 51.1535424342 0.902142628917 5000.0 0.902142628917
5000.37453488 -85.8746101313 0.983241550882 4400.0 0.983241550882
-2943.59486941 -42.7236265657 0.879090087957 5200.0 0.879090087957
-3132.16675616 -30.5909255187 0.811892183334 5000.0 0.811892183334
6680.50156745 -64.4053521918 0.98745050219 6800.0 0.98745050219
-6719.35371914 14.4379655405 0.95478635261 5400.0 0.95478635261
-2959.57563399 -1.36973157232 0.818478366829 5000.0 0.818478366829
7608.60614137 -44.4832496263 0.962322171168 4800.0 0.962322171168
-3608.00477194 10.4559228381 0.835604174314 5000.0 0.835604174314
-3968.16550205 -51.5535336851 0.991122847099 7600.0 0.991122847099
2574.38288088 -4.99109791888 0.852631927917 5000.0 0.852631927917
-155.283291894 11.3515086126 0.831813534395 7400.0 0.831813534395
-2815.89911911 -37.820244995 0.837567703541 5000.0 0.837567703541
-6093.96633864 -84.3065171609 0.993888267284 6800.0 0.993888267284
3043.96632499 1.0861725482 0.855625426748 5000.0 0.855625426748
-6630.7671928 64.3308154835 0.999505617981 6200.0 0.999505617981
2538.78930543 47.4223670585 0.938847625183 5000.0 0.938847625183
-5892.08465937 -31.9390653724 0.978037183902 5800.0 0.978037183902
8233.17346222 53.6356686152 0.990304420365 5000.0 0.990304420365
-2920.74844175 40.1487136433 0.929033799921 5200.0 0.929033799921
6036.30649178 72.3491166364 0.989227694466 7000.0 0.989227694466
-3127.14828299 -56.5939157859 0.804739743434 4800.0 0.804739743434
1978.07934923 41.7352502651 0.867744723696 6200.0 0.867744723696
1279.13187615 74.165578672 0.984864023879 6400.0 0.984864023879
5075.66657159 -67.9902944054 0.932819615677 7200.0 0.932819615677
-2363.22897075 -8.68053665112 0.832766982411 4800.0 0.832766982411
6742.8895432 84.5615278714 0.989642882349 1400.0 0.989642882349
-4017.96500113 -64.3563479558 0.936337217547 5000.0 0.936337217547
997.004203375 24.3006671956 0.874607830466 5000.0 0.874607830466
4796.4630877 17.3612152328 0.91270003818 6000.0 0.91270003818
-5631.23988642 74.6408524619 0.933790822175 6000.0 0.933790822175
4167.16683428 16.8983529361 0.945955892506 4800.0 0.945955892506
-5168.37526822 -50.5265438899 0.996173113448 7800.0 0.996173113448
437.494234204 -32.0304543204 0.968395947309 600.0 0.968395947309
4993.62385254 2.58104977447 0.863264535294 5000.0 0.863264535294
1512.63314251 45.7623889679 0.871566765971 6000.0 0.871566765971
-1339.5546885 -64.0589466565 0.945599424894 5000.0 0.945599424894
6652.54282517 -29.2680171012 0.991106327809 6000.0 0.991106327809
4362.44471921 -47.0641834015 0.971776910758 5800.0 0.971776910758
-457.875581924 57.0335385872 0.993692472279 3000.0 0.993692472279
-5194.71448124 -83.9644188214 0.974992092555 5000.0 0.974992092555
2827.50590313 -21.1486214245 0.916066194795 5000.0 0.916066194795
999.311577684 -22.1425692519 0.905008545709 4800.0 0.905008545709
6341.66524209 13.7624208415 0.94171596243 5000.0 0.94171596243
8243.15894316 47.2025927986 0.996683299962 7600.0 0.996683299962
-1875.08222139 -6.87519235329 0.832702920111 4800.0 0.832702920111
1646.41974906 -54.4895706067 0.882714234324 5600.0 0.882714234324
6933.51622421 -4.7803725531 0.971407040738 5000.0 0.971407040738
5970.63500528 -67.4091760451 0.969296278638 7200.0 0.969296278638
6066.47877682 67.8576960861 0.989440070256 5600.0 0.989440070256
3825.15361479 43.8895956782 0.934623207456 5200.0 0.934623207456
-6170.34679164 66.0667843161 0.991107663866 3800.0 0.991107663866
-479.118323625 -80.1626009278 0.993386353523 3200.0 0.993386353523
-8303.56257662 -86.0094146991 0.982136832463 5200.0 0.982136832463
9372.29107735 -14.9089871704 0.993806640938 5400.0 0.993806640938
6476.42592234 22.4860204785 0.992342710825 5800.0 0.992342710825
2495.05230058 -24.6061613188 0.85501652847 4800.0 0.85501652847
-1943.64714657 34.5729655028 0.902835057631 5000.0 0.902835057631
2318.23502891 6.16001664866 0.851571418951 5000.0 0.851571418951
819.646866213 -61.4138701068 0.986635959488 600.0 0.986635959488
6977.24853679 44.0967752357 1.00036621934 7800.0 1.00036621934
4041.04789542 16.9316693767 0.877833791489 5400.0 0.877833791489
4932.65121879 1.05895927997 0.916991159339 5600.0 0.916991159339
-6000.79076078 -48.8349295033 0.995929028616 4400.0 0.995929028616
188.75730429 55.5425068094 0.98586115399 600.0 0.98586115399
-68.0706751935 53.2803267339 0.963102955171 5000.0 0.963102955171
6976.12155893 -30.5423205087 0.997322152692 5800.0 0.997322152692
-1919.09101359 -55.8099856414 0.974448680304 600.0 0.974448680304
3446.29037964 35.5175943621 0.967188727759 4800.0 0.967188727759
8034.4834981 -11.7161870369 0.980554840144 6000.0 0.980554840144
-6629.6686467 28.534210773 0.979258126445 5800.0 0.979258126445
6137.72292303 22.7699837691 0.942164028313 4800.0 0.942164028313
-6770.96557844 -74.5798495228 0.974138036606 5000.0 0.974138036606
1588.83534657 43.9057190936 0.952232541072 600.0 0.952232541072
925.950184444 -73.3230872016 0.988022664979 6800.0 0.988022664979
1286.09185793 -65.0300790983 0.892584404879 6400.0 0.892584404879
8838.72384459 -6.22626406236 0.994283327431 4600.0 0.994283327431
-2991.6875583 51.7649714015 0.903744420107 5000.0 0.903744420107
1601.27107522 -7.09916215324 0.871698632133 4800.0 0.871698632133
1057.33750703 -10.3504455606 0.86839645825 6000.0 0.86839645825
-5674.93552543 -0.575827289108 0.935116727761 5200.0 0.935116727761
223.617389349 -32.2633742065 0.830770383475 5000.0 0.830770383475
-2499.25887704 -38.1412752797 0.82607866517 5000.0 0.82607866517
4528.31544944 -41.8050913564 0.996778027178 7600.0 0.996778027178
1808.51796767 19.4505173308 0.871921902173 5000.0 0.871921902173
-2661.19906164 88.9872462032 0.969144573338 5800.0 0.969144573338
-7560.30869488 5.89165443399 0.973430723937 5800.0 0.973430723937
3470.0724156 20.5206950286 0.883074495135 5800.0 0.883074495135
-1685.96902854 -17.8773797546 0.862237613431 5000.0 0.862237613431
-5985.9515785 -32.2454638864 0.900902039337 5600.0 0.900902039337
-5635.95050511 6.85625247194 0.951084471429 5400.0 0.951084471429
4088.72177795 -5.76832268244 0.888201245486 5600.0 0.888201245486
-482.421520346 -28.0763861878 0.931693290665 4800.0 0.931693290665
-5926.43085424 32.3531255685 0.97513558807 6000.0 0.97513558807
-6852.00106734 -3.40941670941 0.968018600029 5200.0 0.968018600029
-3498.88996287 10.3421829244 0.825142254386 4800.0 0.825142254386
-1684.90703744 54.251719239 0.960104759784 4800.0 0.960104759784
-1739.67548133 -41.4956324873 0.95119044595 5000.0 0.95119044595
-1371.7279444 2.62874831253 0.821678568822 5000.0 0.821678568822
4830.09701331 36.3786508881 0.924712029853 6400.0 0.924712029853
-2882.82305703 23.1775609813 0.840056762692 5000.0 0.840056762692
2944.51362828 2.80954624378 0.850679529257 5600.0 0.850679529257
-44.4238080695 59.3405164313 0.959504218113 7200.0 0.959504218113
898.066521793 56.5778987115 0.964466783323 600.0 0.964466783323
-2616.8345924 69.3289845289 0.948887945337 5200.0 0.948887945337
-1731.11103162 41.8129791861 0.850935135524 5000.0 0.850935135524
5180.43766915 17.0230151879 0.934208647769 6000.0 0.934208647769
3929.84919521 87.5732603533 0.975411829642 600.0 0.975411829642
-190.876710817 -75.9119687279 0.931447006609 7400.0 0.931447006609
-1743.93146122 11.8594360873 0.853872374472 5000.0 0.853872374472
5540.51914776 33.0443997559 0.943972370732 4800.0 0.943972370732
-887.816995744 -0.953094598871 0.807693276531 4800.0 0.807693276531
1080.56193201 45.9793398202 0.900310403308 7000.0 0.900310403308
3524.56967658 -20.3822597249 0.934895354352 5400.0 0.934895354352
4014.57521149 -71.3379214181 0.991736449524 4800.0 0.991736449524
6809.46835256 -0.926980803573 0.912747644414 5000.0 0.912747644414
8588.44282389 68.3248660305 0.994287036191 7800.0 0.994287036191
3949.35955755 -25.0740082191 0.878245719616 7600.0 0.878245719616
-2950.44221628 -31.228685189 0.876590277403 5000.0 0.876590277403
5084.52030136 22.8916611158 0.963547996578 7200.0 0.963547996578
1447.98478975 -57.561993559 0.991874951452 800.0 0.991874951452
-801.413387581 -45.4145375814 0.855825892092 5000.0 0.855825892092
-6395.35185466 -58.7138164181 0.991807820457 5800.0 0.991807820457
-2707.08874482 -63.2452026894 0.830406628552 5000.0 0.830406628552
5865.76923835 -78.4775035096 0.979240199391 7800.0 0.979240199391
-7063.51168307 31.3687742564 0.973640396289 4800.0 0.973640396289
3117.66884832 13.7263535464 0.850763877748 5000.0 0.850763877748
3244.91398623 -61.2264424264 0.978243990808 1800.0 0.978243990808
-3650.9935246 -49.7571484388 0.991343223148 4600.0 0.991343223148
3105.57209495 44.9645775478 0.987424276207 7400.0 0.987424276207
-4429.26379084 -21.5338641812 0.812871220442 5000.0 0.812871220442
327.400939457 -37.8435357074 0.869968137634 7200.0 0.869968137634
4479.58884251 48.4499258367 0.95387692686 6000.0 0.95387692686
7392.51099557 -1.25905125209 0.982037312899 5200.0 0.982037312899
-1832.55595825 76.962861577 0.991605374397 4400.0 0.991605374397
-985.539585549 -84.0330069195 0.985426595215 4800.0 0.985426595215
6410.3789862 42.7417256672 0.981004672938 5200.0 0.981004672938
1419.92704159 -59.8320855761 0.989161397291 600.0 0.989161397291
-4308.20607126 10.0153064869 0.921000425847 7200.0 0.921000425847
5973.86459704 -41.6907303773 0.922383484277 5000.0 0.922383484277
3972.01953161 36.7028996934 0.949390968412 5200.0 0.949390968412
1893.20276119 84.6494486786 0.982878709822 7800.0 0.982878709822
1628.19191722 20.959004272 0.869838027432 5000.0 0.869838027432
-3456.81746471 -47.8416412888 0.990055391281 4600.0 0.990055391281
1394.36343768 9.4265109656 0.833315117797 6400.0 0.833315117797
-5114.71234329 35.4543079715 0.947061665256 5400.0 0.947061665256
5348.78344194 33.4726545628 0.966895025188 7800.0 0.966895025188
-2392.57795301 -65.757247369 0.994546847112 4600.0 0.994546847112
4356.43323902 -28.5481692212 0.938747715986 6800.0 0.938747715986
-132.396423641 -54.5520808117 0.834290073911 5000.0 0.834290073911
-5122.76867258 70.5978784635 0.988132578717 6200.0 0.988132578717
-6062.87433072 33.686280574 0.97326058303 5000.0 0.97326058303
-17.2408433573 33.3924843529 0.877392729467 7400.0 0.877392729467
-5956.95923099 -24.3278605914 0.88692358186 5000.0 0.88692358186
-5960.2276828 -74.8816633189 0.97169280132 4800.0 0.97169280132
4690.28675381 -21.311540654 0.924299645525 5000.0 0.924299645525
-5049.80358281 -60.9854786078 0.979884923565 7400.0 0.979884923565
5636.5562788 59.0586453049 0.97393862919 7800.0 0.97393862919
3376.36079849 45.4125447029 0.886228207752 6400.0 0.886228207752
6432.40935164 5.54294232277 0.991068439507 5000.0 0.991068439507
4127.71249968 -73.0352260584 0.962450038935 5400.0 0.962450038935
-1354.56811895 -12.4475884403 0.862315102668 5000.0 0.862315102668
-19.1345718827 -54.1491352999 0.900143763884 7400.0 0.900143763884
5302.17407493 22.4138413627 0.940872962508 7200.0 0.940872962508
-1247.0031879 36.8924291125 0.878735300535 4800.0 0.878735300535
-4246.11910766 31.7964339663 0.948001035859 5000.0 0.948001035859
396.494699361 69.0500347839 0.953961224185 1200.0 0.953961224185
2858.47635437 4.16513269643 0.839040921869 5000.0 0.839040921869
235.674712543 -28.5158004629 0.840668456366 7400.0 0.840668456366
-6532.65528372 -23.7830899107 0.962265591913 5400.0 0.962265591913
4802.89786167 -4.76716621124 0.891926576037 7600.0 0.891926576037
-885.079098898 -1.68549266202 0.807515865843 5200.0 0.807515865843
755.883759633 20.5369640435 0.861539848438 7800.0 0.861539848438
-7256.90910309 75.4918368604 0.998371196636 7800.0 0.998371196636
3084.26212516 78.1551364112 0.979078294179 5000.0 0.979078294179
-415.266737594 -13.1038882864 0.848433092106 5200.0 0.848433092106
4768.27625818 -76.0034994472 0.982786335696 5800.0 0.982786335696
-5485.69355933 -68.8875226981 0.990926712475 3600.0 0.990926712475
1223.4968539 -61.866187407 0.890655353025 4800.0 0.890655353025
4663.23373464 -64.9628777696 0.975733027456 4400.0 0.975733027456
-4722.01402402 -62.7681402258 0.948918695123 5000.0 0.948918695123
2031.80689537 53.9849033182 0.959816993334 4800.0 0.959816993334
-1264.18358678 33.3477677539 0.832008091836 5000.0 0.832008091836
-4717.97350488 44.8890842876 0.992673100363 7800.0 0.992673100363
-2588.11926152 -3.49831538716 0.81898726704 5000.0 0.81898726704
-1820.11056342 9.40897237685 0.787987665363 5000.0 0.787987665363
-5669.36409044 -45.914499179 0.950696850608 5200.0 0.950696850608
-3677.00112034 -26.642824952 0.851907109677 5000.0 0.851907109677
4717.74766113 -46.7245679511 0.861499932674 4800.0 0.861499932674
5217.83141608 83.6463003589 0.977293744158 5000.0 0.977293744158
1986.29146536 -72.4385022785 0.886443827253 6200.0 0.886443827253
3594.097303 -20.3688002727 0.851675088443 6200.0 0.851675088443
-4814.83310685 69.3122289665 0.990380970924 7400.0 0.990380970924
428.645555666 -11.8379904111 0.845479562855 6200.0 0.845479562855
-4535.00040615 -66.250112835 0.993268894215 7400.0 0.993268894215
2256.24739084 -4.29908532983 0.869374868339 5000.0 0.869374868339
-3119.80738196 37.9750664434 0.924298385944 5000.0 0.924298385944
1497.18250684 -46.6261469626 0.947939555756 5600.0 0.947939555756
-4843.3853616 -8.35057110329 0.924662000941 5600.0 0.924662000941
4897.20079807 38.4432194889 0.962126271365 4800.0 0.962126271365
-376.820627992 -43.1115125625 0.945889533775 4800.0 0.945889533775
-5446.2791327 3.13197931728 0.844562890112 5000.0 0.844562890112
6660.87017001 45.963715342 0.975801662424 7800.0 0.975801662424
78.2802662547 -63.1107862561 0.945138303437 7400.0 0.945138303437
-1880.38341125 -60.7290269104 0.890807087152 5000.0 0.890807087152
-4988.37029745 -27.7339997543 0.894722624104 4800.0 0.894722624104
-4202.97905619 -27.5881132279 0.89411720856 5600.0 0.89411720856
3850.10537701 21.3256534541 0.900826165937 4800.0 0.900826165937
-2922.36866376 -56.6851460406 0.820726384668 5000.0 0.820726384668
1498.37738535 -39.5260819357 0.982027766791 1000.0 0.982027766791
-7008.12713632 89.9703297864 0.996943248258 7000.0 0.996943248258
696.186888468 -11.947687628 0.843867045592 6400.0 0.843867045592
-4346.74086639 -13.740713652 0.888115001306 5200.0 0.888115001306
-3600.38476217 -73.8720372874 0.967988461415 1200.0 0.967988461415
667.442767045 -16.6766110908 0.860494678443 6400.0 0.860494678443
6684.53845875 50.4699514864 0.99784931759 4800.0 0.99784931759
-550.185599692 53.83719534 0.928621227546 6600.0 0.928621227546
-4430.96028495 -2.41447881544 0.832945213027 5000.0 0.832945213027
5809.29016513 7.1221341793 0.982121915893 4600.0 0.982121915893
2395.46729304 46.3041101406 0.976691362735 600.0 0.976691362735
-4993.60779168 78.8743037363 0.992600222389 6200.0 0.992600222389
1820.66026754 -25.4505074406 0.92509108974 5000.0 0.92509108974
-1030.54012176 -4.26426242596 0.807008784748 5000.0 0.807008784748
-1784.37244544 -44.9893831298 0.807365486457 5000.0 0.807365486457
-4723.50771951 -55.3817721488 0.905714255368 5200.0 0.905714255368
-7511.76785432 47.9353748697 0.989388001188 6000.0 0.989388001188
751.652569542 36.0765971148 0.957114207056 4600.0 0.957114207056
2848.70394409 -36.3406692538 0.960698290109 4800.0 0.960698290109
7063.64658111 12.4866638129 0.934697907772 4800.0 0.934697907772
-6031.26029086 -32.1593773891 0.898534622467 5000.0 0.898534622467
-4373.53805298 -45.6888879254 0.923442314415 5000.0 0.923442314415
5054.30181305 -58.4348045071 0.967405702953 7600.0 0.967405702953
4620.18431503 -40.8979091409 0.937081052177 7600.0 0.937081052177
3539.08391023 -82.6034598842 0.971062120766 7200.0 0.971062120766
-5014.0798837 50.9982063366 0.952008526914 5800.0 0.952008526914
1120.81043844 -3.16280418883 0.852563662335 7200.0 0.852563662335
-6685.8795408 53.3590700318 0.983632460499 5000.0 0.983632460499
6773.28418108 35.211298541 0.915624250885 7600.0 0.915624250885
-6060.78370657 -11.0217892697 0.939129848436 5800.0 0.939129848436
6360.57696521 -56.462171483 0.994975908063 1000.0 0.994975908063
4446.12001923 -16.0977771061 0.876329339088 5000.0 0.876329339088
-2137.68567057 23.6367088922 0.83705200755 4800.0 0.83705200755
-5676.57156179 50.1135879065 0.995461873956 6200.0 0.995461873956
-5981.96653088 -32.6761787062 0.954550737815 5000.0 0.954550737815
-1372.95989906 42.8413447263 0.893342341914 5000.0 0.893342341914
-6744.1282059 53.4852967456 0.99202243317 6800.0 0.99202243317
2310.90176441 -54.7550907137 0.839596485897 5200.0 0.839596485897
-4186.60106858 50.0652211331 0.982801757848 5200.0 0.982801757848
-3572.82879421 0.886028492121 0.814818087013 5000.0 0.814818087013
5672.10057452 -13.6124340176 0.948813950026 5200.0 0.948813950026
6082.72479389 -33.7226692164 0.906689590121 5000.0 0.906689590121
-6756.50436847 -25.779499478 0.970489926307 5800.0 0.970489926307
-5976.6663067 8.56473179988 0.961256223439 5400.0 0.961256223439
5151.55429013 11.4608189315 0.902500367448 5800.0 0.902500367448
3117.92880133 6.03083577876 0.901837074199 5400.0 0.901837074199
681.214499781 81.7085069421 0.971310089498 1400.0 0.971310089498
7354.93606169 -56.1494800243 0.988268435351 5000.0 0.988268435351
-2800.65117402 -4.27513230683 0.793988056286 5000.0 0.793988056286
4889.19115931 63.604079831 0.967120862922 2800.0 0.967120862922
2302.45550427 59.5074893341 0.970358703915 5000.0 0.970358703915
6081.01016015 -26.3476739521 0.913658910117 7200.0 0.913658910117
6000.13208561 70.2530868283 0.983197587011 4800.0 0.983197587011
-1097.33154549 67.3320915556 0.989801216349 4800.0 0.989801216349
3083.479187 -3.38670697027 0.874934226219 5000.0 0.874934226219
291.128495691 6.86710887357 0.860992680101 7200.0 0.860992680101
6174.84349671 -64.5935144016 0.993002961673 5400.0 0.993002961673
2751.346073 -39.1134066488 0.986074377983 1000.0 0.986074377983
2828.73194676 -49.6143292829 0.898124376821 5000.0 0.898124376821
3563.21697261 -71.0486602935 0.991312440665 7400.0 0.991312440665
-3789.57519461 -22.5146415606 0.810125982491 5000.0 0.810125982491
-6493.55850052 -46.4898701415 0.990748218336 6000.0 0.990748218336
5737.92005444 7.64137464367 0.90850229763 5000.0 0.90850229763
1482.92649654 -12.9107632854 0.893443864445 5000.0 0.893443864445
-6630.04940936 13.9555812292 0.975641892625 5200.0 0.975641892625
6527.27021199 -20.7654900715 0.989984348508 5600.0 0.989984348508
-3119.52885861 0.679680796861 0.849253937047 5000.0 0.849253937047
-1691.05596821 61.0094783051 0.980823868883 5000.0 0.980823868883
4576.99602631 24.7258335286 0.943555487506 6000.0 0.943555487506
-1672.29213206 -38.7917666908 0.938443622502 4800.0 0.938443622502
-5515.91491579 26.1270054831 0.97205396559 5800.0 0.97205396559
5816.06601999 39.6620316945 0.974622884944 6000.0 0.974622884944
-5866.170435 5.757228158 0.954212776513 4800.0 0.954212776513
-5124.99935523 -57.8860761282 0.976820439309 5800.0 0.976820439309
-4582.48641278 44.885391852 0.951601525037 7600.0 0.951601525037
-5272.73961195 40.9044078007 0.970989726987 7800.0 0.970989726987
5850.45617438 -3.33065656172 0.964449145656 5600.0 0.964449145656
6038.01768892 -37.846318276 0.997118774449 7200.0 0.997118774449
-4264.80564199 7.18985101931 0.949137927687 7800.0 0.949137927687
3417.72364978 61.8911327564 0.976008349221 5000.0 0.976008349221
-4448.64721726 24.7519494616 0.934042300593 5000.0 0.934042300593
3453.50132869 73.0654901636 0.968166347089 7800.0 0.968166347089
-4599.4708722 -14.7194621995 0.965285063611 5000.0 0.965285063611
-2210.50942869 -45.4575904842 0.822810995381 5000.0 0.822810995381
-746.173352988 -28.6290502482 0.822686242326 4800.0 0.822686242326
3592.83574102 38.2283433493 0.930909364604 6200.0 0.930909364604
-3658.50727173 40.1812631073 0.938949474049 5000.0 0.938949474049
3979.96140427 -36.0456615003 0.960405155178 5200.0 0.960405155178
5284.29668373 18.4479726061 0.937839023335 7600.0 0.937839023335
8512.66529374 -61.9707033433 1.00336511209 7000.0 1.00336511209
3522.57266659 -58.4638817059 0.895184505041 6200.0 0.895184505041
727.879942359 40.8979120189 0.905138677353 7600.0 0.905138677353
546.66931037 -4.9916786583 0.847258016735 6200.0 0.847258016735
4422.95916225 18.1873532338 0.912343269645 4800.0 0.912343269645
-6481.08769765 -68.1602903438 0.996470265697 7800.0 0.996470265697
-1059.15886433 0.904457089404 0.872447960083 5200.0 0.872447960083
838.229369569 73.6328196394 0.980790722168 800.0 0.980790722168
1414.49893026 16.7797683834 0.864377181411 5000.0 0.864377181411
4107.22061862 -8.38051071003 0.871020518856 5400.0 0.871020518856
-4361.72914893 87.7661582154 0.988830475565 7800.0 0.988830475565
1591.08729001 32.3387574086 0.919176560015 4600.0 0.919176560015
4111.30965777 26.0199414746 0.948848183096 4800.0 0.948848183096
-1861.87027903 33.0629956541 0.892546670556 4800.0 0.892546670556
4505.83911764 -24.417294802 0.957968370345 5600.0 0.957968370345
-727.107353349 43.8702593892 0.937173697632 5000.0 0.937173697632
8428.59096812 -70.6611506854 1.00411887911 7600.0 1.00411887911
-888.292280341 9.38408279096 0.871162792601 5000.0 0.871162792601
6554.75922061 28.092656273 0.887243198175 5800.0 0.887243198175
-810.647038994 78.9246826697 0.97033653678 4800.0 0.97033653678
7705.25166634 31.8953844929 0.963480637951 6600.0 0.963480637951
-3031.64859183 77.4959224276 0.979434356418 6000.0 0.979434356418
6362.27263199 31.4913208445 0.987057526354 5400.0 0.987057526354
-4317.7946775 -64.9021315136 0.969363742081 7000.0 0.969363742081
6688.87439721 31.5283068697 0.99470313858 7600.0 0.99470313858
937.344315473 19.4738853631 0.835599619276 5000.0 0.835599619276
4697.10711981 -52.1672906907 0.948709515595 5800.0 0.948709515595
-7202.14714614 -19.4812289508 0.98542562513 5600.0 0.98542562513
4794.69330177 -26.4441106037 0.968657344081 5400.0 0.968657344081
-5378.4870132 -37.7677586234 0.947407487798 4800.0 0.947407487798
4534.16300986 1.94846218375 0.898587397621 6200.0 0.898587397621
2578.55778646 -51.2177815655 0.863038421588 5000.0 0.863038421588
-5966.58845549 55.8230062552 0.97438144941 7800.0 0.97438144941
-437.483293079 -37.2556422716 0.949868041982 600.0 0.949868041982
-3378.97660667 -41.4283662853 0.854151346289 5000.0 0.854151346289
-4601.55400337 32.0765008924 0.936519594589 6000.0 0.936519594589
-6563.9428635 68.7081028582 0.979472861552 5800.0 0.979472861552
6830.12530552 -18.7747498183 0.966698851024 5800.0 0.966698851024
7036.96491912 45.6134092528 0.988456384052 5600.0 0.988456384052
-185.271465548 -33.8547134481 0.964023504263 3800.0 0.964023504263
6075.01859879 13.9888296669 0.904117150489 5200.0 0.904117150489
-1981.32667296 -34.0661092698 0.873000958013 5000.0 0.873000958013
3270.37958964 -43.8158876608 0.975260967937 600.0 0.975260967937
-2019.64817865 72.6044502125 0.939036100883 5200.0 0.939036100883
-3177.29559679 40.4132147849 0.949004752678 5000.0 0.949004752678
2597.9735645 -18.8040912273 0.874388008087 5000.0 0.874388008087
656.38184187 2.20603586064 0.866135721194 4800.0 0.866135721194
-4153.97712752 -57.0170572661 0.939992886378 7800.0 0.939992886378
-6976.24741082 -50.8360472055 0.995150339891 4600.0 0.995150339891
2756.23072669 -64.7947721401 0.895029188859 5200.0 0.895029188859
-4718.41761005 -56.0390712564 0.910752465634 5000.0 0.910752465634
6838.78999642 -43.5982314684 0.947642627133 5000.0 0.947642627133
-3599.07410865 -38.2553592205 0.897617220858 5000.0 0.897617220858
-1880.09596039 20.1272548481 0.857172201572 4800.0 0.857172201572
1819.15877408 77.4757979764 0.984235738038 4800.0 0.984235738038
-394.828493104 -20.3754646103 0.847021696013 6600.0 0.847021696013
-5696.86137606 88.9344150131 0.978052644811 5800.0 0.978052644811
3053.8771656 53.3369497658 0.985801510596 5000.0 0.985801510596
-5912.60968905 23.5059095269 0.967494683102 5200.0 0.967494683102
7071.85123531 85.8158571042 0.974546815625 6000.0 0.974546815625
-588.760274779 64.9471932747 0.94254234556 5200.0 0.94254234556
-6656.9875331 19.6628601042 0.955348052502 6000.0 0.955348052502
5435.76167265 22.8021256961 0.94888228399 7800.0 0.94888228399
1757.18061064 -4.8742630786 0.866593040291 4800.0 0.866593040291
6624.72089029 50.9199649298 0.977891018088 7800.0 0.977891018088
4055.03645979 -70.1129242935 0.978082869344 4800.0 0.978082869344
2653.80377714 -63.9033015785 0.921418320773 5600.0 0.921418320773
-4386.50972431 13.7632144234 0.906592672211 5000.0 0.906592672211
3109.71461654 16.2657691846 0.870797484328 7600.0 0.870797484328
4522.33576971 68.6933878093 0.983735968289 7200.0 0.983735968289
-933.265708638 -29.5459278802 0.932099093373 4800.0 0.932099093373
-5357.08871138 59.1269673003 0.933091763418 5000.0 0.933091763418
-7327.35383538 34.7152281212 0.995129970126 5800.0 0.995129970126
1744.9448222 -66.2305689243 0.97604679548 600.0 0.97604679548
-2395.36270781 38.3461438888 0.952762127223 5000.0 0.952762127223
-6129.89716012 15.8946317472 0.965225139824 5600.0 0.965225139824
5571.82371718 -53.095370033 0.993166841996 6600.0 0.993166841996
4115.73492491 36.6443522826 0.884477184523 5200.0 0.884477184523
2451.62647727 18.2111646693 0.896170184909 5600.0 0.896170184909
131.460167694 -34.9537203198 0.881430656082 7400.0 0.881430656082
-2963.50534861 57.9549452712 0.859258016594 4800.0 0.859258016594
1812.49816614 29.1812746751 0.902377962736 7600.0 0.902377962736
3927.02311257 23.310583152 0.889880018524 7800.0 0.889880018524
5529.08025685 -70.92232724 0.995478913962 4800.0 0.995478913962
-6581.99930221 47.8121792769 0.979876927113 6000.0 0.979876927113
-2262.90892257 -36.9534457442 0.951867344404 5200.0 0.951867344404
5712.79701858 52.3214159217 0.992173109522 5400.0 0.992173109522
-5456.91301119 -24.8324443417 0.872674298181 5000.0 0.872674298181
-4826.41521882 59.5462385296 0.988147528901 7000.0 0.988147528901
7821.14858345 -8.15797101064 0.959085421871 5000.0 0.959085421871
2263.94174604 37.9351404279 0.91770664642 4800.0 0.91770664642
-1517.71283942 -82.6180134098 0.952123771146 5000.0 0.952123771146
-8785.05139896 18.2152855602 0.985275816231 5200.0 0.985275816231
-4505.28192081 25.8406661308 0.956515003158 5200.0 0.956515003158
485.7540401 21.9304532284 0.854397925427 7200.0 0.854397925427
2462.46872903 50.1614099891 0.867801841547 7400.0 0.867801841547
-3741.87132717 40.2570736908 0.926726924268 5200.0 0.926726924268
86.3961682372 65.713001634 0.89181743987 7400.0 0.89181743987
111.25235507 40.0662486882 0.880558406435 5000.0 0.880558406435
1081.24655831 26.7641344693 0.851051146542 7400.0 0.851051146542
-4125.06031309 23.7524941693 0.940301079032 5000.0 0.940301079032
-5679.49555419 10.1031282194 0.950025414995 5600.0 0.950025414995
-725.275017226 75.9530002611 0.979405618531 5000.0 0.979405618531
-5134.76328364 -34.1584831234 0.938964675179 4800.0 0.938964675179
4451.11693542 71.717886913 0.965616537301 1400.0 0.965616537301
-4497.49763979 -36.223711283 0.855251930734 5000.0 0.855251930734
4864.15421948 -14.1667926788 0.948479048141 7400.0 0.948479048141
-5330.17068406 69.060987146 0.988936124004 7600.0 0.988936124004
-5337.03065611 0.655716330359 0.938707439922 5400.0 0.938707439922
1531.43289623 -3.07969329871 0.885778904938 4800.0 0.885778904938
4868.4265621 17.0750670127 0.908081981932 4800.0 0.908081981932
-1875.27543643 -42.6611229527 0.945873074325 600.0 0.945873074325
3734.72982477 -10.5137689669 0.882532775772 4800.0 0.882532775772
5874.7467315 -63.988389269 0.957629487566 5600.0 0.957629487566
-9272.91773019 4.6052716673 0.992136404239 5600.0 0.992136404239
4169.75548823 -25.8045886665 0.920320913981 6000.0 0.920320913981
1672.56975023 -88.1846092503 0.988426397113 4800.0 0.988426397113
2236.68233763 -83.4072111354 0.973400792637 7000.0 0.973400792637
3218.05702931 -51.9871918966 0.951340357261 4800.0 0.951340357261
2459.5976928 -7.6932195819 0.862703825943 5000.0 0.862703825943
604.928280082 52.5059226716 0.976738120082 7400.0 0.976738120082
9145.72599134 4.15323022651 0.991305330498 4800.0 0.991305330498
-6681.96963441 60.3311556158 0.995478875144 4400.0 0.995478875144
-2740.58857728 59.2741163303 0.98279759006 5800.0 0.98279759006
-2472.67558532 -14.2968732612 0.830174308593 5000.0 0.830174308593
-1811.39821818 -21.0169818548 0.781494090952 5000.0 0.781494090952
-7094.73102477 -31.5812366598 0.950511293858 4800.0 0.950511293858
6762.80502468 46.8880981828 0.992708907404 7200.0 0.992708907404
-226.626622033 2.95291116973 0.86883314819 5000.0 0.86883314819
963.77426566 -47.9083515028 0.984518283211 6800.0 0.984518283211
7163.14417292 -58.1656907097 0.958889783945 5000.0 0.958889783945
3345.01779346 85.5222889012 0.963401742252 7800.0 0.963401742252
6653.87803642 51.5617893643 0.97492763555 4600.0 0.97492763555
686.962008041 37.2650777286 0.858840512637 5000.0 0.858840512637
5428.53206441 20.3941011681 0.949409693974 5000.0 0.949409693974
-775.376289247 -27.9141099049 0.896044952775 5000.0 0.896044952775
5715.17444729 76.7925542568 0.995543637109 7000.0 0.995543637109
-3843.29370323 -1.79670613962 0.816642328824 5000.0 0.816642328824
608.339365175 -21.6238382819 0.853315822627 6200.0 0.853315822627
-3163.23003723 29.4067843185 0.881402709484 5000.0 0.881402709484
7507.15364443 -61.5046255656 0.947187512224 4800.0 0.947187512224
-5367.49950356 -28.0059517299 0.89307968274 5800.0 0.89307968274
-6573.88623774 67.2249366484 0.996979908089 7800.0 0.996979908089
-8259.53120059 -26.9507646469 0.936201572185 6000.0 0.936201572185
1665.51587395 -14.3785954771 0.874994341931 7600.0 0.874994341931
-2983.66916282 79.4812557093 0.968539136206 5000.0 0.968539136206
6634.19813081 16.9368337589 0.989025874968 4600.0 0.989025874968
9679.63342978 -74.7447121851 0.999677464613 5600.0 0.999677464613
-1955.25440192 21.3149080993 0.863235618661 6000.0 0.863235618661
5012.89588966 -28.6317474386 0.940203246022 7200.0 0.940203246022
1955.43998751 73.4944241475 0.904717679548 6800.0 0.904717679548
-1602.17967534 19.6134353581 0.840862072116 5000.0 0.840862072116
4962.72954873 -45.9026600674 0.847626290433 4800.0 0.847626290433
2153.22889055 -61.4361067498 0.957606688347 600.0 0.957606688347
-9232.83097352 29.2705460893 0.997711286845 5800.0 0.997711286845
-3086.03638935 36.4618918296 0.888075793693 5000.0 0.888075793693
5581.13769141 5.87778306967 0.920394574695 5200.0 0.920394574695
-6243.64597603 -37.3198272778 0.974683858635 5000.0 0.974683858635
4273.48330379 2.82313218506 0.86824519986 5000.0 0.86824519986
-1340.11072831 -89.2276039033 0.98418112308 5400.0 0.98418112308
-434.883103436 25.4371957879 0.870777792133 4800.0 0.870777792133
880.612821433 82.0691685304 0.986604785004 6000.0 0.986604785004
4919.0228484 28.3585709282 0.953029433906 4800.0 0.953029433906
-7032.35950988 -1.02339100013 0.956347194147 6000.0 0.956347194147
-8529.82722512 -13.9798467401 0.947912715043 4800.0 0.947912715043
655.413544393 56.8968404463 0.927151412963 7800.0 0.927151412963
4179.53338681 26.254924997 0.849975811512 6600.0 0.849975811512
6758.06031019 -12.7702444047 0.971536595173 4000.0 0.971536595173
2760.19648421 -7.39279272472 0.869340498433 5400.0 0.869340498433
6253.78638892 -41.5076276546 0.993234310626 6000.0 0.993234310626
-6594.82149509 31.1274372331 0.97597345903 5000.0 0.97597345903
1217.96747122 -17.1472264545 0.83857097169 6800.0 0.83857097169
5237.14391869 84.9753298625 0.985669337956 5600.0 0.985669337956
-5013.86503368 -34.6479735314 0.920332664193 5800.0 0.920332664193
-4554.95786395 31.5240409113 0.90683099278 5000.0 0.90683099278
-6254.78602018 -66.7619396936 0.991067616974 5000.0 0.991067616974
6250.70218272 -18.3223327204 0.932580730962 5000.0 0.932580730962
2302.65149707 58.2168507505 0.977742180172 600.0 0.977742180172
6998.07377418 83.8500872526 0.989070597821 1600.0 0.989070597821
6973.19515202 37.1509303095 0.986515811347 5400.0 0.986515811347
2430.70602987 24.7989936934 0.902740784867 7000.0 0.902740784867
-5990.1259185 -22.6331358323 0.950454463185 5800.0 0.950454463185
3704.42955173 -56.2084279913 0.989321969701 600.0 0.989321969701
-4606.36512743 -33.6474844871 0.832610941097 5000.0 0.832610941097
-4217.23655217 40.4250520243 0.944773874053 4600.0 0.944773874053
6872.28450863 -12.3014790327 0.958638494173 7400.0 0.958638494173
4904.19481006 15.5261687431 0.864160858845 5000.0 0.864160858845
-1617.21006615 15.7806019523 0.809010255905 5000.0 0.809010255905
4552.43191343 61.9824443774 0.913711342609 6800.0 0.913711342609
1706.60687395 46.6376431283 0.886251022023 7600.0 0.886251022023
-2833.93925495 56.7710734541 0.95872649351 5000.0 0.95872649351
-811.281125613 -17.7913629957 0.827545656748 5000.0 0.827545656748
-4900.4782399 -79.671374278 0.9690762846 7800.0 0.9690762846
-1784.07169029 -70.4230093897 0.894145427341 5000.0 0.894145427341
3466.29343802 57.4290904662 0.969319638491 5000.0 0.969319638491
-5354.31870616 79.9352216838 0.99750631506 7800.0 0.99750631506
-6820.26184949 6.07439411969 0.969488114945 5000.0 0.969488114945
6422.13122863 48.3553198913 0.988674463107 5800.0 0.988674463107
-7052.15910339 5.17467836786 0.948799854427 5800.0 0.948799854427
6026.69861812 49.8927786395 0.913139582946 5200.0 0.913139582946
7018.01165602 66.2809305804 0.973349729055 5000.0 0.973349729055
6037.496524 52.3299905746 0.995540462004 6000.0 0.995540462004
-5080.7667475 12.4413873448 0.861590970271 5000.0 0.861590970271
-1255.18066488 59.727021382 0.923907201842 5000.0 0.923907201842
-5732.17169129 -23.3498457486 0.917900962709 5000.0 0.917900962709
4261.65068429 -35.055123609 0.977964407169 6400.0 0.977964407169
5968.68131133 16.0031742835 0.960613080914 600.0 0.960613080914
-3309.92847702 -2.59178190159 0.816047522164 5000.0 0.816047522164
7314.38886659 -62.8866998799 0.993062949277 7800.0 0.993062949277
7288.29310513 -7.40312953301 0.993559544474 4800.0 0.993559544474
6669.21275921 -56.2082771099 0.994915501825 6400.0 0.994915501825
-6619.51019681 -34.8644168264 0.98458871534 5200.0 0.98458871534
-1176.51411842 -75.6531053858 0.993382972938 600.0 0.993382972938
1948.80564343 45.3770326944 0.899878832578 7600.0 0.899878832578
-7918.09151036 -4.22002930826 0.97452347129 5600.0 0.97452347129
2127.00820818 20.6894740115 0.881599081316 5200.0 0.881599081316
2209.72025853 -82.9701592829 0.958516436493 1000.0 0.958516436493
-3797.87037536 76.0412116078 0.971449634072 5000.0 0.971449634072
-5471.42850327 -5.09232621503 0.946698789701 5000.0 0.946698789701
6064.26597604 17.6793499562 0.994418786583 4800.0 0.994418786583
3204.21926967 -86.368965697 0.964588711441 7400.0 0.964588711441
1580.02206083 27.6335432605 0.829190869013 7600.0 0.829190869013
-7051.13599674 37.4507501445 0.973539869984 5600.0 0.973539869984
-5680.882029 -63.9597547587 0.989901888269 5000.0 0.989901888269
4476.96751135 44.2537806242 0.868670617422 7600.0 0.868670617422
6979.73143225 59.8356029944 0.91486047092 7600.0 0.91486047092
-5560.58325701 40.9472323251 0.97441194825 5200.0 0.97441194825
2427.78912682 22.250033455 0.927873803382 6400.0 0.927873803382
3435.67465733 -70.0700550133 0.981627254392 5200.0 0.981627254392
-6126.51689781 -24.7255122747 0.91496870804 5200.0 0.91496870804
2607.0258666 22.8313851404 0.937626676567 5000.0 0.937626676567
5745.16274157 36.7211711105 0.892909605242 5800.0 0.892909605242
-3238.99042519 -59.5447212562 0.989207929241 4600.0 0.989207929241
4434.61017142 -14.3653572342 0.918123802285 5000.0 0.918123802285
-1850.59137314 39.4477737323 0.873968614993 5400.0 0.873968614993
-4956.50407952 -47.9108581065 0.999105889621 6800.0 0.999105889621
8186.64974237 -35.1757342119 0.999564769174 7800.0 0.999564769174
425.826163892 73.485138387 0.973505406567 7400.0 0.973505406567
13.6256658483 74.9819672938 0.967450766304 1400.0 0.967450766304
-5958.2401584 -12.9003160848 0.915160851133 5000.0 0.915160851133
-7096.70077828 -51.291532506 0.987704352752 5800.0 0.987704352752
6184.90501828 41.5149705069 0.975873620417 4800.0 0.975873620417
4386.56863007 -34.3734340106 0.961967657793 5600.0 0.961967657793
4853.54306262 -50.8019815719 0.966507741495 5400.0 0.966507741495
7054.7546251 -13.0114483303 0.980396694331 5000.0 0.980396694331
7636.56616168 8.36230094377 0.966326272193 6000.0 0.966326272193
632.82760516 51.511423767 0.866088051215 7600.0 0.866088051215
-281.328720343 37.4085910386 0.920188454778 7600.0 0.920188454778
480.950911659 40.7232795175 0.924516899812 7200.0 0.924516899812
2658.10690084 41.616538327 0.892323725244 7000.0 0.892323725244
-4634.71041328 -54.7070035938 0.950129793413 6000.0 0.950129793413
5720.02992216 53.2420012393 0.942468859937 7200.0 0.942468859937
-4284.21352633 6.24866271404 0.874876991886 5000.0 0.874876991886
-2203.11267863 8.99105979973 0.870053339822 5000.0 0.870053339822
-6775.33271299 -51.3667420524 0.977373644 5000.0 0.977373644
5662.54519923 -46.1823370229 0.927347837876 5200.0 0.927347837876
-333.64994091 17.501811653 0.816016114293 5000.0 0.816016114293
4528.61940098 -37.0614287806 0.953844406044 7800.0 0.953844406044
1900.34607526 30.915327144 0.82811101899 5000.0 0.82811101899
3882.62483297 -28.6968178459 0.983400142325 5200.0 0.983400142325
-5228.26278517 53.3186226192 0.949958789732 7600.0 0.949958789732
-4613.6209441 -54.9935344633 0.988186515833 7800.0 0.988186515833
3622.21129017 14.1567927279 0.898445494257 5600.0 0.898445494257
-4028.43075955 39.3772192235 0.900732441554 5000.0 0.900732441554
-901.949339636 30.8460744895 0.829754298281 5000.0 0.829754298281
142.932406924 0.799487089184 0.852925610085 6600.0 0.852925610085
-7365.39027657 -41.6496903815 0.999895860307 7800.0 0.999895860307
2824.92103147 -45.2008873392 0.860267157942 5200.0 0.860267157942
-5660.16561761 39.0562098936 0.992686035176 7800.0 0.992686035176
-5332.65503828 -57.0123615833 1.00017353803 7400.0 1.00017353803
-5091.03021385 -78.1827566641 0.975388851915 6200.0 0.975388851915
-5440.26789662 -25.034921177 0.913001834825 4800.0 0.913001834825
-2366.68909861 -78.8444564728 0.944974229704 5000.0 0.944974229704
7472.26692238 18.3823875879 0.990760778474 5600.0 0.990760778474
-3013.87258335 -19.8129607182 0.833016033022 5000.0 0.833016033022
-5023.19117606 79.4033260124 0.983081355874 6000.0 0.983081355874
-4770.35234454 -65.6501596 0.995238777363 5600.0 0.995238777363
1608.19614714 -74.7283708414 0.988483531993 600.0 0.988483531993
3390.01384575 72.5006986418 0.97057266269 1200.0 0.97057266269
-4390.92229783 -38.680006137 0.938891215789 5200.0 0.938891215789
-3037.96538921 -23.1265878787 0.826752439588 5000.0 0.826752439588
592.50501363 -67.1222116394 0.98206792783 7600.0 0.98206792783
-3110.20022258 1.00115419016 0.818754547772 5000.0 0.818754547772
1162.84054035 -32.1900242508 0.899070923338 7400.0 0.899070923338
-4033.20912128 6.11562687532 0.940965353311 5200.0 0.940965353311
4917.49847559 -55.0758962069 0.958394122907 5200.0 0.958394122907
5936.10494936 1.15005678705 0.988984437091 6000.0 0.988984437091
-2614.22695223 52.6987908364 0.980305460504 3800.0 0.980305460504
6651.81550028 29.9209542942 0.996363013838 3800.0 0.996363013838
5265.02979762 82.4762760506 0.982315919851 5600.0 0.982315919851
-1599.47732958 70.0029216648 0.958272640968 4800.0 0.958272640968
-3704.32674967 -23.5177134736 0.860150350843 4800.0 0.860150350843
-1062.64827365 -45.9619376732 0.795443701996 5000.0 0.795443701996
5809.59970188 -12.2948163708 0.957992211336 7600.0 0.957992211336
-6747.17225199 71.4577808886 0.999055063619 3800.0 0.999055063619
-888.621587591 39.746260671 0.932858927562 4800.0 0.932858927562
-3966.67407572 -79.1749318184 0.979781111992 7600.0 0.979781111992
-92.9833311646 -64.4485604138 0.909938661966 5000.0 0.909938661966
-6622.65948811 -3.63161901464 0.944002087393 5400.0 0.944002087393
673.897106634 46.4063113815 0.899783867938 6600.0 0.899783867938
-1415.54694455 -25.6599037019 0.839091058468 5200.0 0.839091058468
502.535095974 -45.7138357659 0.881916508077 7200.0 0.881916508077
2250.65988051 -48.1405700723 0.973908699245 5000.0 0.973908699245
-114.503300157 -73.3237398384 0.98836579604 6400.0 0.98836579604
-695.245459026 60.9212262957 0.959264421244 5000.0 0.959264421244
-2595.05230535 16.7153006026 0.860128136595 4800.0 0.860128136595
-1696.22698081 -15.1169583795 0.822090440031 5000.0 0.822090440031
-6473.13429826 17.4340419703 0.971394945948 6000.0 0.971394945948
419.195248738 -17.9586875489 0.866247693733 4800.0 0.866247693733
-538.823157747 76.5280756963 0.981312591614 4800.0 0.981312591614
-958.758991181 52.1644668494 0.984916576506 4800.0 0.984916576506
-9488.34350688 63.7946006035 0.99981180447 6000.0 0.99981180447
4357.00063452 -12.7455092829 0.921952790089 5600.0 0.921952790089
4704.54131432 -3.62657713627 0.929280687163 6200.0 0.929280687163
-6127.48063816 55.9799962879 0.977444761616 5000.0 0.977444761616
-5371.53158161 -72.7788187708 0.974179687296 6000.0 0.974179687296
-6422.1450615 -14.398012863 0.922147497335 5000.0 0.922147497335
321.30222425 -22.9832026403 0.854064258389 7400.0 0.854064258389
866.455446267 33.1378648289 0.893467591968 6000.0 0.893467591968
-173.091763268 37.2032905335 0.936032803024 4800.0 0.936032803024
2479.32655787 -22.4130400023 0.935185609407 4800.0 0.935185609407
5277.6422675 -28.8241043001 0.916278145286 5600.0 0.916278145286
-5945.75241203 72.0356388455 0.951355983317 5000.0 0.951355983317
-4197.4541409 80.9131592868 0.986084507452 7000.0 0.986084507452
-394.135967588 57.0135843751 0.904081023572 7400.0 0.904081023572
-691.008382805 2.77260678117 0.876844184997 5000.0 0.876844184997
-4060.97587183 58.9614778388 0.945431495533 5200.0 0.945431495533
3483.95635571 -20.4256367411 0.875999153617 5000.0 0.875999153617
4240.26443495 -5.31825836826 0.88682130437 5200.0 0.88682130437
-2415.8919506 52.6344000812 0.942240980864 6000.0 0.942240980864
2548.90911333 -16.4319339754 0.880623020319 5200.0 0.880623020319
-2491.25723962 -38.2211348021 0.895193711343 5000.0 0.895193711343
-1701.19837269 -62.715574361 0.899965241665 5000.0 0.899965241665
1173.52124973 -10.1105446133 0.846962074122 6600.0 0.846962074122
8083.04078514 -72.4091947646 0.999177758239 6400.0 0.999177758239
5182.74192346 -4.96490698442 0.913239946114 5400.0 0.913239946114
1031.66115953 -49.2150463529 0.924900419578 5200.0 0.924900419578
-4250.12196138 -4.29774988845 0.814769279731 5000.0 0.814769279731
-2183.01822198 22.7040313871 0.859947699353 5000.0 0.859947699353
-4955.74951321 -29.2477328096 0.879784295694 5000.0 0.879784295694
-4990.58132142 62.6669937811 0.983893796874 6600.0 0.983893796874
4705.72345844 -31.3591377805 0.933398286343 4800.0 0.933398286343
-3979.9774014 -1.15171318045 0.895864703224 5000.0 0.895864703224
3786.55745659 49.7227890612 0.962549253845 600.0 0.962549253845
7885.53170975 -36.7143706582 0.99369701015 4600.0 0.99369701015
7991.24335687 -1.95815542307 0.993029856357 5400.0 0.993029856357
4199.12413817 -88.4792017244 0.991352202453 1600.0 0.991352202453
-3909.56689883 -25.1332992982 0.879259522957 5000.0 0.879259522957
-3447.17942464 61.7751541906 0.963636599189 5200.0 0.963636599189
1412.8832869 -24.6248312477 0.937476850524 4800.0 0.937476850524
2034.50382519 -41.0719898929 0.964685178817 600.0 0.964685178817
-2235.64991456 34.4550979875 0.957372965769 4600.0 0.957372965769
-5859.26406859 -72.8042727563 0.995632497951 5200.0 0.995632497951
6913.11524942 49.1616246291 0.974336648469 7800.0 0.974336648469
4943.85190653 -37.3313729257 0.873608288616 5400.0 0.873608288616
6064.10116471 46.3368457295 0.996714483859 7800.0 0.996714483859
-1029.07661256 -26.9706967958 0.82228266042 5000.0 0.82228266042
-6914.09469134 -79.2623286005 0.992534280339 3400.0 0.992534280339
3029.81923854 -26.7866954548 0.933385140242 5000.0 0.933385140242
-5823.51817014 -74.2267913293 0.992051055361 7200.0 0.992051055361
4383.69138888 41.9559016898 0.976232130086 6000.0 0.976232130086
-8974.16038417 35.0004457242 0.982290447042 5600.0 0.982290447042
-3206.09620897 56.6472319723 0.911972188627 5000.0 0.911972188627
-4683.44235949 33.1422756336 0.956823048573 5000.0 0.956823048573
-4869.21881808 47.0515608789 0.975433144853 7400.0 0.975433144853
3868.13827501 -30.8071555428 0.965614010465 4600.0 0.965614010465
-7114.04830261 -29.8625544787 0.996981674977 7800.0 0.996981674977
-1570.64617391 37.4730347263 0.879870628681 5000.0 0.879870628681
893.580332014 -71.2841629202 0.952838713124 5000.0 0.952838713124
-4831.58941225 22.9452134008 0.958793871229 6000.0 0.958793871229
1396.19898314 -20.1207390245 0.89477470161 5000.0 0.89477470161
-1948.84691729 -43.9614861737 0.805825402501 5000.0 0.805825402501
1148.87669719 23.5916831671 0.84954400538 6800.0 0.84954400538
4806.87299093 52.7352305892 0.977634278643 7600.0 0.977634278643
3485.71223717 13.7360534584 0.908713146857 5200.0 0.908713146857
1688.35525036 15.6252681418 0.852475993834 7600.0 0.852475993834
-4107.13274527 77.8750836531 0.991788800943 5600.0 0.991788800943
-3331.31711046 41.2491612874 0.839337624583 5000.0 0.839337624583
7512.07610079 -22.2103879471 0.972150003865 4800.0 0.972150003865
-551.510135442 64.5006004459 0.982342137358 4800.0 0.982342137358
2760.70198051 -31.226365145 0.886810145027 5600.0 0.886810145027
2263.41211806 -4.53173871003 0.87344090136 5000.0 0.87344090136
-3801.70384501 -39.8831757475 0.97993133865 5000.0 0.97993133865
-551.158413252 66.7775726437 0.930143265853 5000.0 0.930143265853
-7114.87677288 68.7150437482 0.997533161459 5200.0 0.997533161459
3919.42709905 -11.2064882558 0.890366372916 6800.0 0.890366372916
1545.2082377 21.8474693021 0.844892477959 6400.0 0.844892477959
-3492.17254355 65.6500978383 0.982478493735 3600.0 0.982478493735
-7316.70507075 5.05417560083 0.956001302791 5000.0 0.956001302791
2027.54953731 2.90088335643 0.823023550422 5000.0 0.823023550422
-2329.91399966 27.2329869742 0.910497238105 4800.0 0.910497238105
-1581.29918136 -30.6105793045 0.901831759762 4800.0 0.901831759762
2687.14871645 41.1565415255 0.885494263648 4800.0 0.885494263648
-1291.30749642 34.4768244509 0.883537138187 5000.0 0.883537138187
-6228.2259852 78.3124362524 0.977543739256 5800.0 0.977543739256
3581.90916613 -25.9305955274 0.897275817053 4600.0 0.897275817053
2228.18754546 -35.6829344486 0.887442924332 6000.0 0.887442924332
6974.77284314 -43.2368894563 0.992004827585 1800.0 0.992004827585
-438.137842533 34.0389032594 0.902408604423 7800.0 0.902408604423
-5819.05926687 -11.5507080119 0.923637693416 5200.0 0.923637693416
2806.72021253 -22.049388761 0.836291247747 5000.0 0.836291247747
6222.49501003 30.7678845976 0.942108966218 6000.0 0.942108966218
-3101.92886405 -4.18349615292 0.842205499903 5000.0 0.842205499903
-3634.29754395 -46.7085174265 0.94333707788 5200.0 0.94333707788
-6724.31022641 43.1440732329 0.989832464073 6000.0 0.989832464073
3635.07330293 37.5099771543 0.917749161777 5600.0 0.917749161777
74.7031967895 -59.859367723 0.957546856282 4800.0 0.957546856282
3088.46105004 -48.9919605833 0.98487487575 800.0 0.98487487575
240.100924759 54.5332282907 0.923840190165 7400.0 0.923840190165
1163.33804132 -0.73081934483 0.842063868523 5200.0 0.842063868523
-3086.25374727 48.9913469689 0.944606295351 5000.0 0.944606295351
3241.7687546 65.7605171922 0.954292021585 4800.0 0.954292021585
-226.240195356 15.7886159987 0.860126468846 7600.0 0.860126468846
4163.05999337 -75.3882628611 0.988630557754 1200.0 0.988630557754
-7055.63228551 44.4119930483 0.970573342934 5000.0 0.970573342934
-1452.95039507 -89.0323105322 0.984920619649 4800.0 0.984920619649
-9341.08294765 -22.8039722983 0.988562345358 4800.0 0.988562345358
-797.370850638 25.0912131584 0.871598076826 5000.0 0.871598076826
1545.79325178 58.4999890738 0.959278420557 4800.0 0.959278420557
3190.38928409 -28.0786315016 0.856988269003 6000.0 0.856988269003
562.663656202 86.0475735474 0.983818512611 1400.0 0.983818512611
251.606388638 -80.0347865128 0.972211215219 5000.0 0.972211215219
-2798.25786648 -18.2439018542 0.847097492981 5000.0 0.847097492981
-3056.06343988 26.2876185553 0.875942717361 5000.0 0.875942717361
6539.52222775 -54.4210791193 0.998917441807 7800.0 0.998917441807
3211.94774792 -11.4552920956 0.879246806065 5000.0 0.879246806065
6885.97132864 19.4784309829 0.989580855315 4800.0 0.989580855315
4534.40974425 -47.5400479584 0.918409554228 5000.0 0.918409554228
-3719.04328119 -26.7375681083 0.86252776266 5000.0 0.86252776266
4269.89293671 -26.2908386416 0.968162453566 5000.0 0.968162453566
-861.316338698 19.4975932766 0.840193023337 5000.0 0.840193023337
3970.61980206 -18.3903679968 0.90830043211 4600.0 0.90830043211
5112.20791689 46.3444681345 0.982053356546 7800.0 0.982053356546
-146.583048683 -59.0625827814 0.925041623768 5000.0 0.925041623768
4727.35748938 -45.8306025696 0.906417544235 7200.0 0.906417544235
5815.09880799 69.6084382899 0.9901567455 6400.0 0.9901567455
3937.83855503 -26.2243210051 0.911236014718 5400.0 0.911236014718
-2677.75833406 -7.24664564467 0.801929133927 4800.0 0.801929133927
-1361.02174521 28.0665780747 0.827662469456 5000.0 0.827662469456
-4926.65666525 -31.4927913111 0.84946774504 4800.0 0.84946774504
3885.68047515 5.34860163385 0.910445518874 5000.0 0.910445518874
7269.30801437 22.1547461519 0.967485365737 5400.0 0.967485365737
5397.45799338 47.7373646909 0.950538429028 4600.0 0.950538429028
4408.56473156 -37.3879987346 0.94956050732 4800.0 0.94956050732
8451.64340564 -3.28715123554 0.992947847434 4800.0 0.992947847434
1246.54334779 -9.41502025423 0.880657855591 6200.0 0.880657855591
7093.38798562 2.81002528713 0.989308130838 5000.0 0.989308130838
-2689.26087325 7.81296197202 0.836817030667 5000.0 0.836817030667
-6730.58823433 25.02888726 0.991178685041 5000.0 0.991178685041
1394.39893298 -79.7493303676 0.987456234057 600.0 0.987456234057
1813.51317786 -35.1274001407 0.954786130195 5400.0 0.954786130195
-141.073874267 -71.0172117886 0.911697084232 5000.0 0.911697084232
2144.73557801 -26.6035722264 0.848123609472 5000.0 0.848123609472
-773.399365893 -45.486759222 0.930242714298 600.0 0.930242714298
-1858.55923401 -83.8692313039 0.944033428045 4800.0 0.944033428045
1963.96416183 15.9083889103 0.874658091363 5000.0 0.874658091363
-7332.61901937 -13.3588917813 0.959825377589 5800.0 0.959825377589
6397.85139273 -67.5597442295 0.976795182281 7800.0 0.976795182281
8157.95792932 47.2302203036 0.977451947883 5800.0 0.977451947883
-7028.85570123 64.6018983597 0.993848740593 5800.0 0.993848740593
498.230981218 39.368523643 0.924319696491 6200.0 0.924319696491
-7276.14360318 -55.435166657 0.997234413588 5200.0 0.997234413588
4663.63079044 61.1681067797 0.920412620671 7600.0 0.920412620671
2591.51744045 50.0639124715 0.98648561305 6400.0 0.98648561305
-5129.08916354 -72.7336429509 0.98141899253 7800.0 0.98141899253
6907.47282242 46.761390107 1.00040763548 3000.0 1.00040763548
-5446.13513305 51.8421370417 0.968390886538 5000.0 0.968390886538
-6474.09468821 9.93594534715 0.983674827319 4800.0 0.983674827319
-2668.48219474 14.6747157759 0.831520280983 5000.0 0.831520280983
6608.81866093 58.5801718605 0.997397563155 7800.0 0.997397563155
-3447.20452878 -26.4267974332 0.830610346854 5000.0 0.830610346854
-2634.38690805 41.7513032282 0.833382076043 5000.0 0.833382076043
-9227.71167389 61.9141204903 0.99054674122 5800.0 0.99054674122
-2082.09335652 -2.31681142914 0.802387287197 4800.0 0.802387287197
-3176.31193532 -14.7077997543 0.835769097111 5000.0 0.835769097111
-2219.03786062 12.6654754836 0.79867436042 5000.0 0.79867436042
-2947.48513641 -89.2412749897 0.967484447419 7400.0 0.967484447419
8554.74940818 35.3885872056 0.986128626841 4800.0 0.986128626841
3527.4349689 -21.7989283137 0.90788444345 6200.0 0.90788444345
-3557.70178146 40.7167399936 0.930084350592 5000.0 0.930084350592
3839.1202665 -51.4881943054 0.925596649095 5800.0 0.925596649095
-2802.5329413 -24.5195789454 0.779985243176 5000.0 0.779985243176
875.107278781 75.9701485038 0.987566264657 7000.0 0.987566264657
-6917.329492 27.7967149611 0.984869731676 5800.0 0.984869731676
-1941.61149518 23.832409844 0.854036301203 5000.0 0.854036301203
-9796.06757105 -54.3465474104 0.998239022396 7400.0 0.998239022396
-2516.5186792 -74.0378507008 0.981082566545 6600.0 0.981082566545
383.694852718 57.8806417252 0.853958554521 7200.0 0.853958554521
584.203940801 58.2184611087 0.973394783734 4800.0 0.973394783734
5678.55939543 17.4485265702 0.933906497486 5600.0 0.933906497486
-6677.95675518 29.2577860012 0.970642472725 5000.0 0.970642472725
6281.93165706 -53.6949517663 0.944923178593 4200.0 0.944923178593
3356.56797849 59.9075632394 0.986235342375 600.0 0.986235342375
6719.16156114 -53.1420158199 0.994703480612 7800.0 0.994703480612
5717.60518796 63.3844504811 0.988070694847 5000.0 0.988070694847
1597.58484626 -1.21665576344 0.853192145018 7200.0 0.853192145018
-855.19763808 38.3612856121 0.899512452642 4800.0 0.899512452642
-7063.81903656 -31.1090703738 0.966650564077 5000.0 0.966650564077
-4769.51575186 12.0610588249 0.958219554403 5200.0 0.958219554403
-8019.00188907 -12.3499846174 0.961997014824 5800.0 0.961997014824
-2557.78755084 -35.2688121353 0.84672257399 5000.0 0.84672257399
-660.942886129 -79.180388726 0.957628345878 5200.0 0.957628345878
-3822.83443276 -45.3282066098 0.91954116069 5000.0 0.91954116069
-6139.72075496 6.46298255918 0.940550606594 5000.0 0.940550606594
-7438.49499479 59.9040652187 0.972491853007 5400.0 0.972491853007
-2505.99573466 53.8605535946 0.960662367645 5400.0 0.960662367645
-1874.38008397 40.8176525745 0.968504772164 4600.0 0.968504772164
-6793.63951048 26.4323130038 0.96801228554 5000.0 0.96801228554
-5301.56892284 9.61598959779 0.947418229444 5600.0 0.947418229444
5954.8159461 -32.9233551392 0.990787704259 2400.0 0.990787704259
6087.40148632 21.9223035062 0.952963194834 4600.0 0.952963194834
6273.99348102 30.4750616931 0.995470241122 5800.0 0.995470241122
6218.11497423 -21.3371082586 0.935781058289 7800.0 0.935781058289
2467.61518083 24.0730981137 0.856512640427 5800.0 0.856512640427
-634.064710697 -22.1734115495 0.820612703273 5000.0 0.820612703273
1662.26358999 -50.0059732897 0.884975523709 4800.0 0.884975523709
-1952.88789011 55.2309967022 0.860381725211 5000.0 0.860381725211
-8311.08109841 -81.122349949 0.997477678775 5800.0 0.997477678775
5557.3951404 -40.5136076398 0.981515553476 7800.0 0.981515553476
247.008476297 -1.27639672219 0.835660464372 7800.0 0.835660464372
-6727.41811974 15.460316391 0.973648818339 6000.0 0.973648818339
-1819.80919481 -13.9765743422 0.772664461632 5000.0 0.772664461632
-6998.09081015 10.4354898804 0.956759865275 5000.0 0.956759865275
3122.82044418 37.9826525423 0.966943651691 600.0 0.966943651691
-4728.32587564 83.6272294098 0.988687603687 3400.0 0.988687603687
1698.90439234 8.34064473109 0.893466396674 5400.0 0.893466396674
3384.19268944 48.303711756 0.860517648099 7800.0 0.860517648099
4396.28860691 35.9422907003 0.882571977567 5400.0 0.882571977567
1869.59146023 -11.4517534811 0.820698662264 4800.0 0.820698662264
2032.10577934 42.373384297 0.922286291097 5000.0 0.922286291097
6194.74173064 -12.749287907 0.904171162789 5000.0 0.904171162789
6487.45293222 -49.8923941514 0.985416022461 7800.0 0.985416022461
3591.05716279 -59.5243566618 0.978112659601 5000.0 0.978112659601
3967.8497568 28.288850995 0.923029191613 3600.0 0.923029191613
3145.03829151 -45.217362425 0.890434187073 5400.0 0.890434187073
-5189.2756596 -25.0213510574 0.936116166056 4800.0 0.936116166056
-403.204231872 24.0416235292 0.837054990953 5200.0 0.837054990953
2416.67734058 -2.03018513865 0.870720706828 5200.0 0.870720706828
-4230.15542391 -11.91362372 0.859377497163 5200.0 0.859377497163
-2568.20596172 -4.31391846605 0.770539686204 4800.0 0.770539686204
1235.05712057 33.8040311873 0.936881705803 6600.0 0.936881705803
2609.51674084 -23.3049304253 0.823910901997 5000.0 0.823910901997
-3028.754481 -36.9723018305 0.974520231428 4800.0 0.974520231428
1318.93217148 19.6389812031 0.888716705258 5000.0 0.888716705258
5996.82546923 -60.0420239325 0.9896365978 5800.0 0.9896365978
-648.7117576 63.0979315672 0.986595719647 600.0 0.986595719647
-1700.07303393 13.4041143392 0.784630952385 4800.0 0.784630952385
3614.41309412 -57.0356604876 0.972470593001 4800.0 0.972470593001
-602.601451331 -85.3159801516 0.98688370107 4800.0 0.98688370107
6999.81169093 -63.5262560295 0.988495148802 5000.0 0.988495148802
6948.43199329 -46.255879297 0.989739408158 7800.0 0.989739408158
6339.9723088 -3.05221001824 0.949015613342 5800.0 0.949015613342
4651.80912993 32.366370975 0.913282774822 5000.0 0.913282774822
192.056246064 30.1914619477 0.847515073907 6600.0 0.847515073907
3482.5836513 -8.4836783109 0.843516321479 4800.0 0.843516321479
-5894.08222565 -24.6272197494 0.917042282766 5000.0 0.917042282766
4251.83762091 -70.5616481483 0.916935167303 7800.0 0.916935167303
-7603.89722561 -67.5449439859 0.998062398015 5800.0 0.998062398015
-4794.05876326 12.9464030545 0.899531849847 5000.0 0.899531849847
7715.9109912 51.3491178356 0.994379088079 7800.0 0.994379088079
-6791.35544852 57.1968063726 0.975789476637 5800.0 0.975789476637
2769.79409022 -77.9288647071 0.955558885356 5000.0 0.955558885356
5020.75465673 -28.0522161311 0.886126310459 6000.0 0.886126310459
-894.443828004 41.5167850386 0.881971898665 5000.0 0.881971898665
4906.97823447 -66.6806109843 0.983963448726 7800.0 0.983963448726
-930.670756524 65.8673956868 0.981283835478 4800.0 0.981283835478
-3312.61045974 26.5078891713 0.825579756621 5000.0 0.825579756621
47.5684402321 31.986524817 0.951608625552 4800.0 0.951608625552
-1318.31983813 -85.5862523292 0.961794513153 5000.0 0.961794513153
-3729.82417059 41.8175094737 0.942597916394 7400.0 0.942597916394
4865.69766925 27.1550708085 0.949813827933 2200.0 0.949813827933
3249.27024498 -60.3211631149 0.990917154633 6600.0 0.990917154633
113.329808265 58.8475880188 0.975864728856 800.0 0.975864728856
5600.09553655 7.98283191195 0.950782410088 7800.0 0.950782410088
1639.95576215 52.772532012 0.940406385978 5200.0 0.940406385978
-7039.30608765 -52.7453468365 0.996253525802 6000.0 0.996253525802
-186.310061512 -27.5164466189 0.834581354943 5000.0 0.834581354943
177.705348653 -8.55446141584 0.831716004495 5000.0 0.831716004495
-1843.03768543 -40.8283347226 0.853899346892 5000.0 0.853899346892
3672.78196082 62.2287021954 0.925337879642 7200.0 0.925337879642
5816.60618104 -57.9335946389 0.915699235036 7000.0 0.915699235036
1134.9373883 76.321775752 0.981534490425 600.0 0.981534490425
-5489.42746756 13.6415052919 0.946415424748 5600.0 0.946415424748
2648.06166293 62.2137287282 0.931389968174 4800.0 0.931389968174
-9251.28296375 -3.41887104557 0.992895390237 5800.0 0.992895390237
-4200.53476725 23.9725011299 0.907650542426 5000.0 0.907650542426
1406.40460824 7.89182094861 0.861217176467 5000.0 0.861217176467
6491.11592098 -78.2791823386 0.994912774594 4000.0 0.994912774594
3287.38145191 62.0272120813 0.977274154175 6000.0 0.977274154175
521.359543749 3.12304484433 0.813515539836 7800.0 0.813515539836
-5791.88896365 -67.9956601398 0.995713406147 7800.0 0.995713406147
1441.48825594 -45.4379344144 0.986138716904 3800.0 0.986138716904
-8365.70887073 19.5585272121 0.982560711939 5000.0 0.982560711939
733.666661277 67.3951526107 0.97712883821 800.0 0.97712883821
-3216.73023932 56.2175901748 0.961069767084 6400.0 0.961069767084
6636.39143187 5.90471420722 0.975171464245 5000.0 0.975171464245
-2471.91711223 38.7429713048 0.892154752273 5000.0 0.892154752273
-6640.21960221 -6.15195863862 0.96011369127 5200.0 0.96011369127
4465.50092073 -84.9396500256 0.989662383339 4600.0 0.989662383339
-7762.13728188 -39.3632505393 0.996134606376 7800.0 0.996134606376
-6347.28812728 69.2686161109 0.991135354883 5000.0 0.991135354883
-153.567893596 -20.4862149084 0.839436701575 5000.0 0.839436701575
-2768.78292071 -45.5999328191 0.834811498499 5000.0 0.834811498499
-3875.0753143 -61.4777316006 0.904229474887 5000.0 0.904229474887
-3010.92446365 25.3654438957 0.840769479443 5000.0 0.840769479443
6212.93164238 47.9912279202 0.958827854734 7800.0 0.958827854734
-3393.54539044 -6.74462708422 0.823823067838 4800.0 0.823823067838
-2244.71105922 12.1763071105 0.802803606033 5000.0 0.802803606033
4429.29531099 -76.7115053054 0.984213957776 6800.0 0.984213957776
2568.45476481 58.953729973 0.897540209248 7400.0 0.897540209248
-1951.99786068 8.55352298713 0.798779227204 5000.0 0.798779227204
-6841.47443231 4.91348787609 0.97387786337 5200.0 0.97387786337
3259.48215836 -57.9308290694 0.980220862816 6400.0 0.980220862816
-5531.83548349 -18.1290633513 0.933154461312 5400.0 0.933154461312
5423.94149572 -0.735480293521 0.941963165123 5000.0 0.941963165123
556.30006329 64.7140139353 0.846210952663 7800.0 0.846210952663
-5448.83106828 -7.60953259617 0.891009177736 5000.0 0.891009177736
-6670.18176804 -40.8145605444 0.994931616825 4200.0 0.994931616825
4491.06260657 51.8851735946 0.980716228749 600.0 0.980716228749
-2537.70823174 -47.2990483109 0.891719730609 5000.0 0.891719730609
-6041.73166628 -57.2310693787 0.994978029983 6800.0 0.994978029983
6885.917829 62.9548179916 0.997926885383 6800.0 0.997926885383
-1631.65693516 -67.5963832 0.961269778403 5000.0 0.961269778403
783.432835963 -48.228614741 0.990799273663 7200.0 0.990799273663
6701.72155672 -63.7262232708 0.997419365145 6600.0 0.997419365145
3510.2821959 73.3488433938 0.971837302393 5800.0 0.971837302393
7996.9109687 37.2231644847 0.997690737751 3800.0 0.997690737751
282.566003897 -64.3503052255 0.990025641885 7800.0 0.990025641885
3134.62463067 -24.495097871 0.884187015 5000.0 0.884187015
5050.51257333 -50.9506186449 0.887352467457 5000.0 0.887352467457
-5017.11695511 -60.8519774573 0.98516099459 3800.0 0.98516099459
7447.07105889 -27.915103086 0.968516145487 7800.0 0.968516145487
-930.888743792 -21.7078846277 0.846391202875 4800.0 0.846391202875
462.547998095 59.2859841401 0.955232188012 1400.0 0.955232188012
6886.80702482 -42.6171511446 0.953885524243 5200.0 0.953885524243
-2450.21216537 -62.3978583971 0.848176023169 4800.0 0.848176023169
3590.46792999 -14.4183126478 0.825379805631 5400.0 0.825379805631
3986.41816763 45.7522835962 0.92067580338 7200.0 0.92067580338
2231.21240531 3.65819985496 0.867569212564 4800.0 0.867569212564
-4292.61126935 38.2206793271 0.912685126636 7600.0 0.912685126636
8250.65809784 10.8998223583 0.988630503308 4600.0 0.988630503308
-5162.64478417 -33.2429798778 0.981777182007 5000.0 0.981777182007
5366.17150253 -59.9854096491 0.986488816804 4800.0 0.986488816804
6995.08164601 -9.6103611834 0.979219357505 6800.0 0.979219357505
4962.07452846 69.1178459062 0.966403855236 4600.0 0.966403855236
526.845136894 -31.606914958 0.879229287618 5000.0 0.879229287618
-6229.18094905 -63.1684368374 0.998119383482 7600.0 0.998119383482
-5646.18228209 39.0130979974 0.974323896769 5800.0 0.974323896769
-4355.57334149 47.0401561289 0.941282193584 5000.0 0.941282193584
-2722.12586587 -23.3989366334 0.811671703987 4800.0 0.811671703987
2830.89698627 46.9229903704 0.894441370832 6400.0 0.894441370832
7667.62384898 44.9033661297 0.981459039183 4800.0 0.981459039183
-3354.45553933 -28.0087559425 0.886191859887 5000.0 0.886191859887
570.801454243 -32.0531228928 0.850096750547 7200.0 0.850096750547
2771.19883393 -56.9410155653 0.974403617572 5000.0 0.974403617572
6556.31160621 8.73988376101 0.991865740157 5200.0 0.991865740157
-5286.6275378 -74.4106351035 0.99241740598 5400.0 0.99241740598
6105.07480196 -46.682964636 0.996524852378 7800.0 0.996524852378
-6412.40849668 66.1213485379 0.971433713472 6800.0 0.971433713472
-823.686318276 31.48526177 0.900851364321 7200.0 0.900851364321
-3986.2924519 14.4755494214 0.969605002381 7600.0 0.969605002381
7105.53875579 -72.1505938906 0.99616706385 6600.0 0.99616706385
-6828.19053833 -81.1400749203 0.998804039216 6200.0 0.998804039216
1936.34863244 -70.1402401807 0.992817208002 600.0 0.992817208002
6557.01260968 50.2390127533 0.988819361979 4600.0 0.988819361979
4719.54022569 62.6696746437 0.959100301996 5000.0 0.959100301996
-2965.90903108 11.4611807215 0.81798448683 5000.0 0.81798448683
-6831.42915866 39.9165557109 0.864366103366 5000.0 0.864366103366
733.546537213 -60.8325194644 0.98656334746 6000.0 0.98656334746
-4600.47590403 -16.5172874898 0.908754832974 5200.0 0.908754832974
5373.030389 -46.8790362646 0.927609821709 7800.0 0.927609821709
4978.04543411 -40.601591414 0.846336275234 5200.0 0.846336275234
-815.334315197 63.0285174767 0.938923388721 5800.0 0.938923388721
-3454.22794054 -50.7875306871 0.995897526617 4800.0 0.995897526617
-4146.19944885 59.9344783432 0.990321727442 7600.0 0.990321727442
-5393.29934164 -20.4080906038 0.902125665806 6000.0 0.902125665806
-5597.93693261 -43.748703384 0.966982532068 5400.0 0.966982532068
3146.28577449 -15.4809012747 0.848225823756 4800.0 0.848225823756
-6608.3031702 38.0809245097 0.950701685272 5800.0 0.950701685272
3968.63233218 -22.1150331914 0.874136793407 5200.0 0.874136793407
4697.21656825 -82.6836257001 0.984387431642 7000.0 0.984387431642
-524.69497999 30.8649193772 0.905400969706 4800.0 0.905400969706
-4752.94585678 -14.1862192665 0.910829942756 5600.0 0.910829942756
-6225.39878065 -35.2672605198 0.996383228888 7800.0 0.996383228888
-4477.86362773 28.4129116514 0.934271693591 5600.0 0.934271693591
5965.63408978 83.6628993158 0.960593033131 5000.0 0.960593033131
2267.59412757 83.9265939558 0.976977446354 600.0 0.976977446354
1520.87816113 -52.878720389 0.897552129816 6000.0 0.897552129816
-2520.37525767 84.763233363 0.969261120718 5400.0 0.969261120718
4210.37908381 20.476050991 0.884867994996 7600.0 0.884867994996
-2828.65926206 88.9084534818 0.989578486826 4600.0 0.989578486826
5821.18933255 73.1711427263 0.988881408969 6400.0 0.988881408969
-2092.06264963 -67.1602562178 0.990372370561 5000.0 0.990372370561
2130.53125065 -59.8253011083 0.990557431171 4800.0 0.990557431171
7449.63929506 -85.3601391629 0.999485876911 7000.0 0.999485876911
3432.06793015 -5.23586064986 0.872020774036 5800.0 0.872020774036
-4724.05624201 -4.62758485711 0.918830134023 5600.0 0.918830134023
-4272.96201901 27.3461788435 0.840625587922 4800.0 0.840625587922
6944.79756403 19.4676020531 0.952873125292 5800.0 0.952873125292
3318.69980595 -37.9773409726 0.926069366164 6000.0 0.926069366164
-3783.50166737 53.0435305073 0.99169518652 6800.0 0.99169518652
-5932.07993896 -22.3592745106 0.978792613891 5800.0 0.978792613891
-1396.16518654 22.3906451208 0.861663840756 5000.0 0.861663840756
-4988.48923259 63.6576851854 0.99198781831 4800.0 0.99198781831
43.734539265 71.9365860674 0.975579541885 600.0 0.975579541885
-3767.78589933 -9.53358668296 0.870841172158 4800.0 0.870841172158
-5816.45349448 -3.72960723889 0.941077852553 5400.0 0.941077852553
6937.68365983 -14.3499306705 0.982478344715 1800.0 0.982478344715
-540.437862418 -71.3862015797 0.951512219479 4800.0 0.951512219479
391.792162554 19.0826668563 0.820580250662 4800.0 0.820580250662
3791.26701482 57.8716084527 0.955245477194 5400.0 0.955245477194
2332.63108707 -14.1002298212 0.868629152455 4800.0 0.868629152455
2612.7684798 -24.5654174268 0.904050354579 6000.0 0.904050354579
4282.49065161 32.0566700588 0.787861386781 5000.0 0.787861386781
-865.799447731 7.95223608854 0.854922046437 4800.0 0.854922046437
6370.54962058 20.3823964092 0.977563193797 4800.0 0.977563193797
-6077.75672109 26.5181306139 0.957741997726 5800.0 0.957741997726
6689.49257434 -86.4485011876 0.998849432238 7400.0 0.998849432238
4465.15999524 -57.3560104434 0.983922804539 6600.0 0.983922804539
6515.06986217 28.8159608963 0.998466951874 7800.0 0.998466951874
-3741.9710002 58.3510797515 0.98244435027 7200.0 0.98244435027
-7158.46630284 -53.1894794833 0.99743264249 5800.0 0.99743264249
-3408.45743751 77.2013704035 0.942087645833 4800.0 0.942087645833
3617.18317474 -5.45197550435 0.846220097105 5400.0 0.846220097105
964.350084878 21.526077194 0.840208363097 6800.0 0.840208363097
-3814.99219225 51.508543385 0.962916570053 5400.0 0.962916570053
-6188.08937509 9.74058382523 0.956780540285 5000.0 0.956780540285
4734.09571468 -39.3830310788 0.888649296267 5000.0 0.888649296267
669.77926138 -16.1371045417 0.857790393981 7000.0 0.857790393981
-4885.92166581 -18.4792476419 0.886148720678 5000.0 0.886148720678
2773.87110451 -76.9276101538 0.943396744708 7000.0 0.943396744708
-5773.21078503 -52.8075517922 0.995217381103 7600.0 0.995217381103
3746.1557038 21.2822131862 0.881396402309 6200.0 0.881396402309
-477.093349515 58.2812764638 0.969390175239 5000.0 0.969390175239
3056.72276703 35.9726018066 0.9372772116 7800.0 0.9372772116
-4161.48063571 -61.0088514545 0.993826053219 5800.0 0.993826053219
-2736.25676487 43.330458897 0.890720428833 5000.0 0.890720428833
-7053.91983904 -59.1748642869 0.991401194616 5400.0 0.991401194616
-5190.00714084 7.53397764587 0.920724405131 5000.0 0.920724405131
2515.8519049 -69.9037072095 0.987425122271 6600.0 0.987425122271
7195.21025177 -36.8587180775 0.95134286076 5400.0 0.95134286076
-2671.51868941 12.3468079403 0.836891659326 5000.0 0.836891659326
384.411448749 21.7989561831 0.891161858166 7400.0 0.891161858166
-8029.31062566 -47.8952046992 1.0000602722 5800.0 1.0000602722
5727.92144171 40.481360136 0.991542848732 3800.0 0.991542848732
-3755.35569175 31.4185647642 0.834784393546 5000.0 0.834784393546
451.134427913 46.8479041239 0.899979790172 7400.0 0.899979790172
-3544.65019451 -40.0991344338 0.883360463004 5000.0 0.883360463004
6958.85683438 -39.243360404 0.943824655704 5200.0 0.943824655704
-4622.57536543 18.9855335659 0.927457423347 5000.0 0.927457423347
-4651.20105883 52.6583845379 0.985049619316 5200.0 0.985049619316
2660.49795359 13.9778155205 0.875692987273 5000.0 0.875692987273
-3167.6387856 -85.4621928323 0.981393857266 4600.0 0.981393857266
-7475.05441211 -72.3369120146 0.978272786517 5000.0 0.978272786517
-4634.84434522 23.8140405954 0.864457371709 5000.0 0.864457371709
4770.55152785 33.5482313842 0.955600983243 5800.0 0.955600983243
6781.32667932 21.0065999819 0.975587537578 4200.0 0.975587537578
3962.62563807 18.4501307821 0.899847862592 5800.0 0.899847862592
7408.24458587 27.5020788428 0.984069746749 5600.0 0.984069746749
1616.69195887 45.8045911646 0.902100031275 7200.0 0.902100031275
7536.90495161 24.6356776167 0.974091199773 5000.0 0.974091199773
-7181.75493643 -35.5435667311 0.997898340808 4600.0 0.997898340808
4797.01133178 -79.1746607551 0.973708448275 7200.0 0.973708448275
-750.473831855 5.36728530799 0.836571746422 4800.0 0.836571746422
-7308.84711365 28.2657053361 0.972249653085 5200.0 0.972249653085
7143.31284262 -71.4367651388 0.982444421199 7800.0 0.982444421199
6662.63776012 -18.9091388574 0.960683421478 5800.0 0.960683421478
-3242.79472 53.2983897744 0.972700848407 5200.0 0.972700848407
-2826.55082189 22.4522492561 0.870705468283 5200.0 0.870705468283
700.297932643 -58.3638883273 0.979980867936 600.0 0.979980867936
3956.60567285 55.2636995653 0.952544359702 7800.0 0.952544359702
1110.93863542 17.9360905859 0.903384695925 5400.0 0.903384695925
3950.53535037 67.1451430461 0.992412292817 6400.0 0.992412292817
4055.46802565 -22.7137218447 0.897534804353 5000.0 0.897534804353
1224.32610969 19.8740399291 0.891757632125 7800.0 0.891757632125
4442.75989683 7.14015524941 0.897794931695 6000.0 0.897794931695
-3775.17164232 59.8922036131 0.958181914454 5000.0 0.958181914454
-7409.22151662 -48.302910707 0.998582492285 5400.0 0.998582492285
-1145.89956427 6.47457262979 0.815693082254 5000.0 0.815693082254
-2822.51287624 64.6993205095 0.97837265743 6400.0 0.97837265743
-2904.86428323 -40.1626360495 0.984595738742 1400.0 0.984595738742
-6633.57650404 -61.451909569 0.948626507653 4800.0 0.948626507653
2155.02658557 -40.8181592926 0.905423736471 5400.0 0.905423736471
6343.05021828 -33.8995769588 0.976833890116 4800.0 0.976833890116
-903.901406146 48.5752733067 0.901084483571 4800.0 0.901084483571
8446.44328766 -62.9109557452 0.999942805155 7800.0 0.999942805155
1372.98817357 36.5223019835 0.898217863871 7200.0 0.898217863871
-4789.06531928 38.3273688737 0.87568759444 5000.0 0.87568759444
-4882.82229459 42.8085571239 0.850557926073 5000.0 0.850557926073
-2564.59830809 -2.45901138861 0.841475628804 5000.0 0.841475628804
2586.20129839 -16.6134905723 0.819571173038 5000.0 0.819571173038
3058.65927437 36.1257677578 0.930333960244 4800.0 0.930333960244
-3934.15267749 -44.0204373065 0.908762389329 4800.0 0.908762389329
4306.45504409 35.5074814294 0.912464840566 7800.0 0.912464840566
5914.99792833 13.917902094 0.90913249708 6000.0 0.90913249708
-4396.27267701 26.790549308 0.859705919213 5000.0 0.859705919213
-1515.68447682 48.0346435953 0.979758197658 3800.0 0.979758197658
-1644.92124657 58.5858475994 0.98270851631 4600.0 0.98270851631
7852.70800674 -55.9149127147 0.99733140243 5600.0 0.99733140243
-9458.46032055 -2.30625334934 0.993585398321 6000.0 0.993585398321
2415.98270061 -10.1143017534 0.865394896228 5000.0 0.865394896228
-1138.95831821 11.2590743485 0.848534106262 5000.0 0.848534106262
6175.5579001 42.6423445608 0.986625702195 7800.0 0.986625702195
2536.90801 -17.0127670469 0.916904774314 4400.0 0.916904774314
-6382.13054004 -20.2039898071 0.986697553509 5400.0 0.986697553509
-1466.83019268 34.6708531862 0.907831259987 5000.0 0.907831259987
5957.81162226 33.6909936396 0.908626883733 7800.0 0.908626883733
-1879.35418021 -17.0573790386 0.80439969324 5000.0 0.80439969324
-2158.66750654 -50.8266183589 0.879415660211 5000.0 0.879415660211
-6204.08295984 51.2314271325 0.97775569499 5400.0 0.97775569499
6522.63354496 10.4208381717 0.953972375107 4800.0 0.953972375107
1073.918304 -26.0519186779 0.822467872587 7800.0 0.822467872587
-4225.03256314 6.9317729129 0.916170551494 5400.0 0.916170551494
-1333.5133605 -86.5569663082 0.950539253465 5000.0 0.950539253465
-7618.13346764 17.4836893119 0.989024373451 5600.0 0.989024373451
-2351.30673334 27.7797817368 0.861946367555 5000.0 0.861946367555
2829.14306995 -2.54639223904 0.872733577013 7200.0 0.872733577013
-1705.30617021 19.6089319241 0.806836370859 5000.0 0.806836370859
2656.12349519 46.2856974429 0.892804038986 5400.0 0.892804038986
3504.03240918 59.8320750052 0.883035199808 5800.0 0.883035199808
-5852.42670894 75.5528122077 0.992923921253 5600.0 0.992923921253
48.7922965794 20.9974110083 0.896112141501 7400.0 0.896112141501
1424.89613362 88.6934243302 0.998647137101 800.0 0.998647137101
2227.62732841 45.0686440457 0.966644926801 600.0 0.966644926801
-340.042255457 -19.2592868462 0.81966467461 5200.0 0.81966467461
5603.32100333 44.752407588 0.976391600756 4800.0 0.976391600756
4295.44524833 34.8730674071 0.907082617743 5600.0 0.907082617743
-214.736844223 -16.879564301 0.855741520144 7400.0 0.855741520144
2784.85419796 -24.3028476465 0.866537335529 6000.0 0.866537335529
7882.77173309 5.1748815483 0.987945995292 5000.0 0.987945995292
3243.31350344 18.8864795203 0.872117478642 6000.0 0.872117478642
4155.46772553 16.9878323926 0.895869833294 6000.0 0.895869833294
-80.1629264407 36.6490822379 0.892396656843 7800.0 0.892396656843
-5215.00381497 -11.3575086141 0.893298502459 6000.0 0.893298502459
-6665.33743074 57.3419391047 0.988227664822 5600.0 0.988227664822
3999.39813258 65.3663115165 0.916775236304 6600.0 0.916775236304
-4538.54027042 18.5394781449 0.917788572968 4800.0 0.917788572968
-829.103920058 -66.5493606252 0.958227063339 7800.0 0.958227063339
4526.88070402 49.3173918528 0.953806258651 600.0 0.953806258651
-2340.12423168 77.5398394687 0.986464564089 3400.0 0.986464564089
3224.30063749 31.5212424101 0.958091931423 2800.0 0.958091931423
-1231.87039875 51.1490839062 0.987163166164 5400.0 0.987163166164
-6363.90086759 2.5553558311 0.946948538588 5200.0 0.946948538588
4717.50656314 15.2444214233 0.894930242259 5800.0 0.894930242259
4774.83699937 -14.1829242127 0.892161897197 5000.0 0.892161897197
5702.38124782 -58.2569750868 0.978668336741 5600.0 0.978668336741
4213.13003853 51.6263342452 0.904262379138 7800.0 0.904262379138
1564.29212732 1.07497227661 0.796782596529 5000.0 0.796782596529
-4483.07428701 62.0629151148 0.964587023048 6000.0 0.964587023048
6294.30030621 -4.98225470095 0.923832532469 5000.0 0.923832532469
-5214.38255702 -70.4209141247 0.990930611268 7800.0 0.990930611268
-160.158233786 -75.4320696084 0.913422661929 5000.0 0.913422661929
7025.55554109 61.6403192944 0.99688550185 2000.0 0.99688550185
431.100959015 -83.4808046285 0.991053028807 7800.0 0.991053028807
4553.85503293 -74.8291719116 0.955481228941 7000.0 0.955481228941
-6021.36033199 -47.1890051003 0.987477790697 5000.0 0.987477790697
-5255.89495406 20.5781761829 0.970325581466 5000.0 0.970325581466
-4396.38271537 -53.321197244 0.971726260043 7600.0 0.971726260043
-4421.49120985 -71.2465891691 0.934702855891 7800.0 0.934702855891
9171.45730596 80.0772279271 0.988530681612 4800.0 0.988530681612
123.073494726 -14.4528621822 0.889327096054 5200.0 0.889327096054
4842.4925022 11.752986431 0.93221930788 7000.0 0.93221930788
4241.91053541 -8.75885770862 0.873081275567 5200.0 0.873081275567
-1680.76077266 56.3382193398 0.930159458879 5000.0 0.930159458879
-1903.37635163 1.70218466335 0.736222290168 5000.0 0.736222290168
3797.96989743 -11.3344887356 0.888130868471 5400.0 0.888130868471
-2716.53816805 -5.491566197 0.811474063679 5000.0 0.811474063679
-6425.05655085 0.541590802721 0.955513198545 5800.0 0.955513198545
1058.88981716 -37.0573420044 0.904035533768 6800.0 0.904035533768
1599.5771502 43.9593596878 0.983531767643 1000.0 0.983531767643
5018.55454264 -4.41929784834 0.95520728918 6800.0 0.95520728918
-4877.93991963 27.8060908257 0.972711690336 7200.0 0.972711690336
-304.947032923 51.6681362224 0.967741548047 600.0 0.967741548047
-2892.32137732 41.8721178847 0.847058088786 5000.0 0.847058088786
-6480.2147359 -45.7955468994 0.993493473808 7600.0 0.993493473808
2308.19637392 -7.21203136457 0.851808930262 5000.0 0.851808930262
-3224.68108699 30.5289458904 0.876297729264 5000.0 0.876297729264
4183.84956251 -80.5702011395 0.988667708805 6800.0 0.988667708805
6276.03861196 10.6643424369 0.930619808125 5000.0 0.930619808125
-6469.93613208 81.6676830416 0.970630352743 5800.0 0.970630352743
-5264.0716657 -75.5819793636 0.990008332638 6000.0 0.990008332638
-7539.17183511 -73.9182619976 0.999266786097 7800.0 0.999266786097
1637.92178242 -23.6179670987 0.876573007465 5000.0 0.876573007465
-1032.7553103 -82.4228146025 0.933444817181 4800.0 0.933444817181
5697.00068458 22.1335502582 0.96996166232 4800.0 0.96996166232
-5342.9526465 -38.0883594074 0.977052517654 4800.0 0.977052517654
-3158.30987832 29.5475130805 0.827198704865 5000.0 0.827198704865
3005.56651971 56.1797263384 0.956581173554 4800.0 0.956581173554
1725.57936333 79.6868359908 0.974484725096 600.0 0.974484725096
6309.48557898 76.589224821 0.987889093448 3200.0 0.987889093448
3290.42317518 40.5475063733 0.891495949444 7000.0 0.891495949444
-744.049794829 41.1640627613 0.977101689521 600.0 0.977101689521
3951.23354811 -14.0235648375 0.934978396221 5000.0 0.934978396221
1212.23960749 17.3576872493 0.856544963946 5000.0 0.856544963946
-7408.63289057 -6.88585343185 0.98821504552 5200.0 0.98821504552
2747.71989773 -9.39083785684 0.819627467266 5000.0 0.819627467266
-6918.07954663 -33.0165094622 0.998657220204 7800.0 0.998657220204
7000.92926022 -29.1826447379 0.998402854508 7600.0 0.998402854508
3851.10712296 40.9261647896 0.959633381907 5000.0 0.959633381907
-2973.04357461 26.0564929385 0.861829413215 4800.0 0.861829413215
-5933.62934498 0.809524712679 0.946925110144 5200.0 0.946925110144
4241.48354331 -75.9895960123 0.937067882085 800.0 0.937067882085
-215.619022276 -29.3684264839 0.897778948667 5000.0 0.897778948667
-3723.04283999 12.1080577119 0.83902886262 5000.0 0.83902886262
-5340.40422082 -74.0437126215 0.973605169823 5000.0 0.973605169823
-1404.64796431 -38.3335379438 0.849960225004 5000.0 0.849960225004
8226.98961613 -8.32765288091 0.965884459797 5400.0 0.965884459797
-2459.41235306 33.3072265588 0.835606570158 5000.0 0.835606570158
6092.68088039 60.8499348478 0.92043189343 7800.0 0.92043189343
-6008.55641876 -47.021853578 0.997208886909 4600.0 0.997208886909
-1920.44838903 45.6205022368 0.916788845706 5000.0 0.916788845706
4110.18669073 29.6374276986 0.868799629447 5200.0 0.868799629447
-4224.54322194 57.9390672941 0.939006513773 7400.0 0.939006513773
-2231.18871506 -31.7909648073 0.780645573422 5000.0 0.780645573422
-4875.93031685 19.300644125 0.856467725441 5000.0 0.856467725441
-6074.07759557 -75.2239208785 0.998155867096 7800.0 0.998155867096
-7161.79228787 -34.1001502631 0.963417390538 5800.0 0.963417390538
4843.10756855 54.079753247 0.959598970827 6600.0 0.959598970827
-2106.42142073 -55.6060355306 0.824208889992 5000.0 0.824208889992
7027.99571136 -88.9279465269 0.995364766637 5000.0 0.995364766637
6763.24721872 2.67297637445 0.991775413914 4800.0 0.991775413914
-3551.99939856 40.1396310355 0.9146661308 5000.0 0.9146661308
-1920.13338251 -55.0149192154 0.853213730875 5000.0 0.853213730875
740.02001991 -79.6234490213 0.990045170183 6400.0 0.990045170183
2839.68059934 -51.6711490016 0.886738350836 5000.0 0.886738350836
-4491.71891295 -66.8081917822 0.947578482595 7800.0 0.947578482595
3405.79172319 66.1449940119 0.949350140041 4600.0 0.949350140041
3440.52502699 -68.2715739613 0.993378740901 7800.0 0.993378740901
-3286.92715675 49.8009042636 0.94832328768 5000.0 0.94832328768
663.457145042 -41.420111136 0.907044854934 7600.0 0.907044854934
-5769.74584715 28.4784679324 0.979959241604 7800.0 0.979959241604
2453.66334862 -6.40665430771 0.844238717377 5000.0 0.844238717377
2420.90141994 52.0814489366 0.928722797656 6800.0 0.928722797656
-725.375671588 42.4111130699 0.961813727502 5000.0 0.961813727502
-2458.77456362 -15.4049899008 0.819609155545 5000.0 0.819609155545
-4801.31561135 -62.070874297 0.96971355745 5000.0 0.96971355745
7680.64634904 4.31784018764 0.960083673474 5000.0 0.960083673474
-1064.19967571 78.2609906971 0.915615665803 7800.0 0.915615665803
282.709464689 -15.7009070483 0.873744065961 7000.0 0.873744065961
2876.35308531 -15.7775795249 0.897498431629 5000.0 0.897498431629
4552.63713596 36.8269649402 0.881859949863 5400.0 0.881859949863
-7095.34146777 -24.8892971698 0.965455818857 6000.0 0.965455818857
-3801.45117884 -20.6965664765 0.881578750506 5000.0 0.881578750506
2097.73883137 -1.18248261971 0.825859963486 4800.0 0.825859963486
6231.83199631 -27.8238513145 0.979397665509 5200.0 0.979397665509
-6912.1861903 70.5599350221 0.976807773009 5800.0 0.976807773009
-6861.40250472 23.2628663063 0.986173241141 5800.0 0.986173241141
3511.1193482 -39.755680921 0.903748182563 5800.0 0.903748182563
-3257.9301878 35.6982367281 0.942184757758 4800.0 0.942184757758
-6104.53441752 38.0803237696 0.953523260357 6000.0 0.953523260357
-3898.24932561 -81.731739944 0.996345478199 6400.0 0.996345478199
-6614.94301994 -16.8966636786 0.938342135264 4800.0 0.938342135264
-6041.57518047 52.7324276766 0.973803083951 5000.0 0.973803083951
-1996.27136736 -73.9229669119 0.98646624974 5000.0 0.98646624974
-4789.46670948 -63.890181577 0.957399902719 5200.0 0.957399902719
3229.12254169 -55.0336715061 0.967344826332 1000.0 0.967344826332
735.031692545 -46.3238536134 0.844180104354 5000.0 0.844180104354
5639.68040035 38.6154083627 0.985236189845 6000.0 0.985236189845
8786.69876466 57.5599318296 0.988480300936 5400.0 0.988480300936
-1854.92268484 9.01837327926 0.794847243167 5000.0 0.794847243167
-5939.72060089 33.7441149431 0.992246835955 5000.0 0.992246835955
-6247.93944273 -23.4808342217 0.98671428967 5000.0 0.98671428967
3917.27139943 -45.8049805404 0.99111694921 6400.0 0.99111694921
-7191.53917246 -41.9739354536 0.974421259207 5800.0 0.974421259207
-2537.78968012 -69.5637112741 0.995164619648 6800.0 0.995164619648
-5714.20823669 21.7702019091 0.973779448201 5000.0 0.973779448201
-6360.19879421 48.5339447161 0.989921994124 5000.0 0.989921994124
-5290.15847211 -53.5524320062 0.96023515045 6200.0 0.96023515045
1603.47661357 -55.8151450376 0.949609599307 4600.0 0.949609599307
6095.9706131 18.2800959969 0.936376356738 5000.0 0.936376356738
2596.26324584 -19.9479860438 0.905991484965 5800.0 0.905991484965
2848.80177204 33.5861611903 0.84113540003 7600.0 0.84113540003
1448.29610537 -13.5000017392 0.821224150788 5000.0 0.821224150788
2550.61200384 -81.6374357115 0.944834481672 7800.0 0.944834481672
-295.311891645 6.47332791755 0.846352464839 7400.0 0.846352464839
1341.73835827 71.222857503 0.964998060823 600.0 0.964998060823
2336.09644596 -33.4769747974 0.851227945888 5000.0 0.851227945888
-1905.84332683 -37.2795715267 0.899439331415 4800.0 0.899439331415
-2988.5409032 46.4990340824 0.950937616501 4800.0 0.950937616501
-6129.161214 -63.5679477859 0.995822576565 3600.0 0.995822576565
-4402.80342281 20.5269722464 0.895807387141 5200.0 0.895807387141
4686.00371712 -10.6190251785 0.891458597576 4600.0 0.891458597576
-5241.12660251 -83.1442988039 0.992003948913 7800.0 0.992003948913
5136.60229809 39.8506251828 0.915652835005 7800.0 0.915652835005
3818.99916739 -29.5455113749 0.888297571567 5000.0 0.888297571567
3905.10355807 68.2226900764 0.933586682542 5000.0 0.933586682542
-530.247506186 23.3746502178 0.862160832544 5000.0 0.862160832544
-9696.28649554 72.9274296029 0.993590891951 7200.0 0.993590891951
-3844.83263475 62.9146085663 0.986348663289 4200.0 0.986348663289
2114.57561427 7.86850136456 0.851398845433 5200.0 0.851398845433
-6986.44679517 36.6605818081 0.957943990035 5600.0 0.957943990035
5432.4734246 -33.2555670208 0.951447851447 5200.0 0.951447851447
-6279.44924548 44.3990871207 0.988941412071 7400.0 0.988941412071
-3615.56236105 50.1272093986 0.986095697148 6800.0 0.986095697148
-575.430971785 -21.1492431649 0.875606435345 5000.0 0.875606435345
-4934.23925212 26.4152392602 0.980373738468 7800.0 0.980373738468
3160.87633519 6.47538184007 0.836932323233 5200.0 0.836932323233
-4631.59006549 -70.6905384377 0.979828837992 5600.0 0.979828837992
-7311.6844988 -76.7530433588 0.997263245576 6600.0 0.997263245576
-5581.43625071 -27.3733558852 0.884224569118 5400.0 0.884224569118
2342.18615145 13.2901791762 0.839324781912 5200.0 0.839324781912
-6575.80100811 34.1700697714 0.981602865084 5600.0 0.981602865084
3791.9347723 -64.7410207697 0.987100317156 6400.0 0.987100317156
-6651.6030776 -28.7380424709 0.964636429868 5200.0 0.964636429868
4795.83719783 -56.3109049578 0.919994441505 7800.0 0.919994441505
2960.48280411 -80.136292095 0.920233028294 6000.0 0.920233028294
7784.42984053 68.9019351773 0.988015427667 6600.0 0.988015427667
-2266.19321023 33.4136176737 0.837384186425 5000.0 0.837384186425
5010.62266315 13.7662658613 0.871180925405 5000.0 0.871180925405
-7024.72755193 -56.8946659137 1.00262742599 7800.0 1.00262742599
1777.82766364 25.5527785148 0.889202865157 5000.0 0.889202865157
-1257.12915602 79.4475694271 0.911660011925 5000.0 0.911660011925
-1954.22681755 -62.9065536127 0.942502324778 5000.0 0.942502324778
-5595.63853518 1.62064358581 0.936367607619 6000.0 0.936367607619
617.782238853 -21.2420955799 0.871828314945 6200.0 0.871828314945
-6527.89291928 47.2714710607 0.986037648068 6000.0 0.986037648068
-1898.62234349 -14.0736829997 0.807082654992 5000.0 0.807082654992
2489.34853164 41.8418421736 0.910689657569 5200.0 0.910689657569
-2124.84577015 71.5581377219 0.977434816337 6800.0 0.977434816337
-8919.10116396 -71.0536723483 1.00032599641 7000.0 1.00032599641
2871.74247281 -16.4449542703 0.849128833486 5000.0 0.849128833486
-881.179223292 -31.8605285373 0.902098241475 4800.0 0.902098241475
-4332.07384281 23.3713306717 0.951108062409 4800.0 0.951108062409
6868.9928573 -48.1058636752 0.900101235755 5200.0 0.900101235755
-1002.47968572 -24.2190802953 0.869796636429 5000.0 0.869796636429
610.91535267 32.1444705718 0.858912966012 7800.0 0.858912966012
-5958.8211631 -53.8130817032 0.962444866597 7800.0 0.962444866597
5293.88997599 -47.2443044549 0.995720911006 6400.0 0.995720911006
3639.86760318 -48.1636002212 0.828136611579 4800.0 0.828136611579
-5195.49123836 -89.4913789185 0.986854996919 6000.0 0.986854996919
0.977030897246 3.82759562844 0.876620093919 7400.0 0.876620093919
-1379.17735258 -7.00044486441 0.751227327624 5000.0 0.751227327624
564.516368273 -30.2741997389 0.880959039604 5000.0 0.880959039604
-4383.17706215 14.8855742878 0.851829804979 5200.0 0.851829804979
6477.39713748 61.8875777963 0.997461278113 5000.0 0.997461278113
-5070.43870305 -37.2362136653 0.8600004231 5000.0 0.8600004231
-2032.10595013 -55.4161253246 0.816553991545 5000.0 0.816553991545
855.989231493 58.4608886979 0.972111240734 5800.0 0.972111240734
-933.038931738 -29.3640961883 0.875612804977 5200.0 0.875612804977
-2281.21715874 28.9423272728 0.879209600557 5000.0 0.879209600557
41.555454378 -81.2298702939 0.977570073928 600.0 0.977570073928
427.896221019 18.5454835838 0.901796342633 6200.0 0.901796342633
4249.03736245 38.6814370451 0.970986597423 5600.0 0.970986597423
6634.68174758 38.4224733139 0.977134925962 4800.0 0.977134925962
-4133.62045377 -10.9766552049 0.878444012382 5000.0 0.878444012382
6605.37336932 27.0594586803 0.954533284239 7800.0 0.954533284239
-23.6169639988 16.1912841507 0.885242416397 4800.0 0.885242416397
3889.56170473 40.1541608385 0.949975073455 6000.0 0.949975073455
-565.816657925 60.7606678431 0.975474222951 5800.0 0.975474222951
5190.9857074 -75.3419351475 0.990600923045 6800.0 0.990600923045
4851.1728335 9.11956508829 0.90967948934 4600.0 0.90967948934
944.298567073 12.2965388045 0.837172726165 5200.0 0.837172726165
1614.86746077 -43.5966951351 0.990265661694 4800.0 0.990265661694
3365.81760368 -39.5338345066 0.955223491775 600.0 0.955223491775
3581.26979437 -46.3833480093 0.977157717017 2200.0 0.977157717017
-3421.44879702 -6.80569011383 0.826020700284 5000.0 0.826020700284
335.518790715 -58.3138272214 0.927616961517 7000.0 0.927616961517
-6642.62558985 61.6801272441 0.978926517317 6000.0 0.978926517317
473.723703721 -25.5245912523 0.856745161316 6200.0 0.856745161316
3426.92779885 -46.0270331584 0.901306409196 5800.0 0.901306409196
-8866.00829891 -55.4181738293 0.945163387888 4800.0 0.945163387888
4090.26780816 12.3672694475 0.874661111522 7200.0 0.874661111522
1584.27910763 -57.5782674254 0.905983839598 7600.0 0.905983839598
-6937.9702681 3.33337485023 0.958871318755 5000.0 0.958871318755
-6497.05827934 83.1027811411 0.996083506517 5000.0 0.996083506517
4550.82962994 -46.3129951311 0.97542020022 4400.0 0.97542020022
-3964.00421622 34.9355480972 0.929810539229 5000.0 0.929810539229
-199.232124895 -33.4192046043 0.894885425322 7400.0 0.894885425322
6813.55534457 55.3068636196 0.957281591625 5400.0 0.957281591625
5031.23085969 89.4633767539 0.992974924802 4800.0 0.992974924802
7046.45853553 -15.1458173435 0.947405670284 4600.0 0.947405670284
-1234.00612863 -20.0497769298 0.789964022899 5000.0 0.789964022899
-4183.18829698 24.4897006222 0.9271947177 5800.0 0.9271947177
-3061.69647482 52.3279507392 0.951265324491 4800.0 0.951265324491
3232.35530355 -36.9707804484 0.896735484915 5000.0 0.896735484915
-1327.47162674 53.3276050415 0.963797274558 5000.0 0.963797274558
7808.64193774 -22.023581841 0.984983749655 1400.0 0.984983749655
685.769632435 -33.9154059851 0.874933795125 6200.0 0.874933795125
-8454.20444972 -48.3722723503 0.932106474583 5000.0 0.932106474583
-3316.75188535 77.973906715 0.926628411771 7800.0 0.926628411771
4853.09430295 79.6176803566 0.993725670551 6600.0 0.993725670551
1236.44280214 57.9188708816 0.96969756673 600.0 0.96969756673
-3574.34139509 -79.9522153844 0.939667044808 5000.0 0.939667044808
1889.04778336 -51.0515904589 0.896876370179 6000.0 0.896876370179
-3854.33002722 -39.9013958814 0.890909519613 5000.0 0.890909519613
2081.04875937 28.329237611 0.879866866624 7600.0 0.879866866624
6462.38695945 42.0178457035 0.955935880916 5000.0 0.955935880916
-318.906021038 23.6067122356 0.856770657604 7800.0 0.856770657604
-3554.94845588 25.4228068324 0.892664645164 5000.0 0.892664645164
5133.60973391 -89.6625790313 0.976409661721 5800.0 0.976409661721
761.361419302 -2.3099740191 0.865915550648 6800.0 0.865915550648
7496.57779469 24.4582907412 0.99473557271 5400.0 0.99473557271
-469.929767888 -44.7857370353 0.871763906248 5000.0 0.871763906248
-2862.15851368 -7.59838331972 0.89153351396 5800.0 0.89153351396
-47.9660516743 -11.119586814 0.841685631539 7400.0 0.841685631539
-7008.88230151 29.8034319917 0.987085264702 5800.0 0.987085264702
1743.19790189 -34.2696136068 0.84404488425 5400.0 0.84404488425
-8575.1322667 24.3365791132 0.977448986167 4800.0 0.977448986167
1184.99124735 28.9083972372 0.844549752449 7200.0 0.844549752449
260.882429162 4.1157793021 0.846213315968 6600.0 0.846213315968
-2411.22029957 -58.9674410604 0.825064762894 5000.0 0.825064762894
-1981.88416391 19.0554330091 0.838317156323 5000.0 0.838317156323
-4934.22245846 -37.1421675239 0.919997967165 5600.0 0.919997967165
3784.49717834 -24.2874197626 0.854412493403 5200.0 0.854412493403
-2098.14964401 43.6535517691 0.938077733997 5200.0 0.938077733997
3137.23289473 -41.4486120804 0.968561339264 5200.0 0.968561339264
-1150.55986897 -12.3772167018 0.868870024453 4800.0 0.868870024453
-7022.98523891 -48.2011315213 0.964393106896 5000.0 0.964393106896
6012.24395815 -67.3319295605 0.993197557276 7200.0 0.993197557276
-6351.74867632 -71.8899280683 0.97783526447 5800.0 0.97783526447
1449.55610698 87.7070336592 0.98704768007 4800.0 0.98704768007
-5644.6498885 33.8165532439 0.961200250452 5000.0 0.961200250452
3154.58008807 46.1536741811 0.879635966916 7200.0 0.879635966916
-5307.63774364 54.3103742867 0.984806284713 7000.0 0.984806284713
-527.090568063 4.09861296913 0.855581961732 5200.0 0.855581961732
3853.30581751 50.8949970881 0.910789962483 7000.0 0.910789962483
-7401.41644077 31.2383925916 0.98122966121 5800.0 0.98122966121
2004.28081397 49.0007270276 0.925227124486 6000.0 0.925227124486
132.338404445 -60.0412949317 0.925018367146 600.0 0.925018367146
2025.08291167 27.0566113645 0.9023042851 5000.0 0.9023042851
6868.54260651 4.78643071467 0.956841706136 5200.0 0.956841706136
-2328.16517182 -43.6502989525 0.992539881738 4400.0 0.992539881738
-6360.97558998 52.3915946324 0.988695074077 5200.0 0.988695074077
7351.70291665 -40.6923780927 0.998385692685 1600.0 0.998385692685
1675.0602291 18.1766740459 0.844238683791 5000.0 0.844238683791
3377.7925964 34.5921538321 0.927166450349 5800.0 0.927166450349
4428.07296978 58.2772326371 0.983020245635 5600.0 0.983020245635
-130.383833921 -10.3330441401 0.825256662803 5200.0 0.825256662803
-5203.32310892 36.4808525087 0.974420308578 5400.0 0.974420308578
4127.35030926 -51.2193862298 0.984644302549 6600.0 0.984644302549
-271.732720068 26.9503111022 0.880389801615 7400.0 0.880389801615
-3894.84164494 -73.2745241548 0.991560951635 4600.0 0.991560951635
-1270.82206811 79.5006829572 0.980290359134 600.0 0.980290359134
2239.60446067 13.9125180322 0.858497308519 5400.0 0.858497308519
-2083.79012027 -26.7128282942 0.888163733962 4800.0 0.888163733962
511.609878925 31.4072801002 0.8854130345 7000.0 0.8854130345
4892.91064222 -31.3203265385 0.863701932153 5400.0 0.863701932153
5771.8986612 -43.2315320756 0.985523768457 7800.0 0.985523768457
8093.13316026 40.5615934154 0.993886450038 5000.0 0.993886450038
850.7638069 72.5912276783 0.971940573252 4800.0 0.971940573252
-883.890077814 -63.8217230102 0.879346331911 5000.0 0.879346331911
-1991.69948463 8.90457335283 0.836861104786 4800.0 0.836861104786
-1789.69939176 72.9107130518 0.94080001068 5000.0 0.94080001068
7275.73604639 54.047904946 0.978036023514 4800.0 0.978036023514
905.909036727 25.0738262631 0.862438296633 7600.0 0.862438296633
-3227.89583762 11.2095341779 0.788359101381 5000.0 0.788359101381
-7242.88380723 -10.5480856752 0.9709158414 5000.0 0.9709158414
5110.24356685 30.5754893535 0.915634173266 7600.0 0.915634173266
-5339.98419174 -2.00581098292 0.88931598304 5000.0 0.88931598304
-4882.85225922 52.267906828 0.956431886267 6000.0 0.956431886267
5982.04593255 -15.2411821348 0.961990126822 5600.0 0.961990126822
