-1272.23370867 -50.3095002206 0.899299262013 4800.0 0.899299262013
-421.595669124 -5.68308983112 0.90266940563 5200.0 0.90266940563
-5019.00003581 -25.3351029345 0.927740564933 4800.0 0.927740564933
-5980.31841806 37.0348712457 0.947491771058 5000.0 0.947491771058
-4773.00757124 -0.977743524779 0.885380460212 4800.0 0.885380460212
-4917.95829087 51.6648331656 0.958608752271 4800.0 0.958608752271
6627.33818317 18.7536025387 0.896096413258 4800.0 0.896096413258
-536.072349107 -56.873734491 0.975235909898 1600.0 0.975235909898
4839.79499388 -41.6942126044 0.993432311781 2800.0 0.993432311781
5030.28862259 80.0663235709 0.991465289574 7800.0 0.991465289574
-1165.09725062 -3.18348419391 0.900088077266 4800.0 0.900088077266
-6118.87980397 62.6710678722 0.986551270489 5200.0 0.986551270489
-4377.36190792 -13.8648707636 0.856558263225 4800.0 0.856558263225
-5556.89738004 -5.23933385358 0.919904631318 4800.0 0.919904631318
6675.1185403 57.6966182928 0.965213630677 4000.0 0.965213630677
6127.13328794 58.0271601315 0.920195721601 4600.0 0.920195721601
7770.15817425 -31.3563692782 0.97936371771 4600.0 0.97936371771
-4187.1050096 -2.34957036515 0.846023739705 5000.0 0.846023739705
-4230.73643741 -4.42272048602 0.843814808862 4800.0 0.843814808862
-3233.59639738 -40.4780803898 0.905895605394 5000.0 0.905895605394
3668.74111289 9.09968023777 0.893424114755 4600.0 0.893424114755
2201.66994663 49.8034329757 0.926560485276 4200.0 0.926560485276
-649.125430985 12.4806666684 0.879535368734 5200.0 0.879535368734
4231.85711935 -14.2400360698 0.92310183255 4600.0 0.92310183255
6140.40034301 31.4654940742 0.937391340795 5200.0 0.937391340795
-8498.20191982 -21.510787589 0.965204972421 4800.0 0.965204972421
-5406.38527319 -12.4749958569 0.925262105446 5000.0 0.925262105446
-2701.74313333 -53.6650958618 0.939998077866 5000.0 0.939998077866
6738.61600433 80.4990767723 0.957042318674 6600.0 0.957042318674
698.969555566 -31.5578922967 0.952971687021 600.0 0.952971687021
1699.17268382 -36.9008152047 0.95400672235 600.0 0.95400672235
8291.56783944 -43.9001076219 0.990578298335 4000.0 0.990578298335
-5507.34670325 4.8717513596 0.854873440236 4800.0 0.854873440236
4993.67944721 -26.3596178548 0.898685387701 4800.0 0.898685387701
8038.93728112 -18.3731980909 0.992289424849 4600.0 0.992289424849
373.755174803 80.5204432252 0.981035891167 600.0 0.981035891167
-275.459864168 -21.5358162929 0.916171460222 5800.0 0.916171460222
-4203.86151784 16.4109866087 0.868959050356 4800.0 0.868959050356
389.731134737 -20.4948675783 0.92534030893 4800.0 0.92534030893
-2339.27785121 77.1314985073 0.987600247315 4200.0 0.987600247315
-4512.58595221 53.0304960792 0.944684592912 2200.0 0.944684592912
-2680.43132769 16.6631802149 0.821808945332 5000.0 0.821808945332
4673.06596634 19.6972809021 0.959414926134 4800.0 0.959414926134
-3825.12552762 -70.8856966573 0.992804509668 5000.0 0.992804509668
3183.58247995 -28.1550792091 0.891128489139 5000.0 0.891128489139
-1015.71170321 3.83213241551 0.907306242752 4800.0 0.907306242752
-5749.42710544 55.709291831 0.970293126095 4800.0 0.970293126095
1731.50193892 -60.3347833501 0.932891437028 4800.0 0.932891437028
4524.27018755 49.6523998373 0.977208725984 4800.0 0.977208725984
-3585.33556662 -80.0736308729 0.954855744525 5000.0 0.954855744525
4764.9637167 -30.1745816759 0.969524836599 1200.0 0.969524836599
-632.604025645 29.3534638059 0.938313088795 4800.0 0.938313088795
5609.68494814 -71.4923666582 0.995122548254 6600.0 0.995122548254
3721.26918959 81.1382648075 0.984131731356 6600.0 0.984131731356
2878.95623976 79.5764953861 0.974962333235 600.0 0.974962333235
4287.88283949 45.4919866139 0.902923943525 4400.0 0.902923943525
-1421.08223437 -10.9210838032 0.891359002803 4800.0 0.891359002803
3483.05753581 74.7117817476 0.979256835267 1400.0 0.979256835267
7351.71379329 -13.720256824 0.984848348233 4800.0 0.984848348233
4344.30042101 44.971654922 0.949764398132 600.0 0.949764398132
-1034.12383918 57.2034609331 0.939891657601 5000.0 0.939891657601
-2483.48936477 41.8947974436 0.870645641331 5000.0 0.870645641331
4058.60655057 -3.07072955936 0.899260931168 4200.0 0.899260931168
-1514.92842941 -45.2812215185 0.94943567891 600.0 0.94943567891
1757.87842508 -20.7553517492 0.927938239875 4000.0 0.927938239875
5081.18310571 -1.83349136495 0.919720635315 4600.0 0.919720635315
-5177.92565352 -34.3043009619 0.971263641289 800.0 0.971263641289
7774.50026055 -5.4909284844 0.969739904697 4600.0 0.969739904697
-7549.86135348 -38.7333104802 0.881530478979 4800.0 0.881530478979
8861.06043636 12.9187262999 0.969431211665 4800.0 0.969431211665
2565.22574325 53.5234415049 0.957928891617 5000.0 0.957928891617
-2766.97223472 -23.670867088 0.920039241302 4800.0 0.920039241302
6695.74468928 -1.87948370091 0.991230588582 5000.0 0.991230588582
5977.48135418 82.192260656 0.993937452154 5000.0 0.993937452154
-7823.05320342 14.9875662667 0.990772979101 4800.0 0.990772979101
-6178.91537796 1.3281498024 0.931596343384 4600.0 0.931596343384
5768.31598485 -17.6745053448 0.943847582208 5200.0 0.943847582208
-5886.32204995 -0.922570777936 0.874701171662 4800.0 0.874701171662
5884.1301733 -68.4842291112 0.987112238569 4400.0 0.987112238569
-3683.36112709 39.3011303164 0.915103600073 5000.0 0.915103600073
-3046.54761621 48.5594079638 0.918757050067 4800.0 0.918757050067
8181.24577302 -77.3238224842 0.986309990012 4800.0 0.986309990012
-7251.61312456 27.5734742973 0.969941367328 5000.0 0.969941367328
-3305.18489865 76.027410071 0.991170471781 6200.0 0.991170471781
-4377.54066935 -14.2145793913 0.845380799127 4800.0 0.845380799127
-1600.79607736 58.3729690479 0.905181474392 5600.0 0.905181474392
-5130.06596133 58.6315604992 0.989043875467 4800.0 0.989043875467
1426.82628179 25.0912943121 0.951008185968 600.0 0.951008185968
294.468244885 2.67681914918 0.91864288234 5000.0 0.91864288234
-1025.29224956 64.4132668906 0.987145546959 4600.0 0.987145546959
6918.98200446 57.1840609511 0.99810198265 6600.0 0.99810198265
-6890.94551386 71.2085188216 0.986439612517 3400.0 0.986439612517
464.228079266 44.4389557995 0.953533868668 1600.0 0.953533868668
6026.16362305 17.4361472275 0.992261152161 5400.0 0.992261152161
-3070.26049681 -29.1089139112 0.863351684055 4800.0 0.863351684055
-3735.69801705 -65.2890921023 0.992474880268 1800.0 0.992474880268
-4806.76423663 12.6492540087 0.887646976235 4800.0 0.887646976235
-1076.0166526 64.8648829381 0.938349504018 6400.0 0.938349504018
6792.91371068 51.4155666011 0.983060210768 4400.0 0.983060210768
4132.01249491 -59.5095090405 0.990754443653 4600.0 0.990754443653
-3229.91202666 -22.9736998685 0.870667429968 4800.0 0.870667429968
-2318.18137156 -60.2957198354 0.985951489734 600.0 0.985951489734
906.166531174 80.3042842958 0.994649839628 1800.0 0.994649839628
2994.07059064 77.0579140342 0.938660389063 5600.0 0.938660389063
-2665.8573497 70.2041737906 0.974736690441 4800.0 0.974736690441
2181.83860937 9.15235757611 0.894902015393 4800.0 0.894902015393
2341.10641041 63.282945976 0.988943919587 3000.0 0.988943919587
-1683.05427914 -68.1746660961 0.987387031398 600.0 0.987387031398
72.10208181 12.6255751832 0.901791861904 5000.0 0.901791861904
5502.87386817 26.4702506123 0.984518556313 4800.0 0.984518556313
-7575.68371129 -57.5005101928 0.930342836942 5000.0 0.930342836942
-1081.48532323 -10.8313367018 0.892016118478 4800.0 0.892016118478
-5533.22099825 -29.7549643815 0.904019861345 4800.0 0.904019861345
3165.51604786 30.5641321801 0.903207096964 4800.0 0.903207096964
-4292.84928108 -4.0761541216 0.835174920604 5000.0 0.835174920604
4717.66711045 84.9813836309 0.962938639525 4800.0 0.962938639525
-144.763188565 22.9269714025 0.939590927381 4800.0 0.939590927381
3880.09799965 -50.0185726923 0.937448137635 600.0 0.937448137635
-2767.96705163 -58.1028190003 0.952770055592 4800.0 0.952770055592
-278.569822462 25.8303588851 0.921225509566 4800.0 0.921225509566
4600.3842063 29.8390509879 0.985217253281 5400.0 0.985217253281
981.130187766 71.223207549 0.915968934681 5000.0 0.915968934681
-4035.48302502 4.09841371226 0.849956950975 4800.0 0.849956950975
-5294.87544805 41.1703079244 0.990989193108 6200.0 0.990989193108
-4661.81991122 -36.6412914308 0.899663453688 4800.0 0.899663453688
3836.42235014 89.6426842901 0.984032090843 600.0 0.984032090843
-6742.64512071 24.7555099259 0.986248743465 4600.0 0.986248743465
-6758.08714315 16.4287621712 0.976818134613 4800.0 0.976818134613
-4268.65042051 -29.4140301075 0.862007464399 5000.0 0.862007464399
-1318.48062667 27.0905472953 0.938906455552 4000.0 0.938906455552
5334.79609901 77.3159279465 0.998063214708 7800.0 0.998063214708
-5385.79671202 26.2948879852 0.960873101382 5000.0 0.960873101382
-5614.52728776 -69.9716927235 0.991581893875 7200.0 0.991581893875
-519.435960133 -76.7562931447 0.948446163905 6200.0 0.948446163905
5750.37479997 51.4256021598 0.980849988322 4600.0 0.980849988322
-4602.97578031 -49.3538457932 0.893150363742 5000.0 0.893150363742
2131.93825231 51.6682432619 0.979843073786 4000.0 0.979843073786
6523.97877634 -7.7714009689 0.981259214464 4800.0 0.981259214464
2269.62688001 -37.4181459042 0.921554660945 5000.0 0.921554660945
-4499.24149635 55.2403783603 0.903274024376 5000.0 0.903274024376
-7485.20314435 57.9158274387 0.995840110797 5000.0 0.995840110797
-3145.13650349 -25.3304861489 0.882948105909 4800.0 0.882948105909
6434.50752992 -71.4788503852 0.994263373433 7000.0 0.994263373433
5603.58940078 -70.9418279644 0.987986951465 4600.0 0.987986951465
-4566.12089563 86.5764531839 0.994894484302 4600.0 0.994894484302
-2391.97634457 -86.5084692484 0.983801320746 4800.0 0.983801320746
-4478.29415661 58.0338097847 0.969687287608 4600.0 0.969687287608
-1182.88907542 47.7114692467 0.969529656418 6000.0 0.969529656418
2928.61908344 7.66139784246 0.896342276151 4800.0 0.896342276151
1834.87006673 -45.8755189597 0.917277193987 4600.0 0.917277193987
3416.45608097 -4.69012693002 0.86264380733 4600.0 0.86264380733
-2536.43365947 -39.2776520836 0.886432806678 5000.0 0.886432806678
-4223.63128876 20.8101750704 0.833066808331 4800.0 0.833066808331
5909.50410534 -57.1663623941 0.984239882917 4600.0 0.984239882917
-6924.98833088 -53.7861650213 0.991592748276 2600.0 0.991592748276
6238.01318669 11.9583871237 0.923469469024 4600.0 0.923469469024
-5679.95723871 78.4259822907 0.995259466925 6000.0 0.995259466925
2137.60164161 60.2597015536 0.959851744632 5400.0 0.959851744632
7875.68845324 43.6150632243 0.986354249195 4400.0 0.986354249195
-3678.04618411 -72.2348463374 0.891527295111 4800.0 0.891527295111
-4732.68456104 58.8945789283 0.924861592211 5200.0 0.924861592211
3229.58202105 -51.7281106317 0.995626168697 2000.0 0.995626168697
-4699.93843773 -86.6044608205 0.995002350303 7400.0 0.995002350303
515.93388603 -7.22214021718 0.888174809468 5200.0 0.888174809468
-6412.34263199 3.91606588223 0.930693066351 4800.0 0.930693066351
-6690.07955281 -32.8419920542 0.992222117908 7800.0 0.992222117908
3500.92380568 67.2102084711 0.989169942154 1800.0 0.989169942154
-4144.54035332 30.5454197869 0.882901119224 5000.0 0.882901119224
-1460.49927969 -29.4481737718 0.923743998317 1000.0 0.923743998317
4516.40060483 19.5528454952 0.90187334469 5600.0 0.90187334469
4244.75270047 25.8726698744 0.937124311417 3400.0 0.937124311417
1603.44390968 -16.8495921192 0.90216355029 5200.0 0.90216355029
1162.47289767 -19.7721372319 0.909839010071 5400.0 0.909839010071
2925.94641951 -75.8471418402 0.980641018225 5000.0 0.980641018225
2873.97855352 -82.580342825 0.994009766705 6400.0 0.994009766705
826.040931046 26.8891473214 0.920379670924 4800.0 0.920379670924
4706.83339845 72.7513457055 0.988814265517 5000.0 0.988814265517
4814.66357323 -28.639609417 0.973326146077 800.0 0.973326146077
7138.34812816 11.7289858651 0.925210396054 4800.0 0.925210396054
-726.167426729 37.7313378646 0.952816370143 5000.0 0.952816370143
7461.03779958 -63.7485495425 0.998483591693 5200.0 0.998483591693
2655.08886932 -41.16480459 0.89960743927 4400.0 0.89960743927
-6437.63863952 22.406118558 0.941848139221 4600.0 0.941848139221
2392.84454969 82.3186250365 0.989232319012 3800.0 0.989232319012
-1966.85570007 74.9931217704 0.973915722138 4400.0 0.973915722138
5909.4743076 -76.3288552037 0.971827606384 6400.0 0.971827606384
2917.42718639 5.8018207686 0.912822639821 4800.0 0.912822639821
5480.67135199 -69.9371782393 0.977833733306 7200.0 0.977833733306
24.746477781 -2.6483010873 0.896167376012 5000.0 0.896167376012
-5653.81416317 17.0181056349 0.926904676561 5000.0 0.926904676561
2563.03185542 -40.1297786784 0.908488299446 4600.0 0.908488299446
-6596.02610351 33.999852073 0.949434714018 5000.0 0.949434714018
-6430.56716016 -24.1584246864 0.932176068055 5000.0 0.932176068055
-7395.56845559 76.4757085989 0.97295138824 4800.0 0.97295138824
-6228.47352755 -47.7612317761 0.979875048987 5000.0 0.979875048987
49.2194996023 70.3574335757 0.98776195773 600.0 0.98776195773
-1781.65132533 -30.013209598 0.948709087286 4200.0 0.948709087286
-825.582826018 -12.5086487076 0.909241195521 5000.0 0.909241195521
3616.5880833 51.218937253 0.973143400243 600.0 0.973143400243
4455.49863459 -7.94476622953 0.904138659609 4600.0 0.904138659609
-1968.95853346 -39.9781915456 0.927576754356 4600.0 0.927576754356
6140.64034874 29.9832294877 0.960930794151 5000.0 0.960930794151
2370.02634457 -8.16154372983 0.903880822023 5200.0 0.903880822023
-5573.69714772 -67.3649186795 0.995140934694 4800.0 0.995140934694
5045.103258 76.3811082339 0.952898582747 5000.0 0.952898582747
5661.2254136 45.1773074779 0.997710781503 7200.0 0.997710781503
-8302.88697487 -5.94755760788 0.983319805786 5000.0 0.983319805786
-2658.84751874 62.5482884261 0.975700493734 5000.0 0.975700493734
-927.330045929 68.0880336638 0.969832799904 600.0 0.969832799904
8212.59400484 -61.3946035995 0.991972781874 5000.0 0.991972781874
-5437.62175665 -20.421353499 0.899887302311 4800.0 0.899887302311
7679.69095208 29.0296300562 0.992180361744 600.0 0.992180361744
-6083.94008133 -54.3901052425 0.995127459129 6000.0 0.995127459129
-6950.69218244 -42.4780505683 0.976938030342 4000.0 0.976938030342
2158.17393764 39.5855005587 0.986846026061 600.0 0.986846026061
-2353.64169239 -27.0471191886 0.887967947169 4800.0 0.887967947169
2172.4797281 55.6164632863 0.959949197734 2600.0 0.959949197734
-7421.83300342 21.4175146358 0.962467135191 5000.0 0.962467135191
-2857.74653434 19.9204022533 0.910734676586 4800.0 0.910734676586
-163.217137261 7.14880694555 0.899840315959 4800.0 0.899840315959
2805.43261636 16.7236888301 0.911327938828 4600.0 0.911327938828
27.6387726239 -5.69955012722 0.895966171658 5000.0 0.895966171658
-2998.07098884 35.4407402403 0.93873099107 4800.0 0.93873099107
3506.86670297 15.1021392901 0.894931008884 4600.0 0.894931008884
-7079.76867663 28.1729588081 0.948932859656 4800.0 0.948932859656
2246.78838479 -40.9195520949 0.932694335368 4200.0 0.932694335368
-4679.04314583 -11.3001200138 0.837439275849 4800.0 0.837439275849
-1149.8478736 6.62645315417 0.875624374483 4800.0 0.875624374483
2465.27397584 -44.7165779805 0.906316381312 3800.0 0.906316381312
8057.36132774 82.1917185327 0.995356067196 5600.0 0.995356067196
-7737.83812987 -28.4306548587 0.973069225426 4000.0 0.973069225426
2995.12471004 56.8765939261 0.987199179639 4800.0 0.987199179639
-2045.26268334 38.4566722583 0.914656232706 5000.0 0.914656232706
-1378.25111367 5.6648947412 0.874370849573 4800.0 0.874370849573
7341.92825807 42.5988948881 0.95669501268 4800.0 0.95669501268
755.47870329 -56.4622910613 0.922321244532 4800.0 0.922321244532
7547.5882745 47.9027686603 0.984512535991 1800.0 0.984512535991
5366.62788179 -52.718088467 0.990340719757 3000.0 0.990340719757
-4758.81821647 68.3383648779 0.910079365891 4600.0 0.910079365891
5863.7779469 -88.4197250625 0.994630816637 5200.0 0.994630816637
6125.69005153 -12.8205214583 0.970995588258 4800.0 0.970995588258
6974.93031797 -11.8080467112 0.983850564152 4800.0 0.983850564152
-6668.28945721 -62.2192710771 0.999192306697 7000.0 0.999192306697
2439.42118504 5.17529542558 0.912156755378 5000.0 0.912156755378
5222.16207723 -55.9038545248 0.966109332698 4400.0 0.966109332698
2230.94822966 35.2009817399 0.962466075506 600.0 0.962466075506
7563.88661904 22.9820414423 0.975476799394 4800.0 0.975476799394
-7519.97898903 -19.423186254 0.974645463034 4800.0 0.974645463034
-1273.94172825 -61.4115529643 0.894751320902 4600.0 0.894751320902
-51.7992482895 -70.4102931042 0.989961698919 1400.0 0.989961698919
-1665.69756071 23.184545744 0.900823161069 4800.0 0.900823161069
-6068.45377909 75.0332942151 0.99423415042 6800.0 0.99423415042
-3217.78120167 -6.76383779505 0.875622553109 5000.0 0.875622553109
2312.12881399 88.7502815117 0.9936957317 4600.0 0.9936957317
4847.19386496 15.5033723045 0.958535737446 5000.0 0.958535737446
4562.43440276 -25.4538628096 0.944567788873 4600.0 0.944567788873
743.588719931 75.4870096041 0.971892024435 600.0 0.971892024435
-4265.53958445 53.6455151451 0.944833632739 5000.0 0.944833632739
2105.91837679 11.6541803819 0.885541473401 4600.0 0.885541473401
4477.23523552 -26.3967040603 0.91304582615 4000.0 0.91304582615
6694.59246726 64.9837701791 0.981856327102 5200.0 0.981856327102
4173.13144466 -63.1895779253 0.99408741509 6000.0 0.99408741509
-3755.58720074 67.3273107187 0.953604083979 4600.0 0.953604083979
-6281.15080809 34.2567485086 0.98874827785 5000.0 0.98874827785
6365.23189131 72.2748557329 0.987644914103 4800.0 0.987644914103
-3943.61371573 79.0241769387 0.982897584929 5000.0 0.982897584929
3505.67373115 -65.8207054379 0.965246457249 5600.0 0.965246457249
-2521.99804404 -30.447878824 0.939322901909 600.0 0.939322901909
-4828.59678239 39.9703266564 0.961942847906 5000.0 0.961942847906
-7030.7803258 -64.6283045244 0.993690521796 2200.0 0.993690521796
-6934.2474875 -41.1992581464 0.954014028363 5200.0 0.954014028363
-9438.62387336 -27.4813284663 0.990604704754 4600.0 0.990604704754
-2908.63726158 -80.773804263 0.949616555421 4800.0 0.949616555421
2708.66316847 -59.4352386103 0.921098420997 5800.0 0.921098420997
-4899.81771788 76.1253949783 0.994829369126 5800.0 0.994829369126
-1096.20221487 66.8424805987 0.977566096726 2400.0 0.977566096726
-4551.52422609 -9.3246336641 0.863850754354 4800.0 0.863850754354
3275.77751485 -81.5929723248 0.993767783545 2600.0 0.993767783545
-5486.52353854 67.6179011667 0.961732000833 4600.0 0.961732000833
-1321.54638 -40.4597289791 0.955994952922 800.0 0.955994952922
-4050.52969251 -31.798147672 0.885104244315 4800.0 0.885104244315
-5610.26169764 35.6075511701 0.948362289635 4800.0 0.948362289635
2661.05647379 -24.1656514402 0.96159902636 3400.0 0.96159902636
-297.866758116 25.9554359281 0.936158386386 4800.0 0.936158386386
-9260.20215307 -68.5377694438 0.993231109258 4800.0 0.993231109258
-3759.37625015 -20.805304139 0.867911578657 5000.0 0.867911578657
6660.76866455 55.1587699919 0.99855788751 5600.0 0.99855788751
796.412122349 19.4146312976 0.917380652727 5200.0 0.917380652727
-7298.73106906 -38.3176936476 0.996206729979 4000.0 0.996206729979
517.597871743 -31.7757679314 0.904034736631 5000.0 0.904034736631
-5947.29690899 -64.4571833127 0.969748451483 4600.0 0.969748451483
4393.77733471 -55.110553178 0.9752108022 4600.0 0.9752108022
1601.88655075 -14.9726091794 0.907582793708 4600.0 0.907582793708
-5106.19026653 -30.1583983503 0.946220921597 4800.0 0.946220921597
-5648.5091873 -13.8182574505 0.89354131782 4800.0 0.89354131782
-7100.12387954 69.8816999844 0.964247958918 6200.0 0.964247958918
-6515.26539972 -25.3077805207 0.982820878614 5000.0 0.982820878614
2523.1097457 -26.9882474035 0.900134437851 4800.0 0.900134437851
-9895.03529649 28.607628484 0.99740075324 5200.0 0.99740075324
-7035.5193581 12.7926755049 0.981349459033 4800.0 0.981349459033
-3326.50713811 58.8181760657 0.927621816972 4800.0 0.927621816972
417.073256343 0.57036240893 0.903060460206 4800.0 0.903060460206
-3314.495086 25.6812896114 0.8472108187 4800.0 0.8472108187
-3257.34785057 17.973985716 0.901415168354 4800.0 0.901415168354
-3353.49265811 -20.5184668595 0.908616236563 4800.0 0.908616236563
-204.544495259 24.1985340948 0.914267823489 4600.0 0.914267823489
7236.58475175 -61.0837893783 0.997009543392 3800.0 0.997009543392
-2026.77260566 29.443413961 0.899029664102 4800.0 0.899029664102
-1246.91940965 -54.9123304718 0.900182071068 5000.0 0.900182071068
-532.94676797 37.8925016969 0.939414692689 4600.0 0.939414692689
1676.01991799 -21.4056110876 0.89122997934 4800.0 0.89122997934
-7596.18023887 75.9442553052 0.995034468135 5000.0 0.995034468135
-2308.38538767 -30.0781815865 0.905758948184 4800.0 0.905758948184
-4123.60696795 56.8660258483 0.921024527246 4800.0 0.921024527246
5143.35832501 85.8595269586 0.970301382085 4000.0 0.970301382085
-4213.24809593 20.9331645712 0.842178459086 5000.0 0.842178459086
-1724.17833483 12.8723448233 0.851560657294 4800.0 0.851560657294
-75.1940289049 -14.5094795062 0.916826274568 5000.0 0.916826274568
2757.480267 31.7099886343 0.926710069731 3400.0 0.926710069731
5146.70964404 -39.6064383386 0.950478677641 4800.0 0.950478677641
3936.13816156 49.5143409226 0.933665714265 2000.0 0.933665714265
-6308.84245671 -78.5181146868 0.984827250546 4800.0 0.984827250546
7360.67093321 89.0546036266 0.969475192045 4000.0 0.969475192045
6099.60595874 55.4237978349 0.980521185287 600.0 0.980521185287
1149.41012669 8.41022289641 0.879919523661 5000.0 0.879919523661
3607.41512158 12.0602697217 0.928279644556 4800.0 0.928279644556
-3884.07156196 -7.51587183432 0.853728477087 4800.0 0.853728477087
7230.95639987 13.2790522264 0.931360792115 4800.0 0.931360792115
-3093.4945938 18.782104588 0.881274175124 4800.0 0.881274175124
-2248.44282345 24.9521162824 0.844861612285 5000.0 0.844861612285
-1712.24948716 -13.9543221941 0.88843017058 4800.0 0.88843017058
4036.94996683 88.0359908692 0.985183815034 4400.0 0.985183815034
3291.70199676 -15.534911913 0.932809968409 5000.0 0.932809968409
-3871.07352664 8.63110216302 0.833190225629 4800.0 0.833190225629
2139.87764067 -15.9124687531 0.911305555056 4800.0 0.911305555056
5380.64016867 -34.592219833 0.973294377548 5000.0 0.973294377548
-5148.63665802 37.9350597286 0.883998254681 5000.0 0.883998254681
3701.97000219 47.9987697126 0.975639433543 600.0 0.975639433543
-1377.47365905 79.9734810456 0.984987427698 1200.0 0.984987427698
4798.33296289 -48.8742249919 0.99457531472 4800.0 0.99457531472
-4943.76524086 -83.6524011224 0.987635528912 4800.0 0.987635528912
4663.67752302 -57.8361174241 0.984376579126 4800.0 0.984376579126
-2543.49185152 -29.3046472928 0.877189878561 5000.0 0.877189878561
804.697677579 35.0694626657 0.924947899828 4800.0 0.924947899828
3610.9990065 -46.1137092381 0.967717708135 2000.0 0.967717708135
3551.06141822 11.6192327627 0.913195278311 5200.0 0.913195278311
-1902.57629753 66.8788101481 0.975936167103 4600.0 0.975936167103
-3127.28271714 -21.6790181245 0.874785365155 4800.0 0.874785365155
-4909.67820826 2.27406212725 0.891477869979 5000.0 0.891477869979
3856.42094987 -66.0731006751 0.986658917924 3400.0 0.986658917924
4053.46394213 49.2668318905 0.981595997819 4800.0 0.981595997819
6543.74242481 -13.2830740818 0.977943968191 5400.0 0.977943968191
-5846.08299945 -49.1085617949 0.930192797791 5000.0 0.930192797791
5819.7581708 -44.9281606197 0.981320796315 600.0 0.981320796315
-150.587112978 -41.9807752012 0.939303611257 6000.0 0.939303611257
-3381.85824706 -1.30203701425 0.873555189277 5000.0 0.873555189277
-5842.19115113 65.3423829472 0.984041343261 4800.0 0.984041343261
2737.24837364 -35.3444223755 0.917891285986 4200.0 0.917891285986
6626.43825316 -45.7132795201 0.994833479234 5000.0 0.994833479234
261.931055573 22.8671883566 0.909635884278 4800.0 0.909635884278
-5918.64170467 6.11328815437 0.931904520455 5000.0 0.931904520455
-1066.18934167 -27.3700588808 0.959958142282 2200.0 0.959958142282
-479.425540697 -2.10468378876 0.867852178953 4800.0 0.867852178953
-3105.24829649 -49.4135792879 0.887637315452 5000.0 0.887637315452
271.860989723 30.5360852746 0.917107331986 4800.0 0.917107331986
3024.52739264 75.0976593954 0.965623534758 6800.0 0.965623534758
-1741.0054108 -7.43331152689 0.88519621513 4800.0 0.88519621513
3680.32586816 9.36949972213 0.868212302474 4800.0 0.868212302474
3786.10869063 45.3473399779 0.95466797357 5400.0 0.95466797357
6178.0146357 46.0791048797 0.932456519451 5200.0 0.932456519451
-1553.66322277 57.0926811376 0.920889887804 4800.0 0.920889887804
5486.3496936 45.7344365221 0.99534317996 5400.0 0.99534317996
1111.80551017 -43.6114951947 0.89607400168 5200.0 0.89607400168
-3048.74732724 -32.7348986581 0.864535214075 5000.0 0.864535214075
-2527.3191488 59.364724897 0.99217842813 3200.0 0.99217842813
5870.56467756 -86.9742997489 0.991105770894 6000.0 0.991105770894
284.580146039 21.0844274754 0.886366183089 5200.0 0.886366183089
2682.26579976 -52.9979289321 0.965129263497 600.0 0.965129263497
4031.85265637 -34.925024784 0.951449923736 600.0 0.951449923736
4806.0110299 4.28014115467 0.94843835556 2200.0 0.94843835556
3422.76381419 -0.454213533208 0.900400547012 5400.0 0.900400547012
7691.20237354 32.4657389676 0.99641950623 3200.0 0.99641950623
-6323.37797116 46.0756665759 0.999416733966 2600.0 0.999416733966
453.021490232 -29.8916705238 0.917449545956 5200.0 0.917449545956
-5244.23751114 75.9148240035 0.980531624425 4000.0 0.980531624425
4509.98058775 -32.7892400494 0.97300123567 1000.0 0.97300123567
-3728.80980968 21.8168563985 0.868407222239 4800.0 0.868407222239
3848.22549227 -24.9510823739 0.886223476779 5400.0 0.886223476779
3168.28539448 82.3616296423 0.993459163355 600.0 0.993459163355
-681.377856349 -33.1435610557 0.91594484552 4800.0 0.91594484552
1124.25288288 43.22981927 0.977674502715 600.0 0.977674502715
-2258.18759718 28.5178405662 0.865911444389 4800.0 0.865911444389
-2079.75419568 23.0185157552 0.884820115366 5000.0 0.884820115366
-3781.43693504 69.4787337323 0.983102831158 5600.0 0.983102831158
-1820.6803209 -68.1323888872 0.97664605912 4600.0 0.97664605912
3889.04567467 -41.2458685886 0.899065053425 5000.0 0.899065053425
4791.07995702 -36.6533910045 0.974835111141 1400.0 0.974835111141
6322.04632725 60.8321862784 0.983846592369 5000.0 0.983846592369
3248.1606795 -44.221898497 0.950604037654 4000.0 0.950604037654
-2971.3780735 -12.1006014633 0.860422797327 5000.0 0.860422797327
1748.47581975 51.6910424358 0.984646570656 3800.0 0.984646570656
-7678.5047775 49.3258529577 0.999650247792 4200.0 0.999650247792
4499.95844991 34.6343223406 0.975539996316 5000.0 0.975539996316
-6252.55303024 4.72087045675 0.941790759288 5200.0 0.941790759288
-3149.58269086 20.6416291614 0.895088301626 4800.0 0.895088301626
-1536.05279782 55.0810457052 0.896252716196 4800.0 0.896252716196
-6409.35035127 -10.5913321867 0.970495269582 5000.0 0.970495269582
9178.79695071 -18.6692415795 0.993931515541 4000.0 0.993931515541
-9279.11424572 -7.6104778428 0.987302908201 5000.0 0.987302908201
-2941.52620722 0.825919504874 0.850311725593 4800.0 0.850311725593
-2354.81412972 -30.1185716767 0.83266801577 5000.0 0.83266801577
-3159.8727958 54.2129003549 0.915894831701 4800.0 0.915894831701
1354.23916022 -11.3878709986 0.883846445724 5200.0 0.883846445724
-1570.18511478 34.2536420247 0.957129396194 4800.0 0.957129396194
6956.18596565 38.1946145147 0.95662092884 5200.0 0.95662092884
-3561.03227497 -55.5119649878 0.969080933046 600.0 0.969080933046
891.110819876 27.2738426918 0.950479528611 4800.0 0.950479528611
1470.83412529 -11.8814596694 0.906706469014 4600.0 0.906706469014
4543.12191025 -48.9099711504 0.943520141889 4400.0 0.943520141889
-1868.89091779 -59.8307859497 0.976515570944 5000.0 0.976515570944
-45.755581351 -47.3780336025 0.927888524258 5000.0 0.927888524258
-5702.18754223 -14.8368333211 0.899033593722 5000.0 0.899033593722
-1262.70914948 12.9785608792 0.886634028205 5000.0 0.886634028205
6209.59016256 -67.2861494042 0.992382491255 6000.0 0.992382491255
-3901.55961494 -27.7045797482 0.887426763948 5000.0 0.887426763948
1353.9518476 48.809561181 0.953338324781 5200.0 0.953338324781
-1144.1995334 18.8809078869 0.894383495441 5000.0 0.894383495441
1826.09294773 30.7758585883 0.939751410266 1400.0 0.939751410266
7750.40450504 60.7349700302 0.992944049005 2800.0 0.992944049005
1000.36404558 -49.9345163207 0.931832443712 6000.0 0.931832443712
-4187.0536299 -6.60358243835 0.903021877845 5000.0 0.903021877845
-6655.02539621 -26.6948858218 0.959730888218 4800.0 0.959730888218
-627.597973896 -31.7675544672 0.971512191526 5000.0 0.971512191526
-4469.10185773 72.3027419886 0.988125933635 2600.0 0.988125933635
4722.14764678 10.1942008764 0.932384873261 6200.0 0.932384873261
-3291.22372579 -26.538869737 0.885886612133 4800.0 0.885886612133
-1319.7532364 36.4820140886 0.932076219063 4600.0 0.932076219063
9777.45373075 -43.8214402963 0.993820489145 3800.0 0.993820489145
5780.93360339 -44.9368486619 0.998024680774 4000.0 0.998024680774
6422.92933054 3.36461094147 0.940705143239 5400.0 0.940705143239
6781.19926488 82.7651886624 0.979084893637 4600.0 0.979084893637
4709.03053729 -66.3280917743 0.94221600473 5000.0 0.94221600473
-529.069986522 -4.39068359507 0.857851433967 4800.0 0.857851433967
-7995.40474215 -26.6963470368 0.979866938353 5000.0 0.979866938353
748.817376749 57.1410446944 0.899150475843 4600.0 0.899150475843
4092.1341342 -60.8969984818 0.991711101602 1600.0 0.991711101602
2746.35160313 -30.9868005821 0.924005360689 4600.0 0.924005360689
-4815.22493701 -49.3906280991 0.920669495192 4600.0 0.920669495192
-5605.09982078 4.43021245367 0.927598717139 4800.0 0.927598717139
-4542.31123335 -62.0704574345 0.941240883904 5000.0 0.941240883904
3711.72453405 36.4043339871 0.951651775973 1800.0 0.951651775973
-5663.89401334 -13.5863119014 0.868598095888 4800.0 0.868598095888
5322.08859958 31.1430630807 0.982230823499 5400.0 0.982230823499
-2146.21487932 -14.6650838206 0.871607540727 5200.0 0.871607540727
1503.91484252 -31.5592377794 0.925132003739 5400.0 0.925132003739
4765.63807951 30.9147524997 0.88007115862 5000.0 0.88007115862
7075.09260557 -44.3544943064 0.970851537898 4200.0 0.970851537898
6514.01184873 3.35444015925 0.983811705653 5400.0 0.983811705653
-1136.39863779 -61.5935462343 0.981507483082 600.0 0.981507483082
-6612.69307478 -22.0951761126 0.962279861553 4000.0 0.962279861553
3693.43648137 10.5121133418 0.871415313737 4600.0 0.871415313737
-2148.22031994 -41.1528090817 0.965969997871 800.0 0.965969997871
-5334.81916175 30.5091356674 0.947622362308 4800.0 0.947622362308
-1886.34622235 19.0332262466 0.879809382774 4800.0 0.879809382774
2456.82868116 25.8488628949 0.942846609761 4800.0 0.942846609761
6880.05328269 26.8699690186 0.939078017477 5200.0 0.939078017477
2565.18994406 -37.5268359405 0.920904524893 4800.0 0.920904524893
7404.63859247 -3.32298283879 0.99089588005 5400.0 0.99089588005
7721.60946125 86.8083730939 0.992718709024 4600.0 0.992718709024
4875.06545243 73.2596317849 0.970149503565 600.0 0.970149503565
-7239.54815964 31.7046451757 0.993814424145 5000.0 0.993814424145
6943.4493238 -20.8299712553 0.974221023606 5200.0 0.974221023606
1744.91815573 20.9366072556 0.932406144499 4600.0 0.932406144499
-424.972205391 -44.6066147854 0.974694963095 600.0 0.974694963095
3030.92736473 17.5596814391 0.886184279114 4600.0 0.886184279114
3857.64078081 -36.1185502702 0.919042338264 5000.0 0.919042338264
5961.29416786 14.6916266179 0.962659127375 4800.0 0.962659127375
6800.74811483 43.843775522 0.998959521103 2400.0 0.998959521103
4400.15426981 63.5628966992 0.973240635771 5000.0 0.973240635771
-344.304182998 -10.5315747292 0.926177749886 4800.0 0.926177749886
-2709.48298036 9.8729304327 0.838999768209 4800.0 0.838999768209
-5432.51731894 -62.8965776357 0.991940110234 2800.0 0.991940110234
-285.597176704 -38.2846519184 0.919977985417 4800.0 0.919977985417
-5220.01894582 87.5074901236 0.962507492547 4800.0 0.962507492547
6698.07796224 -5.71357205465 0.985458221471 5000.0 0.985458221471
3616.49443615 -34.932498789 0.919021351181 5000.0 0.919021351181
1723.37306073 -79.7463103585 0.991649326939 1400.0 0.991649326939
969.262422375 31.406932529 0.940230421114 5400.0 0.940230421114
2547.98790636 -51.8164729927 0.960593525189 4200.0 0.960593525189
1158.92720248 -33.5682017933 0.949701827105 5600.0 0.949701827105
4628.63806829 6.30280437311 0.902239068669 4600.0 0.902239068669
6890.71170886 -28.7773559563 0.985272382029 5200.0 0.985272382029
6629.58581885 1.99022510846 0.958778697127 4400.0 0.958778697127
7487.4851666 -3.5661519325 0.986492807544 4600.0 0.986492807544
-6554.3615623 42.2762736269 0.995322308828 5200.0 0.995322308828
-6436.35638258 -65.4995584852 0.982811768114 4200.0 0.982811768114
5031.7686807 79.8069101529 0.987824348922 4400.0 0.987824348922
-3212.30318115 -12.5794383666 0.87933352569 5200.0 0.87933352569
-2944.69931905 19.2206372529 0.907088069758 4800.0 0.907088069758
5669.23834633 -23.8763418815 0.939941771076 5400.0 0.939941771076
4306.80762165 58.5187486921 0.91519622184 5800.0 0.91519622184
-7523.47200642 -38.4371664183 0.953126368747 4400.0 0.953126368747
-5779.57810314 -54.8365097376 0.987923144783 2000.0 0.987923144783
4412.06206095 -77.9194926375 0.980471121092 2800.0 0.980471121092
6187.94513368 -10.8598291893 0.993969212575 3400.0 0.993969212575
1159.15117937 28.0793788635 0.919382040463 4800.0 0.919382040463
6027.26590743 -32.9632769236 0.987808301986 600.0 0.987808301986
-5490.97926225 18.9160593562 0.973941574859 4800.0 0.973941574859
-6689.39438558 -63.8868961201 0.972013493296 5000.0 0.972013493296
-4638.98625742 -49.2047618957 0.934913633649 4800.0 0.934913633649
6353.70962181 -8.15097498342 0.980425540232 4800.0 0.980425540232
7383.19545031 56.3235091518 0.956912080013 4800.0 0.956912080013
3468.71318347 -27.4712100321 0.898861361197 5000.0 0.898861361197
6240.94202194 74.2358425069 0.968493945809 4800.0 0.968493945809
2667.07232318 13.8462914478 0.925776040777 5200.0 0.925776040777
-2241.9400814 67.5534761304 0.961260241538 4800.0 0.961260241538
-1541.61644862 -11.4466472656 0.870665159015 4800.0 0.870665159015
5215.43515371 -55.7755127568 0.991200939975 2800.0 0.991200939975
-2833.86379604 60.9607946293 0.978726368538 4800.0 0.978726368538
-5736.55708631 -33.0931600533 0.931984504508 4600.0 0.931984504508
5079.51455456 59.2598884605 0.96749078959 4600.0 0.96749078959
-5991.59763716 -21.6618584631 0.87882155685 4800.0 0.87882155685
-7404.09728069 0.621411692361 0.961986626278 5000.0 0.961986626278
8841.16759897 -14.3688917266 0.978739404708 5000.0 0.978739404708
-359.541099545 27.9113118071 0.896407402411 4800.0 0.896407402411
6222.41493804 -56.2236312498 0.974186082759 4800.0 0.974186082759
3957.35691127 -76.9423243456 0.982612970654 5000.0 0.982612970654
-528.71942944 -30.721201001 0.893283880656 4800.0 0.893283880656
1617.76087221 -20.5186660055 0.88804739183 4800.0 0.88804739183
3127.33179007 2.17714458754 0.891848781278 5000.0 0.891848781278
-2949.9259023 17.1720294902 0.868799187725 4800.0 0.868799187725
-3497.96241681 63.967788725 0.975942760426 5000.0 0.975942760426
-697.789170135 -33.3366900167 0.903149492853 4800.0 0.903149492853
-2246.58354396 50.5754414329 0.960866005196 4800.0 0.960866005196
582.332203613 -49.0787959696 0.974778019645 600.0 0.974778019645
-6532.62669072 77.5982580148 0.997410947458 6400.0 0.997410947458
-5723.27438057 -12.7917671859 0.908969903355 4800.0 0.908969903355
-2590.93939037 -78.802057508 0.964058478009 4800.0 0.964058478009
2713.74154525 54.0217960636 0.925249053338 6200.0 0.925249053338
-4547.68944271 -48.3701605497 0.918718486647 4800.0 0.918718486647
-4177.43086678 30.4075757787 0.937708971361 4800.0 0.937708971361
-3660.16803222 59.148246203 0.981280846809 4400.0 0.981280846809
1166.00843225 -3.44714402095 0.892960010547 4800.0 0.892960010547
5574.29004821 -33.4488179799 0.966438468217 4000.0 0.966438468217
-4650.66804559 36.394907969 0.928201174135 4800.0 0.928201174135
-1158.08763839 -78.8369205003 0.955437277826 6000.0 0.955437277826
545.81711806 -82.4468842632 0.990120813055 1800.0 0.990120813055
-1061.70544253 3.45256703358 0.892772285477 4800.0 0.892772285477
-314.438946573 -31.3261765361 0.919124550293 5000.0 0.919124550293
-3172.72797387 10.0874094417 0.874878530368 4800.0 0.874878530368
831.709904905 -13.2675086138 0.869789606404 5000.0 0.869789606404
-3572.02151956 -67.1512153511 0.993076248965 4400.0 0.993076248965
4608.55888773 79.4377294442 0.9865344065 600.0 0.9865344065
5584.63217737 -85.4566253854 0.998546948982 3800.0 0.998546948982
216.073752514 -41.6430951678 0.9015680558 5000.0 0.9015680558
-1222.15110379 70.5297386867 0.986030453913 5000.0 0.986030453913
-5387.11237215 62.5871967452 0.971666952905 5600.0 0.971666952905
4325.24773161 37.1500158531 0.921430216497 4400.0 0.921430216497
6178.23020523 -43.5021045981 0.992421693297 5000.0 0.992421693297
-5731.01651689 -54.5864329723 0.992008436377 5400.0 0.992008436377
2391.51560006 -71.199058129 0.993188010753 2400.0 0.993188010753
-906.699678001 62.3650124496 0.991228160355 5400.0 0.991228160355
3709.98911937 14.8804813075 0.875954231369 5000.0 0.875954231369
-7655.86187619 -38.1682072912 0.906315189358 4800.0 0.906315189358
-1972.66883404 59.4159505748 0.956267915368 4800.0 0.956267915368
-2196.07335133 2.28953136625 0.855343447582 4800.0 0.855343447582
412.610563365 -19.7297657229 0.896490067916 4800.0 0.896490067916
4893.74924579 27.4101748549 0.95246549251 5600.0 0.95246549251
-3884.48042127 43.3926924221 0.920659093248 5000.0 0.920659093248
-3421.32332458 -44.0322667896 0.989144818494 600.0 0.989144818494
-432.52212506 -35.2485671622 0.919331290266 4800.0 0.919331290266
-2759.20615843 -9.67927456135 0.837614009327 4800.0 0.837614009327
-4995.11308748 79.0965852363 0.994340474278 5200.0 0.994340474278
2372.36223339 18.0263783176 0.929817936883 4200.0 0.929817936883
4099.14567119 24.2057662966 0.94264879479 5000.0 0.94264879479
8174.04959605 -82.7888227083 0.97656694606 4800.0 0.97656694606
5717.82698791 -5.31925227286 0.972878510915 4600.0 0.972878510915
-2319.08456566 40.0360275952 0.87901620478 5000.0 0.87901620478
4588.66703904 57.3054111362 0.967354261872 4800.0 0.967354261872
3846.11368887 -73.2352045472 0.974445542881 4000.0 0.974445542881
5325.5499405 52.3365225053 0.996433264041 3600.0 0.996433264041
4336.4338643 33.998427306 0.954880578164 5000.0 0.954880578164
-6962.09330241 -69.1885729603 0.981407957284 2600.0 0.981407957284
-1559.85545305 45.1842189773 0.923010711399 4800.0 0.923010711399
5849.45260132 10.4591656482 0.935389996106 5600.0 0.935389996106
-8359.06273312 74.199420866 0.969975958365 4800.0 0.969975958365
422.668932549 -33.5498737218 0.923145660693 5000.0 0.923145660693
-4308.0756553 -1.0099275872 0.865062671804 4800.0 0.865062671804
2919.93898723 -65.9706790436 0.972496247912 4200.0 0.972496247912
-7332.85304386 -3.77195304333 0.94373982116 4800.0 0.94373982116
-5622.61541612 -79.4414095589 0.993719473052 5600.0 0.993719473052
-930.344433535 4.32664237291 0.858239767313 4800.0 0.858239767313
-303.706791379 58.1465768773 0.989414940032 4800.0 0.989414940032
6672.55526453 3.18493595213 0.916026259233 5000.0 0.916026259233
-5477.52340024 26.4646271646 0.951778468923 4800.0 0.951778468923
5088.71046185 23.659334592 0.977806416836 600.0 0.977806416836
-176.634103196 -62.0177502206 0.973893434275 4600.0 0.973893434275
3743.01017472 62.3183813062 0.977113975441 7200.0 0.977113975441
-3365.32523948 -21.8632379 0.841348210338 4800.0 0.841348210338
5484.92154638 11.5576814506 0.983543790983 6800.0 0.983543790983
-4180.93035281 47.7797101529 0.931826765365 4800.0 0.931826765365
-2519.12121744 -32.6235597476 0.840218194537 5000.0 0.840218194537
5713.64681976 29.2766667541 0.958572469057 4800.0 0.958572469057
658.181386842 78.5660475318 0.986294312266 600.0 0.986294312266
-6804.85650658 3.17372816169 0.93939919718 5000.0 0.93939919718
6314.79159733 -26.9895636702 0.979389251262 600.0 0.979389251262
7476.34160215 35.1141885639 0.993289224974 1200.0 0.993289224974
2779.95137165 -41.1777678354 0.921629842922 4800.0 0.921629842922
-7076.54509996 48.6998444882 0.978895332023 5000.0 0.978895332023
894.156803777 -35.719849008 0.965449704664 600.0 0.965449704664
2654.2041294 88.3593863611 0.990177683897 4000.0 0.990177683897
7106.61615314 -22.6470180851 0.980584547316 5000.0 0.980584547316
-6378.917637 12.605059424 0.956453331454 5000.0 0.956453331454
2767.0816738 46.344517667 0.941914436333 5000.0 0.941914436333
-5997.69352226 -33.0764201101 0.907753221211 5000.0 0.907753221211
-6808.22397581 -25.9970492065 0.994761124289 4000.0 0.994761124289
506.358788289 16.694747238 0.902122949704 5000.0 0.902122949704
5358.89670568 -1.33515095621 0.982743701694 4000.0 0.982743701694
-330.955124623 -59.3970744855 0.916255419298 6000.0 0.916255419298
-6902.94731502 43.394318799 0.990410523085 5000.0 0.990410523085
-248.095155168 11.1330742003 0.886420218276 5000.0 0.886420218276
3669.67664491 65.5323634562 0.928597330449 5000.0 0.928597330449
-1880.93153194 44.5299406589 0.975107269139 600.0 0.975107269139
5170.41091839 13.883679002 0.935265785424 5000.0 0.935265785424
-2262.0866374 -10.4665770646 0.85521342828 4800.0 0.85521342828
8053.55726713 34.9095289637 0.981691553313 4800.0 0.981691553313
6300.62962212 68.5073329372 0.996367028279 4400.0 0.996367028279
-6964.99266853 -19.6492831242 0.890645317408 5000.0 0.890645317408
3172.62507419 45.5256818158 0.923838068608 5000.0 0.923838068608
3633.89436887 15.4000475754 0.886649970943 4800.0 0.886649970943
-1387.85032519 -52.8281631313 0.90803654397 4800.0 0.90803654397
-2366.74298346 27.4097823478 0.906983841612 5000.0 0.906983841612
2073.09006408 -12.8390745415 0.921248609336 4800.0 0.921248609336
6867.44244744 54.205793091 0.980367529619 5000.0 0.980367529619
5350.13078154 -3.28424217857 0.909062277481 5000.0 0.909062277481
4344.66279584 31.5429729806 0.944816772463 5200.0 0.944816772463
-3228.28404328 24.5307120045 0.886855253145 4800.0 0.886855253145
-947.695144254 69.0627393279 0.978541744138 4400.0 0.978541744138
3814.17941737 -2.07083462516 0.880500917243 4400.0 0.880500917243
6209.12536001 -72.4555631303 0.993973109714 6600.0 0.993973109714
-7176.0806825 -13.3811545677 0.931335982766 4800.0 0.931335982766
-1390.31930963 -72.9692792735 0.974606142433 1200.0 0.974606142433
164.982865067 -31.2129863 0.906328965763 5000.0 0.906328965763
-896.327954579 -19.2220084872 0.853878761372 4800.0 0.853878761372
2111.97863678 -41.84549099 0.971135454711 600.0 0.971135454711
-1096.27038386 21.3553259548 0.892387633841 4800.0 0.892387633841
-2919.47634784 2.08242992276 0.879690978302 4800.0 0.879690978302
73.1530884546 -7.88621374958 0.891244060379 5000.0 0.891244060379
-2305.85974197 -41.4292831437 0.911803950303 4800.0 0.911803950303
-3943.99809684 55.4082255219 0.973473027781 4200.0 0.973473027781
1.82840304231 12.3371866395 0.880580626428 5000.0 0.880580626428
2807.95182094 -30.3733813322 0.889576307923 4200.0 0.889576307923
-408.277349587 -41.7173872526 0.961127877993 600.0 0.961127877993
-606.625305865 -8.98744694347 0.879496053891 4800.0 0.879496053891
-1403.98095628 -30.0056125587 0.911022606113 5000.0 0.911022606113
2496.92267675 52.0333461165 0.935446072589 5200.0 0.935446072589
-1029.46148662 18.695690016 0.909828646467 4800.0 0.909828646467
-238.557216479 12.6401220853 0.901059573521 6000.0 0.901059573521
-4744.77908384 -46.4879374885 0.900610186296 4800.0 0.900610186296
-4344.24109387 50.9961029782 0.983935575389 6400.0 0.983935575389
-2300.69229201 -43.2655829092 0.921919617801 5000.0 0.921919617801
4699.26978279 -44.9702584123 0.930297791713 4800.0 0.930297791713
5680.77107574 71.4141575289 0.93184091367 6200.0 0.93184091367
-341.197955579 -1.87986592526 0.866442197823 4800.0 0.866442197823
-647.791550167 68.3996305383 0.942886705589 600.0 0.942886705589
-6122.97858944 -35.6736852345 0.987027481663 5000.0 0.987027481663
-5174.13113062 -39.8682457471 0.839373016337 5000.0 0.839373016337
-3789.71219372 16.6396637088 0.857134687192 5000.0 0.857134687192
-6655.32218547 -57.2762934325 0.947679896454 4800.0 0.947679896454
-2475.96614629 -13.4961617525 0.910094692957 5000.0 0.910094692957
534.584635922 -82.3769616247 0.966535291099 6200.0 0.966535291099
623.948752988 -10.8960862945 0.912104482506 4800.0 0.912104482506
-4872.714763 42.5473707256 0.896169866856 4800.0 0.896169866856
2510.35575191 81.7213930717 0.980008864382 600.0 0.980008864382
-1284.4414505 -50.8572861385 0.938491060071 4800.0 0.938491060071
-1314.50626047 -33.7629582251 0.926972241076 4800.0 0.926972241076
6378.18426208 -39.0904901508 0.879623889379 5000.0 0.879623889379
-7206.9149361 -25.6008625154 0.931391203684 5000.0 0.931391203684
-6176.12217512 -4.95951586787 0.925785570873 4600.0 0.925785570873
-4098.17820134 -19.670776892 0.865033607185 4800.0 0.865033607185
-1685.24644047 83.7459488772 0.978061912272 4000.0 0.978061912272
3424.54910551 -42.290452046 0.865226293778 4000.0 0.865226293778
7219.6039848 -42.2600976279 0.996353046197 600.0 0.996353046197
1325.44628222 9.6830032828 0.901230904498 5000.0 0.901230904498
-4315.36116796 -42.6947031819 0.919059672487 5000.0 0.919059672487
4311.50996655 23.6033466565 0.912654817368 1000.0 0.912654817368
-1807.65315782 27.3524922848 0.901475986011 4800.0 0.901475986011
-5400.22910626 8.36627651278 0.929585584106 5200.0 0.929585584106
2055.92130873 21.6108089917 0.926030952232 4600.0 0.926030952232
-242.219204562 -28.0006139296 0.938539440342 4400.0 0.938539440342
-7609.70443075 -2.47477714267 0.972004909572 4800.0 0.972004909572
-3551.72788768 27.5883170521 0.896562458318 5000.0 0.896562458318
7583.39085779 22.9227510693 0.98899213662 600.0 0.98899213662
2222.25411511 8.52974617073 0.861687118566 4800.0 0.861687118566
-3457.85739394 -63.8761439715 0.933517335775 5000.0 0.933517335775
-6476.50020406 3.22018574856 0.930533743435 5000.0 0.930533743435
5766.47166627 -14.7966224973 0.954525255876 1400.0 0.954525255876
6435.10310606 31.7323967305 0.961735254027 5000.0 0.961735254027
-4969.01220257 -15.0423235332 0.88065933822 5000.0 0.88065933822
3019.17414087 -0.95590306625 0.88845400052 5000.0 0.88845400052
-5223.57248033 -48.0546302156 0.849526779825 5000.0 0.849526779825
-249.132610821 2.46840383312 0.901784889024 5000.0 0.901784889024
-2577.16541717 -29.1245984266 0.907937528642 4800.0 0.907937528642
7001.12484961 -33.0677671241 0.996355861878 4000.0 0.996355861878
-6719.78982538 -71.7995321427 0.993868535987 3000.0 0.993868535987
1402.61234559 3.31385375586 0.910795594732 5600.0 0.910795594732
-9779.58248724 29.7869671346 0.983750726344 4600.0 0.983750726344
-5800.09146464 18.6919610402 0.94032244126 5000.0 0.94032244126
1486.78277646 7.58751157336 0.920945231038 4800.0 0.920945231038
-594.536964063 -58.2487661354 0.995313554223 3000.0 0.995313554223
-2392.38778669 -49.8741140473 0.876389986897 5000.0 0.876389986897
-1545.91177654 47.3861631392 0.965204859087 4800.0 0.965204859087
5798.66847512 41.0061181161 0.965526945172 600.0 0.965526945172
1424.71142098 -24.2710317988 0.912139455438 5000.0 0.912139455438
-222.878461404 -1.10372252273 0.905767025287 5000.0 0.905767025287
-5490.73531139 -82.6695487479 0.98447039389 5800.0 0.98447039389
-7003.40220695 -46.6068037079 0.974269016137 5000.0 0.974269016137
-6931.91323536 4.00406147546 0.952161858254 4800.0 0.952161858254
2730.60546479 57.5047591402 0.974356175131 600.0 0.974356175131
-2564.61842448 -32.4766708666 0.947100437228 600.0 0.947100437228
-2859.24418817 -36.2892994981 0.872333949005 5400.0 0.872333949005
-4237.03946492 -66.0174197139 0.970967489493 6600.0 0.970967489493
-9336.3582407 -16.3061392135 0.987171286255 4800.0 0.987171286255
-3554.9453309 53.4786032116 0.976186645232 4800.0 0.976186645232
-2732.87692491 3.5435991608 0.849021829725 5000.0 0.849021829725
-5569.10769846 -50.0049412819 0.963335832843 5000.0 0.963335832843
2459.62679202 -28.5706444849 0.923256354065 4600.0 0.923256354065
8411.381311 -26.6578396378 0.9990980846 3000.0 0.9990980846
-7490.0581237 24.9610203817 0.98448788487 5200.0 0.98448788487
-6008.62279588 -27.0970524795 0.937292154903 4800.0 0.937292154903
3016.36442519 -26.6141211153 0.95632943123 4600.0 0.95632943123
4396.59070908 -24.0817147874 0.947960742806 1200.0 0.947960742806
5476.80485236 -36.5851575707 0.970644097521 5200.0 0.970644097521
-6308.32011693 61.5415900484 0.976893275136 4200.0 0.976893275136
3165.88833099 53.8010639997 0.967240680332 5200.0 0.967240680332
-7356.34871904 -64.0866796207 0.990424664363 4800.0 0.990424664363
-1914.24194585 28.0414669261 0.828295899123 5000.0 0.828295899123
641.832796537 -29.6667400211 0.890972632985 4800.0 0.890972632985
-5771.00557485 -16.0761168925 0.92406754846 4800.0 0.92406754846
-2467.40334108 74.6900173208 0.970623870937 5000.0 0.970623870937
-4230.67414627 -54.7927726977 0.858930334085 5000.0 0.858930334085
-7557.37636058 50.9951063841 0.99867270291 4800.0 0.99867270291
-5275.38441082 54.147365798 0.934792806838 4800.0 0.934792806838
-9061.24271142 50.568967709 0.988640727727 5400.0 0.988640727727
-6990.72551488 -23.1721143079 0.992771079431 4600.0 0.992771079431
-1050.04726426 73.345894529 0.990469026099 3200.0 0.990469026099
1406.56266627 81.7621440953 0.986003531565 600.0 0.986003531565
-6076.21374328 -55.5569759506 0.989122350094 5000.0 0.989122350094
6955.26047694 -29.9146288193 0.917811296963 4800.0 0.917811296963
5340.25648895 -41.5140908428 0.975067531188 4800.0 0.975067531188
5261.5865749 9.02158806197 0.943696664145 4400.0 0.943696664145
2002.26141922 48.5914076964 0.979516528354 600.0 0.979516528354
2065.2828265 54.9587055327 0.946311890408 4200.0 0.946311890408
-3890.56406924 45.2886691033 0.975550104499 5000.0 0.975550104499
-757.808963702 25.6511768117 0.925288209041 4800.0 0.925288209041
-6882.47147994 67.4654590009 0.996379450951 6400.0 0.996379450951
-5976.72777363 24.1083348391 0.970969942371 4800.0 0.970969942371
-27.0453136966 6.17005357534 0.886985550907 5000.0 0.886985550907
2938.28030696 75.1381357439 0.982824369383 3600.0 0.982824369383
-3423.98343278 -33.4553964288 0.858774661989 5000.0 0.858774661989
3792.02520156 45.6369333418 0.937016409266 4800.0 0.937016409266
-6862.23393743 -56.6158958102 0.975017465811 4800.0 0.975017465811
2612.26107148 44.5698750337 0.942942935819 4600.0 0.942942935819
-1350.68596349 28.124329683 0.942272010109 4600.0 0.942272010109
-4544.40265875 -75.9112347198 0.988029678409 4600.0 0.988029678409
6390.11203193 78.4288234758 0.982721937516 6000.0 0.982721937516
-4208.33305817 -31.3819943577 0.900767180821 5000.0 0.900767180821
-6550.68180933 -54.6326068154 0.99590235374 800.0 0.99590235374
-2529.18549645 -39.8425217648 0.893743213087 4600.0 0.893743213087
-5502.10329213 57.97098427 0.976879207892 5000.0 0.976879207892
-5719.36237399 8.49834949357 0.953452576184 4800.0 0.953452576184
4666.59939598 -48.8365141808 0.990996598183 1000.0 0.990996598183
-249.330440498 17.7729687808 0.917679680757 5200.0 0.917679680757
3992.50348602 -65.6461521973 0.980647042754 2200.0 0.980647042754
-650.370474117 84.9792168726 0.990650975606 2600.0 0.990650975606
6155.38413523 -35.723276164 0.992923053486 5200.0 0.992923053486
4664.99988209 68.8242684248 0.978970924768 5200.0 0.978970924768
-3728.8660229 -85.626205203 0.987179753934 5000.0 0.987179753934
-5839.23316734 -33.5844433364 0.931389950773 5000.0 0.931389950773
1415.55430609 14.8062662397 0.921443852189 5200.0 0.921443852189
460.152539595 8.30715018859 0.908717849806 4800.0 0.908717849806
6286.08436807 87.9982206726 0.981032724482 5200.0 0.981032724482
4727.19836152 16.5066132273 0.941905662687 4200.0 0.941905662687
-3644.21376333 42.0998681899 0.897117143691 5000.0 0.897117143691
8553.17458894 -72.3811526597 0.992784819101 4200.0 0.992784819101
-1748.4274669 -6.01320527914 0.900320753443 4800.0 0.900320753443
5794.06144647 -13.6686306787 0.979810119506 5000.0 0.979810119506
9730.21914932 61.7611400826 0.993635899179 4600.0 0.993635899179
-2417.00775427 -59.8157136426 0.98698248036 2400.0 0.98698248036
-1889.20292228 -2.35526659546 0.883355302517 5000.0 0.883355302517
-5247.56961281 18.7509947492 0.87400580384 4800.0 0.87400580384
3767.9005057 -5.24469909636 0.912655046492 5000.0 0.912655046492
-3641.43196714 59.2095830572 0.943618169727 4800.0 0.943618169727
6681.60052651 40.204876551 0.962864063065 4600.0 0.962864063065
-3832.86073154 25.5577042011 0.868949943863 5000.0 0.868949943863
4471.20527113 -70.645928295 0.946735118437 4800.0 0.946735118437
801.675029219 1.75544994771 0.889858975902 4800.0 0.889858975902
3623.14287282 38.5101211081 0.934151485222 4200.0 0.934151485222
-4494.98752573 52.2600362995 0.901798977458 5000.0 0.901798977458
-7260.77301562 -81.0320923044 0.998463911737 4400.0 0.998463911737
-62.8112548883 -5.90506528474 0.906378618933 5000.0 0.906378618933
660.287703586 9.05574960096 0.92184960865 4800.0 0.92184960865
-7085.29480971 64.4460602454 0.982606780097 5000.0 0.982606780097
-2275.43548399 -22.462303249 0.879590092244 5000.0 0.879590092244
-6363.67521611 52.9346974212 0.965714964018 4600.0 0.965714964018
1506.13930183 29.7053676487 0.917742529891 5400.0 0.917742529891
2719.61189139 -9.3557214528 0.917498409036 5200.0 0.917498409036
8127.23301133 -50.4310203961 0.997197679937 7800.0 0.997197679937
470.001094877 -27.5129757534 0.917079153181 5200.0 0.917079153181
2251.6246269 -19.8663949412 0.923477063913 4000.0 0.923477063913
-3926.50977555 -79.0273891154 0.957060721986 4800.0 0.957060721986
-7128.78798546 54.8392120051 0.981379054178 4600.0 0.981379054178
-5445.39645445 -36.1962838591 0.861430620174 4800.0 0.861430620174
-7441.20721869 -87.4633423018 0.992371208975 5400.0 0.992371208975
-4883.76333623 -41.1369308544 0.884826431819 5000.0 0.884826431819
5909.24979856 -21.6187444543 0.97668962926 600.0 0.97668962926
-4025.68721761 12.2151803893 0.884137203766 4800.0 0.884137203766
3312.89599223 12.3169414612 0.903780733298 5200.0 0.903780733298
3765.69782 -30.7631623722 0.948321127637 4400.0 0.948321127637
4194.90772866 33.9694107443 0.966213438374 600.0 0.966213438374
894.723894747 -79.2195887383 0.985639738197 1400.0 0.985639738197
613.979457754 64.4871256638 0.977025056754 1600.0 0.977025056754
-3624.20659934 22.7324541363 0.914510672638 4800.0 0.914510672638
-6604.91352083 -29.2856293349 0.992249876339 4600.0 0.992249876339
4231.65069237 -13.536835511 0.919903221953 5200.0 0.919903221953
-6701.28528597 32.0588122544 0.958988184511 5000.0 0.958988184511
1858.84639496 -1.62550891987 0.897005844877 4800.0 0.897005844877
-6404.81515119 2.86143877562 0.899268808344 4800.0 0.899268808344
6377.21088359 -15.9820894273 0.971659667813 5000.0 0.971659667813
448.141975531 -3.59346432065 0.917203853096 4800.0 0.917203853096
3242.70721459 -39.329618451 0.975669429995 2000.0 0.975669429995
-3658.67185606 81.3853874595 0.971555955648 4200.0 0.971555955648
-4514.25884672 3.09690086985 0.853273001807 5000.0 0.853273001807
7891.31390452 37.9009518724 0.970283467765 4800.0 0.970283467765
-5898.1999845 22.2582525118 0.975150983137 4800.0 0.975150983137
-1287.61800483 -56.4057656617 0.995258832442 3000.0 0.995258832442
2347.49010976 2.80074332411 0.915165123418 4800.0 0.915165123418
-5619.58919229 41.4458507521 0.972081854235 5000.0 0.972081854235
-3117.7658067 -39.1586825341 0.919967847074 5000.0 0.919967847074
-8038.05091607 -55.9602495182 0.978704212191 5200.0 0.978704212191
-7797.64963041 36.1936989723 0.98281605361 4800.0 0.98281605361
-495.036290337 -35.7791008046 0.950204472625 2600.0 0.950204472625
-1820.78493915 88.5833447274 0.962164612501 4600.0 0.962164612501
3896.09375435 -35.8834210586 0.896369783197 5000.0 0.896369783197
-3981.87747801 65.7443456107 0.956721376718 5000.0 0.956721376718
2946.66798454 -13.8774282282 0.901587295877 4000.0 0.901587295877
1015.04714655 -62.7530870154 0.952826350865 5200.0 0.952826350865
32.6747657399 -14.7599366652 0.849747929833 5000.0 0.849747929833
4930.44003461 70.8223282108 0.991047420018 3200.0 0.991047420018
-6067.24701271 10.8398995519 0.944565123855 4800.0 0.944565123855
-6380.9476799 26.7949027329 0.959828962723 5000.0 0.959828962723
1580.37539059 -15.6171984223 0.89855367348 4800.0 0.89855367348
1729.55909019 26.3121769614 0.898045899305 4800.0 0.898045899305
3959.87673975 44.5784956954 0.931036759307 5400.0 0.931036759307
4187.48600222 7.97455869634 0.926869738777 5000.0 0.926869738777
6218.33410271 31.4939491549 0.974350886361 4800.0 0.974350886361
-3796.7088707 -67.6704117309 0.889272685713 4800.0 0.889272685713
-943.555300173 -58.1282060081 0.944655247496 5000.0 0.944655247496
6412.28472058 -26.1818758947 0.981114879921 4600.0 0.981114879921
-461.867822582 35.7832307231 0.927402336944 4800.0 0.927402336944
-5124.29031813 -88.4903497621 0.986699052527 4800.0 0.986699052527
-4204.66079037 -3.47328836886 0.856953332244 4800.0 0.856953332244
6516.17184331 17.2706773926 0.975176761012 4600.0 0.975176761012
6694.14646993 -82.1005371616 0.987860992445 5400.0 0.987860992445
2916.13592895 49.6405893397 0.969189311226 4600.0 0.969189311226
-4731.71379319 55.2631691581 0.985058240061 2600.0 0.985058240061
-6272.53455792 -7.20217289474 0.931987569109 4800.0 0.931987569109
7780.24283744 -43.710325843 0.970904832271 4800.0 0.970904832271
-3431.34196612 51.5077937186 0.943958117765 5000.0 0.943958117765
-6730.3627172 -68.0629033366 0.996238683439 2400.0 0.996238683439
-4329.31830805 -27.9864026632 0.818974706585 4800.0 0.818974706585
-1900.21680482 -21.0838494791 0.909642591242 4600.0 0.909642591242
-519.304793084 47.4928986019 0.930959757334 6200.0 0.930959757334
-4518.22159542 17.6673843807 0.946033820738 5400.0 0.946033820738
6407.45475581 25.6314974374 0.874373244943 5000.0 0.874373244943
-6146.04028722 8.26372260483 0.869412703648 5000.0 0.869412703648
-709.269128478 -58.7613543668 0.994285312352 4600.0 0.994285312352
-1537.3787733 53.591604464 0.969721060222 5800.0 0.969721060222
17.6731406548 -63.564131196 0.950599025544 5000.0 0.950599025544
-8069.10976984 46.9790169352 0.983087216537 7600.0 0.983087216537
4642.41125869 66.1481694972 0.947737809492 3600.0 0.947737809492
-4260.73550861 -38.5649774005 0.911255615764 5200.0 0.911255615764
570.550674889 -47.0624657969 0.906741972955 4800.0 0.906741972955
-1112.73238165 14.6423704674 0.902716762815 5000.0 0.902716762815
-1275.20037708 51.6627943748 0.97819855342 5000.0 0.97819855342
-3346.11232691 -15.4028665646 0.873127136382 5000.0 0.873127136382
7949.35439863 -44.430837205 0.997012034435 4400.0 0.997012034435
-7825.69122141 -39.663150078 0.949830454977 5000.0 0.949830454977
4729.13985008 50.3695721667 0.959805698043 2000.0 0.959805698043
-5327.18909086 8.58652568066 0.898428613489 5000.0 0.898428613489
4617.84284983 19.0111390063 0.960924134294 3800.0 0.960924134294
-3180.91307012 54.9824957589 0.98424176719 600.0 0.98424176719
-1147.25482831 38.8948161824 0.947276288054 600.0 0.947276288054
-591.295611767 -44.0465168212 0.950684208848 600.0 0.950684208848
-1010.2870453 -4.83341085421 0.899706064627 4800.0 0.899706064627
1368.71463779 -27.14963368 0.919374773156 5000.0 0.919374773156
-1736.69682128 27.2961051474 0.877394598036 4800.0 0.877394598036
-6819.57910993 -76.8681957859 0.996004018553 5000.0 0.996004018553
5484.89292063 6.75096800234 0.921703772448 5000.0 0.921703772448
2966.88701001 -63.8829207898 0.91059464879 4400.0 0.91059464879
-6262.68248222 12.7636720266 0.974483331848 5000.0 0.974483331848
-4015.11052387 43.032285797 0.98801228031 4400.0 0.98801228031
6768.02447544 -20.6562364478 0.992250977756 5000.0 0.992250977756
-3695.48061789 3.28581585081 0.867799682092 5000.0 0.867799682092
7101.01304149 -25.1796222649 0.922303169154 4800.0 0.922303169154
-2018.63846848 -15.2758353351 0.879316730811 4800.0 0.879316730811
-6183.3319998 26.3019544859 0.899346239019 4800.0 0.899346239019
374.874623722 34.6065362046 0.906872809365 4800.0 0.906872809365
3248.60793474 -63.7106989743 0.970324542375 1400.0 0.970324542375
4972.34579525 41.1610371886 0.966546098672 4600.0 0.966546098672
4154.6127871 -31.6779298975 0.909322630657 5000.0 0.909322630657
1129.67795776 -60.205305183 0.957923003273 5000.0 0.957923003273
-3361.6699638 -11.0147875471 0.869124876822 4800.0 0.869124876822
-5910.89445545 -49.0593295154 0.996338775778 6400.0 0.996338775778
5985.55089875 36.093677735 0.990506975157 5200.0 0.990506975157
6560.20970698 -62.876400747 0.992273250153 6600.0 0.992273250153
-4134.45270077 -3.38035248682 0.853479595477 4800.0 0.853479595477
-7141.31794803 45.6299735696 0.974727293731 4600.0 0.974727293731
-5056.67868572 -12.0545701538 0.879027796912 4800.0 0.879027796912
6788.02705314 23.0248841718 0.947169308074 4000.0 0.947169308074
3911.42081457 45.5362239231 0.939389606946 4000.0 0.939389606946
-4123.54655506 88.6450078929 0.976999893861 6000.0 0.976999893861
7665.51075457 -33.894405814 0.913653858804 4800.0 0.913653858804
6387.43878022 35.3351755286 0.982023648949 5000.0 0.982023648949
677.783647768 -44.5386954236 0.967600299929 1200.0 0.967600299929
-2645.36384028 8.79075365336 0.880569715458 4800.0 0.880569715458
-1901.32124777 -65.3222597614 0.901012507329 5000.0 0.901012507329
2496.38592528 13.7540010572 0.923586893568 4800.0 0.923586893568
-2194.92763578 -5.05949228536 0.876024823464 4800.0 0.876024823464
-4964.44894084 -31.4746263143 0.878472845863 4800.0 0.878472845863
1961.41092857 -59.457814583 0.928019260177 4000.0 0.928019260177
-3739.69048543 -71.9215418841 0.985475635578 5000.0 0.985475635578
-6087.86452065 24.9787755607 0.95604770343 4000.0 0.95604770343
4266.61453682 54.7519744018 0.968034497537 4800.0 0.968034497537
-5576.0251483 24.9864710094 0.962799129746 5000.0 0.962799129746
588.843314601 68.245576885 0.953454627277 4800.0 0.953454627277
-2372.52515007 -32.4137905401 0.893981473725 4800.0 0.893981473725
-5419.46906398 -43.1706743697 0.985467469815 5200.0 0.985467469815
-6368.38318489 -38.9613485563 0.933394426796 5000.0 0.933394426796
5873.02995252 59.9645986104 0.994694253545 3000.0 0.994694253545
-6350.84393633 50.9320141469 0.995790192972 5400.0 0.995790192972
8715.95982837 50.8096103043 0.998887511979 3000.0 0.998887511979
1176.97697979 41.6698770897 0.955840060067 600.0 0.955840060067
-1055.99553827 42.5072682838 0.966013418694 4800.0 0.966013418694
6488.91591698 -65.7697321026 0.994987924502 4000.0 0.994987924502
2254.21559356 24.9720071521 0.877819093586 5000.0 0.877819093586
7209.86965794 46.1424624408 0.969066725861 4800.0 0.969066725861
3053.36972385 41.5425914814 0.912531312577 5000.0 0.912531312577
-4696.50501218 38.5258436037 0.976923494321 2600.0 0.976923494321
2838.09195057 -58.7811020048 0.970986439258 4600.0 0.970986439258
460.170287511 20.1150696181 0.892095061291 4800.0 0.892095061291
1314.92598965 38.2371559213 0.938909536068 600.0 0.938909536068
4230.75183545 52.7559560666 0.924530073056 6200.0 0.924530073056
2507.28650584 -55.8679197129 0.91655429852 4400.0 0.91655429852
4660.85574358 64.5048017592 0.939281082338 4800.0 0.939281082338
-4687.88495883 -45.8091920923 0.871488663559 4800.0 0.871488663559
-1225.78491611 7.10486030418 0.872425547697 5000.0 0.872425547697
1260.47425188 51.0321310038 0.982716087128 600.0 0.982716087128
-4413.95911071 86.9668586879 0.988652115574 1600.0 0.988652115574
1100.29280422 1.06386927945 0.91231553217 5000.0 0.91231553217
-484.610724254 27.7779552583 0.913705663983 4800.0 0.913705663983
3114.08462772 -14.3511493337 0.91329489154 4800.0 0.91329489154
8526.33175893 25.4231526824 0.998506497703 2800.0 0.998506497703
406.949904972 -36.0273557138 0.926555395743 4800.0 0.926555395743
-2119.42895158 60.544866132 0.943755522981 4800.0 0.943755522981
2255.04427499 54.0874560544 0.987182866372 4000.0 0.987182866372
-1505.01140142 -62.38344977 0.90922020474 6200.0 0.90922020474
8174.02705776 -40.7186023724 0.993806837662 600.0 0.993806837662
-7813.43618632 -32.5501760924 0.994118201487 4400.0 0.994118201487
1513.28479381 -54.1823839575 0.962818198289 1400.0 0.962818198289
-2599.73150838 -46.4737706633 0.977805984507 800.0 0.977805984507
-3818.93723962 46.233243288 0.953556609996 5200.0 0.953556609996
-8126.16328825 9.43358140139 0.978170746616 4800.0 0.978170746616
-2861.60175194 -57.4746448456 0.96796398086 4800.0 0.96796398086
-5967.81785208 20.6420249017 0.95092607959 5000.0 0.95092607959
230.264865682 14.845180088 0.908720371484 5000.0 0.908720371484
-2638.07629119 1.4731013281 0.844596834528 5000.0 0.844596834528
-5823.33609034 34.4255542969 0.972236658079 5200.0 0.972236658079
-3830.67190872 59.5751548678 0.946502636572 4800.0 0.946502636572
1059.09361809 5.40273805791 0.920330882243 5400.0 0.920330882243
-7617.128945 28.5738228976 0.960207340555 5000.0 0.960207340555
2528.75357771 -22.6144091303 0.961618093445 600.0 0.961618093445
-2818.98916409 -24.5088336141 0.898314328088 4800.0 0.898314328088
5989.99761479 -2.87622618333 0.959583222672 4600.0 0.959583222672
-546.904331195 19.9602277762 0.901399205382 6600.0 0.901399205382
774.113141663 78.4517507713 0.981328112666 600.0 0.981328112666
-4415.55246357 -47.9265033983 0.91332774711 4800.0 0.91332774711
4583.36418146 -18.1551182831 0.944822597268 5200.0 0.944822597268
821.135591781 -67.0730003893 0.957228059124 5000.0 0.957228059124
4818.51320449 22.4553332172 0.899882398821 5000.0 0.899882398821
1176.28835167 23.8877391347 0.906045287811 5000.0 0.906045287811
2463.30229376 -40.6647224464 0.92787622551 4600.0 0.92787622551
4559.22172873 -23.2396877362 0.887652793591 5000.0 0.887652793591
-767.759914112 -32.2890903916 0.889510706419 4800.0 0.889510706419
1157.57164523 17.9835557391 0.928386287949 4800.0 0.928386287949
-4731.95629626 69.5020413208 0.971176877008 7200.0 0.971176877008
5487.57859838 21.1637834234 0.967222008412 4600.0 0.967222008412
-746.471208397 -42.1283791366 0.880373007913 4800.0 0.880373007913
5155.20350872 -25.7273681942 0.931958898659 5800.0 0.931958898659
1798.87940362 -45.1973383424 0.92039647471 4800.0 0.92039647471
3696.34891744 25.7830346237 0.87615741593 4600.0 0.87615741593
8977.87086502 8.95851341404 0.997512383314 3800.0 0.997512383314
5008.06133283 -67.7253857105 0.969111141573 5200.0 0.969111141573
1136.8157709 -39.4575675394 0.908350919183 4800.0 0.908350919183
5722.03163888 -5.59056204707 0.955365897411 4600.0 0.955365897411
2585.493915 -58.5579985845 0.891773931186 4600.0 0.891773931186
1603.87581235 -2.09441722977 0.882028175296 5000.0 0.882028175296
-4721.77404623 -76.8745011726 0.977397427458 5000.0 0.977397427458
1997.00863875 34.077139449 0.955759362935 600.0 0.955759362935
6198.81792276 -26.0291202853 0.960531543917 6600.0 0.960531543917
1638.15089832 63.4628919199 0.970160515721 800.0 0.970160515721
6623.26885639 -14.0935945675 0.982929862472 4800.0 0.982929862472
517.645657245 -66.657670216 0.956923683471 5400.0 0.956923683471
-3538.11617357 39.7814551875 0.909438890946 4600.0 0.909438890946
-7800.92876606 -33.2626129854 0.963952544232 5000.0 0.963952544232
5813.526504 -33.5511734824 0.993170712735 600.0 0.993170712735
-1834.23214909 69.4018321648 0.930566174386 5000.0 0.930566174386
767.202616904 59.295265905 0.991866473554 5000.0 0.991866473554
-5237.96326496 51.3122150173 0.981298396249 7000.0 0.981298396249
1427.30283043 67.1617383552 0.98070568868 600.0 0.98070568868
-5710.84207472 2.25540940497 0.902228425858 4800.0 0.902228425858
-3898.45925956 29.1559130647 0.88245637087 4800.0 0.88245637087
1158.34349253 33.1077701908 0.950365585251 4800.0 0.950365585251
541.94612393 38.494363873 0.917280499666 4800.0 0.917280499666
-2152.68224998 37.9335744156 0.911070729416 4800.0 0.911070729416
-386.51502007 -62.0541190116 0.932571312297 4600.0 0.932571312297
-2033.98357987 -44.8308643435 0.823207402666 5000.0 0.823207402666
7176.66050433 -40.3208565312 0.967139822768 4200.0 0.967139822768
9650.35315531 56.6222705379 0.99488336951 4800.0 0.99488336951
-2565.00879733 16.1570025355 0.888709409511 4800.0 0.888709409511
7553.29792278 -70.7685095057 0.988524843382 4800.0 0.988524843382
3953.3057977 40.0463935387 0.922246616618 3200.0 0.922246616618
1543.69770904 60.0986613215 0.976174884988 600.0 0.976174884988
4084.61830666 12.8139751829 0.91615430767 6200.0 0.91615430767
113.726575437 17.0699295564 0.902595525795 5000.0 0.902595525795
-4678.39683566 64.1022510172 0.994006840491 5800.0 0.994006840491
-3873.61130267 -29.9223975936 0.925069788844 4800.0 0.925069788844
-4835.21663254 41.9778093695 0.979513855598 4000.0 0.979513855598
-1656.47518685 -53.2975213149 0.926933813735 4800.0 0.926933813735
-3132.65681135 73.5289378614 0.957982929445 7000.0 0.957982929445
-5961.22723072 16.9132230036 0.936676985263 4800.0 0.936676985263
-5146.05236446 -64.1289624695 0.991609981092 2600.0 0.991609981092
39.626050751 23.0390318423 0.926648745678 5000.0 0.926648745678
5449.42442026 23.3653141777 0.983952635828 4800.0 0.983952635828
-6026.70006779 -53.4051933314 0.953439857931 5000.0 0.953439857931
-1127.36026637 -42.5365661617 0.955035712335 800.0 0.955035712335
-1138.60506259 69.1741394756 0.990763406301 4800.0 0.990763406301
3619.04776541 89.1832104074 0.987354274637 1600.0 0.987354274637
4682.09214455 70.7663707948 0.962565378627 6000.0 0.962565378627
-4847.78097544 59.2072862281 0.937702038601 4800.0 0.937702038601
-519.914068329 -32.8721843394 0.903722867794 5000.0 0.903722867794
-3990.54549786 39.6605620613 0.979650279148 3000.0 0.979650279148
-6256.01240286 -5.24811579943 0.956725150789 4800.0 0.956725150789
4229.96963782 6.91628314823 0.937720077157 5000.0 0.937720077157
-2563.20958797 -5.38387956638 0.858407647544 5000.0 0.858407647544
-3606.27908276 -25.3314017721 0.917367007303 5000.0 0.917367007303
3561.87647834 -22.3090698441 0.867533516753 4600.0 0.867533516753
5555.08465497 -32.8326828735 0.992798204381 800.0 0.992798204381
-691.450614469 -27.3699111802 0.896244481869 5400.0 0.896244481869
-1182.51700391 -37.8314880833 0.960437318536 600.0 0.960437318536
-5877.03773388 -11.1010849379 0.910413830866 4800.0 0.910413830866
-5653.64501504 -9.44050886917 0.93027140587 4800.0 0.93027140587
-318.662959186 -1.14453516701 0.919004702729 5000.0 0.919004702729
-6502.43739108 38.5311208021 0.974116999614 5000.0 0.974116999614
688.712737129 60.1264555001 0.986778827652 600.0 0.986778827652
5273.03054833 11.653648019 0.933805349228 4800.0 0.933805349228
-7529.06378357 -48.4941488932 0.974155516753 4600.0 0.974155516753
-3231.71021835 68.9674887846 0.925779977474 6400.0 0.925779977474
5510.39178884 -12.0248083404 0.981563463567 1000.0 0.981563463567
1071.38134518 -46.3798858559 0.948211840261 1400.0 0.948211840261
3736.06225172 44.0555521823 0.968740244392 600.0 0.968740244392
3458.45018104 -68.8305067656 0.975004223861 5600.0 0.975004223861
3435.77469183 -77.9511980597 0.969746653136 600.0 0.969746653136
-6748.00146761 -18.6043396405 0.899212915529 5000.0 0.899212915529
172.030513914 -60.594039802 0.995383566881 7800.0 0.995383566881
536.910077244 7.61233160863 0.898000555109 5000.0 0.898000555109
5640.43455473 24.6913225339 0.971181372731 4800.0 0.971181372731
-6235.57787663 63.5872977935 0.984350111272 4800.0 0.984350111272
-6353.17278331 -22.516533176 0.964569366853 4800.0 0.964569366853
2093.520265 11.0723376936 0.902546668177 5000.0 0.902546668177
6285.02928628 -83.3838624521 0.965866891625 5800.0 0.965866891625
4966.72291149 -30.0248065686 0.966416263817 1200.0 0.966416263817
4784.2199026 56.5301017759 0.950731378607 5800.0 0.950731378607
-1305.85479827 -69.3532517662 0.924122480369 5000.0 0.924122480369
-2590.5053087 -4.853523377 0.85896526 5000.0 0.85896526
6607.11264373 -37.0274549079 0.995146701811 600.0 0.995146701811
-1947.76288618 62.161013962 0.972739867098 4600.0 0.972739867098
-3809.22795198 -26.2402494022 0.922071235125 4800.0 0.922071235125
-3240.93300092 47.8953684374 0.939340362492 4600.0 0.939340362492
-2254.9311068 -73.8697599455 0.990419270346 4000.0 0.990419270346
5865.19895435 16.4966019476 0.971742321805 4600.0 0.971742321805
-4595.79551246 34.7063819709 0.935164475243 5000.0 0.935164475243
2974.4943607 3.54907783485 0.888891738721 4800.0 0.888891738721
1732.55145193 20.2328908869 0.927738811038 4800.0 0.927738811038
-7908.78266985 -42.9258777173 0.962966392198 5000.0 0.962966392198
4612.35931146 26.7575163591 0.923091044594 1200.0 0.923091044594
-4612.75546432 -37.4678609954 0.916732893439 5000.0 0.916732893439
-7546.67295962 -1.9419707651 0.952471926455 4800.0 0.952471926455
1514.89074171 -43.5612603204 0.914612836543 4800.0 0.914612836543
-5933.59358857 -48.8928376144 0.991655388098 5000.0 0.991655388098
-2160.89426809 28.6757608964 0.907294337762 5000.0 0.907294337762
1526.47428135 7.13389573226 0.913098925014 5000.0 0.913098925014
632.705179573 46.1332482202 0.9732983927 4800.0 0.9732983927
2352.82847438 32.3156554339 0.935470592334 5600.0 0.935470592334
-4597.8018334 -1.69659659982 0.873416158012 5000.0 0.873416158012
-1089.16653113 36.3699790888 0.903485804144 6000.0 0.903485804144
3616.02920686 74.6289313616 0.987421007449 600.0 0.987421007449
-4992.13574566 15.2313000272 0.905179610626 4800.0 0.905179610626
-7441.47845287 17.0274490982 0.986377881609 5200.0 0.986377881609
971.719154206 8.42104735062 0.93199905603 5000.0 0.93199905603
-2258.60570282 54.1290777178 0.956639137317 5000.0 0.956639137317
-5906.54900486 -42.8800216237 0.8683624011 4800.0 0.8683624011
-3499.15207005 7.52445130414 0.881584244601 5000.0 0.881584244601
1417.32081367 -48.6960196834 0.953196787839 4800.0 0.953196787839
2833.17086066 34.8827569449 0.94937172431 4800.0 0.94937172431
6430.3740672 -26.9240820333 0.992364021768 4200.0 0.992364021768
-807.911157088 56.8635896308 0.973610663459 5000.0 0.973610663459
-2481.46312243 10.5587832744 0.873289593071 5000.0 0.873289593071
2943.86765102 45.3400489648 0.961188448053 4800.0 0.961188448053
-4992.36475611 48.8430794935 0.933462263173 4800.0 0.933462263173
8381.00042688 28.1680609062 0.991234630721 4600.0 0.991234630721
-5869.60539727 8.9858498243 0.856446188907 4800.0 0.856446188907
8553.66990765 2.12893548497 0.956842228417 4800.0 0.956842228417
1763.47637381 -35.9462556203 0.956488821934 1200.0 0.956488821934
6845.00281749 -76.0041013433 0.992440995415 5000.0 0.992440995415
6984.52902814 48.8840434325 0.934977402686 4800.0 0.934977402686
-2679.04613971 0.573032454478 0.858504772552 4800.0 0.858504772552
4717.47674879 -46.9003301875 0.971285408588 2000.0 0.971285408588
-5839.93614016 -7.1877582098 0.86935785098 4800.0 0.86935785098
-1748.91720391 -39.4197736193 0.889003175269 4800.0 0.889003175269
-4014.30148765 24.8598424326 0.860284757212 4800.0 0.860284757212
2590.74311459 23.5266542226 0.926196411655 4800.0 0.926196411655
-116.052479951 -39.8887367722 0.946455120138 5400.0 0.946455120138
-616.484272223 27.2927099096 0.942649051084 5000.0 0.942649051084
3990.59227325 37.6293567537 0.946066161452 4800.0 0.946066161452
-539.217490599 10.3318615117 0.910126284142 5200.0 0.910126284142
-7096.98318266 8.34685574742 0.946073392962 4800.0 0.946073392962
2094.01602444 -19.8756790366 0.9194097981 5200.0 0.9194097981
-4206.79648969 10.5002508581 0.83042048053 4800.0 0.83042048053
4937.45933154 -63.4784034018 0.995995631681 6600.0 0.995995631681
-4151.97776595 48.8087635017 0.929594594385 4800.0 0.929594594385
4408.55812674 -76.5669073617 0.934638511161 4600.0 0.934638511161
9685.82283475 72.3796592112 0.987240886828 5200.0 0.987240886828
3180.32272515 25.8324406321 0.917175383536 5000.0 0.917175383536
4012.45045172 -24.3157222928 0.917542216708 5400.0 0.917542216708
-2015.78236713 -32.8998781505 0.937408864371 4800.0 0.937408864371
-4770.31186299 67.7053033661 0.989917699658 4800.0 0.989917699658
371.931087578 26.6123259125 0.927195706832 4800.0 0.927195706832
6755.33371154 12.8436545125 0.954785239881 3000.0 0.954785239881
6544.68248123 40.9059031728 0.993316760129 600.0 0.993316760129
-4234.02788586 17.3857960217 0.86638889082 4800.0 0.86638889082
-5969.39794669 -70.9956809135 0.988770503197 6400.0 0.988770503197
-6953.08043904 1.639523363 0.957586790743 4800.0 0.957586790743
-1145.37473682 -18.0729576898 0.897763091461 4800.0 0.897763091461
6555.75351031 -24.8243697437 0.977645424259 5400.0 0.977645424259
7458.81011708 33.7316022117 0.974115636746 5000.0 0.974115636746
3966.34536821 87.355667833 0.983473955746 4600.0 0.983473955746
7003.33751178 -32.4139565226 0.985049828536 4000.0 0.985049828536
3722.77545775 -1.92783363661 0.899592794292 5000.0 0.899592794292
-3868.85748665 33.7467398076 0.87474428424 4800.0 0.87474428424
3231.79156721 5.06463106611 0.917762467845 4000.0 0.917762467845
-728.285177523 20.9775091151 0.901042522851 4800.0 0.901042522851
-1568.03743957 55.1533678016 0.971728044532 3000.0 0.971728044532
-6278.20838542 -34.7971580179 0.950476857602 5000.0 0.950476857602
-2412.92434258 16.0638460655 0.895220678144 5000.0 0.895220678144
2614.48449398 -54.1991810763 0.993376118833 600.0 0.993376118833
1070.17194165 54.5031212569 0.980036578096 600.0 0.980036578096
-98.0149662235 56.8745031445 0.918299590815 5000.0 0.918299590815
2520.10489134 -69.7355084897 0.952649466876 6800.0 0.952649466876
-1552.24980338 -6.22145658095 0.911820506652 5200.0 0.911820506652
-4112.22778653 -61.2682760712 0.995008873623 5400.0 0.995008873623
-4736.81403333 -12.7268737696 0.851649188202 5000.0 0.851649188202
-2690.99265432 -50.1131195257 0.904513193193 5000.0 0.904513193193
3240.10500556 -13.2435010561 0.897165531295 5000.0 0.897165531295
-667.484145607 66.7490700988 0.97818028785 4800.0 0.97818028785
-6970.1966275 -42.7507970529 0.953822668907 4800.0 0.953822668907
-5578.90782582 29.9379693406 0.92015081163 5000.0 0.92015081163
2800.3773613 16.3608896821 0.869686100104 4800.0 0.869686100104
9401.52272475 40.2813930124 0.99481890377 4400.0 0.99481890377
-9139.97054345 45.4089053791 0.999806754647 6000.0 0.999806754647
3333.70264181 -3.20562207698 0.888046362215 5000.0 0.888046362215
6358.08872534 56.548881294 0.986118499897 4400.0 0.986118499897
5241.66242516 47.5296863258 0.976098164223 600.0 0.976098164223
5010.53310501 38.3911776052 0.940123676469 3800.0 0.940123676469
4759.79566686 -43.0007740912 0.98657559888 1600.0 0.98657559888
-2470.25458096 -71.9792488911 0.929709216797 4800.0 0.929709216797
-4160.75517793 -8.67363301725 0.859876398419 5000.0 0.859876398419
-919.332607178 -18.4772969341 0.870411424614 4800.0 0.870411424614
-5145.24390484 -28.9985625333 0.899606225755 5000.0 0.899606225755
1938.35055427 77.4425984016 0.981123055433 7000.0 0.981123055433
6100.13766424 -50.3431594556 0.988528707347 5000.0 0.988528707347
-6617.71880483 -80.4758308747 0.997252391717 4000.0 0.997252391717
2207.98031814 80.1537144853 0.987482386761 1000.0 0.987482386761
5331.37611824 54.4473484376 0.970879413241 4800.0 0.970879413241
6283.74904604 -26.7079943451 0.988122146819 5200.0 0.988122146819
-3510.0085637 42.5118342343 0.960556696881 4800.0 0.960556696881
-6595.44614506 -40.0994177046 0.95470347367 5000.0 0.95470347367
4924.34075235 21.1891337224 0.94178953515 5200.0 0.94178953515
3975.51126827 38.9229345049 0.93722250677 5000.0 0.93722250677
-6610.84639966 -3.12018282803 0.922310683726 4800.0 0.922310683726
-5237.58091053 7.21193162479 0.920260767382 4600.0 0.920260767382
-5741.11468117 48.6666353704 0.938250273047 4800.0 0.938250273047
6991.56818633 -12.8681256999 0.96987261446 3200.0 0.96987261446
6051.6167759 13.1066651297 0.972521741365 5000.0 0.972521741365
-7927.41238962 4.06902198017 0.97107240052 4800.0 0.97107240052
-5491.7920527 -12.3396865033 0.92394063978 4800.0 0.92394063978
2403.32816558 -37.9538574503 0.882861000635 5000.0 0.882861000635
-5779.95817852 83.7196270114 0.970917212848 5000.0 0.970917212848
-3172.41902139 -5.99315862292 0.864313666093 4800.0 0.864313666093
-579.496135846 21.4583321215 0.93046281594 4800.0 0.93046281594
2316.72242998 -46.2440183703 0.922306112253 4600.0 0.922306112253
-5667.34550765 -83.4661424815 0.991965126274 2600.0 0.991965126274
-3896.94526819 -3.17693302947 0.865549482158 4800.0 0.865549482158
-5005.9284455 54.4554689502 0.952252401007 4800.0 0.952252401007
-4072.27761946 22.2885457414 0.916668417002 4600.0 0.916668417002
6805.30786995 -19.0138241846 0.988276217837 5400.0 0.988276217837
929.941809464 -29.3496335775 0.916086989011 5000.0 0.916086989011
-7019.04043622 81.2558172711 0.997064396085 5000.0 0.997064396085
-961.687468745 -8.50319397913 0.89229899715 4800.0 0.89229899715
8902.2137094 21.5517791815 0.970542793388 5000.0 0.970542793388
1254.72649455 -78.4302022095 0.974592962662 600.0 0.974592962662
-4743.25100579 56.3551357133 0.988544903474 5800.0 0.988544903474
-1392.45816 -3.90136799994 0.891515179206 5000.0 0.891515179206
6017.34387178 18.0961642761 0.968136789895 2800.0 0.968136789895
-2012.33451365 -42.7970508494 0.893162789524 5200.0 0.893162789524
-2655.45363722 -31.5932247205 0.837609568973 5000.0 0.837609568973
6675.75872276 -27.0677206663 0.984637380975 1000.0 0.984637380975
5154.11546751 -30.1147347715 0.970790468163 1400.0 0.970790468163
6587.61527445 -15.7273271726 0.968404569426 5400.0 0.968404569426
-3054.74320963 4.48683792791 0.876653573909 4800.0 0.876653573909
5739.52023666 -1.93647945041 0.98205547241 4600.0 0.98205547241
6136.1848301 16.1671139383 0.978349282629 5400.0 0.978349282629
-5137.27622298 -49.3920492536 0.989340950542 2400.0 0.989340950542
-7146.88874051 36.1221921009 0.982528516281 5200.0 0.982528516281
6023.45998644 60.3401744661 0.998879115011 5800.0 0.998879115011
-6716.26586617 -84.4936900088 0.996391138584 2800.0 0.996391138584
-6115.74210471 21.6192286949 0.893826083858 5000.0 0.893826083858
623.073156383 -29.4597126656 0.920647881786 4800.0 0.920647881786
-7625.70083302 16.369201371 0.988478714044 5200.0 0.988478714044
-2889.89055489 20.5442677627 0.89710258762 4800.0 0.89710258762
3232.95122276 -30.2262860322 0.9306802275 5400.0 0.9306802275
-36.1255876166 -77.9913532061 0.932847828817 5000.0 0.932847828817
-612.598470955 -60.2340632536 0.96672971953 1200.0 0.96672971953
1907.87144565 59.3142887228 0.975998221865 4600.0 0.975998221865
-5329.13457827 -43.5203567186 0.928282139779 4600.0 0.928282139779
-96.6139093962 18.1151085349 0.917378466508 5000.0 0.917378466508
-4780.44427954 36.5892689891 0.963831208889 5000.0 0.963831208889
409.112286299 -23.9574952966 0.914111991247 5000.0 0.914111991247
-4717.2660147 -4.58310325921 0.879179919677 4800.0 0.879179919677
5760.5997127 11.9652860179 0.906901993354 5000.0 0.906901993354
-2189.03659735 -57.8416486383 0.957307075309 600.0 0.957307075309
-2918.72462897 -37.4771929215 0.914287046322 4800.0 0.914287046322
-2032.32905981 70.8804091413 0.931891454306 5000.0 0.931891454306
6509.19327171 8.3199346052 0.915174663691 5000.0 0.915174663691
-3389.99790708 -52.5190796614 0.86882319037 4800.0 0.86882319037
-18.6562285393 27.7866131935 0.938441509813 5000.0 0.938441509813
397.489280709 29.990134427 0.941069572487 1200.0 0.941069572487
926.052148165 86.859997474 0.987270777431 800.0 0.987270777431
610.961535676 34.2955003505 0.916550682753 5000.0 0.916550682753
-2411.26422704 -1.21354444629 0.865234094545 5000.0 0.865234094545
3944.61538643 23.348647934 0.904659212751 1200.0 0.904659212751
-3666.06524205 9.72853613868 0.848336288927 4800.0 0.848336288927
546.635044809 62.3949218222 0.966354127669 4800.0 0.966354127669
-1126.52320478 -50.7789201333 0.933700320049 4800.0 0.933700320049
-4339.65160958 -53.5397971012 0.912170240014 5200.0 0.912170240014
2174.63631624 70.8497377646 0.970426097023 4800.0 0.970426097023
7026.95154736 59.3056150326 0.997529772385 3000.0 0.997529772385
-1036.23288382 46.7173817947 0.972043772111 600.0 0.972043772111
293.529104014 67.4902024175 0.97886157823 5800.0 0.97886157823
-3084.83758576 3.9883494251 0.851440968639 4800.0 0.851440968639
1982.82177542 -14.5682348935 0.880637969737 5000.0 0.880637969737
3869.83901558 -43.5548848919 0.968531462965 4400.0 0.968531462965
3276.64272085 -31.3072040881 0.942037945917 4000.0 0.942037945917
-3821.95291028 56.6583485283 0.918653256924 4800.0 0.918653256924
6571.40042421 59.7230279741 0.985404027941 6800.0 0.985404027941
5521.53664146 9.01497338671 0.937704167659 5200.0 0.937704167659
-2968.52491578 44.7153230106 0.908429336925 4800.0 0.908429336925
-3486.18463933 5.48357382092 0.895621169053 4800.0 0.895621169053
3984.96745706 -47.2473621247 0.955253445105 3000.0 0.955253445105
-1149.21487199 -39.5116264895 0.918753904425 5000.0 0.918753904425
-1663.65430709 23.5301934135 0.904075235381 4800.0 0.904075235381
-6580.79622094 57.8125879698 0.996702407154 5800.0 0.996702407154
-3184.17557947 57.5244152306 0.927210011425 5000.0 0.927210011425
-245.089983451 15.1789700314 0.928519362744 4600.0 0.928519362744
-4850.45427302 3.07515088337 0.96385437238 5200.0 0.96385437238
-5909.24580909 0.997773045614 0.918893963212 4800.0 0.918893963212
-2307.68263187 -21.3472920194 0.884805430467 5000.0 0.884805430467
3169.7688638 38.9908092983 0.96660616709 2800.0 0.96660616709
-5626.67873438 -75.8258410911 0.946962939303 5000.0 0.946962939303
1446.29843853 54.0036899875 0.959201074298 4600.0 0.959201074298
-3173.68864988 34.2504129708 0.888197812344 4800.0 0.888197812344
5404.15354453 47.5566247048 0.983254630174 7600.0 0.983254630174
1218.11835057 -60.4543326377 0.902641561516 5800.0 0.902641561516
-3438.65387529 23.7928719114 0.86927234406 5000.0 0.86927234406
-5786.18522252 -14.809467077 0.917831052583 5000.0 0.917831052583
5005.8623514 -73.0938329394 0.978717170379 4200.0 0.978717170379
1464.6520156 50.8141625508 0.940618828998 4600.0 0.940618828998
-6091.54252429 46.6336760756 0.985520931039 3600.0 0.985520931039
-5602.87176909 -85.0091827985 0.99057570736 5600.0 0.99057570736
-3295.36721282 -5.43906794809 0.824278670285 4800.0 0.824278670285
3303.40420256 -14.2881814926 0.900442936968 4800.0 0.900442936968
-3586.93015379 62.4734970029 0.98634094372 600.0 0.98634094372
-7134.48304876 60.4422400088 0.996362583117 4800.0 0.996362583117
906.693928511 -18.4933602406 0.91346561903 4800.0 0.91346561903
-3283.19461456 -43.0469755228 0.981652540334 4800.0 0.981652540334
-8466.89150484 11.9039256324 0.973894931119 4800.0 0.973894931119
-5159.67146735 -36.617697182 0.934815623088 5000.0 0.934815623088
6833.29646241 -49.6986935297 0.993861803507 3400.0 0.993861803507
-264.385805567 1.0640250592 0.904828323032 5000.0 0.904828323032
1644.5010692 30.3897582688 0.950386812176 4800.0 0.950386812176
6220.37756653 -40.0029736233 0.989067987706 600.0 0.989067987706
6910.7746846 42.2698429423 0.994466027224 5000.0 0.994466027224
775.35049432 -16.4346661587 0.917640101938 6600.0 0.917640101938
6756.7596535 -31.3240253421 0.995451196327 4000.0 0.995451196327
-3688.92576162 -25.2505443349 0.899488641774 4800.0 0.899488641774
-5631.0405769 14.884876032 0.922791843789 5000.0 0.922791843789
1620.68981083 -58.5870983486 0.990258506742 1600.0 0.990258506742
-7947.69574388 -15.9823062202 0.951156848904 5000.0 0.951156848904
-4277.55281972 28.3179432136 0.882532606436 4800.0 0.882532606436
1287.75997448 -46.9117813515 0.967298001335 600.0 0.967298001335
4589.38018819 71.1823143215 0.983570426215 3600.0 0.983570426215
-792.305276347 26.1696427186 0.928855857206 4800.0 0.928855857206
-5424.27921753 47.4149559223 0.987711425724 5000.0 0.987711425724
7118.85530914 -12.4430896792 0.975495740737 4600.0 0.975495740737
1928.35986445 18.0061069327 0.912313971235 4600.0 0.912313971235
-2170.4623751 -31.1568779351 0.847311417964 5000.0 0.847311417964
-4436.36679785 -51.1790255623 0.996410033644 3000.0 0.996410033644
-7652.32742674 65.1375740644 0.994404192355 5000.0 0.994404192355
-1872.94734475 0.69722548233 0.855884547552 5000.0 0.855884547552
5184.34940246 -60.0727499329 0.943698821807 5800.0 0.943698821807
-5353.72716259 -64.4805812412 0.998029718023 5400.0 0.998029718023
-1039.59499813 -26.2292184026 0.913442735525 1400.0 0.913442735525
-8123.30487585 44.7440227382 0.989760889949 5000.0 0.989760889949
-7548.41423217 33.9497644212 0.987010336003 5000.0 0.987010336003
-754.84189261 43.8701758261 0.961134817536 600.0 0.961134817536
-3497.54755751 39.2593898286 0.935764863431 4800.0 0.935764863431
851.061393216 44.8536622401 0.956779391115 1400.0 0.956779391115
4255.73879188 -44.2641434115 0.977008411291 3000.0 0.977008411291
-6156.00688885 25.646256033 0.974720007807 4800.0 0.974720007807
5010.36356067 43.4538745828 0.982666447779 5000.0 0.982666447779
6528.11725022 34.6478349646 0.998402869362 5400.0 0.998402869362
6905.18012184 10.0331949861 0.977682024282 5000.0 0.977682024282
3517.8728969 -33.3141475055 0.956926087668 4400.0 0.956926087668
2731.45245968 77.2227626032 0.941352647328 5600.0 0.941352647328
-704.106740369 10.9109876914 0.91638282659 4800.0 0.91638282659
-4520.68221891 -1.22015176331 0.874464547533 4800.0 0.874464547533
3316.07110353 9.58751166641 0.919962160734 5000.0 0.919962160734
-4470.59319101 58.4993593517 0.928360749626 5000.0 0.928360749626
1396.8315955 -53.8552429684 0.991547422219 1200.0 0.991547422219
2310.44575884 28.6351272333 0.913174790933 5000.0 0.913174790933
-1439.82583173 14.9591853488 0.884328554001 4600.0 0.884328554001
-2739.18602678 40.2896327886 0.897213848377 5000.0 0.897213848377
6195.1758693 84.7236647983 0.979959449503 4000.0 0.979959449503
-6254.98010796 73.7583919066 0.92787123575 4800.0 0.92787123575
-1146.23994038 48.3751316176 0.984046386477 600.0 0.984046386477
-244.033961718 -61.5501617062 0.943122866044 6200.0 0.943122866044
-6934.60912798 -37.0996462822 0.951483936148 5200.0 0.951483936148
-5083.2137079 18.575319178 0.957108725549 5200.0 0.957108725549
4991.67245645 -55.171795609 0.983060157104 1600.0 0.983060157104
-5529.11037355 67.2639129976 0.979315096645 5000.0 0.979315096645
3370.86411815 56.4099775523 0.9596983822 4800.0 0.9596983822
-3843.80699515 -69.1993488048 0.991062403096 5200.0 0.991062403096
-2331.7698241 -42.2380365158 0.887919215324 4800.0 0.887919215324
-7441.0574873 -31.6761126564 0.964070586879 4800.0 0.964070586879
6576.31304498 53.8539716218 0.993682552288 2200.0 0.993682552288
-6924.99923677 -14.0674188105 0.916718565545 4800.0 0.916718565545
-4545.59941048 43.0007403451 0.908609491425 5000.0 0.908609491425
-6111.96807801 62.865530016 0.986719851945 5000.0 0.986719851945
4322.4069649 80.5403553493 0.99045961611 6600.0 0.99045961611
1071.00704476 -2.57467575881 0.890244593761 4800.0 0.890244593761
-7286.54461549 47.8781948093 0.999464147869 4400.0 0.999464147869
2902.48383697 -56.3112775242 0.955515871099 600.0 0.955515871099
1056.83906092 39.9339902542 0.923995202071 5000.0 0.923995202071
683.059451193 43.4265188567 0.890035606114 5000.0 0.890035606114
-3952.43338929 35.896290207 0.904499190868 4800.0 0.904499190868
-3181.46542211 -39.3428180706 0.906610858016 4800.0 0.906610858016
-3332.41242519 -89.2471855611 0.930577083701 4800.0 0.930577083701
-84.7485856283 -22.5772883518 0.877161097628 5000.0 0.877161097628
-8943.33468403 14.2109546964 0.984231900691 4800.0 0.984231900691
-1475.5997494 -10.8909943126 0.875743266352 4800.0 0.875743266352
-2562.54281408 -63.5971962735 0.879368845204 4800.0 0.879368845204
-3807.82721607 4.82655077995 0.862959312526 4800.0 0.862959312526
6933.49325509 28.29339812 0.998508811244 4000.0 0.998508811244
-6448.4034823 -53.1998712889 0.939381667709 5000.0 0.939381667709
-5023.70132251 -27.5263072169 0.912378687986 4800.0 0.912378687986
906.57431208 74.1390719885 0.953816018521 600.0 0.953816018521
-1542.7766825 36.6449355328 0.950695133385 600.0 0.950695133385
-487.978326201 -17.8768649535 0.887289432129 5200.0 0.887289432129
6716.60125469 47.7577491512 0.98943016955 5200.0 0.98943016955
-1269.85041089 -21.4695918623 0.930359002753 4800.0 0.930359002753
-7139.27792531 80.9346319189 0.996465415461 5600.0 0.996465415461
3711.34309308 45.2259519716 0.908715748976 5200.0 0.908715748976
-4852.7297217 -60.446667911 0.988431767372 2000.0 0.988431767372
-3391.95116109 -16.0814576368 0.889015005943 4800.0 0.889015005943
-3409.40142565 9.88926664693 0.816445311032 4800.0 0.816445311032
-2664.80185501 -87.1566669619 0.952134423873 4800.0 0.952134423873
-2254.8900705 31.9522686363 0.929478067281 5000.0 0.929478067281
4840.16993449 -20.0056838917 0.956456529048 4200.0 0.956456529048
-7018.7973767 -13.8389211077 0.935482752132 4800.0 0.935482752132
-6170.56166449 -6.69832100468 0.949535086965 4600.0 0.949535086965
-4753.35809619 -74.4339146192 0.988744134221 6200.0 0.988744134221
1841.83954374 4.22364578793 0.913462151954 4800.0 0.913462151954
-4214.28410645 -8.68455176152 0.839664173638 4800.0 0.839664173638
7355.0485301 7.01221043396 0.983558384663 4800.0 0.983558384663
-3682.37621966 59.8590955709 0.941324762333 4800.0 0.941324762333
-4919.71907997 -11.6230401097 0.926729204448 5200.0 0.926729204448
-962.892393854 -8.88677463514 0.918968310177 4800.0 0.918968310177
3583.28366327 23.2663185287 0.924758080354 5000.0 0.924758080354
6015.93457174 33.3480155128 0.930439979388 5800.0 0.930439979388
-5544.43441938 -29.5162715238 0.970445847307 4600.0 0.970445847307
1156.09252139 -72.901852007 0.961317592298 600.0 0.961317592298
2829.35217052 -14.5235597881 0.884107965527 4800.0 0.884107965527
1598.09895947 -85.9824120372 0.970720683632 4800.0 0.970720683632
-5135.93592491 -45.2591792441 0.997942576657 7800.0 0.997942576657
-7608.03197632 -15.870455326 0.954395050884 4400.0 0.954395050884
4074.29494873 28.2069676328 0.895740945736 4800.0 0.895740945736
251.822154188 6.08068276528 0.880015049869 5000.0 0.880015049869
2500.435639 -54.4130670741 0.968661287339 1000.0 0.968661287339
6147.65362327 76.3882631914 0.987893790971 5200.0 0.987893790971
-3392.85084216 -8.94615981309 0.877005835123 5000.0 0.877005835123
3425.54275547 -80.7273440786 0.952020524943 5000.0 0.952020524943
5836.45686606 -70.8084457526 0.969720986017 7200.0 0.969720986017
-6793.415934 22.9822143994 0.956794058428 5000.0 0.956794058428
1997.19448527 -57.512606141 0.938283006493 6200.0 0.938283006493
758.423272003 -46.5730020558 0.887930079054 4800.0 0.887930079054
-3968.5668847 49.8355185419 0.971689375224 5000.0 0.971689375224
1403.90021981 1.78869733631 0.867814388922 4800.0 0.867814388922
3927.1880545 -14.7697705449 0.925818547149 5000.0 0.925818547149
6340.85027335 -52.71610098 0.995210600239 4600.0 0.995210600239
6094.00698071 36.7959551474 0.975183208252 4600.0 0.975183208252
-1062.56349757 18.0244502022 0.9125495329 4800.0 0.9125495329
1421.31296407 -52.7982319876 0.966037513591 1400.0 0.966037513591
4576.39509482 68.2541718969 0.968879078991 4600.0 0.968879078991
-4142.62811594 39.3356740559 0.931391902353 4800.0 0.931391902353
-1368.33059858 -49.7925127183 0.858327985269 5000.0 0.858327985269
1825.11048814 -71.0772174326 0.980856265423 1000.0 0.980856265423
544.060499847 55.8521818284 0.988912350104 600.0 0.988912350104
8033.58895018 35.8686915461 0.993522771837 4600.0 0.993522771837
-5016.92193888 47.6358564567 0.975854746826 3000.0 0.975854746826
-5903.69864519 -46.560848543 0.893822277325 5000.0 0.893822277325
-5900.98033419 5.09604526513 0.959734555931 5000.0 0.959734555931
-2797.44034703 -21.2941971477 0.914353237592 4800.0 0.914353237592
-4112.19715297 45.233489507 0.975325783042 5000.0 0.975325783042
272.702048607 -30.8497414576 0.925997385512 4800.0 0.925997385512
263.09461106 -10.0793049278 0.889084745525 4800.0 0.889084745525
36.8656287785 78.1350434117 0.983111547798 600.0 0.983111547798
-28.3844068981 -34.2888773339 0.913747133344 5000.0 0.913747133344
6392.46142361 22.0401928972 0.893139301804 5000.0 0.893139301804
-5925.01422391 -39.3002907885 0.965506116916 4200.0 0.965506116916
4991.06143827 45.7175450543 0.966107442523 3200.0 0.966107442523
4774.32073102 64.9971901582 0.943558265039 1600.0 0.943558265039
-3923.69815834 -37.053914657 0.862024128873 4800.0 0.862024128873
902.894507541 17.718919307 0.896632953302 5000.0 0.896632953302
5624.32378056 -49.4163398967 0.984682328836 1000.0 0.984682328836
1575.38649932 28.8431161793 0.877188568074 5000.0 0.877188568074
3161.40715784 26.5333553979 0.931699597322 5200.0 0.931699597322
-3185.44938069 33.3286892561 0.906625158197 4800.0 0.906625158197
-5697.20984182 71.8903440966 0.987628605593 4800.0 0.987628605593
7561.52706949 -16.3384099395 0.926318023253 4800.0 0.926318023253
-5649.76159079 -43.6434068559 0.99286586887 5200.0 0.99286586887
7947.98479406 38.4233029732 0.985965312845 4600.0 0.985965312845
7804.19317268 57.9415883011 0.995240106808 6000.0 0.995240106808
4819.77647922 88.9328952227 0.985032518182 5800.0 0.985032518182
-409.349152998 -81.3342419043 0.968419706389 5600.0 0.968419706389
-1887.16834796 -36.5297928074 0.939766300104 1000.0 0.939766300104
3186.72782656 -13.0526391917 0.880756943768 4800.0 0.880756943768
2643.05149355 -62.7972222155 0.955910741802 5000.0 0.955910741802
7585.50133062 80.8269940053 0.995097395662 4400.0 0.995097395662
7377.19512347 -74.3032237718 0.99347793915 3600.0 0.99347793915
-5069.43947644 -43.5777158114 0.891208729356 4800.0 0.891208729356
2474.26354119 -84.9143258439 0.962145572916 5000.0 0.962145572916
-9038.7811269 -22.696493635 0.990894059253 5200.0 0.990894059253
42.2354805161 -52.7733959221 0.957340953013 600.0 0.957340953013
3307.39858176 -51.7110387337 0.99125377365 1800.0 0.99125377365
-4911.95052488 -25.2797186707 0.96546967806 5200.0 0.96546967806
5658.2364291 -86.2086989967 0.992095853101 3800.0 0.992095853101
-6260.9454728 -59.3328675318 0.990152592612 6200.0 0.990152592612
-6900.41750729 -6.74180777942 0.929218499629 4800.0 0.929218499629
1021.62113349 -71.9387263404 0.970164972858 5200.0 0.970164972858
-2836.89048121 -52.8564707551 0.886209193262 4800.0 0.886209193262
1834.8233028 -81.2274448189 0.978685612466 5800.0 0.978685612466
6293.45018396 56.5873436846 0.936098277526 5000.0 0.936098277526
-1728.09037098 2.10878195184 0.857544931679 4800.0 0.857544931679
278.301721895 33.5621112295 0.920281071295 5000.0 0.920281071295
-6098.94112131 -62.0378842909 0.970591663484 4800.0 0.970591663484
-6936.87938003 -16.3372037119 0.90878896454 4800.0 0.90878896454
3378.4054882 34.1245667367 0.933552890587 4800.0 0.933552890587
4053.69440904 12.8407228318 0.951042956165 4000.0 0.951042956165
-2328.08900866 9.76159258465 0.844826577708 4800.0 0.844826577708
-4949.23925702 50.1589428743 0.970480396003 4000.0 0.970480396003
-7194.07496858 5.14082602622 0.980464965482 4800.0 0.980464965482
5247.55524163 51.360353463 0.964538506273 2400.0 0.964538506273
-5437.21784646 -36.6971834643 0.844746354726 4800.0 0.844746354726
-4737.23703288 -18.7357002537 0.867069079801 4800.0 0.867069079801
-531.789685251 78.6720361778 0.992619839626 1600.0 0.992619839626
5695.57893457 -42.7109414835 0.951261949532 4600.0 0.951261949532
624.74839257 -30.9449974782 0.964063050299 3200.0 0.964063050299
992.008271527 -39.6732289952 0.915681170779 4800.0 0.915681170779
-1518.91886274 12.1760536109 0.872999267025 5000.0 0.872999267025
-8218.02190346 -50.002571324 0.999072461308 2600.0 0.999072461308
