-2137.22299622 -2.42197217839 0.264758075264 1
-2211.7552935 14.195840511 0.502416101276 1
-2340.96741432 -18.9667767206 0.534793095565 0
4038.53805963 -21.1781605679 0.448978573915 0
-5794.33041996 17.5028325333 0.898041877647 0
1100.59531088 3.96797370933 0.164273873387 1
-5183.01166426 20.0395916101 0.705972713742 0
6450.99910428 20.9194115715 0.70297465481 0
1877.46303888 -10.8273525185 0.414350359338 1
-2750.88860999 12.0381906632 0.513079508148 1
8614.74050124 24.6973762215 0.919160021585 0
-1225.55346259 23.0102060331 0.612338617667 0
-2116.38548855 37.8804750129 0.842098632283 0
-3571.27724042 -12.6065185629 0.627117894201 1
-1266.04095276 -18.3030119472 0.523228079004 1
1021.87785458 -4.37059060499 0.207318047792 1
575.754858856 -26.2841937731 0.669894384386 0
-4112.68408604 6.0296592362 0.759051236622 0
5520.11256851 -9.77417171216 0.749407956401 1
-3435.77445519 -10.5757553962 0.452279729881 1
-2506.7210337 -12.5755881399 0.407727473467 1
3537.87025574 13.4042576856 0.470628569701 0
8472.26271661 -11.2498213599 0.99807299411 0
-8883.05814594 -17.4251111349 1.00189322526 0
-5736.84255858 29.518743573 0.999919270741 0
4641.37408087 12.4366598745 0.710944074935 1
4630.99743787 -9.03583916634 0.866607622662 0
2955.27224607 -14.612754364 0.389245015694 1
-4719.93388685 3.56124717545 0.542663185992 1
1731.03828946 -21.8498033321 0.812602840216 0
1015.77135054 -16.8896420828 0.440592902193 1
-3888.4022917 -9.55033364997 0.62170225684 1
6356.37690543 22.8887006216 0.893399433307 1
-2831.0664718 10.576124489 0.504467000358 1
2881.14936906 -19.4581648334 0.714950135205 1
4378.08321293 10.8671943839 0.496713193141 0
-4266.40100642 -8.75011107003 0.715829163134 1
6570.74122653 -6.13185835401 0.923526657709 0
1767.38438912 21.1939172662 0.606739219964 0
7579.15252302 4.6612799725 0.997311061299 0
-3976.87831111 9.68296653724 0.574720484744 1
-2356.95783735 -15.1157285317 0.396362362573 0
-6579.94587114 -22.5365431731 0.99905009331 0
3680.41306433 -8.8134547905 0.659270078846 0
-5497.70971305 14.4108967463 0.854170346419 1
1190.49696506 -13.5281387083 0.462500896934 0
5687.52888165 -31.9583651606 0.835673697473 1
-2349.19656159 11.6671304295 0.437588552512 0
2248.64924435 -12.0744823069 0.363471274212 1
-3624.92681843 12.2445191091 0.623982629346 1
-3455.58658296 18.3095479339 0.668259848368 0
-5344.65229432 -14.9711915089 0.824123245456 1
3816.81346252 25.5767067523 0.511010930409 0
6116.16477168 -40.9739694831 0.870810229779 0
4694.89312718 -16.9218270983 0.787868571353 1
4879.71837031 28.3310038733 0.831676095727 0
2167.92889774 -31.126627828 0.493940652314 1
-5583.46971487 -18.2835736333 0.65638501451 1
-4927.00216454 16.9361134689 0.911425131928 0
-5972.32600533 -8.65334152548 0.709935171852 0
4157.57073671 -25.5494481334 0.838645973911 0
4011.65162197 16.4614200333 0.464019024365 1
1129.72353831 -6.92335247701 0.353489388801 0
-5511.65960172 -8.80990362416 0.841627624128 1
-7013.61348952 10.5239887332 0.92949959979 1
1895.79010729 -14.5890148227 0.345837743876 1
5276.88017064 17.0106353892 0.805491676308 1
-1789.92760542 14.4102361252 0.422819294126 1
4225.34131525 -7.20273280533 0.602285817222 1
5336.75577044 11.7361601232 0.640527041611 0
-1504.3307251 -16.6107679626 0.453822090696 1
-3907.55683869 -11.0969891653 0.545582308128 1
4182.68993725 -20.4732459937 0.654679230457 0
6312.57577938 25.869727598 0.969214468804 0
4751.16868671 -17.5415273139 0.468299114206 0
-3690.67040166 -7.18862002141 0.568372033499 1
-3580.1789668 7.07854850641 0.535080302309 1
-2864.02911945 13.7503336146 0.466481379935 1
2236.18169771 10.3794515097 0.311649756424 1
-1766.03848075 -19.5278107687 0.634291382724 0
-4949.65637974 -18.4519038303 0.635477947269 1
-2753.99926475 10.0337122936 0.461884199454 1
2646.49194641 13.8486587269 0.463425723651 0
-3093.64254989 -13.6493308182 0.57696718625 1
3702.45084229 16.3103255252 0.729466478234 0
-3855.5975411 17.6644369035 0.666607682535 1
5337.38474261 -18.627951588 0.886682946894 0
-3206.17222556 7.69131275432 0.426335158686 1
-5259.28547248 21.1079328575 0.767376090854 0
2186.07182343 16.4844384494 0.393371964478 1
-1058.28427327 20.7526944918 0.571156968565 0
4791.72296254 9.88720646163 0.525736760526 0
-7179.03125034 7.8965066822 1.01274313796 0
2994.40224216 -11.7391861482 0.607646898308 0
217.488279617 23.1385815143 0.62310773779 0
-4862.0937897 14.5918837606 0.61529451414 1
-4692.42617596 24.8469579259 0.700520797527 0
1585.72319807 -11.9263960473 0.406907784386 0
-686.742446027 22.2865800738 0.563073231796 1
2951.53813656 16.2054502407 0.448225833918 0
2291.21039455 -36.440392878 0.863835893515 0
-3771.49586439 7.23903528497 0.610396523585 1
-1349.92704449 -11.6797390123 0.424115064015 0
-1476.26414548 4.30056641804 0.261125323427 1
-9453.0554673 -25.5757113727 1.02013260789 0
4561.75053555 11.2615525669 0.587746470284 1
3078.09652723 -8.16027720308 0.38068946394 1
-3462.2033255 -14.7633355248 0.525720613595 1
430.52930236 -8.88066836403 0.243572358513 1
2602.23116142 -3.05319697816 0.399697054 1
-5985.83217733 -14.7184246728 0.946085668684 0
3069.07524158 -2.98768741446 0.386096569466 1
-2971.78144884 -7.68263654746 0.383697114626 1
3078.23626402 30.0541110956 0.731275147623 1
-2796.03069609 -11.4297907221 0.450739900319 1
-3546.43573829 14.9315172512 0.538262327898 1
-3424.94017016 26.5695803167 0.941033183054 1
2784.17891396 6.09528945135 0.351214080426 0
8101.90892782 -6.44394255574 1.01090715076 0
-1621.49924799 11.4459683062 0.391517278217 1
2758.41340871 -26.7828572777 0.716866363142 0
3778.69372935 -15.0252533537 0.693948350479 0
1612.93802459 -22.3327051927 0.664100916262 0
3541.24624204 4.68340008434 0.617310634103 0
2336.39133255 -12.6597571608 0.314544864335 0
763.794266615 -8.20757169739 0.225699628905 1
6842.97098592 -4.06123214035 0.765730758985 0
-531.283411507 23.1658296237 0.596618727865 0
-5057.45629642 9.06110278814 0.804239994266 0
6939.21422101 9.81339384492 0.907522687345 0
5355.95709735 18.4394143352 0.913262830689 0
-7227.57836691 17.145472431 0.976329133533 1
8459.13693525 -25.4518983806 0.997822909386 0
-5108.30361481 17.6471538285 0.798766799404 0
6972.76943867 -12.090004235 1.00295076433 0
5447.05091428 -6.75883777594 0.898184777288 1
-4926.49481948 -15.5307414723 0.815604335342 1
-2231.20197535 -13.4082854264 0.382319527394 1
-8357.25472069 -19.1328832416 0.96473700124 1
-1062.28974058 8.64829413244 0.3039867811 1
-5787.81838755 14.4566547973 0.876400152525 1
5313.68352496 -13.6711151283 0.779500121341 1
-915.761722487 18.2832116983 0.479346566776 1
-4330.14193556 7.50718113577 0.726504514851 0
2884.7752248 -13.7414850829 0.390498434793 1
4471.263474 -12.2087300937 0.679620438621 1
1611.38791155 -9.93030222985 0.367188723 1
2811.90111683 8.98038561225 0.342356404684 1
-4496.52663738 -13.7076359068 0.653684213953 1
1922.34144262 -22.4837484429 0.640878100258 0
-3946.7450282 -28.1482403703 0.591647138547 1
5380.40430778 -24.3848724593 0.948355764515 0
5477.56385694 -3.2213421617 0.900402497896 0
3859.68952349 -12.3519501525 0.770569780297 1
-858.679302341 24.863610495 0.423884503334 0
-5488.80324388 11.4312617415 0.88102211116 0
3402.95235626 -25.360413876 0.834774739155 0
7205.39981079 -16.6092197297 0.951488943944 1
-4436.04221126 8.98085203202 0.713825195515 1
2046.18306192 20.887212535 0.529292542597 1
3112.01352445 -15.2190319536 0.445253051906 0
-2597.24550237 -17.6655292536 0.493550292148 0
-2035.72837146 27.3487967803 0.641462735352 0
-1126.78333122 18.6711232439 0.418465366735 1
7184.12351097 21.3315276601 0.995085992181 0
-6338.39723046 23.9103060078 0.981631811039 1
6244.00721096 11.7036111727 0.874325299439 1
7291.58653095 20.9109174427 1.00537765116 0
5438.8180052 -16.7144658646 1.00572300074 0
-1226.15312875 12.6213555269 0.391858118449 1
6505.98786345 8.611718632 0.986103373096 0
2304.24453164 14.5492702646 0.551068634192 1
1210.62414208 -10.6062957853 0.539403095059 0
4138.96171551 18.8507430719 0.840799125305 0
-8646.19090178 -18.7983536463 1.00999504599 0
-3735.66230166 -33.8920951333 0.910723134646 0
1619.13768862 -22.0742950156 0.537691952517 1
4957.75030093 19.009225427 0.959731408819 0
1328.71874779 -6.17026094334 0.332220845616 0
-1933.45335905 -15.4671208572 0.409305559228 1
4169.4569257 -31.986127423 0.994192991844 0
3255.03099087 -9.54124273872 0.409404976727 1
-4417.37309854 23.3379373823 0.796105284265 0
7386.68948764 -11.6973573952 1.00196703084 0
-5142.58982665 7.70583464077 0.729413400652 1
4610.97168397 -11.2256919693 0.5587261194 1
-4926.60175285 -9.34892230963 0.619607714616 1
2687.4760507 18.5466757223 0.452752407008 1
5258.53344969 14.3876419235 0.864695342233 0
5328.21500928 27.2448233692 0.988735867119 0
4136.76884888 13.2947993804 0.559066630413 1
-4630.76679837 -20.4156324144 0.990359435476 0
4090.22156797 -4.03397382416 0.524046675042 1
-3244.7341377 -15.0722520786 0.437842192014 1
3764.22222385 11.0626394467 0.501196304767 1
4618.75282506 6.25628951408 0.588618793881 0
-3272.30495141 -31.0609332052 0.86383582863 0
3200.46610864 16.9388331806 0.446718901661 0
6760.5233203 -16.5709223105 1.01383894673 0
-7487.07361269 -17.4401883509 0.96220773563 0
-1619.01163899 -19.4506524344 0.461542439598 1
-5898.9762993 -42.0820602942 0.993802445386 0
-7016.56490513 -18.5428797002 0.899306209692 0
284.635437061 24.1057972723 0.568923553796 0
4063.75505552 19.4895630353 0.59194998172 0
-1789.67086291 13.84667375 0.435169019519 1
5544.51469795 33.0190123315 0.900267334861 1
-2531.67110867 -21.765451428 0.556324153175 0
-1313.90131168 10.1329581682 0.345441929881 0
-3588.84867605 18.1364376968 0.683196058727 1
6606.54786734 -17.2410092687 0.768551150025 0
2124.64231897 9.69256589651 0.371675911148 1
3144.58567247 11.5967960029 0.448834399098 1
-1807.17979037 -20.6689311802 0.796170064909 0
-1688.1549762 -19.5046283607 0.450664560357 1
-5056.12795981 20.8807742415 0.931366349498 1
-8660.20511872 15.1093981405 1.01806553031 0
3411.57915038 21.2760765401 0.643248846828 1
760.692334771 -11.1817865753 0.425148350428 1
-7091.74520423 25.5803030222 1.016765956 0
2861.611258 -22.9820746535 0.678875273548 0
-2876.40742846 -7.29450412513 0.479723706368 1
4868.78665552 19.2954998423 0.825869368448 0
1221.80614557 -6.11485462432 0.322100848412 0
1578.54728491 20.2701075722 0.510569870983 0
-2641.8450362 -10.3279272246 0.445081419229 1
2789.17506292 8.38973160098 0.509004461159 0
-5703.46734397 22.8736531997 0.933475769118 1
6446.28160451 -10.676901359 0.810009172174 0
5751.66043725 -23.5949800043 0.81248712297 0
-4771.37838854 16.2107933672 0.821218727767 1
4707.62110131 -4.42776194126 0.80671603999 0
2414.24316425 20.5890273542 0.657494890534 0
-1866.78792949 17.8488777981 0.50600378302 0
2490.91497855 -9.64638765291 0.438985768039 0
-2676.18127629 -11.7696868227 0.529203249711 1
-6383.53800052 -16.298583463 0.90523253965 1
-3751.69575201 -8.36136515146 0.481028854421 1
1656.75065632 24.8661064473 0.611828006035 1
-840.14481904 -21.4941732807 0.662560385199 0
3084.96634748 25.74081017 0.679738094208 1
2568.30817008 -11.5418069354 0.504167969718 0
-4239.77592671 10.4893292198 0.659527834945 1
-1945.85759291 23.595338898 0.614025012272 1
5497.21507114 -24.1681574963 1.00555309846 0
-2512.88499315 -7.56564386175 0.340861259055 1
1289.48454436 29.2422770399 0.730214869575 0
3022.4153745 -19.9524561393 0.607428541508 1
-5782.48982486 26.1778024091 0.938777794352 1
-3060.90977844 22.0136959607 0.608229499477 1
2085.20077523 27.2827281982 0.643557750666 1
-3591.66292098 17.1467455801 0.678897478157 1
5494.8981583 -25.016190082 0.856995821067 0
-689.214618757 11.8416744174 0.324496376374 1
-2428.11243438 29.4245991988 0.704161467158 1
-1196.81223609 17.6505860973 0.513149396725 1
-5196.22928751 -12.2035048577 0.625657891001 1
-1117.72215425 -21.4433683687 0.464146994755 0
4330.64978085 25.5606550098 0.956670814797 0
-931.486772898 12.091837779 0.369150760263 1
-1108.19890226 -22.3588784425 0.643456559815 0
-3293.98744841 9.31274207802 0.458607285033 1
5665.90476143 23.7060544306 1.00264611259 0
-2667.87169805 -13.7974828697 0.522338202039 0
-1749.33181581 10.6901978889 0.409988507786 0
-5124.46191181 6.09975428459 0.769175354998 0
-3098.85787154 22.2286450181 0.649954045307 0
-3418.863247 10.7430228154 0.51369113419 0
2295.23421188 11.3626430302 0.307231027498 0
7078.00698419 -8.2911820191 0.98501765465 0
-4997.39096152 1.72966399866 0.730183339465 0
-1842.28242698 -24.9392794073 0.792265758369 0
1268.57505274 -28.6379369032 0.700754390346 0
1684.11751369 13.1344415789 0.318738301163 0
-2656.29621797 24.1512841116 0.710808895192 0
6197.1859165 -17.8158728585 0.788798469031 0
4664.18297794 -6.82622032652 0.564296806394 1
-5353.63831392 -18.9392428006 0.913953314721 0
-6572.94608681 12.2116723427 0.893088603195 0
9784.13843816 18.34318007 0.939552952636 0
-8670.54352221 36.7453932719 1.01671353794 0
-1677.3411774 -10.8114639848 0.352648414664 1
-1125.09823121 -12.0998332084 0.465892706365 0
5565.84641916 13.1677081526 0.849717929354 1
4612.03567818 9.69008572988 0.600051822671 1
-3114.35516385 -7.47675208057 0.436309242496 1
-3782.95229766 -17.8521913415 0.429077849363 0
3869.19101182 -6.07529457381 0.555863199569 0
5429.71616221 18.1512097373 0.744097168603 1
-2620.14714053 17.2420310516 0.50890606603 1
-2701.7718102 17.235966418 0.566402206158 1
4376.06787061 -11.4586296369 0.668882755426 1
-3724.20731179 -7.34134703264 0.595563481841 1
-4045.59275989 -8.57654592251 0.508819475459 1
2984.6464516 23.8559254854 0.610559664446 0
-595.330916654 -14.8027387017 0.319149278419 1
-5076.9925695 15.9568707521 0.90571141047 1
-1146.93654583 -14.40855599 0.468763701728 0
-6650.18196935 -20.6763032932 0.930357018647 1
-754.830575783 -13.7364638402 0.443039889846 0
2015.34322733 14.9925785271 0.527670428739 0
704.306295999 -19.235866507 0.354488983461 1
3168.25849006 25.7498185208 0.550299475864 0
-3624.83359372 -7.97864612289 0.477718381598 1
2108.47616997 -12.2779558946 0.355128812176 1
3665.06336236 18.3287349353 0.382735625606 0
3603.14529954 -6.99779634249 0.610884737199 0
-962.391167055 25.1154836262 0.647180167353 0
-884.330400033 4.16020775887 0.151299583644 1
-2666.80358969 -18.6238689869 0.661837823599 0
-2588.07170506 12.4761890816 0.459818587122 0
2354.65290827 -17.8154626534 0.542071242034 0
-1303.40895957 -6.91561803182 0.294877816888 1
1151.67175686 13.6105403357 0.338493872339 1
6205.87587018 31.5401862235 0.977590150535 0
4087.85087897 10.7225201884 0.746868808802 1
-3529.49549367 24.2931137175 0.730767839482 1
-7074.78094142 14.1024631199 1.0126420205 0
8454.11911456 18.0203562045 0.871611059508 1
1908.68351684 -8.07035930344 0.373184634013 0
-3741.9385444 20.2297322335 0.760848486724 0
3786.00922349 26.8887141942 0.72961028466 1
-4897.68960713 -12.6636364614 0.81491201977 1
-4278.39283271 -9.20337202446 0.624455087634 1
-7339.18818512 18.2565790159 1.00394934343 0
-1588.87530838 20.4352103365 0.654802282495 0
-3607.37993003 17.8515501255 0.610325526783 1
3479.4166159 11.4186101213 0.533217065681 0
-1948.73736212 -14.7479353419 0.317078546724 1
-6734.06393142 1.15152877795 0.919317750373 1
-3717.98946508 4.40313214961 0.480196250997 1
6165.68878319 7.98456491379 0.76597624685 0
1801.09125316 -20.4470031788 0.608763783591 1
1298.23558159 -19.1449168052 0.404295650839 0
-1621.29266045 11.6408469447 0.345841424042 1
3456.20983301 -22.4380647054 0.828768671244 1
-2713.98100229 34.3351520603 0.832276214178 0
-961.238591527 12.9145874294 0.356805263513 1
1382.77061772 -21.9044633831 0.483465000563 0
-8605.53788765 16.664694665 1.01059368752 0
4187.68445588 -17.8285391003 0.500585641372 0
-3061.57870922 -5.08382465044 0.514820194694 1
-2048.06755815 23.6717845817 0.6128016491 0
-1508.44456701 -17.1145226154 0.469067322331 0
4780.84410144 11.4490987061 0.759639651351 0
2935.65367817 -9.03421284825 0.449583089105 1
-3684.54583384 18.8102074007 0.689771189859 1
-1225.37301552 -10.8877255957 0.408028728304 0
555.281899225 -9.43013882578 0.371811761979 1
-3980.91251958 -12.9947225845 0.737027541217 1
-4446.40647973 34.3292966355 0.940575494487 0
-1985.30167191 10.3474952871 0.303973105067 1
-3096.76685229 -18.0317031376 0.448102533357 0
-5819.57720412 25.3420015404 0.993271757374 1
-3175.42434658 -26.8625012435 0.79924330889 1
-1480.82739016 -19.6502638167 0.419268795406 0
4649.90607179 -10.4068673231 0.747672417443 0
4496.45060624 12.9213026375 0.804792158215 0
-1557.76554606 -7.86184779423 0.310159097158 1
-6672.26131522 20.127169724 0.998796435225 0
2887.1735393 -16.9409609049 0.60979736378 0
-5452.78679725 -28.6651678601 0.856403323679 0
-7663.95353973 32.3288994568 1.00455290069 0
7134.18640784 -14.1143024605 0.859071244552 0
9906.54175373 -13.8364069612 1.0040977458 0
1747.16744716 -18.8085319916 0.332696388941 0
2126.95912193 -21.196539254 0.716411396555 1
-2952.64387944 3.9625296914 0.424282291333 1
4313.20528306 -12.7462835644 0.770441913396 0
4650.54533084 24.8251238151 0.892494600157 0
-3356.35374951 -13.658046863 0.631663677269 1
912.602198069 -26.4036587475 0.781737176405 0
2867.46787771 21.4145450941 0.542982187214 1
3497.34475796 10.3902560597 0.515230222014 1
-4184.40407933 -17.9484161815 0.74878152435 0
1077.32434618 -14.4845820393 0.418921386864 0
-2765.56197688 15.4901682068 0.450736670707 1
10509.4053331 -7.45546124787 1.01866243474 0
2957.98744881 22.1790507065 0.556808423112 0
5610.71826537 19.400209588 0.938199737435 0
1454.98310749 -12.6764269915 0.377488806384 1
4635.46790132 -9.63883783901 0.892502639952 0
3373.82759972 6.28978554493 0.480358924562 1
-4427.56678089 27.6392974584 0.775356089947 1
-1371.82139135 -15.6155183225 0.489552686142 0
-2679.42617363 -18.6014172346 0.427005781586 0
-4417.38711152 -15.3510509382 0.720741007032 1
-2893.09419062 -10.7560418824 0.461038208228 1
2676.32184599 -26.4334883746 0.85610638102 0
3319.26008956 -12.1622209539 0.520173882697 0
3843.65541921 22.3673550108 0.722933028469 1
2853.48992389 26.6831664451 0.703046121801 1
-2735.90340644 17.545808107 0.65800639829 1
6605.88260531 -23.268927972 0.821722665252 0
3871.77247855 -16.0774841457 0.938358549891 0
2595.79387147 -8.12705343058 0.443625634224 0
-3416.82907941 -19.5552760158 0.472222923088 1
2660.18296223 -6.20571016806 0.390233937337 0
-5645.51485213 -21.1076253836 0.662830992151 1
4567.51306741 -23.6090221092 0.581851840147 0
3993.36731625 18.6483803134 0.710949588491 0
2598.17510896 23.6246532289 0.5952883874 0
5701.09141658 -3.7190820206 0.800552348739 0
-2574.86955321 -13.2626844049 0.458570867169 1
1778.7951515 14.0902988438 0.430858512541 1
1607.13277292 -11.9991331144 0.285274254919 0
-4904.84609804 -20.4142522604 0.691905418668 1
4526.92476934 -8.18702674784 0.749972096784 0
5406.94574127 -7.06787223129 0.686180463338 1
-4281.79681105 -1.79382548014 0.59556433261 1
4493.82359013 -12.4636619358 0.717497833908 1
-4592.54420493 10.8611980495 0.776981099395 0
4552.2407204 24.0089952327 0.889884773674 0
-4171.13622098 -9.12330511597 0.49618764665 0
5778.33877882 25.0673317492 0.844367742572 1
-3922.57608124 16.117297659 0.680599301117 1
-5682.08130629 -15.2845947375 0.913066105749 1
-872.691026899 -14.3032017078 0.565146094882 0
-827.95215252 -13.4143724185 0.334907639788 1
3634.41506733 28.8358598583 0.779687301276 1
4613.96309391 -22.5344842541 0.542672292928 0
5615.14386538 -32.3344501246 0.579343003455 0
-4846.4795637 14.2862394916 0.725674210164 0
5401.69438633 -9.19094129978 0.934156099127 0
2871.68151287 -10.3546179486 0.466848362525 1
3031.86487381 12.3732582808 0.453671837371 0
2037.85428694 -18.8601527592 0.388815612448 1
7482.48028826 6.25325597914 0.90768766981 0
-3915.47706734 -15.7892344239 0.660759520577 1
-2522.55893031 -17.4083830298 0.579623373378 1
-9011.93202077 -6.73122467838 0.998015204253 0
-998.507348202 -11.9413148799 0.344382677927 1
5833.71748609 14.4220293616 0.781500076053 0
-1384.59100534 23.5541764398 0.582477572822 0
1818.03070051 19.7282333299 0.503615323601 1
-4229.91011602 21.1930546876 0.717575079771 1
5486.41831699 -18.8323205421 0.739806133995 1
4095.38945789 -22.125812973 0.991302413409 0
-4693.45637597 -17.2751135592 0.604805737871 1
-3395.3696496 13.8896590607 0.66171511279 1
5251.7206132 40.3405575998 0.954158404616 0
363.803353979 30.1568736936 0.673910762541 0
-4150.69293803 -13.7872937182 0.648068410019 1
2058.63330995 6.62771225311 0.294226387258 1
2724.14394885 15.9330668926 0.539388783097 1
-6280.64765955 -13.6588245794 0.992391377061 0
1054.40692145 -16.4677965101 0.4330742587 1
-4110.35677699 5.37728847891 0.501999446147 1
5290.13307823 8.50368791039 0.754037694141 1
-7094.46592982 -14.8153300854 0.991645620648 0
4788.80689062 -7.91275182153 0.812286154561 1
4312.14395602 -19.0694252315 0.79998251469 0
5283.87562748 -14.2462804284 0.593031995747 0
-1351.29617216 7.70176885131 0.311155384265 1
-5548.64690032 -16.7867918829 0.819128317908 0
-3811.70100537 -17.6718155314 0.635842623629 1
4751.46357777 2.66558219184 0.593707182804 0
6765.442217 20.3132456253 0.975009340176 1
-2072.85038467 -17.879896265 0.439863897944 0
3116.87964384 15.3046221623 0.524892478091 0
-467.223130614 8.34598058127 0.257428299572 1
4542.97946197 11.3020294937 0.676698976022 0
4051.63521304 14.6853316714 0.712817708068 1
1776.95674348 -7.96541440379 0.379404619913 0
-6200.86502692 11.8655252818 0.752484720999 1
2226.36467494 17.9445769088 0.368884638691 0
7794.49520213 -25.5697368809 1.0041159221 0
1916.06519238 -11.5906912098 0.574670163026 0
2518.14501278 -8.37865313708 0.37905574073 1
4220.39248723 18.3235695714 0.608099976254 0
2121.37967003 8.53833610437 0.401795749243 1
7147.39480862 22.219903294 0.953697671627 1
-1372.72795237 -9.48003427363 0.39024887045 0
-6917.74076382 7.74695022582 0.938342999497 0
-4884.44331251 -9.72694281691 0.648318210886 1
1499.61978283 -11.6746632247 0.528515694553 1
-1960.43775466 -19.0743043589 0.56048335535 0
2279.34734421 -15.1865881089 0.375199694194 1
-4960.84487313 16.5438441796 0.7980005437 1
1182.79758199 -16.3523476971 0.351720430665 1
-8277.83211809 -16.9439574085 0.994594373856 0
-1149.1254463 39.2876068978 0.82490679869 0
1756.19861569 14.0548222359 0.399718617173 1
-2702.74195205 13.6210221826 0.543432534987 1
-1204.262597 -6.65570368028 0.245392738613 1
5612.39815124 -11.1242606353 0.905467502108 1
1888.38121038 15.6209978928 0.512727452825 0
-4970.76023374 -11.8248179936 0.640617384452 1
3151.39805496 -16.3183695968 0.399453364148 1
2680.78822399 -17.9053785352 0.549369983502 1
-5104.39854504 -7.9648679105 0.815079928412 1
7258.82233377 7.25580622398 0.986152939468 1
2451.09472249 -8.30416851342 0.492581173224 0
-5241.40054937 -13.8887398638 0.820793224343 0
-8370.17890012 13.9427936826 0.996931652234 0
-7249.08930416 -10.7348996423 0.818847354741 0
-8634.51752858 21.0815226284 1.02608897342 0
4574.9260963 28.2668763666 0.835143438761 0
-1733.81766258 11.2550443876 0.3086679318 1
5218.9416994 -9.95545576364 0.726115456022 0
