1995.41509233 -27.7842279353 0.88925712926 5600.0 0.88925712926
-789.886801881 -37.8376695555 0.956418309718 800.0 0.956418309718
3403.68863151 -17.7230712999 0.91671797782 5200.0 0.91671797782
-8301.97142975 -49.0387260975 0.997382778061 5600.0 0.997382778061
6080.85828662 -3.62249820686 0.984246510171 5000.0 0.984246510171
6509.38229174 -17.4668517426 0.98113628295 5200.0 0.98113628295
1729.59970251 -31.0464112439 0.862349384387 5000.0 0.862349384387
6555.93044987 33.3386162114 0.937517464172 5600.0 0.937517464172
2830.31564881 62.2873771684 0.9561553178 600.0 0.9561553178
6610.60249641 -83.7627297582 0.994171866557 5800.0 0.994171866557
-6540.10396899 -36.0570794507 0.881619816117 4800.0 0.881619816117
-5352.30010291 6.5248941807 0.973229692506 5400.0 0.973229692506
-3206.17793368 64.5544292007 0.958168896432 5000.0 0.958168896432
5925.60919939 -3.41876960754 0.939724711169 4800.0 0.939724711169
-3561.31480234 43.7911456996 0.923195839497 4800.0 0.923195839497
-1605.020009 39.7275575682 0.925948427314 4800.0 0.925948427314
2075.57568254 -78.5987575451 0.98700446659 1200.0 0.98700446659
-5658.26501025 3.6892192403 0.974759711067 4800.0 0.974759711067
-1882.67779048 26.8294024633 0.853825105845 5000.0 0.853825105845
-4772.76880252 53.1271116797 0.978880113337 3800.0 0.978880113337
5027.28934464 27.0483237035 0.930295826687 4000.0 0.930295826687
634.25764845 51.8021198228 0.968226672427 600.0 0.968226672427
-6239.52364179 -8.37142477553 0.971360053971 4800.0 0.971360053971
1662.36951792 26.9691644809 0.861662409845 5000.0 0.861662409845
2544.9756324 -34.6140686245 0.935842538026 1000.0 0.935842538026
-538.169818711 59.865261092 0.962479817941 5200.0 0.962479817941
9624.42898265 15.0497048126 0.989079271483 4800.0 0.989079271483
2005.40219705 5.4134644821 0.846375261956 5000.0 0.846375261956
-4201.15743485 -57.0275884469 0.983216025836 4600.0 0.983216025836
3707.38380051 -37.801984713 0.859340055791 5000.0 0.859340055791
-696.963927497 65.2653655075 0.987097040232 4800.0 0.987097040232
-2676.02032309 -10.4316695169 0.821028788577 4800.0 0.821028788577
3630.71488413 16.0921348399 0.879074636795 5000.0 0.879074636795
-4141.35072289 10.2930046255 0.955015453111 5000.0 0.955015453111
-1094.00676992 -15.7743551514 0.884473840614 5000.0 0.884473840614
2458.06310768 10.0513980001 0.841223170868 4800.0 0.841223170868
-9167.08388221 36.5335409718 0.996316051008 5800.0 0.996316051008
-6032.89294519 -15.2345476145 0.960465190727 4000.0 0.960465190727
-973.658097017 53.4907262659 0.929464692891 5000.0 0.929464692891
-6389.40167529 -36.064457159 0.979638878884 5000.0 0.979638878884
162.376300827 18.2093126736 0.89546712659 5000.0 0.89546712659
-2074.32877029 46.6487341594 0.917162955159 5000.0 0.917162955159
-648.453699626 50.1100499041 0.960102275621 600.0 0.960102275621
6892.91693719 -33.3700447122 0.986698903114 3400.0 0.986698903114
5596.43328 -57.6220400004 0.963379130458 4800.0 0.963379130458
4495.46300196 49.3731780782 0.968210269728 600.0 0.968210269728
-2371.1554986 -41.6104114793 0.942088328521 4800.0 0.942088328521
-1242.61126399 78.3814630014 0.97470255364 4800.0 0.97470255364
-1572.9194141 -28.6372226675 0.83100370968 5000.0 0.83100370968
6398.28637479 24.6039248686 0.919200126187 4800.0 0.919200126187
3159.03381282 28.4977619196 0.902447056754 5000.0 0.902447056754
-3348.42776321 -24.3199262646 0.867385891169 5000.0 0.867385891169
-1718.66516276 9.36013004146 0.825872815531 5000.0 0.825872815531
3611.47128585 -21.711049602 0.901505415538 4200.0 0.901505415538
2648.58692086 59.1280743563 0.954502035023 4800.0 0.954502035023
-2257.79635592 -3.12518605542 0.788280995286 5000.0 0.788280995286
-1154.40640338 85.0842178477 0.967157840785 7800.0 0.967157840785
-378.230273342 -45.293409374 0.87756099588 5000.0 0.87756099588
-7053.15029694 -56.4094812478 0.999397937446 4000.0 0.999397937446
1206.30608081 55.6883881604 0.947004061732 6200.0 0.947004061732
-7523.27260056 58.323480205 1.00020517025 1400.0 1.00020517025
3118.03027014 27.396271669 0.863955441502 5000.0 0.863955441502
-1311.18013441 -21.8453972319 0.8585746235 5000.0 0.8585746235
-2003.47672416 -67.736348823 0.945205184189 5000.0 0.945205184189
-1410.79623265 -9.2301095657 0.819364364047 5000.0 0.819364364047
-2398.35846834 55.5827325657 0.969415652663 4800.0 0.969415652663
-3343.56029865 -50.9597157023 0.891023909024 5000.0 0.891023909024
2378.40031155 -2.31133831521 0.872140134969 5000.0 0.872140134969
-6048.72835556 19.0241447916 0.964242940837 4400.0 0.964242940837
3724.365387 -68.8838663154 0.989697428293 6600.0 0.989697428293
-8615.50911148 27.8041443055 0.992746620374 6000.0 0.992746620374
4412.03539972 -26.1842937785 0.874776596532 4600.0 0.874776596532
-4045.97688129 -16.9809273787 0.944518864447 5000.0 0.944518864447
8085.8174119 -47.5941768556 0.993991067106 2400.0 0.993991067106
-6593.70972191 60.1731236657 0.997460155331 6800.0 0.997460155331
1455.42756514 37.9252472359 0.910766502431 5000.0 0.910766502431
-4697.51672294 71.8610849017 0.952437759331 4800.0 0.952437759331
2060.68198631 41.5293204157 0.931728616726 4800.0 0.931728616726
-6889.33868097 -19.7076784349 0.920214531017 5200.0 0.920214531017
3705.26608286 -34.383879803 0.946839839157 2800.0 0.946839839157
1729.71248755 -36.4774184027 0.899116631928 5200.0 0.899116631928
5005.92112691 6.95286308403 0.962770341924 4800.0 0.962770341924
-795.575557225 30.1100387003 0.83818601465 4800.0 0.83818601465
-337.94154463 71.9719131657 0.911868176649 5400.0 0.911868176649
7664.21542785 -11.0787383405 0.983715777957 600.0 0.983715777957
2481.51729291 -28.9041056695 0.903167302425 4200.0 0.903167302425
-4149.7627087 -24.2961752527 0.934960257475 4800.0 0.934960257475
-4446.57733066 63.1459684666 0.994568932258 5600.0 0.994568932258
-1429.855777 -69.2793781934 0.978905742652 1200.0 0.978905742652
7223.56499485 -7.6169722983 0.992362674645 4800.0 0.992362674645
7325.12342321 -43.9965169821 0.988521101262 6600.0 0.988521101262
-7467.08873344 45.3622258001 0.992364643622 4600.0 0.992364643622
-6290.12276854 -55.6290875966 0.996061942067 5600.0 0.996061942067
-2070.49320284 36.2474164541 0.858753712161 5000.0 0.858753712161
6098.18337044 18.7059854384 0.968381707449 3800.0 0.968381707449
-4146.8980422 5.15055416177 0.959670739023 5200.0 0.959670739023
777.686692483 -22.8140266415 0.905627308861 5000.0 0.905627308861
4402.80759506 49.8737815391 0.964069886197 4600.0 0.964069886197
5746.80932398 21.5111847992 0.988764051275 5600.0 0.988764051275
1634.8698103 -3.88725062056 0.829547448588 5200.0 0.829547448588
-4595.06370109 -0.898480793914 0.971147549736 4800.0 0.971147549736
5829.88274869 -2.05549657622 0.981391340075 5200.0 0.981391340075
-6217.26034216 82.3404932134 0.991708199321 1600.0 0.991708199321
7100.55792081 -74.3088756913 0.992570415217 800.0 0.992570415217
1038.12753979 75.7017060909 0.988263699241 800.0 0.988263699241
6525.32619308 71.4851981021 0.973680656608 600.0 0.973680656608
-1900.24980824 10.0533725705 0.84100989365 5000.0 0.84100989365
1990.01100274 69.2791534133 0.991595342166 7200.0 0.991595342166
-2112.95072842 -43.6834169315 0.869493487596 5000.0 0.869493487596
-2293.69765433 -25.0168656181 0.85943451587 5000.0 0.85943451587
3686.12234373 -8.81489808012 0.869699213821 4200.0 0.869699213821
-3310.64188394 -41.1753229368 0.911616495033 5000.0 0.911616495033
-1727.32726097 15.4479797952 0.865776616021 5000.0 0.865776616021
-6522.15924973 -46.2003609177 0.994298577163 7600.0 0.994298577163
6297.3039747 56.7193704381 0.988404715736 4200.0 0.988404715736
1294.65688973 -35.9819763779 0.925444615543 4600.0 0.925444615543
-1216.00718279 0.575411507883 0.836770369401 5000.0 0.836770369401
-6277.92205118 -64.3695604224 0.987978975032 4200.0 0.987978975032
940.594332499 53.6704089001 0.961788902215 600.0 0.961788902215
3222.77557167 -48.6430670433 0.970136791789 600.0 0.970136791789
-5213.02311016 55.1321540485 0.988106047297 5400.0 0.988106047297
-4582.04655646 -3.98314471346 0.91955101827 4400.0 0.91955101827
4677.62929181 58.2491088378 0.92882092636 800.0 0.92882092636
5340.29804435 -15.0194536334 0.979904630696 5800.0 0.979904630696
-1699.39462236 -78.8543110422 0.980548467926 5000.0 0.980548467926
1323.58922472 -11.0238464952 0.844918265422 5000.0 0.844918265422
1880.27788452 -12.1716487484 0.907955410961 5000.0 0.907955410961
-4824.16095103 5.99635927703 0.969639104476 4800.0 0.969639104476
3478.17463343 -49.4176627562 0.956757486238 600.0 0.956757486238
-5965.9924846 -27.1478189274 0.969081368458 5200.0 0.969081368458
3139.40169908 -62.2305166388 0.992986230339 7800.0 0.992986230339
7262.70509681 58.8764377082 0.939239613122 4800.0 0.939239613122
205.245247338 37.7502017775 0.971891745019 5000.0 0.971891745019
-3931.07734049 -34.7358576171 0.869456699788 4800.0 0.869456699788
-5958.17700534 33.4375628169 0.975076601458 4200.0 0.975076601458
2398.64843039 18.614525045 0.91866212481 5800.0 0.91866212481
5127.0726265 -68.5169521756 0.991144618837 6800.0 0.991144618837
-1455.41992641 -38.20370386 0.844025495415 5000.0 0.844025495415
-506.814975007 -75.2616651536 0.906552326073 5000.0 0.906552326073
1912.32202954 -35.1813063751 0.963512191279 1400.0 0.963512191279
-2007.55761676 -55.2037234294 0.981658718579 2200.0 0.981658718579
147.731073832 -21.5043427393 0.850577834939 4800.0 0.850577834939
6564.87343067 53.3749407466 0.973722305247 6800.0 0.973722305247
-6280.11456822 -16.2807575214 0.898746668225 5000.0 0.898746668225
-5089.89293721 73.5669298557 0.988793622228 4600.0 0.988793622228
-2031.19210439 24.0323295878 0.882510532782 5000.0 0.882510532782
-294.903738376 -44.0728512686 0.902964532347 5200.0 0.902964532347
-550.115478083 -30.400812857 0.948163394709 5000.0 0.948163394709
5802.34387485 -66.8579777597 0.985414945223 3400.0 0.985414945223
2065.40223631 22.0997997811 0.894414686642 4800.0 0.894414686642
-5172.35673546 -30.3597912032 0.896114667083 5000.0 0.896114667083
4024.16071921 9.38679692512 0.85193318266 5200.0 0.85193318266
-2536.4504444 70.8926593123 0.961827762297 5000.0 0.961827762297
8159.2626154 8.99946412824 0.983454627703 5000.0 0.983454627703
-1133.44243423 56.2133598376 0.946783009023 4600.0 0.946783009023
-472.792369175 -57.6806805857 0.923827553388 5000.0 0.923827553388
-3378.50464169 -10.7352510043 0.815689792717 5000.0 0.815689792717
-1156.83647872 81.5155268801 0.977841280529 5000.0 0.977841280529
-2267.7717231 43.8422916654 0.910423478763 5000.0 0.910423478763
2045.07452917 36.2105388859 0.941887046454 5200.0 0.941887046454
-6368.23409285 9.66850187465 0.98187018396 5000.0 0.98187018396
-5355.32949613 38.4077797367 0.955851737893 600.0 0.955851737893
-1873.71508378 19.8480248024 0.823048189735 5000.0 0.823048189735
903.724268102 37.9978166696 0.932548030087 5000.0 0.932548030087
-6298.88759495 4.58753238147 0.98218482592 5200.0 0.98218482592
-780.715211067 -46.3974106457 0.912379988792 4800.0 0.912379988792
-4843.5071257 -26.7948611552 0.980888220646 5000.0 0.980888220646
914.41709396 -89.0909997262 0.982923950503 7800.0 0.982923950503
3955.01504334 -42.5746013887 0.977380799288 4800.0 0.977380799288
-5914.59910891 27.9069747197 0.932661630946 5200.0 0.932661630946
-8859.44632942 -81.9811998136 0.986815719249 5000.0 0.986815719249
1973.6031953 61.4014772654 0.98881971562 600.0 0.98881971562
1209.29082109 16.1944488912 0.883713900112 5200.0 0.883713900112
273.502358779 -86.8723305571 0.943544340535 4800.0 0.943544340535
4192.91889691 -88.631821952 0.993230139893 5600.0 0.993230139893
3391.38796752 22.676931724 0.951857454068 2600.0 0.951857454068
3813.06879517 -69.7366219096 0.963706974357 4800.0 0.963706974357
3916.54908746 18.7825190427 0.89279920965 5200.0 0.89279920965
13.8638377313 63.6474190398 0.924017817885 5000.0 0.924017817885
-2406.88141035 -49.2483781165 0.974043079837 1600.0 0.974043079837
4556.92561926 36.5749379298 0.977210024107 5000.0 0.977210024107
-4191.53436408 37.2040474022 0.926717953132 5000.0 0.926717953132
-2266.82159416 -16.0618226768 0.811589507889 5000.0 0.811589507889
-9711.43459469 -0.763961576275 0.996625508702 5000.0 0.996625508702
3313.98926931 70.1370134026 0.979552929465 600.0 0.979552929465
3960.40669928 20.6540290654 0.873866050757 5200.0 0.873866050757
315.282268918 -89.0289879768 0.975822987715 5800.0 0.975822987715
2706.79368841 -23.2154610776 0.910693850433 4200.0 0.910693850433
-3527.81232106 43.0564586857 0.94873588631 4600.0 0.94873588631
3783.95828673 49.6050504211 0.970772919444 600.0 0.970772919444
6863.18261083 -21.4756638316 0.98487824279 5200.0 0.98487824279
2491.96207593 82.3317729191 0.980637725653 7200.0 0.980637725653
5899.56604578 -20.978045598 0.948434031803 5000.0 0.948434031803
5756.85509825 35.9250145289 0.939886829997 4800.0 0.939886829997
-3455.18680537 -62.0835489122 0.976898873664 7800.0 0.976898873664
7204.51486411 -24.2562894083 0.989139240348 6400.0 0.989139240348
-3364.12266437 -66.3813920275 0.953618292274 5000.0 0.953618292274
688.795991535 -42.9779482572 0.958818166179 4800.0 0.958818166179
4817.75911767 -55.4169839351 0.985806854823 1000.0 0.985806854823
4648.6198963 88.8951404146 0.970641368436 4400.0 0.970641368436
-5384.31853197 16.6753294807 0.957889422741 4200.0 0.957889422741
-4329.78104371 -45.9055761757 0.953172978582 4200.0 0.953172978582
-5006.43620578 -3.9306417186 0.914052920923 4800.0 0.914052920923
-523.966220806 60.1744724988 0.940336529151 5000.0 0.940336529151
1607.70374029 10.404419607 0.902865112926 5000.0 0.902865112926
-7509.31849638 -59.1549649033 0.99888211261 4200.0 0.99888211261
2544.33261041 71.926492587 0.992524540394 4600.0 0.992524540394
2411.65113627 -27.9931046096 0.92045509089 600.0 0.92045509089
3162.47170907 59.3397835604 0.954453290889 5000.0 0.954453290889
-5833.18179632 -74.9494538621 0.99176385541 7800.0 0.99176385541
-6163.25270489 -69.4071188675 0.985432019447 5200.0 0.985432019447
3088.3236805 48.1037156072 0.978432662164 1600.0 0.978432662164
-2334.90674335 31.438013835 0.923186582702 5000.0 0.923186582702
-3858.78659507 46.2222744373 0.982449965808 5000.0 0.982449965808
2666.2836825 -72.1733412955 0.986977021703 600.0 0.986977021703
3154.19320562 23.9698488036 0.90532286412 5200.0 0.90532286412
5369.9328717 45.6330552784 0.977789900184 4000.0 0.977789900184
1865.47714793 -44.7085494461 0.977344331177 1800.0 0.977344331177
716.071524843 -35.2523483928 0.897471258587 5000.0 0.897471258587
7060.7163955 29.0506069384 0.967401479004 600.0 0.967401479004
969.195353785 -18.4877401603 0.885437534164 5400.0 0.885437534164
-6797.80449386 19.9514443006 0.983963655781 5600.0 0.983963655781
-6247.38467472 -47.9973326165 0.896174474552 4800.0 0.896174474552
-6761.56765244 -37.754990398 0.991486882328 4400.0 0.991486882328
846.455641601 24.2171667807 0.859663675858 5200.0 0.859663675858
-89.420588406 -16.2916947422 0.890702290027 5200.0 0.890702290027
-1288.51238058 44.0805333712 0.929564891489 4600.0 0.929564891489
4699.45185243 -38.0232564987 0.975861179557 5400.0 0.975861179557
-2574.50949505 -29.5680802069 0.941823524011 1000.0 0.941823524011
-3389.47384719 57.4544113561 0.980190429856 4600.0 0.980190429856
-3300.57477405 -39.3830067267 0.946728596565 4800.0 0.946728596565
3969.37798184 -62.907400405 0.924593882259 7200.0 0.924593882259
1101.76161987 44.3816988314 0.911620498267 5000.0 0.911620498267
6568.68979161 -75.8698317331 0.991011449452 2600.0 0.991011449452
-6838.20320089 35.754867349 0.973913864967 4600.0 0.973913864967
5786.68381649 -6.36264214465 0.954191262868 6000.0 0.954191262868
702.367331987 -16.0961677291 0.879823200347 4800.0 0.879823200347
-6784.10828217 19.1274512635 0.987180634827 5600.0 0.987180634827
-2237.68161885 35.9339430567 0.908016942149 5000.0 0.908016942149
-4997.08357674 -13.5704009918 0.909020329602 5000.0 0.909020329602
4771.01232614 10.4108599364 0.899624172825 5200.0 0.899624172825
492.852564084 44.3884464924 0.914086726437 5000.0 0.914086726437
-4985.06917739 -69.3291524309 0.984101420185 5000.0 0.984101420185
1740.12136048 -75.854626971 0.96622740428 7200.0 0.96622740428
-2888.02672422 83.6672011324 0.98034843284 5400.0 0.98034843284
6167.54577804 15.9375279315 0.930920114941 4600.0 0.930920114941
-3399.43833934 -56.2539921172 0.979606117614 7000.0 0.979606117614
6547.44780819 -19.1637537293 0.985486623698 4200.0 0.985486623698
5594.31790972 -9.43140387502 0.973131611116 5600.0 0.973131611116
-8269.41337117 28.1644873629 0.990736622732 5600.0 0.990736622732
4350.77124633 -65.6306644402 0.991254178188 6200.0 0.991254178188
6573.927015 -38.4612662459 0.986690948889 3400.0 0.986690948889
3463.34928189 42.3528572422 0.954698227063 600.0 0.954698227063
-3052.69393757 -34.860025759 0.955860969533 1200.0 0.955860969533
2725.17095472 -41.3562136209 0.913027192007 5000.0 0.913027192007
-5617.37075559 16.4990994488 0.978297404219 5000.0 0.978297404219
-7541.48781678 -35.8169879034 0.979092803758 600.0 0.979092803758
-1708.63363916 -22.0437625814 0.87192179628 5000.0 0.87192179628
-2610.40944754 69.0392477339 0.985385244399 4600.0 0.985385244399
4684.03095291 -10.0512457341 0.90688621448 4000.0 0.90688621448
-7480.19626651 -64.7602188975 0.994036415541 5000.0 0.994036415541
-8152.19095951 56.1092691659 0.995541483578 5000.0 0.995541483578
-971.461555663 44.13502831 0.933394569833 5000.0 0.933394569833
2144.90152914 -7.71588777414 0.850211747782 5200.0 0.850211747782
-3370.13626029 -72.6752853241 0.904486399836 5000.0 0.904486399836
1544.7644961 -45.275105704 0.987614776545 800.0 0.987614776545
-7274.08061714 31.2281801494 0.990252238908 5600.0 0.990252238908
-2023.16079296 -55.6355252533 0.985740761729 2400.0 0.985740761729
-7425.95777137 51.6012850709 0.990063958859 4800.0 0.990063958859
4811.21092492 49.6889406179 0.92985439854 600.0 0.92985439854
5966.4620644 -52.7711990298 0.954122110225 6800.0 0.954122110225
-2505.66255683 72.5419017754 0.967535633789 5000.0 0.967535633789
7332.47284064 -3.98016908987 0.970316109819 3200.0 0.970316109819
-2527.66076847 -29.3642378666 0.942282660841 4800.0 0.942282660841
4012.54239651 45.3687446838 0.932453625773 5000.0 0.932453625773
-3097.08419621 -45.489306052 0.948489284651 5000.0 0.948489284651
-4136.26568647 4.71392036795 0.908767883268 4600.0 0.908767883268
3817.28882119 -22.4035077276 0.904444488354 5200.0 0.904444488354
8086.69360524 -15.7407804209 0.998847579375 4800.0 0.998847579375
808.155760424 4.46706790372 0.858976801619 5000.0 0.858976801619
-5589.19868777 55.3039057898 0.988714725333 5000.0 0.988714725333
6851.30613217 -62.6779714354 0.987157978267 3000.0 0.987157978267
3611.95790831 -16.9516583602 0.901114780898 4600.0 0.901114780898
7135.5720191 -65.2476372257 0.988145275211 6800.0 0.988145275211
-6145.32769921 65.0537251034 0.986765622584 5400.0 0.986765622584
-6913.94062962 4.09620645171 0.94474035253 4400.0 0.94474035253
2292.98124527 -40.0610145994 0.904545916939 4600.0 0.904545916939
-5628.52463143 16.7470707113 0.962202235568 5000.0 0.962202235568
1987.0366636 59.305552681 0.912571943936 7400.0 0.912571943936
-6913.13942556 34.7920925624 0.994459488107 5200.0 0.994459488107
-2580.58375535 81.3411773748 0.982980910135 4800.0 0.982980910135
5323.67908362 26.5932894221 0.934060214484 5200.0 0.934060214484
3210.05747212 15.8393642726 0.898631389201 4400.0 0.898631389201
1232.31213828 -78.2841220386 0.931874019358 4800.0 0.931874019358
1037.87368538 -51.4447407031 0.963388731487 4400.0 0.963388731487
-1371.20992119 28.067001333 0.876230019074 4800.0 0.876230019074
2075.14618639 -48.2493882871 0.912315441478 600.0 0.912315441478
-4549.69569166 12.4538443891 0.933819787704 4800.0 0.933819787704
1338.37808532 51.189260138 0.946201671424 4400.0 0.946201671424
-6167.93820396 38.0269349447 0.995274963681 2000.0 0.995274963681
371.990003757 53.7775095128 0.982400604099 5200.0 0.982400604099
4412.54722233 -9.27173660887 0.965877482324 4600.0 0.965877482324
3944.13239195 18.1514245908 0.884329277271 5200.0 0.884329277271
-7050.39727229 65.4927499238 0.995459816315 1800.0 0.995459816315
-2477.03969706 -41.5329599166 0.94882381924 4800.0 0.94882381924
7175.98851271 46.7399090172 0.985290990215 4200.0 0.985290990215
-7517.82868104 86.3053676764 0.980557185142 5800.0 0.980557185142
-7039.26431996 61.2836919478 0.992216165538 4200.0 0.992216165538
-6989.43613288 -20.3878357822 0.975712593829 4600.0 0.975712593829
-2452.12091334 4.04073231569 0.804633409507 5000.0 0.804633409507
-7019.64746704 63.6955586891 0.985975219609 4200.0 0.985975219609
8488.98447287 3.08656540262 0.997251164586 5800.0 0.997251164586
-2679.75472965 1.98439638125 0.872267733725 4800.0 0.872267733725
5066.64492525 -53.0182262474 0.982591388575 2200.0 0.982591388575
39.9796834921 59.7115786798 0.927369728588 5200.0 0.927369728588
-4259.03642529 78.5827996264 0.993557919682 600.0 0.993557919682
-8149.1033323 -39.5596875445 0.973368288506 4800.0 0.973368288506
-1896.15436547 -46.6155195315 0.985253699189 800.0 0.985253699189
-1019.63884398 -28.2610198269 0.899755931218 5000.0 0.899755931218
6227.64094486 -54.8295324908 0.9328139515 5000.0 0.9328139515
-3797.05770795 34.2482734061 0.940962422726 4600.0 0.940962422726
-987.744178087 -71.4028290013 0.84123052556 5000.0 0.84123052556
-2152.65652559 19.72182721 0.86897070108 4800.0 0.86897070108
3666.25019736 -37.3327771837 0.874332275162 4200.0 0.874332275162
-493.481614835 18.9115822158 0.889365148671 5000.0 0.889365148671
3268.11885638 -21.7517901965 0.914141856349 4800.0 0.914141856349
4107.00027629 26.6954108303 0.975809686895 1400.0 0.975809686895
-3949.37711333 8.09386185129 0.886911739198 4800.0 0.886911739198
1656.65092407 -77.2354188632 0.944367871635 5000.0 0.944367871635
2622.82786061 83.9632573035 0.9638134886 4800.0 0.9638134886
6563.24058997 -11.9009925977 0.989664973033 5600.0 0.989664973033
757.585793074 8.5016472966 0.854250532733 5000.0 0.854250532733
3789.41793416 78.090302755 0.973259321819 600.0 0.973259321819
6795.72115523 42.2133443277 0.988829184646 4600.0 0.988829184646
-915.177420139 -28.3040026981 0.839754965345 5200.0 0.839754965345
-4608.80656842 -24.9531129937 0.976544089063 600.0 0.976544089063
4685.29258963 57.4426860507 0.914603770611 3000.0 0.914603770611
4821.31932536 -27.3292203308 0.956831669755 4000.0 0.956831669755
1654.09453723 12.1252335863 0.891821690363 4800.0 0.891821690363
3991.5771626 19.7011602785 0.959711778421 800.0 0.959711778421
-1449.43918962 -32.2643630968 0.944168388073 600.0 0.944168388073
-3243.25137655 -46.1430303396 0.820061255926 4800.0 0.820061255926
3460.2569034 -21.9807780057 0.885719185566 5200.0 0.885719185566
-7336.43742576 44.7798449167 0.990812729245 5200.0 0.990812729245
1676.01238792 -6.6545421373 0.850355391831 5400.0 0.850355391831
5469.06792999 19.0709017537 0.983754907706 5000.0 0.983754907706
4953.87295445 48.9485849795 0.93700342775 4800.0 0.93700342775
2412.06668463 -68.63377924 0.990191768635 6400.0 0.990191768635
-2423.17752624 54.6152594456 0.924475235719 5000.0 0.924475235719
-2415.36352412 62.6062833979 0.948196183161 5000.0 0.948196183161
512.890395838 3.80715355849 0.862539208773 4800.0 0.862539208773
173.051147571 4.73308948504 0.843866798518 5000.0 0.843866798518
5908.41933356 -2.45747982428 0.980296362772 5600.0 0.980296362772
6957.12191927 16.0806121317 0.996632521961 4000.0 0.996632521961
8289.75864159 -5.58596114453 0.96394345194 4800.0 0.96394345194
-1956.3461362 73.294988107 0.968336411557 6600.0 0.968336411557
-7324.11700971 4.53595960612 0.967706089726 4800.0 0.967706089726
1884.24997348 -4.91307202034 0.865424353593 5000.0 0.865424353593
5397.55724971 -41.6210380621 0.991920261039 4200.0 0.991920261039
1013.64936087 31.1182233035 0.941903068979 5200.0 0.941903068979
-4705.10565322 45.5210089849 0.959444129115 5000.0 0.959444129115
4692.63039355 -37.5414578953 0.96961098003 1800.0 0.96961098003
5054.95943852 -53.8907813914 0.986022908035 600.0 0.986022908035
6400.46188127 -32.0161249666 0.973511519433 4400.0 0.973511519433
49.4239458972 -71.24370832 0.942773475538 5200.0 0.942773475538
-423.668019997 -29.1601849616 0.86636106912 5000.0 0.86636106912
-2296.03599639 32.566779363 0.863606411658 5000.0 0.863606411658
1340.32286446 -9.65527591868 0.893340850446 5000.0 0.893340850446
-1815.59836691 38.4155994971 0.858404081834 5000.0 0.858404081834
-6348.64024425 25.1255308426 0.981753215838 5800.0 0.981753215838
-6263.84801833 -74.3627298072 0.994757550877 2600.0 0.994757550877
2029.71515221 -0.829596789066 0.871958591283 4800.0 0.871958591283
6086.10033289 18.3162381385 0.901223360157 4600.0 0.901223360157
1157.39149587 -40.5911806358 0.971311814645 1000.0 0.971311814645
-2714.49011203 23.6571937538 0.851635735294 5000.0 0.851635735294
903.607402452 -39.1416275055 0.942273115669 800.0 0.942273115669
2605.61353975 -8.25112625703 0.896815187846 5200.0 0.896815187846
-2442.69318104 29.5585680375 0.908707771792 4600.0 0.908707771792
4142.66859445 -41.6801882636 0.959580778659 5200.0 0.959580778659
-4698.82677783 59.9731414276 0.975279887864 5000.0 0.975279887864
-5685.32371241 -18.7813787101 0.9363612156 4800.0 0.9363612156
-5827.02796874 -1.41639084435 0.976482031854 4800.0 0.976482031854
1265.0467754 -7.02885184773 0.86207938297 5000.0 0.86207938297
5866.54985256 -38.1082328559 0.989569280656 5600.0 0.989569280656
6874.60064036 -69.754038078 0.994270465873 2000.0 0.994270465873
-4088.06364922 54.6525543122 0.898914157629 4600.0 0.898914157629
1742.16848317 -51.8997144129 0.971501815048 2200.0 0.971501815048
1227.07472525 54.0573213853 0.930317634555 5000.0 0.930317634555
1030.43105586 -69.7558011239 0.995682072066 3000.0 0.995682072066
442.762956064 -19.8237810426 0.853389826794 5400.0 0.853389826794
-4373.59838134 -17.3850045932 0.90043878128 4600.0 0.90043878128
695.06785266 -54.0019896868 0.915805658864 600.0 0.915805658864
3127.07032566 -88.4654516788 0.966620299634 4800.0 0.966620299634
-3454.55341705 54.2708264859 0.974886937985 4800.0 0.974886937985
6117.78494901 69.5470891019 0.992914491277 1000.0 0.992914491277
2613.24812898 26.1102079659 0.887620605948 4800.0 0.887620605948
1423.15791339 -64.4398318756 0.989306243028 5000.0 0.989306243028
-3238.45250283 -31.9988493443 0.947482246149 4800.0 0.947482246149
5625.47055046 -87.8205137766 0.990537920184 600.0 0.990537920184
-1422.34200789 1.47235181056 0.847819323173 4800.0 0.847819323173
-560.119535127 -29.9398041718 0.89356395359 600.0 0.89356395359
-4340.15031441 21.3159206448 0.836888922056 4600.0 0.836888922056
389.855089183 -15.3914325194 0.862590173855 4800.0 0.862590173855
4946.12444983 43.0060320654 0.983046253623 3800.0 0.983046253623
1584.4096891 -42.4486602071 0.877651388565 4800.0 0.877651388565
6441.3011419 -30.740434309 0.93995693018 4400.0 0.93995693018
-5461.55764194 53.0817137841 0.99467889396 1600.0 0.99467889396
-2962.41876364 32.3996470551 0.950861902492 1600.0 0.950861902492
-4777.32583498 -63.4538520004 0.957781395335 4600.0 0.957781395335
-7330.30569945 66.1929010152 0.996746527805 5200.0 0.996746527805
-5478.66511545 -24.1872804538 0.97028585883 4600.0 0.97028585883
5330.40285228 -15.1849381717 0.924080206903 5000.0 0.924080206903
-5623.49444007 -13.4725352295 0.974406252604 5000.0 0.974406252604
4208.63099076 40.7147006719 0.913639550056 4600.0 0.913639550056
-6178.49634467 -34.4909741281 0.916667529703 4600.0 0.916667529703
4507.1099818 48.3250526961 0.928149469922 5000.0 0.928149469922
-5998.96146418 -17.3602397365 0.950911538076 4200.0 0.950911538076
-6895.09679788 -35.7198338338 0.96096956869 5000.0 0.96096956869
-288.421572744 6.69102949287 0.874084281935 5200.0 0.874084281935
-1533.56732174 33.250794531 0.893313634942 4800.0 0.893313634942
3141.9308529 29.2616338258 0.945132709799 3600.0 0.945132709799
-1299.41717079 -3.29240341484 0.803733175703 4800.0 0.803733175703
-6044.21476738 44.8472082101 0.981463724405 4200.0 0.981463724405
4522.90962165 58.8709572409 0.934555865149 800.0 0.934555865149
-6839.18673886 -73.4430298533 0.970161203067 5000.0 0.970161203067
5714.90419152 45.0488783667 0.907558799373 5000.0 0.907558799373
2355.82460581 22.1455248035 0.919535676387 5400.0 0.919535676387
4861.28958264 -81.6675345776 0.983919523687 6000.0 0.983919523687
-3502.49129138 41.582026568 0.972126191886 4800.0 0.972126191886
-1428.74955883 -31.2878336999 0.955549090222 5000.0 0.955549090222
-796.123699956 55.2250906266 0.988529022634 5200.0 0.988529022634
5830.74233894 -45.4831896575 0.991797484231 2600.0 0.991797484231
3333.64050992 -34.4201572335 0.958003510504 800.0 0.958003510504
694.702841864 6.21548763583 0.883928716305 4800.0 0.883928716305
-944.130759377 2.40240693527 0.856283418565 5000.0 0.856283418565
-6287.88677713 34.5959295193 0.98835201577 4800.0 0.98835201577
-8430.84491375 14.2464404877 0.996958543716 5200.0 0.996958543716
-2245.35582001 6.55012843485 0.835757205636 5000.0 0.835757205636
-5452.14328173 -48.7235937856 0.98231533738 4600.0 0.98231533738
7271.74394791 20.9992634169 0.980609238508 4400.0 0.980609238508
-210.453722341 7.56305697554 0.867644762444 5200.0 0.867644762444
6097.06726756 -68.5776801474 0.953253277761 6800.0 0.953253277761
-6696.48850127 26.1884306113 0.919259438795 4800.0 0.919259438795
2042.06700239 -38.1336741194 0.896052941289 4800.0 0.896052941289
-6635.0343847 -9.46526998373 0.988287897934 5400.0 0.988287897934
-5420.87935607 58.4707640729 0.997234939168 1200.0 0.997234939168
4319.74071922 -10.6950119301 0.904151303355 4800.0 0.904151303355
-3362.30637107 54.0772243696 0.80821094384 5000.0 0.80821094384
-2021.79156798 -48.7710154924 0.955723256189 5000.0 0.955723256189
-1365.26714184 40.4919888604 0.860715974714 5000.0 0.860715974714
4078.57102483 10.3415684389 0.969901965262 4400.0 0.969901965262
3766.03997355 -36.4852718594 0.956200397696 4800.0 0.956200397696
-1757.26803231 -13.9589042553 0.852391562168 5000.0 0.852391562168
-6390.18839768 53.4430699624 0.998241133399 6400.0 0.998241133399
-4617.66507065 1.77853987665 0.863438654199 4800.0 0.863438654199
4487.36504826 -65.7020511677 0.990026084312 7000.0 0.990026084312
-3074.32583324 -21.3605077172 0.931443499468 4600.0 0.931443499468
-6089.91212052 -55.3788471678 0.997781624424 2000.0 0.997781624424
1227.53320553 48.2444930766 0.972125635714 600.0 0.972125635714
-34.9175180535 -34.5855493698 0.919563838105 1600.0 0.919563838105
653.782944049 -25.6565996347 0.907588138424 5200.0 0.907588138424
-3354.02754626 58.7824534502 0.979751344682 5200.0 0.979751344682
1751.26136144 24.661692587 0.842652768446 5000.0 0.842652768446
7064.23985315 89.1334615512 0.994026791217 7800.0 0.994026791217
4063.51006221 -45.4016196826 0.969856478522 600.0 0.969856478522
3558.38262289 -36.316887392 0.963309088868 1400.0 0.963309088868
-2942.55029657 -19.5590352615 0.7874369458 4800.0 0.7874369458
7071.88713978 -32.3599676375 0.995428126953 600.0 0.995428126953
-428.634354646 74.449194208 0.980208092874 6400.0 0.980208092874
-7188.96036759 42.8778796215 0.996380738676 7800.0 0.996380738676
4832.60858108 34.2929089447 0.974854027009 4800.0 0.974854027009
1527.29042414 78.881448726 0.95730619455 5800.0 0.95730619455
6957.43855929 -45.0200481301 0.986575689068 3000.0 0.986575689068
5049.85575778 -65.7664341912 0.976576391771 1400.0 0.976576391771
5352.00339254 -39.4927554686 0.971640604483 5000.0 0.971640604483
-359.586871773 -52.3599108375 0.977007342029 1600.0 0.977007342029
-4845.79384419 -26.1197179792 0.894391670356 4600.0 0.894391670356
-5282.46552727 -75.4513853903 0.997162815146 1000.0 0.997162815146
-4555.03917416 -81.3880069006 0.961225912141 4800.0 0.961225912141
-2656.37386407 -16.2440358062 0.841515500663 4800.0 0.841515500663
-1772.72862787 -41.5901861617 0.880646760343 5000.0 0.880646760343
7239.76769343 -7.92498419755 0.993031093071 5600.0 0.993031093071
-798.901646471 -26.6188110306 0.835266823398 5000.0 0.835266823398
-758.144524591 -35.3663084652 0.931100175536 4800.0 0.931100175536
2795.37848308 -8.17419257867 0.898363662662 5000.0 0.898363662662
2103.19850356 32.7306607362 0.877223263446 5200.0 0.877223263446
4156.16446236 44.004599297 0.904489289373 4000.0 0.904489289373
5020.57789306 41.2692113496 0.936585471123 4600.0 0.936585471123
-2906.54010377 -10.5004270519 0.8262914599 4800.0 0.8262914599
5311.25644841 -73.7996710366 0.984774674461 600.0 0.984774674461
-6727.53594677 -64.7792725893 0.970635236773 6200.0 0.970635236773
3174.51649501 46.5022833031 0.970394403658 4800.0 0.970394403658
2214.04605553 67.18327555 0.976103562836 600.0 0.976103562836
-4540.14966358 -2.93559087521 0.948844875923 5000.0 0.948844875923
-6605.60251004 -51.3292350771 0.985533174325 4400.0 0.985533174325
-5509.65448704 -53.086752543 0.97913992554 5000.0 0.97913992554
6329.15848849 23.4639186255 0.971007552819 3800.0 0.971007552819
5313.1425181 17.0839327301 0.973638463151 4800.0 0.973638463151
-2018.96107154 37.6426332371 0.950646642062 600.0 0.950646642062
4982.77724183 -30.5296223327 0.913444191763 4800.0 0.913444191763
678.44490643 -21.1642587387 0.856776227548 5000.0 0.856776227548
-409.558088787 -46.3723185828 0.939620986187 5000.0 0.939620986187
681.801112508 4.87947795931 0.859564585024 5000.0 0.859564585024
4989.80538465 -31.0640843569 0.958595990715 600.0 0.958595990715
-2909.09720662 83.0187324814 0.988759088797 5000.0 0.988759088797
-2858.71573081 -18.3828357184 0.872659161553 4800.0 0.872659161553
626.585958301 13.294839365 0.849835870147 5000.0 0.849835870147
-2490.44348273 70.2062272457 0.951781911704 5200.0 0.951781911704
6616.49113954 -46.4040024891 0.998368192186 3600.0 0.998368192186
-3339.58026385 -26.6525890135 0.904244827251 4600.0 0.904244827251
2932.57130136 27.2978546384 0.913993891301 4800.0 0.913993891301
3115.18189779 36.119238981 0.923936599809 4800.0 0.923936599809
6652.18884767 78.4051341631 0.991050899563 7000.0 0.991050899563
5121.64419266 -25.8195542351 0.887830196893 5200.0 0.887830196893
3788.82981357 4.24683653081 0.883145107669 4800.0 0.883145107669
4630.52987789 -22.7136639191 0.953701318455 2200.0 0.953701318455
-6292.03095892 24.8181192861 0.973767834749 5600.0 0.973767834749
1991.79545808 7.57052762949 0.831720497949 5200.0 0.831720497949
-854.577792219 -12.8011404968 0.875202415873 5000.0 0.875202415873
-2159.77507998 -54.2461662866 0.990693407043 7200.0 0.990693407043
-1949.00846976 49.1159539469 0.924466951384 5000.0 0.924466951384
-4992.71574415 22.3914134054 0.97270516387 5200.0 0.97270516387
5239.7029587 -15.8024930813 0.873517526517 5200.0 0.873517526517
3356.95429516 69.2738907002 0.980989899226 3200.0 0.980989899226
597.454329726 -66.7028163956 0.958603838288 600.0 0.958603838288
5550.98249445 36.9092145275 0.986515272166 5800.0 0.986515272166
-6535.99616406 -38.045488888 0.97597544389 4800.0 0.97597544389
7613.88211147 -26.3703686906 0.985971916 4800.0 0.985971916
-6573.02661553 -33.5258358482 0.996550940938 600.0 0.996550940938
2824.35478454 -27.3782194502 0.948309496153 600.0 0.948309496153
-5767.3739933 -12.6881282727 0.928561407328 4800.0 0.928561407328
1252.24552734 52.8649564312 0.967763955856 2400.0 0.967763955856
1347.34426845 75.0515693047 0.98170989723 600.0 0.98170989723
-1671.43581369 -68.0838213729 0.99025992383 2000.0 0.99025992383
4364.13467058 -8.66865455546 0.902221461452 5000.0 0.902221461452
8205.73765778 12.1999680038 0.961064384853 4800.0 0.961064384853
-7227.23821517 -14.4028555388 0.988103054195 4800.0 0.988103054195
3604.16507448 -21.201562829 0.914347146651 4800.0 0.914347146651
-1592.78532535 68.4874562949 0.939295732598 4800.0 0.939295732598
-8428.34659063 -38.3457266606 0.998889572657 1800.0 0.998889572657
2981.93521547 3.30503511567 0.880319020961 5200.0 0.880319020961
-1404.92507685 35.6301463356 0.844237315326 5000.0 0.844237315326
6164.31914892 53.1639426713 0.992811075645 4400.0 0.992811075645
-4152.25676471 35.9976923866 0.972665467268 5000.0 0.972665467268
-3931.77412727 25.047626807 0.881117435732 4800.0 0.881117435732
5199.26468665 20.2416970214 0.960976307804 3000.0 0.960976307804
3559.27980127 7.58438725753 0.864319468571 4400.0 0.864319468571
2154.16259364 -9.04362808624 0.882293478768 5200.0 0.882293478768
-6295.17705976 -1.95347211685 0.979498601102 5000.0 0.979498601102
-4819.88747876 -44.1770932366 0.840911103347 4800.0 0.840911103347
-7942.05350381 -20.911518251 0.980618735008 4800.0 0.980618735008
68.6181086189 -13.6733992191 0.872062295802 5000.0 0.872062295802
-6326.89120709 -18.4325929002 0.960422781168 4600.0 0.960422781168
1426.26714848 73.2330431985 0.986360056164 600.0 0.986360056164
894.835646635 -63.6719784537 0.99504935704 7200.0 0.99504935704
-2348.45193767 -17.9936498974 0.840246508667 4800.0 0.840246508667
4423.32184139 -46.8955934089 0.950661400656 1200.0 0.950661400656
-3609.06726731 -34.8649550709 0.841745945941 5000.0 0.841745945941
5660.27553563 -28.2563141878 0.941149385664 600.0 0.941149385664
54.873421771 -35.2513222455 0.892908085914 5200.0 0.892908085914
-7304.30885645 -44.4876465125 0.970205439845 600.0 0.970205439845
1757.93250855 44.3975912462 0.949483708988 5200.0 0.949483708988
7191.22430348 40.4589861187 0.962594644043 1800.0 0.962594644043
7374.12617815 49.0698941905 0.964645254544 4800.0 0.964645254544
6323.81284116 86.2607914336 0.987670945446 4200.0 0.987670945446
3435.31967305 48.6024671755 0.950247047484 5000.0 0.950247047484
3835.75740215 -4.2541219559 0.89156036467 5000.0 0.89156036467
-2150.84530075 -75.1283685852 0.960278584827 7600.0 0.960278584827
-6079.41660242 39.6982597745 0.995515687573 800.0 0.995515687573
-2359.76143645 54.7371378875 0.930715508366 4800.0 0.930715508366
768.911374596 31.1217245919 0.910595418549 5000.0 0.910595418549
-1871.50651847 -13.0196503364 0.853889172256 5000.0 0.853889172256
2114.47249961 38.6591977525 0.897404370441 5000.0 0.897404370441
-2123.87982068 -62.0282619145 0.890482717028 4800.0 0.890482717028
5309.27502425 16.2365170048 0.877790057482 5000.0 0.877790057482
-482.04913459 -3.02002880519 0.888763682993 5000.0 0.888763682993
-5594.1735768 -29.5532071092 0.975400795364 4600.0 0.975400795364
-6137.84485258 64.4602152551 0.988766221501 7800.0 0.988766221501
5943.88112247 -24.7333977173 0.979794103303 5000.0 0.979794103303
-2187.58475291 6.35839205876 0.862343564989 4800.0 0.862343564989
7301.42023345 16.383870567 0.993076562036 4200.0 0.993076562036
8711.95007793 25.3525219919 0.985008497427 4600.0 0.985008497427
746.538968721 10.8191330042 0.855932134263 5200.0 0.855932134263
2669.60012203 -4.40240949376 0.852110869622 5000.0 0.852110869622
-5595.44713385 -29.1621880472 0.974734035638 4000.0 0.974734035638
4059.79298665 -48.1715089592 0.952251014041 1400.0 0.952251014041
-5847.04099472 37.1218308984 0.981047384964 4800.0 0.981047384964
5695.37292016 72.5373096445 0.953758833218 3400.0 0.953758833218
-1589.84862805 56.8057423194 0.963521770054 4600.0 0.963521770054
2724.51171875 21.5605081725 0.913385170626 5200.0 0.913385170626
4143.62903098 31.8610478361 0.887177363337 4800.0 0.887177363337
5522.30726969 -3.77570453238 0.984225860357 4000.0 0.984225860357
-1867.33215161 -70.5195236193 0.970309971245 5200.0 0.970309971245
2409.43056525 -54.8201852845 0.930279134951 600.0 0.930279134951
-5766.57840528 10.269657136 0.98467298815 5200.0 0.98467298815
-416.902132683 47.0954225144 0.979120351729 600.0 0.979120351729
1051.61986636 38.3689455463 0.901322733455 5400.0 0.901322733455
3950.26023451 -9.4761043427 0.872380986562 5600.0 0.872380986562
-5541.54343466 9.52163384645 0.959137897762 4200.0 0.959137897762
376.548339722 40.4443372748 0.970391075661 5200.0 0.970391075661
-6478.96923931 8.21038566923 0.937982204281 4200.0 0.937982204281
-4500.72491702 -48.2911685841 0.848038080303 4800.0 0.848038080303
-2198.57268404 -19.0696503926 0.812946358323 4800.0 0.812946358323
-5413.15584977 -31.4417375734 0.960191116186 4800.0 0.960191116186
-4551.40113676 83.8857370837 0.995895626759 600.0 0.995895626759
-3528.59473246 -69.637518919 0.97615150946 4800.0 0.97615150946
-7857.5524205 6.22650199785 0.975258705545 5600.0 0.975258705545
-3820.33336029 41.6175930782 0.977482528176 4600.0 0.977482528176
3315.77284304 -20.4518805241 0.927304924273 4800.0 0.927304924273
-5269.38648148 -5.52096887655 0.919705651651 5000.0 0.919705651651
-1145.05142253 56.6563129066 0.959455130998 5000.0 0.959455130998
-3449.7345766 -68.8071662705 0.980742268858 7400.0 0.980742268858
-2738.39391371 -44.481258511 0.851464003501 4800.0 0.851464003501
-2699.37370394 78.3141978642 0.976799018176 5000.0 0.976799018176
4759.61530356 -14.6122709015 0.91589008538 4200.0 0.91589008538
-2042.06948979 1.58689760617 0.865749713481 5000.0 0.865749713481
-1712.82024533 22.0866502281 0.867401571752 5000.0 0.867401571752
4375.67604051 -57.3300148199 0.934012432426 600.0 0.934012432426
-7091.60407863 -37.8432086427 0.947062493808 5600.0 0.947062493808
-5520.20201216 -19.8541685438 0.933737218626 4800.0 0.933737218626
6263.61815391 -19.1976115422 0.972916430013 3800.0 0.972916430013
-4387.62292768 77.6164788593 0.938567002137 5000.0 0.938567002137
-3746.24243939 76.7408931089 0.981135575131 5000.0 0.981135575131
3770.87666983 22.2790249117 0.859446049686 4600.0 0.859446049686
-3414.040335 -15.5773310511 0.806266653484 4800.0 0.806266653484
8136.86927453 48.3105710662 0.983691982052 4800.0 0.983691982052
-211.384506336 -28.2078220099 0.867608637011 5200.0 0.867608637011
1791.3111958 17.5801419555 0.852193095125 5000.0 0.852193095125
-3121.39087549 -2.45602998944 0.868383771963 4800.0 0.868383771963
690.356662379 55.3438183847 0.95061022995 600.0 0.95061022995
5936.29547358 -23.1353301718 0.985931743531 3800.0 0.985931743531
4010.71503102 -45.3791764502 0.949609110598 600.0 0.949609110598
3810.99650733 -57.5993308387 0.977989868865 6800.0 0.977989868865
-341.014166657 67.4075910171 0.942516020432 800.0 0.942516020432
-3407.47056524 -18.2603171469 0.880492186002 5000.0 0.880492186002
-1337.1746556 -83.4609320278 0.969415717142 5000.0 0.969415717142
-3237.28491994 45.5847685298 0.973154514556 600.0 0.973154514556
-2927.48643921 1.70729569671 0.818632834288 4800.0 0.818632834288
-4801.06592445 21.9515695662 0.957255824501 600.0 0.957255824501
5783.87660146 48.5652297408 0.983455941978 4800.0 0.983455941978
819.634551973 20.722638888 0.915736822259 5000.0 0.915736822259
2734.71770007 5.54946029278 0.894362859284 5400.0 0.894362859284
-4882.7772706 -41.2073614884 0.969649635937 4200.0 0.969649635937
3731.34478829 -69.1548989742 0.986097336984 7400.0 0.986097336984
-2888.27733821 -23.0638545297 0.864154074674 5000.0 0.864154074674
-4575.02140373 -3.88424798316 0.938005964444 4800.0 0.938005964444
1926.5615815 22.6753924046 0.924170279328 5200.0 0.924170279328
-2477.36577399 11.5376061997 0.855629654932 5000.0 0.855629654932
-7390.54354993 52.7911302795 0.996054547266 5200.0 0.996054547266
3959.59618937 36.2645954558 0.922351442975 4400.0 0.922351442975
3016.84313688 5.96760148526 0.874285857694 4600.0 0.874285857694
6309.07472431 -87.4856069585 0.97479267006 3800.0 0.97479267006
-5536.96403775 -55.3432379068 0.988837555403 4600.0 0.988837555403
7278.09755602 -49.5905305206 0.985209904747 7600.0 0.985209904747
-3031.6159253 14.5801300732 0.795524358401 5000.0 0.795524358401
4362.75731805 -26.1232858576 0.975778677061 4400.0 0.975778677061
-4530.12930146 -27.3475102173 0.953671969844 600.0 0.953671969844
-3497.11785863 -4.10880213189 0.956865609102 5000.0 0.956865609102
-6049.81039278 17.8653658345 0.980363849778 4200.0 0.980363849778
3364.97231251 33.0429038056 0.881872852908 4800.0 0.881872852908
4593.87412822 -46.5544507948 0.937826339163 4800.0 0.937826339163
-4876.14631018 33.6383366303 0.84235167986 5000.0 0.84235167986
-959.62510783 -13.4166621734 0.853976648189 5000.0 0.853976648189
-7473.19339189 -87.0062372476 0.982733533444 5000.0 0.982733533444
-4379.43547993 -21.4299647276 0.880718973685 5000.0 0.880718973685
-4867.2288645 61.2474573172 0.967954051624 5000.0 0.967954051624
-2914.13116409 68.6802102185 0.972095903428 5400.0 0.972095903428
5226.50047534 71.9433841264 0.970402684652 800.0 0.970402684652
-5174.90628836 -29.5874985151 0.977271438467 4800.0 0.977271438467
-7476.29782355 -19.7405219243 0.970275946705 5400.0 0.970275946705
4405.39273798 -3.63279752624 0.923734918327 4200.0 0.923734918327
4297.32834792 57.7981923435 0.915122358221 6200.0 0.915122358221
-4707.66405373 34.3131847761 0.863627796031 4800.0 0.863627796031
-591.437311687 32.3333105697 0.922060957706 5000.0 0.922060957706
-3205.91779523 -25.2472680506 0.873842301842 5000.0 0.873842301842
4491.01762097 -18.3159675435 0.908336831029 4400.0 0.908336831029
-2958.77645835 -40.2790276815 0.838953443586 5000.0 0.838953443586
-4261.30251419 -31.6922569155 0.950583280988 5000.0 0.950583280988
3056.61321004 -29.9821216079 0.959212337691 2600.0 0.959212337691
919.501985166 77.3492462871 0.991956045625 5200.0 0.991956045625
156.118038106 68.7072822979 0.973091062754 5000.0 0.973091062754
-3969.70812047 0.990613043245 0.842965680323 4800.0 0.842965680323
-3507.38727119 -37.2940318437 0.980932504797 1400.0 0.980932504797
-4598.17685813 16.3168287323 0.923156618093 4800.0 0.923156618093
6873.6689143 -43.5378731689 0.938002605893 4800.0 0.938002605893
7903.41170413 47.1087160134 0.964623291382 7000.0 0.964623291382
2232.64703584 59.3099101887 0.966898170385 600.0 0.966898170385
2733.52987922 14.0054995935 0.890173830562 4600.0 0.890173830562
2917.79998957 47.3053150153 0.948327668775 5000.0 0.948327668775
-1636.00656947 9.62263682872 0.831184836486 5000.0 0.831184836486
6582.89483851 26.9356755584 0.980632406523 5000.0 0.980632406523
2254.6013196 47.0477720109 0.958591831486 600.0 0.958591831486
7382.20648021 39.8513622489 0.991182521345 5600.0 0.991182521345
-3366.03352828 -3.15124809416 0.915690991849 4600.0 0.915690991849
-8302.75941524 -42.9633263717 0.990077387184 7800.0 0.990077387184
-441.007345619 4.65596670529 0.861906884629 5000.0 0.861906884629
8218.92169201 -40.153565846 0.994908429799 7800.0 0.994908429799
9464.51695441 -3.35543412921 0.995348026524 5200.0 0.995348026524
-1590.72367088 -14.6283925062 0.827925740148 5000.0 0.827925740148
6164.56470165 54.258614133 0.994007566667 2200.0 0.994007566667
-6666.45076363 -19.633109022 0.912787558259 5000.0 0.912787558259
94.6792279215 84.4854881329 0.970821319272 600.0 0.970821319272
7808.101351 26.4802430365 0.995934439847 5000.0 0.995934439847
216.220631236 7.70655783314 0.88410212823 5000.0 0.88410212823
528.02740664 -71.8410323876 0.973170910287 6400.0 0.973170910287
-2975.41503149 89.4259271743 0.954117279351 5000.0 0.954117279351
4355.91261701 17.2311257515 0.918344512594 4000.0 0.918344512594
-3635.06290222 -10.7299019268 0.91694810268 5400.0 0.91694810268
3412.54648105 -69.0555675251 0.946556467008 600.0 0.946556467008
362.339016254 -52.6756551754 0.986312456601 5000.0 0.986312456601
6268.35396529 -42.8991203209 0.991710617088 1800.0 0.991710617088
-3909.87363199 -48.321655415 0.909142650862 5000.0 0.909142650862
-3971.96970202 -36.4693147993 0.94968629181 5000.0 0.94968629181
-1907.81349759 16.3291944882 0.817632926621 5000.0 0.817632926621
-6286.71792121 48.989660633 0.983266509396 4400.0 0.983266509396
6640.36224915 -34.7695758695 0.993082468214 3800.0 0.993082468214
-6681.98728763 -7.09552823635 0.974969271711 5600.0 0.974969271711
3436.80145429 -1.26644810109 0.877195963915 4600.0 0.877195963915
-5909.30313546 64.9493123624 0.996723285547 3200.0 0.996723285547
-1040.76210831 -87.3358546536 0.988591493517 5200.0 0.988591493517
-157.633083968 62.8417632076 0.956374947821 5200.0 0.956374947821
-5258.2491295 39.0054076698 0.946288906428 4200.0 0.946288906428
-741.212428087 -0.920170377866 0.846164632229 5400.0 0.846164632229
639.322246868 80.6941405473 0.983036877005 600.0 0.983036877005
3607.35327007 -29.9593490253 0.948236874855 600.0 0.948236874855
388.574624903 -18.1653085895 0.877943058869 5000.0 0.877943058869
-796.704641562 -66.6814058827 0.978131673259 1200.0 0.978131673259
1975.77475457 -81.1481538557 0.944799595186 4800.0 0.944799595186
7140.38422512 14.8732910514 0.991923335619 5000.0 0.991923335619
-6632.94057 -82.9634076814 0.991352291117 5600.0 0.991352291117
-747.163669128 -18.3017937774 0.879461146932 5000.0 0.879461146932
1093.26075623 6.11730616425 0.865506663726 4800.0 0.865506663726
6971.87567154 -41.2688862377 0.91132354338 4600.0 0.91132354338
1212.16895776 13.2577867871 0.851566249306 5000.0 0.851566249306
5307.51735264 -11.9698292913 0.940170730605 3200.0 0.940170730605
-5924.61276735 65.0514968784 0.983313140611 5600.0 0.983313140611
1354.84201056 48.5286286611 0.923722363555 5200.0 0.923722363555
-3807.19210949 -27.8319781339 0.959722793287 4600.0 0.959722793287
-2641.42357922 -40.1252664747 0.965117845766 600.0 0.965117845766
-2521.15519876 -32.109410665 0.84822946714 5000.0 0.84822946714
-3947.14262336 -25.421495113 0.821881482106 4800.0 0.821881482106
-1412.96412032 -57.9187759202 0.828845567291 5000.0 0.828845567291
-4815.3193299 -3.71706411207 0.943237175803 4600.0 0.943237175803
110.640274123 36.8661844825 0.892348122029 5800.0 0.892348122029
-312.142326576 3.42843391479 0.872728608798 5000.0 0.872728608798
823.375574689 -38.8405346753 0.906120778457 5000.0 0.906120778457
-3167.58201303 24.632841124 0.847116727236 4800.0 0.847116727236
-499.354735773 -51.5958050633 0.907492894501 5200.0 0.907492894501
-6197.99021324 22.6397007615 0.987717857924 4600.0 0.987717857924
-540.526603151 45.271487937 0.97439355913 5000.0 0.97439355913
-5561.65560679 13.8033788801 0.9776301837 5000.0 0.9776301837
5994.5845443 -62.2650561687 0.997030003381 6800.0 0.997030003381
-1186.8952886 47.0434094681 0.88888182158 5000.0 0.88888182158
6692.49017803 28.9821960122 0.909262128173 5200.0 0.909262128173
-7137.24826889 60.4757318781 0.988728339496 3200.0 0.988728339496
5663.85153372 53.6652634438 0.993188060124 4000.0 0.993188060124
2043.83665656 6.5373860813 0.883143343763 5400.0 0.883143343763
-2276.22986356 -48.6179085639 0.986246090328 600.0 0.986246090328
4071.00689904 58.4486375184 0.970663030701 4400.0 0.970663030701
3018.36307545 -61.0695495419 0.919109794383 7000.0 0.919109794383
-5390.60776048 20.4022299642 0.948626147797 4800.0 0.948626147797
6197.64119115 50.6286582848 0.980699293022 4800.0 0.980699293022
5368.76433119 15.4041320855 0.918841454584 4800.0 0.918841454584
5260.52792606 24.3455936358 0.94784530044 4800.0 0.94784530044
-4521.60057889 64.2977767741 0.979709461161 3800.0 0.979709461161
1773.75975494 36.0409157163 0.895139946032 5000.0 0.895139946032
-3165.35309975 22.8192399887 0.835976535085 4800.0 0.835976535085
6368.88920415 -69.5092791232 0.993973949997 4800.0 0.993973949997
14.9747778837 -46.8075152521 0.923300253337 5000.0 0.923300253337
5502.63620098 68.2774083767 0.983818379142 4600.0 0.983818379142
1105.44843341 70.5079036061 0.987665170712 800.0 0.987665170712
517.928159961 68.9327662665 0.991554852115 1200.0 0.991554852115
-787.193478222 -44.5544296315 0.831522369563 4800.0 0.831522369563
-598.037432413 -52.5482283123 0.897577502429 5200.0 0.897577502429
-6594.26868936 -17.5710536672 0.985029641839 5000.0 0.985029641839
-6168.15417168 -7.79335338389 0.960292675145 4800.0 0.960292675145
3411.98271471 -37.0327582339 0.900625108016 5000.0 0.900625108016
-8904.03818709 -74.7318571351 0.999432870375 3000.0 0.999432870375
-7462.21472836 -32.8531405341 0.949372744693 4800.0 0.949372744693
4765.98381342 23.7154388546 0.924343558389 4000.0 0.924343558389
-603.99415258 19.6427172173 0.875378357594 5000.0 0.875378357594
128.793006103 -32.7941884329 0.934740234158 600.0 0.934740234158
1867.38317434 36.3311258583 0.903475333308 5000.0 0.903475333308
2323.7757679 -18.8540271297 0.847178854112 5000.0 0.847178854112
-5725.30108661 -13.7033977689 0.938053836445 4400.0 0.938053836445
-3389.92632068 -20.3120109196 0.895845371162 4600.0 0.895845371162
8912.95858422 -78.9407608161 0.999637424724 7800.0 0.999637424724
1089.94819434 -15.3413058184 0.871636122098 5000.0 0.871636122098
124.363849715 -27.4790272725 0.869275428608 5200.0 0.869275428608
927.166566415 -1.98060788021 0.848655599298 5200.0 0.848655599298
6454.11955815 40.826333904 0.992988282703 3600.0 0.992988282703
-1071.26524366 34.1449386138 0.869044449702 4800.0 0.869044449702
1179.58691549 54.8679655417 0.911709939295 6800.0 0.911709939295
-5618.35596778 -21.8475448031 0.920533045272 5000.0 0.920533045272
-131.729864508 -64.4175829906 0.914201641365 5400.0 0.914201641365
-7801.71501205 17.2410437702 0.990176377438 5800.0 0.990176377438
-2929.6887545 44.8503832708 0.950242634652 4800.0 0.950242634652
2343.50226358 -54.2612539381 0.990670205401 2800.0 0.990670205401
-4066.46299932 70.5718146828 0.984905117566 3000.0 0.984905117566
5198.04534426 -68.0848497363 0.996346910384 5000.0 0.996346910384
3198.72752926 -70.5480285867 0.939222499324 4600.0 0.939222499324
4169.23012421 12.1519635223 0.913062140795 4400.0 0.913062140795
-6696.6120749 54.7573455092 0.999317062153 5600.0 0.999317062153
-1591.53535974 -22.1366141595 0.875742463602 4800.0 0.875742463602
-990.569636417 -49.3446452578 0.985202870133 1400.0 0.985202870133
6163.38986179 -69.8991939225 0.969945427863 7200.0 0.969945427863
-5892.82980047 -45.7407870798 0.935482447909 5200.0 0.935482447909
5373.98887654 34.5820640692 0.934616695371 4800.0 0.934616695371
3460.17189146 13.4390917723 0.897597411513 5000.0 0.897597411513
5778.24298685 52.5120067906 0.991354244026 4200.0 0.991354244026
5449.90665247 84.8301980258 0.985689900522 1600.0 0.985689900522
-1954.57023061 -60.5318322533 0.907735499214 5000.0 0.907735499214
-82.963928783 79.6666060398 0.983716094133 5000.0 0.983716094133
-3570.95806342 68.0435568073 0.989399844496 7600.0 0.989399844496
-3484.43386129 61.1424118837 0.981467813891 4800.0 0.981467813891
-6357.39558616 -55.3528804737 0.992273142324 2600.0 0.992273142324
4202.30733923 39.6238440526 0.899252972982 7800.0 0.899252972982
713.938533909 54.9226630757 0.87227970987 5000.0 0.87227970987
-5536.31272732 67.3317404819 0.9705806259 600.0 0.9705806259
6868.54503942 58.4832098219 0.974641851756 600.0 0.974641851756
1575.47315555 44.8338744889 0.939094145411 1400.0 0.939094145411
-857.653860686 -37.1798338671 0.956187166872 1800.0 0.956187166872
-7679.07632561 58.5367108108 0.974833465039 600.0 0.974833465039
-6211.66355943 -6.8522552515 0.936915152121 4600.0 0.936915152121
-6803.45116613 -13.3245222625 0.956469054754 4600.0 0.956469054754
-3673.09031618 -26.3875875198 0.855390039021 5000.0 0.855390039021
-7835.95923093 -52.230263402 0.997917314288 6600.0 0.997917314288
5696.31190675 18.3700349916 0.924723844033 5400.0 0.924723844033
2319.95099994 42.2520646341 0.954355218792 4800.0 0.954355218792
1447.7706165 10.4119217341 0.83852810076 4800.0 0.83852810076
-3091.88698549 14.8507964539 0.875262641134 5000.0 0.875262641134
-1643.99263593 -47.1937874124 0.844900009231 5000.0 0.844900009231
576.022204823 -54.5360879006 0.986320995502 4800.0 0.986320995502
-1573.12405497 44.1796203907 0.936619884759 6000.0 0.936619884759
-7867.22548274 18.6008403098 0.981808648863 5800.0 0.981808648863
2408.76606768 -6.05440154187 0.845140817605 5000.0 0.845140817605
2568.58210672 65.3476197436 0.982793549727 600.0 0.982793549727
-6866.4978734 39.7844036061 0.993305048893 5000.0 0.993305048893
10.8418961776 -4.6028793873 0.840689500507 5000.0 0.840689500507
-1367.60014975 -64.9219234677 0.952354715225 5000.0 0.952354715225
3192.48587714 30.5952948602 0.913732433182 4800.0 0.913732433182
1849.04273164 66.2638798578 0.92916091145 5200.0 0.92916091145
5696.4996062 35.9806755908 0.957472148692 600.0 0.957472148692
-8052.93216238 -51.1970768804 0.994012184839 6000.0 0.994012184839
-1125.91019908 35.2140701193 0.874383109114 5000.0 0.874383109114
-1762.04790421 62.7221298395 0.980299168031 4200.0 0.980299168031
-5641.93483508 51.9104144503 0.950333872651 4800.0 0.950333872651
-4675.23543699 -42.0541839398 0.971265144099 5000.0 0.971265144099
6128.02713803 -80.7398626339 0.99442648795 7600.0 0.99442648795
-3945.81502931 -38.7548590993 0.886352816374 5000.0 0.886352816374
-4134.01444897 40.2470451503 0.92688282552 5000.0 0.92688282552
-2938.01151446 -56.3918285014 0.936435952353 4800.0 0.936435952353
805.902694691 -42.1690429207 0.910755188406 600.0 0.910755188406
6948.38889762 -10.2347876318 0.909649422968 5000.0 0.909649422968
3089.50415488 -33.0073196227 0.885113946817 5000.0 0.885113946817
4179.76829912 -37.4138257781 0.963451552438 600.0 0.963451552438
-3050.73400668 -36.1422211825 0.943610733267 5000.0 0.943610733267
5253.76507134 -15.8183960743 0.910651144864 5200.0 0.910651144864
-755.145070692 -31.6333879374 0.918330192316 4800.0 0.918330192316
3002.08429774 -61.0602696158 0.978511425591 4200.0 0.978511425591
6302.83075544 -30.6831188183 0.966825156003 5000.0 0.966825156003
5336.58708184 29.0989703908 0.889494885375 5200.0 0.889494885375
6372.55553236 -69.1007968097 0.998105688944 600.0 0.998105688944
4228.62362469 -44.227242886 0.89130644395 4000.0 0.89130644395
1036.49044554 33.9569161436 0.900544553328 5400.0 0.900544553328
-2973.25663528 33.544646365 0.877069670114 5000.0 0.877069670114
7758.17625244 -53.5783512016 0.997109505427 1200.0 0.997109505427
6120.8054822 77.389491892 0.988864615839 5200.0 0.988864615839
-271.256697951 39.6782415061 0.929126255347 600.0 0.929126255347
6643.94634704 4.33374505883 0.99154912632 4800.0 0.99154912632
-6637.29594127 60.8834847917 0.984696307869 2400.0 0.984696307869
7044.93393009 -53.6121435232 0.988507379315 5000.0 0.988507379315
4751.05296394 43.8882101663 0.922659859726 4800.0 0.922659859726
-630.716585495 -71.3427760665 0.992390434519 3000.0 0.992390434519
5957.22408803 41.9894244428 0.960916101087 5400.0 0.960916101087
2728.41724196 13.5855078257 0.872604988101 4000.0 0.872604988101
-2254.15918916 -33.6622527257 0.839540258563 5000.0 0.839540258563
4871.69450959 68.0940485186 0.955883294965 6600.0 0.955883294965
-2041.68305147 29.5171182337 0.853485117336 4800.0 0.853485117336
1031.28229942 35.8418398624 0.967009845587 5000.0 0.967009845587
1022.1782811 -5.95904381363 0.85947273912 5000.0 0.85947273912
-2299.14668038 70.0431025488 0.990120457172 4600.0 0.990120457172
-7022.3739243 22.3739248213 0.994988772266 5800.0 0.994988772266
-2195.60796175 -54.5464414264 0.983129574444 800.0 0.983129574444
5064.40520947 -28.4740579632 0.956292298061 1600.0 0.956292298061
2759.02514633 -40.0939650046 0.945954584714 600.0 0.945954584714
2216.68804956 42.0330085433 0.898806927941 5000.0 0.898806927941
-261.679978317 -19.9001239263 0.882884515482 4800.0 0.882884515482
-565.130189551 -27.9483693157 0.919321693638 1400.0 0.919321693638
-1274.65356557 -50.0816457394 0.952490335791 1200.0 0.952490335791
1393.45487172 -28.104644672 0.882136493452 5000.0 0.882136493452
-3186.54479409 26.6938273915 0.898059527782 4800.0 0.898059527782
4198.65366195 13.1248507796 0.903747061447 4400.0 0.903747061447
4134.37619538 4.29397615513 0.893963063266 4600.0 0.893963063266
-6377.74156034 50.5192409816 0.975927225258 4200.0 0.975927225258
-801.914196965 86.2694969706 0.968049668404 5000.0 0.968049668404
2862.54622234 19.1347933929 0.88806071528 4800.0 0.88806071528
-6699.98580516 37.2521149759 0.965939272735 4200.0 0.965939272735
-1664.55550992 19.8431299435 0.846660394859 5000.0 0.846660394859
6839.66864899 31.2367343066 0.947498349158 7400.0 0.947498349158
1528.71289627 14.7865080871 0.85915235728 5000.0 0.85915235728
891.601044859 2.81398992392 0.888343178876 5200.0 0.888343178876
-6581.83235464 -23.9861826171 0.96646124457 5000.0 0.96646124457
-3934.37308632 -38.7508539734 0.885866439108 4800.0 0.885866439108
8918.22768452 -12.0526591805 0.986387573455 4800.0 0.986387573455
-2808.99039028 -69.984462549 0.98571318 4800.0 0.98571318
4531.23134294 -0.514535506082 0.962691990552 4600.0 0.962691990552
-1156.59858655 -37.5288160994 0.947602409858 800.0 0.947602409858
-7076.95263378 -81.0351548242 0.991241747591 5400.0 0.991241747591
-5971.30970414 36.5108814848 0.953476553164 4600.0 0.953476553164
-334.760310895 -54.4220709049 0.902136769838 4800.0 0.902136769838
-5592.6097323 -81.3003922608 0.998518596349 5000.0 0.998518596349
1954.65254587 -22.4733842635 0.834018349804 5000.0 0.834018349804
-454.713833612 56.1066584141 0.992696245364 3200.0 0.992696245364
-6280.82538917 -68.4179353758 0.996054532741 2000.0 0.996054532741
-3463.37487664 -40.9238152972 0.913427541473 4800.0 0.913427541473
6453.87552954 56.0358231531 0.957140113215 600.0 0.957140113215
4770.24489257 21.7418426516 0.949623150633 600.0 0.949623150633
1683.12461851 74.4368153754 0.972763364594 5600.0 0.972763364594
-4195.26485687 12.2543799284 0.974239078222 5600.0 0.974239078222
-6664.81571664 4.72288949209 0.955325582589 5200.0 0.955325582589
-4755.14438231 2.97288711786 0.90162035149 4600.0 0.90162035149
2186.00695195 47.5892895176 0.962626438089 600.0 0.962626438089
4487.76336988 -28.5934092863 0.838572655429 5000.0 0.838572655429
4323.85821024 19.9750811788 0.933111238206 4800.0 0.933111238206
4955.54553091 -26.3366823898 0.878384726381 5000.0 0.878384726381
-6582.39956847 36.3096420306 0.996537527556 5200.0 0.996537527556
662.13062036 -17.4217170169 0.907454104157 4800.0 0.907454104157
6424.03352101 -4.71959680372 0.984044705222 6000.0 0.984044705222
299.29367293 -34.7021961291 0.920975905888 600.0 0.920975905888
880.193747034 -34.9789094891 0.796056636596 5000.0 0.796056636596
2845.85671656 -0.531737338931 0.895018095125 4800.0 0.895018095125
-4173.9208027 79.2078290763 0.963563336692 5800.0 0.963563336692
-3878.33164651 -24.8625511547 0.835267870463 4800.0 0.835267870463
1901.46727097 63.3008772504 0.982132047723 7000.0 0.982132047723
-2266.7636877 7.21129904256 0.835940161242 5000.0 0.835940161242
2325.57532622 -9.95986649945 0.885569931936 5000.0 0.885569931936
1903.17141414 20.5362825785 0.915693114317 4400.0 0.915693114317
-834.531167493 22.4023765181 0.877215676572 5000.0 0.877215676572
-924.501972974 -67.4439151049 0.980157118988 1800.0 0.980157118988
4383.01865864 54.3737430209 0.985883037703 4800.0 0.985883037703
-5792.57644236 -71.6042807226 0.997833773713 6600.0 0.997833773713
-3182.83049392 -47.5517786781 0.931386355133 4800.0 0.931386355133
-589.44587007 41.7617240669 0.852359640998 5000.0 0.852359640998
5089.90294434 22.5107872343 0.956683873891 3600.0 0.956683873891
-61.3057950316 -6.22610226196 0.849346851366 5000.0 0.849346851366
2345.51471336 43.8661966548 0.950802900656 5000.0 0.950802900656
3570.95993003 -12.7313557961 0.881506916045 4800.0 0.881506916045
3430.16088482 -76.2048973295 0.97062303236 5200.0 0.97062303236
-7205.85067916 -62.1160373891 0.991864750498 4800.0 0.991864750498
-624.106610744 -50.8943494649 0.865001394229 5000.0 0.865001394229
6537.52238205 51.6290665639 0.933236288368 600.0 0.933236288368
-6353.16521267 -52.0147664053 0.997814231508 600.0 0.997814231508
-2667.30625776 -24.3418042597 0.917266474876 4800.0 0.917266474876
4748.82064987 23.8315502578 0.938458051943 4200.0 0.938458051943
-673.068699482 -22.7941230625 0.855469396042 5000.0 0.855469396042
-945.683090429 19.0028184835 0.873887859843 5000.0 0.873887859843
-5560.41721859 40.6862016436 0.975893808579 4200.0 0.975893808579
2111.01908168 -52.3676815184 0.931426888913 5200.0 0.931426888913
3286.47972241 -38.9591200913 0.97330260102 600.0 0.97330260102
-6824.38646852 -29.0036588117 0.994126400488 4400.0 0.994126400488
4654.65627826 -39.2328189869 0.911121510026 5000.0 0.911121510026
-1445.87518657 3.01564784918 0.807582022347 5000.0 0.807582022347
-5279.42917739 -63.4570644286 0.935409457354 4800.0 0.935409457354
-1252.96882618 -7.14019281315 0.81610851626 5000.0 0.81610851626
7049.14623796 -18.87556111 0.98690782882 5800.0 0.98690782882
3061.04873707 -2.77164643916 0.88151537665 5000.0 0.88151537665
-6529.04784307 -54.0508727295 0.986000114084 5000.0 0.986000114084
3392.92902824 -72.0042467404 0.939547539584 6200.0 0.939547539584
2209.89176317 -1.64887817204 0.884881441359 5400.0 0.884881441359
3131.66497371 -34.5802482351 0.904312772694 4600.0 0.904312772694
-4168.26294875 9.13217585045 0.911415236317 4400.0 0.911415236317
1450.15486218 19.5073545754 0.854000708631 5200.0 0.854000708631
3151.99157913 32.7052609206 0.905006731939 5000.0 0.905006731939
3987.0569487 -48.6214212137 0.908873298066 5200.0 0.908873298066
6990.76643323 68.3613820707 0.997135508796 5400.0 0.997135508796
-2313.79479716 34.581258888 0.919261300852 4800.0 0.919261300852
2896.38879718 68.4154059226 0.989386385925 3000.0 0.989386385925
913.226096507 -51.0907947497 0.991777735233 5000.0 0.991777735233
4656.43212187 -48.2041783414 0.985422851433 600.0 0.985422851433
6239.19895915 82.4691048342 0.98419788342 600.0 0.98419788342
4207.87241901 3.10037286418 0.892098333072 5400.0 0.892098333072
1435.0157404 -32.5202645035 0.919947115398 4800.0 0.919947115398
-3124.00882834 15.4878420264 0.803164192119 5000.0 0.803164192119
-4162.21761964 81.1377237679 0.990561868688 2200.0 0.990561868688
-6249.03381686 -40.4797405732 0.986535366296 5000.0 0.986535366296
1615.26225436 -67.9082893826 0.970003302275 4800.0 0.970003302275
-5938.60277551 -59.3922451697 0.998203002955 2000.0 0.998203002955
-6240.49420218 25.428115549 0.982353893315 5000.0 0.982353893315
-6870.8794473 43.2077306555 0.993869348781 5200.0 0.993869348781
-1359.0877316 -52.9497320176 0.84649974255 4800.0 0.84649974255
-7595.55880895 26.9844108011 0.995026926262 5600.0 0.995026926262
1530.74011347 9.72479496697 0.890451308061 5000.0 0.890451308061
-7047.77589831 -6.72778212938 0.960214609289 5000.0 0.960214609289
-4269.1491356 -40.4369251248 0.955117875432 5000.0 0.955117875432
-500.898744172 17.9898589719 0.890835972818 5000.0 0.890835972818
-42.1701903998 -25.8147974722 0.894314410751 5000.0 0.894314410751
6103.88358869 -25.4511896626 0.984233427537 4600.0 0.984233427537
5452.88963114 17.0780592216 0.955722893811 5200.0 0.955722893811
-5009.59629252 -55.8366182999 0.976216298205 5000.0 0.976216298205
-639.405390272 -4.91490532503 0.860183078102 5200.0 0.860183078102
-2921.6003691 62.5440367666 0.987388560912 5400.0 0.987388560912
4908.46283883 -34.135510146 0.898277418844 4600.0 0.898277418844
-4062.82214701 7.24419670935 0.853873626235 4800.0 0.853873626235
-912.968250551 48.4449466519 0.956128030593 600.0 0.956128030593
-6621.48757167 26.1658820732 0.986453284274 4800.0 0.986453284274
4797.65566828 8.38263344448 0.91668576116 5400.0 0.91668576116
6154.89498573 -8.71128844984 0.9243328093 5200.0 0.9243328093
1133.11447395 33.9447728105 0.897902264139 5200.0 0.897902264139
4896.79617728 32.2784906285 0.93450795555 5000.0 0.93450795555
-3886.38071579 -57.7265799401 0.994947155942 7800.0 0.994947155942
-5538.77360356 -16.4846810255 0.943127302364 4400.0 0.943127302364
6744.93173492 -19.820989813 0.96746395345 4800.0 0.96746395345
-1902.47881523 -29.314812131 0.918769594884 5000.0 0.918769594884
5129.95763751 64.1233335051 0.992178152842 600.0 0.992178152842
-1663.276495 -39.7155389724 0.882153150198 5000.0 0.882153150198
-2521.69553785 -43.4251657052 0.944094513711 5000.0 0.944094513711
5746.90893231 10.5200593222 0.947194034269 5600.0 0.947194034269
-2556.31092433 53.913647035 0.904663161041 4800.0 0.904663161041
1014.73104276 -2.63608084683 0.859548261107 5200.0 0.859548261107
1606.9664837 72.4896372758 0.909446996338 7000.0 0.909446996338
3377.09606026 29.6078361833 0.928488894841 2600.0 0.928488894841
-709.810258296 -16.8545884453 0.846422874953 5000.0 0.846422874953
810.782388921 -17.7867911694 0.849684623174 5000.0 0.849684623174
-6869.72687677 84.4287019205 0.985362303952 5600.0 0.985362303952
-7387.73069584 -62.7407836946 0.975040822855 5000.0 0.975040822855
-6535.44836333 -43.7362405312 0.960532938127 4800.0 0.960532938127
3199.5565253 63.0297294496 0.925471152832 7400.0 0.925471152832
-2665.49850041 -21.5852873496 0.826104916568 5000.0 0.826104916568
6588.03689994 -86.5039929956 0.989191973088 2600.0 0.989191973088
1646.31170124 -46.5732361981 0.942977326682 5000.0 0.942977326682
5436.4540835 10.9401022287 0.937437215826 5000.0 0.937437215826
3220.12053836 -33.1685593078 0.916652482743 5200.0 0.916652482743
8745.58744336 -5.10130334331 0.990686297951 4600.0 0.990686297951
-4009.68188007 80.1829758818 0.977491689802 5600.0 0.977491689802
1777.19876555 -1.10064438067 0.856217438112 5400.0 0.856217438112
80.5190246912 -39.7343508327 0.887530194357 4800.0 0.887530194357
-2673.66089171 2.01699415094 0.801799363994 5000.0 0.801799363994
2300.33420814 -19.2592473966 0.887325210828 5000.0 0.887325210828
-3624.65945083 51.1500043646 0.980073884734 4600.0 0.980073884734
8353.63090125 44.9443743149 0.970736281553 4800.0 0.970736281553
2758.6281351 -39.6628512355 0.980463051061 600.0 0.980463051061
-507.699090778 21.2736606968 0.881135338818 4800.0 0.881135338818
-6799.67303367 42.2300370412 0.994903787425 4600.0 0.994903787425
-9172.57469456 76.0955600598 0.999388782277 5000.0 0.999388782277
-3248.91203552 18.4447240858 0.882994640077 4800.0 0.882994640077
798.409787494 -11.1397893505 0.87083294407 5000.0 0.87083294407
-5399.53079523 -23.1780085466 0.978271814452 4200.0 0.978271814452
-5618.30150895 -5.98893819259 0.981901940736 4600.0 0.981901940736
-4487.88664373 2.26496563851 0.890811235213 4400.0 0.890811235213
2815.10248256 -11.851117302 0.895534360943 5000.0 0.895534360943
632.400992896 13.499192265 0.872384579389 5200.0 0.872384579389
-4883.76952943 -14.1804116234 0.958745573402 5000.0 0.958745573402
-3162.29812337 24.5416078961 0.922514493843 4600.0 0.922514493843
1885.09903023 -9.96900377886 0.864927267833 5000.0 0.864927267833
-4830.68194678 7.89033382682 0.906029238053 4800.0 0.906029238053
-2576.42839326 25.3175033668 0.861149936466 5000.0 0.861149936466
3672.19619598 -37.2767253138 0.936763910553 5000.0 0.936763910553
6926.8229827 39.9796707968 0.994600076344 5800.0 0.994600076344
-3176.09107072 -53.0465272933 0.915283961624 4800.0 0.915283961624
-7815.3754067 62.1222849603 0.982264933067 600.0 0.982264933067
4006.24114324 -14.948049026 0.850157231135 5000.0 0.850157231135
-4492.40003091 -46.3678754105 0.961663008293 4800.0 0.961663008293
3566.0054867 86.3098875498 0.953676317444 600.0 0.953676317444
3437.3363727 -64.0202412794 0.950523896322 4800.0 0.950523896322
-1022.34355554 -17.3152918445 0.868797093931 4800.0 0.868797093931
-2395.9092884 6.90967938269 0.860734117621 5200.0 0.860734117621
1419.43606004 -40.7443648146 0.909536724294 5400.0 0.909536724294
-4804.57636928 -24.0323631847 0.951165188444 4800.0 0.951165188444
-5948.52706438 -38.6666644054 0.954862010413 4600.0 0.954862010413
-1706.79590571 38.101066559 0.940661519964 5000.0 0.940661519964
-4115.33771062 -58.6033667328 0.975349851734 1200.0 0.975349851734
5606.92420856 -42.4572074832 0.988754951554 600.0 0.988754951554
-5936.18485025 44.7555107047 0.99010977757 4200.0 0.99010977757
4139.03238397 84.2584115597 0.985606591645 4800.0 0.985606591645
6940.34215583 45.3436947328 0.996143369379 5600.0 0.996143369379
178.192031568 36.3346224729 0.918092937066 6000.0 0.918092937066
8538.42894714 89.5897723724 0.995066479563 4200.0 0.995066479563
4140.63849321 -28.3845706471 0.943058816148 5000.0 0.943058816148
2137.13406229 -61.7323016018 0.931155577952 4800.0 0.931155577952
-1169.27216709 2.67667196437 0.833035295533 5000.0 0.833035295533
-2793.35965103 -69.065163726 0.962281493558 4800.0 0.962281493558
-6411.8847806 -49.7369056994 0.97472996663 4800.0 0.97472996663
-5133.72008313 24.5928380513 0.96815527392 4800.0 0.96815527392
-5266.4090436 31.1370181933 0.97190638666 4800.0 0.97190638666
3726.77506854 25.493645737 0.927379699873 5000.0 0.927379699873
3855.86089181 74.4308146976 0.975012094392 4400.0 0.975012094392
-6873.8239205 44.4101246875 0.993143966997 4800.0 0.993143966997
-5816.82859678 -43.4646323047 0.979675992115 4600.0 0.979675992115
6993.09434244 -67.9194755673 0.987334901352 5800.0 0.987334901352
-8088.02402562 -7.12101079002 0.978559311288 5800.0 0.978559311288
-3984.03938859 32.7800490057 0.916385881196 4800.0 0.916385881196
2691.36595917 -10.4761532007 0.879539265415 4600.0 0.879539265415
1583.383467 36.1691314984 0.850190896639 5200.0 0.850190896639
1205.3739914 36.5156809228 0.936311503061 4800.0 0.936311503061
3239.22303951 -1.21573260225 0.890492991228 5600.0 0.890492991228
4996.2112323 29.2448699935 0.902425589123 4600.0 0.902425589123
-5465.66665858 88.4478824291 0.979104705396 4800.0 0.979104705396
-1078.53831972 43.7182065473 0.839661597249 5000.0 0.839661597249
2594.12371729 -72.8270839032 0.981760944275 1600.0 0.981760944275
-7714.99382627 -42.3234712174 0.987821907736 5600.0 0.987821907736
5261.84451616 11.8370373016 0.917429629741 5200.0 0.917429629741
-1557.61320425 14.2750266755 0.868623616788 4800.0 0.868623616788
6037.77180987 -51.7648841342 0.985712697341 7200.0 0.985712697341
-296.607020015 72.3738041373 0.984782298801 5000.0 0.984782298801
706.738257898 -52.2315432553 0.872045585536 4800.0 0.872045585536
-367.002980262 -78.1421669679 0.98842381442 2600.0 0.98842381442
6248.9913992 -2.10635427464 0.988872097286 5000.0 0.988872097286
2984.11578601 -42.0941237269 0.911663733237 5200.0 0.911663733237
5409.93711782 41.2803248353 0.99422638908 4800.0 0.99422638908
-8643.34080646 56.3438765671 0.998602662906 3600.0 0.998602662906
4720.77306973 32.9820361844 0.95244178547 4000.0 0.95244178547
-2016.18185797 32.4386684696 0.896079290433 4800.0 0.896079290433
3697.99352807 -58.9897628614 0.968856350901 1200.0 0.968856350901
7338.9191362 -69.7064535788 0.988854545205 7000.0 0.988854545205
7303.66417836 -4.19555790932 0.945398161095 4800.0 0.945398161095
-2122.40208634 13.56945053 0.848703925796 5000.0 0.848703925796
4711.58124318 -68.3140945215 0.993884133457 2400.0 0.993884133457
1192.12760232 67.3216082625 0.985931698255 1000.0 0.985931698255
9098.79590059 44.8062815884 0.980350430525 5000.0 0.980350430525
-2965.64283657 -56.2024411215 0.987740374253 1800.0 0.987740374253
4601.02018399 31.9490076403 0.972522733023 2200.0 0.972522733023
-6751.5532627 -84.6744272154 0.9915885846 3000.0 0.9915885846
4638.83055956 39.4782308161 0.921130136813 4800.0 0.921130136813
7074.0553511 -28.0703772184 0.981287124153 1400.0 0.981287124153
6333.2887838 -7.85546182095 0.988774515858 5800.0 0.988774515858
-6907.63594827 -11.021068513 0.970735499444 5000.0 0.970735499444
582.302394572 -40.3472338178 0.902396698187 4800.0 0.902396698187
204.836679422 -3.46037456431 0.88442456956 5400.0 0.88442456956
-7027.60266124 68.9378426494 0.988885286925 3400.0 0.988885286925
-761.743351697 55.3355264571 0.951845512903 5200.0 0.951845512903
-761.640313257 77.0425936609 0.967021695975 600.0 0.967021695975
4908.6825557 47.2775226064 0.95449370528 5200.0 0.95449370528
-2855.75913053 -58.2800441782 0.94678938056 5000.0 0.94678938056
2994.67070857 40.484146549 0.929324052691 600.0 0.929324052691
3248.7423975 23.5989564861 0.916749179431 5200.0 0.916749179431
-6503.07837965 61.0716428496 0.984541284273 600.0 0.984541284273
346.677896653 -60.7548863834 0.983913908164 4600.0 0.983913908164
3747.808699 31.4944958013 0.958875336163 5200.0 0.958875336163
-4718.25936415 51.8283778439 0.974464567824 1600.0 0.974464567824
4266.6544293 -45.8446416665 0.958126254653 3600.0 0.958126254653
-1835.12693084 -2.56274807808 0.857404354439 5000.0 0.857404354439
-8846.88234274 32.9652953857 1.00038522763 4000.0 1.00038522763
-4410.41021021 -49.4265644843 0.887891679332 4600.0 0.887891679332
-4691.6924505 43.6344971424 0.959437803562 4800.0 0.959437803562
5020.86479848 17.2224967171 0.87261146915 5000.0 0.87261146915
2107.29704861 -73.0716275086 0.955959983432 6000.0 0.955959983432
-612.198030969 -73.6384346594 0.943111304078 5000.0 0.943111304078
5524.56657989 6.07405210025 0.89797469606 5000.0 0.89797469606
5577.21261116 52.0358030883 0.928889816201 600.0 0.928889816201
-1186.90164212 4.67524816857 0.901881080669 5000.0 0.901881080669
1689.86000714 -68.2693683964 0.973941690292 7200.0 0.973941690292
364.357058612 28.0122823136 0.892923497901 6000.0 0.892923497901
-1045.98688652 66.9639485122 0.981978368045 4600.0 0.981978368045
-4242.42954674 8.82710897246 0.924175742291 5000.0 0.924175742291
4327.68604805 56.2369616249 0.984793622984 1000.0 0.984793622984
-837.318058169 -27.1287508423 0.874643122391 5200.0 0.874643122391
-1021.16053628 22.6838676576 0.921482517146 5000.0 0.921482517146
4755.02022392 -23.373449101 0.851012807078 5200.0 0.851012807078
-1452.85499189 -23.258079857 0.851961842844 4800.0 0.851961842844
3764.10388614 -69.6004926998 0.923152433639 4800.0 0.923152433639
1.49259208305 -18.9090854834 0.897249688895 5000.0 0.897249688895
-4971.60698245 3.94470712551 0.974103477823 4800.0 0.974103477823
-2607.12884489 -14.4182159802 0.813512368992 5000.0 0.813512368992
1381.567406 46.3606969476 0.954679593178 5000.0 0.954679593178
-4300.75589529 -11.7256290474 0.949838028238 4800.0 0.949838028238
-4604.70374968 -11.9364201482 0.886559198058 5000.0 0.886559198058
2512.05524176 43.9838157099 0.927489043358 5200.0 0.927489043358
-6891.09098577 36.9758943524 0.983652793711 5000.0 0.983652793711
301.485707055 56.1245941481 0.943165937203 4800.0 0.943165937203
4988.1072368 27.4239465097 0.983860783815 6200.0 0.983860783815
1929.86243298 9.22566442328 0.871058696702 5000.0 0.871058696702
-1998.71782687 -42.6935457406 0.863056784687 4800.0 0.863056784687
6162.92050772 53.1793400623 0.96090762498 600.0 0.96090762498
6885.49228597 -2.49959480019 0.948202921488 4600.0 0.948202921488
4352.23409779 57.5890637541 0.951268462294 4800.0 0.951268462294
-3753.54185357 73.9910676163 0.985106523705 2800.0 0.985106523705
6144.23227417 -28.7840409468 0.921542878434 4400.0 0.921542878434
-4546.2602942 -68.636089999 0.982885370691 5000.0 0.982885370691
-6362.37323389 13.4375490794 0.987105352421 4800.0 0.987105352421
-2490.04381091 57.9485654822 0.982459551058 600.0 0.982459551058
-5132.9155421 -14.5847089071 0.923032403779 4600.0 0.923032403779
-7038.82316164 66.0196925573 0.996902157148 7400.0 0.996902157148
-619.671073301 -20.8659215441 0.841750121427 5000.0 0.841750121427
3189.65263946 -48.4170756708 0.989905739128 1800.0 0.989905739128
7186.56792548 -7.54814830097 0.994886424078 4400.0 0.994886424078
-1280.4741266 58.2802391253 0.883644447578 5000.0 0.883644447578
6327.00217217 -49.8625454078 0.990129253923 7000.0 0.990129253923
-2887.21089887 18.7834750067 0.914794781017 5200.0 0.914794781017
-3544.34552483 9.58065829721 0.846995469881 4800.0 0.846995469881
-7213.05699767 14.1872224776 0.992149439443 5200.0 0.992149439443
253.807663276 39.1573661323 0.9207321603 5200.0 0.9207321603
1572.44034252 -5.21579793867 0.858917859596 5200.0 0.858917859596
-2633.32762822 -34.212813257 0.816829208386 4800.0 0.816829208386
5308.24453953 45.6062102714 0.982690507074 800.0 0.982690507074
-4138.9541005 4.60471233461 0.817585894434 5000.0 0.817585894434
4007.45857719 -2.30316229631 0.855926262731 5000.0 0.855926262731
-6279.13625073 -18.9837363138 0.975404229106 4800.0 0.975404229106
-4055.35047737 70.0374948154 0.976354622078 5800.0 0.976354622078
3794.07965344 20.5313816109 0.902696133727 5000.0 0.902696133727
-4826.73333283 -66.040747024 0.993103059276 4400.0 0.993103059276
-7120.31518464 14.0443271478 0.98682934906 5600.0 0.98682934906
-3279.04491754 1.88638950811 0.84052947476 4800.0 0.84052947476
-8258.65908051 46.2802600015 0.9883441767 4600.0 0.9883441767
-1594.79061909 -10.4868531733 0.847227938239 5000.0 0.847227938239
1552.52154795 -39.4246916578 0.902580920485 5000.0 0.902580920485
-4503.37560688 -23.8140614044 0.849192643565 5000.0 0.849192643565
2410.08571511 -1.84911021425 0.887460203423 5000.0 0.887460203423
-2997.82982478 32.0270358444 0.865403392116 5000.0 0.865403392116
3633.28962026 -58.0404434653 0.968847582933 1400.0 0.968847582933
-6245.8948521 6.28603889827 0.983000773821 4800.0 0.983000773821
3250.83813524 83.344755256 0.977296886942 4400.0 0.977296886942
2298.34893526 -3.06864157229 0.867903364808 5000.0 0.867903364808
-3307.14365411 39.4896614833 0.943034469228 4800.0 0.943034469228
5458.66406052 65.9258357606 0.949290152993 7400.0 0.949290152993
-337.196409203 73.3436655928 0.983958094847 3200.0 0.983958094847
-5129.35903281 54.7960047368 0.979507948722 3800.0 0.979507948722
9629.05425956 54.8880869663 0.998804208693 5200.0 0.998804208693
-258.659317856 19.0846393506 0.839208377817 5200.0 0.839208377817
-2269.53059282 1.64618443509 0.820811156919 5000.0 0.820811156919
3450.1276748 18.7835914671 0.91309587065 5000.0 0.91309587065
6855.84504796 7.0812959445 0.994551961638 5200.0 0.994551961638
-3645.91454108 70.4338871991 0.980460253584 4200.0 0.980460253584
-5723.67644716 -37.9167549225 0.932753492272 4800.0 0.932753492272
86.6908820831 10.539514514 0.863118040651 4800.0 0.863118040651
-1391.36017881 -16.0501649958 0.852428936058 4800.0 0.852428936058
-2150.69679734 57.5861344072 0.966571266838 4400.0 0.966571266838
-2937.47342516 23.8609248279 0.933877369409 4800.0 0.933877369409
453.193271508 -86.9867885599 0.985379575277 5200.0 0.985379575277
-2299.04384263 -21.9687635695 0.867489175896 5000.0 0.867489175896
5994.31519841 -89.8850449664 0.989371057424 7800.0 0.989371057424
5468.76911103 28.564678713 0.977160256818 5200.0 0.977160256818
-5690.90940446 16.227348634 0.991279823302 5000.0 0.991279823302
-812.451908948 -12.7801692627 0.817123025068 5000.0 0.817123025068
5785.32276845 36.1111508394 0.975375214587 7400.0 0.975375214587
-3053.21911974 45.1539076565 0.937694228203 4800.0 0.937694228203
-4531.92753287 19.4970491755 0.857854362389 4800.0 0.857854362389
4922.91634565 53.8801324444 0.940758133146 5200.0 0.940758133146
-6788.98622046 65.6864973066 0.98985995211 7800.0 0.98985995211
5393.6919272 71.239247688 0.993659591857 600.0 0.993659591857
-4095.07484666 -48.7102231329 0.931878894965 4800.0 0.931878894965
330.533612582 -18.1892147283 0.885726917631 5000.0 0.885726917631
-5610.79409122 23.7144446659 0.981267179309 5600.0 0.981267179309
-4138.0984151 34.2949263657 0.949022239406 5000.0 0.949022239406
-5463.82776087 -46.401823839 0.987781650678 600.0 0.987781650678
-8140.48541658 -54.7675581529 0.99954794694 7400.0 0.99954794694
3500.6469969 -45.4185446225 0.934170913813 5200.0 0.934170913813
1460.34010773 5.14561616169 0.8520560819 5200.0 0.8520560819
-3776.70287429 -54.7413627876 0.984728785413 800.0 0.984728785413
-1444.07477858 -52.5846090453 0.893947475996 4800.0 0.893947475996
-5622.25137281 -65.2826615431 0.979351619339 7400.0 0.979351619339
2698.07027316 -37.1565410143 0.896236530743 5200.0 0.896236530743
-4226.59241214 -5.47047530069 0.951778163703 5000.0 0.951778163703
4985.95654259 59.6688945635 0.94337427351 4600.0 0.94337427351
3048.09752799 21.7085184739 0.913141753641 5200.0 0.913141753641
4907.30870577 -28.4485740742 0.949457486169 1000.0 0.949457486169
-330.889600148 -24.3021458106 0.844420609346 5200.0 0.844420609346
6897.02616082 -74.7674307238 0.996974769655 2800.0 0.996974769655
-6230.95870921 57.2675134658 0.970959833276 4800.0 0.970959833276
-2786.11958418 -50.8081575206 0.935555547229 5000.0 0.935555547229
-5995.24613062 -12.5887342343 0.98056846454 4800.0 0.98056846454
4815.25225683 -70.3722834199 0.933830340161 4800.0 0.933830340161
-1172.32708354 -2.90021449429 0.837215111638 5000.0 0.837215111638
-6593.44919632 0.744501219803 0.983022259596 5000.0 0.983022259596
-2261.95002761 41.3409952122 0.887254182823 5000.0 0.887254182823
-729.197816198 20.1325632511 0.872936979746 5000.0 0.872936979746
431.936681914 66.7110907819 0.974342357305 600.0 0.974342357305
2582.24039756 85.1848910342 0.987065852272 5400.0 0.987065852272
-1359.93938225 -23.3460713011 0.850443138825 5000.0 0.850443138825
1313.77542755 -8.9362470278 0.848911982079 5000.0 0.848911982079
-4521.14066316 78.5876929774 0.980117265027 5400.0 0.980117265027
-3806.71398363 -15.0851523388 0.956480812142 600.0 0.956480812142
6389.93753429 -40.4551194549 0.89538277501 5200.0 0.89538277501
1348.92601129 -19.2878545568 0.897549765491 5000.0 0.897549765491
8082.25409803 -40.7946705804 0.997723470968 600.0 0.997723470968
-7415.88012706 -54.234582219 0.988390647322 4800.0 0.988390647322
6013.68834205 -43.8655864311 0.975766455629 5400.0 0.975766455629
4850.01979256 36.8940658713 0.967811020222 5600.0 0.967811020222
-4870.58084265 -38.5472711429 0.980101046785 1200.0 0.980101046785
998.942877895 -49.0927759303 0.918814239949 5200.0 0.918814239949
-1152.81875305 44.8442377677 0.884416809342 4800.0 0.884416809342
4741.79700776 -31.6431901236 0.881621329878 5000.0 0.881621329878
-7097.47609295 -5.0917621338 0.972848051261 5600.0 0.972848051261
874.895567751 71.7330853225 0.99021696868 6600.0 0.99021696868
2240.66383216 64.5137234891 0.959779056986 600.0 0.959779056986
230.006139454 -67.227170117 0.993175283696 1600.0 0.993175283696
-3164.46561577 54.0929168869 0.981760634649 600.0 0.981760634649
-1288.07837121 -21.1124976124 0.838843832787 5000.0 0.838843832787
-492.185763366 54.7164139471 0.973110857801 5200.0 0.973110857801
-7710.02699545 32.7856693773 0.968641365204 5000.0 0.968641365204
8796.89728608 42.3579464668 0.991457983927 4800.0 0.991457983927
-3002.15893315 -22.3406812344 0.839667781887 4800.0 0.839667781887
-1344.54246597 40.1963396556 0.889780694095 4800.0 0.889780694095
1827.96117752 21.3889080475 0.888993284453 5200.0 0.888993284453
5600.20640923 50.2717040974 0.936189671364 6200.0 0.936189671364
-3425.66081878 32.7470582465 0.851609134325 4800.0 0.851609134325
-3984.97522053 -79.3391002224 0.935931523825 4800.0 0.935931523825
1040.98969384 6.69725391304 0.88048050859 4800.0 0.88048050859
-3280.70044143 -13.348433582 0.824281256132 5000.0 0.824281256132
3449.73786909 58.9631691111 0.961943451377 5000.0 0.961943451377
593.026817202 51.408391281 0.967034649843 600.0 0.967034649843
502.240728516 -29.041723988 0.887392170548 5000.0 0.887392170548
5665.51886921 -21.4662210537 0.958631351982 600.0 0.958631351982
5408.62391326 -34.7683741821 0.950236775849 3000.0 0.950236775849
-6474.30928796 14.5041676368 0.902840927472 4600.0 0.902840927472
-326.673292611 -25.1110968593 0.866679874796 4800.0 0.866679874796
8688.4186441 -28.5164807018 0.98251903932 5000.0 0.98251903932
144.960994945 17.5470187912 0.918196270324 4800.0 0.918196270324
4156.2488703 -56.8415812953 0.952778045941 4200.0 0.952778045941
6462.18871837 -50.8105642604 0.979102084415 600.0 0.979102084415
-5401.50967584 -17.7025725354 0.956956648247 4800.0 0.956956648247
849.122479198 6.94209708976 0.863198221034 5000.0 0.863198221034
163.033520169 51.6897234601 0.980158679432 600.0 0.980158679432
-6499.54427479 27.6928270264 0.99045402705 5000.0 0.99045402705
6670.78850784 55.3883178221 0.998303792727 2800.0 0.998303792727
-323.527037294 -62.6903493281 0.971166597239 5000.0 0.971166597239
-6791.29195261 70.8901469979 0.99776286538 6000.0 0.99776286538
-8877.83581577 39.3525722283 1.00091027493 7400.0 1.00091027493
5284.18592555 49.352808725 0.980337772052 4000.0 0.980337772052
2692.91025207 25.9472860067 0.930564972648 4800.0 0.930564972648
2635.18658757 -86.9009619275 0.986783670724 4000.0 0.986783670724
2165.99914965 21.1648013669 0.873123908649 4600.0 0.873123908649
6435.57352016 -41.4233877051 0.988147895516 4800.0 0.988147895516
4841.45754235 -76.7240643743 0.983757113747 2600.0 0.983757113747
833.109438491 37.119991364 0.882774333858 4800.0 0.882774333858
5901.11433899 59.5730546297 0.989567163987 3800.0 0.989567163987
8203.06710319 -3.11072794872 0.979404801017 4800.0 0.979404801017
-3457.07079194 -66.0503431272 0.915999055199 4800.0 0.915999055199
-2552.22277703 -4.06960253227 0.859783043422 5000.0 0.859783043422
-6734.70947522 26.1944405547 0.992366598157 5400.0 0.992366598157
7239.91141495 -42.9152308456 0.991029744468 2200.0 0.991029744468
-1134.15036306 33.7957094675 0.887378585601 4600.0 0.887378585601
7038.51447533 57.8544602365 0.966257510954 1200.0 0.966257510954
2013.10078966 -3.49432728635 0.89692970605 5000.0 0.89692970605
5556.20794404 -6.01276654522 0.91126794834 4600.0 0.91126794834
3877.07735994 -32.9756014214 0.983243517352 1600.0 0.983243517352
-3262.49003152 18.3181877677 0.863330417605 4800.0 0.863330417605
2591.95105101 14.8249459098 0.896893338877 4800.0 0.896893338877
-3560.58397744 49.5703170619 0.842974770129 5000.0 0.842974770129
1588.6646511 62.2814645844 0.961132671098 600.0 0.961132671098
3131.78656742 7.16729057575 0.896315466958 4600.0 0.896315466958
-1.96327121762 -31.0600844498 0.91980648884 2000.0 0.91980648884
-1377.45601853 -4.09649624382 0.825938439958 4800.0 0.825938439958
3850.7067269 66.5058281673 0.983725535276 6800.0 0.983725535276
5893.83832772 17.4590821987 0.94766986529 5000.0 0.94766986529
-424.436589804 15.9446100326 0.878325941722 5000.0 0.878325941722
-1182.43333329 53.9146950654 0.951016279893 5000.0 0.951016279893
-5002.65661173 -24.4288482584 0.964587346267 5400.0 0.964587346267
-379.098962931 50.0887210564 0.976766199741 4800.0 0.976766199741
-4399.35652535 46.72556372 0.982158283879 4000.0 0.982158283879
-5361.43690863 -26.1699889392 0.971220221453 4800.0 0.971220221453
-2961.9587144 -69.6783429225 0.923665353119 5000.0 0.923665353119
-3608.53628806 -45.5031580186 0.975146632965 600.0 0.975146632965
1872.28803006 -0.747535348338 0.860340453045 5200.0 0.860340453045
5519.42429337 27.8790823964 0.960079167424 4800.0 0.960079167424
-3261.45753992 -22.7740512672 0.956170983968 4200.0 0.956170983968
-2015.26929451 -68.050643179 0.957360326149 4800.0 0.957360326149
-3921.09613617 33.8056395462 0.873950519403 4800.0 0.873950519403
-5655.77602976 -9.79787803461 0.971261195142 5000.0 0.971261195142
325.756726405 19.7684903425 0.891150988685 4400.0 0.891150988685
-4132.94319194 61.8169873038 0.933444220099 4800.0 0.933444220099
-1966.10514218 1.12543424904 0.821631568301 5000.0 0.821631568301
5203.45332766 40.0512434456 0.992517879527 5400.0 0.992517879527
6442.27705969 -19.8956457791 0.975480518918 3600.0 0.975480518918
1183.90675294 40.8934082243 0.92003494568 7800.0 0.92003494568
-6992.79891383 6.9384423636 0.98423342936 5000.0 0.98423342936
4628.66590434 78.0391198344 0.954643039224 4800.0 0.954643039224
-1203.73212404 -89.7437039804 0.973763250726 5200.0 0.973763250726
5570.74147035 -44.2692472761 0.986935581554 4600.0 0.986935581554
4818.86060681 -36.308481044 0.971002411281 5800.0 0.971002411281
2336.36105419 -17.5066354644 0.883473445773 4400.0 0.883473445773
-1497.07979072 -28.7009251417 0.862198820683 4800.0 0.862198820683
2011.9504506 -77.4594924283 0.93002799005 4600.0 0.93002799005
6850.77274332 25.555437813 0.985745085762 6200.0 0.985745085762
-3474.56593509 -56.7844482995 0.9538165537 5200.0 0.9538165537
-1513.21612617 -35.7410879852 0.908528468488 5000.0 0.908528468488
2413.56101697 -0.511157497237 0.887890348878 5000.0 0.887890348878
5506.07579352 -61.1204787716 0.979650176694 6000.0 0.979650176694
-2395.17452353 -47.6618401447 0.830592963741 5000.0 0.830592963741
5463.76520639 47.3857370747 0.887072479161 5000.0 0.887072479161
4813.30180259 -47.0671961528 0.925249517618 5800.0 0.925249517618
-4353.91199317 53.2643193362 0.969301456769 4800.0 0.969301456769
-585.172639122 66.7853889741 0.992055112617 600.0 0.992055112617
3526.61221236 -7.69804164648 0.887273681566 5200.0 0.887273681566
-1764.99382464 53.8600364295 0.953350644008 4800.0 0.953350644008
497.644766565 65.6464900458 0.973409343299 5000.0 0.973409343299
3837.41005222 13.7292107386 0.885301167999 5000.0 0.885301167999
6397.41161881 82.4080414036 0.99231872775 5200.0 0.99231872775
5961.52203144 27.9711587514 0.952608606718 3200.0 0.952608606718
-3397.55984362 -19.7978952831 0.941357213146 4600.0 0.941357213146
-2298.85407587 35.9112953068 0.88881913498 5000.0 0.88881913498
-1854.16285841 -22.606157309 0.854797793796 4800.0 0.854797793796
-4880.07509109 -7.38689909168 0.971279699482 5000.0 0.971279699482
-2554.75056843 21.2287154776 0.892321739956 4800.0 0.892321739956
5430.75876614 18.4375587407 0.977240510967 4800.0 0.977240510967
3126.08120376 36.0703968495 0.9356182143 5000.0 0.9356182143
4262.18389394 -80.3204746948 0.977571977982 1800.0 0.977571977982
-7065.69842862 38.9402697808 0.982684529557 5000.0 0.982684529557
-827.353658212 9.86111235296 0.831227171204 5000.0 0.831227171204
-3710.15112299 -69.3709472371 0.971925778599 4800.0 0.971925778599
-5007.4540539 -45.8410757983 0.984451253778 600.0 0.984451253778
-4362.47996715 -4.45966416467 0.880610324037 4800.0 0.880610324037
-8851.10868172 8.61584849036 0.98829592964 5800.0 0.98829592964
-2199.61776578 -57.5291094545 0.988041171883 4800.0 0.988041171883
170.316193054 58.6557566498 0.960970319503 800.0 0.960970319503
-1396.96994023 26.5676226085 0.839058608408 5000.0 0.839058608408
-4041.30820302 -11.2525821668 0.855433045853 4600.0 0.855433045853
-7287.42601312 5.16605364562 0.99664695732 4400.0 0.99664695732
-2682.15960311 -18.0817026427 0.78248392317 4800.0 0.78248392317
-6486.81634374 -42.1152907102 0.950879366584 5000.0 0.950879366584
273.74454169 -55.284597347 0.977292333259 600.0 0.977292333259
4003.08625639 -39.6685911768 0.964052684758 1200.0 0.964052684758
-2978.97712663 -15.3837886751 0.88576406804 4800.0 0.88576406804
-8933.27122703 -21.1072837881 0.991255806826 5000.0 0.991255806826
-5840.53539824 7.55005076939 0.93805934929 4400.0 0.93805934929
4127.12560315 84.9615790351 0.984911633042 6000.0 0.984911633042
-3791.18569284 -59.7695967502 0.914764887021 5000.0 0.914764887021
-888.344721177 -27.8810154856 0.882600020093 5000.0 0.882600020093
-3705.1099526 35.1282353333 0.974575137726 4800.0 0.974575137726
-4741.56186936 56.928871874 0.989204157656 600.0 0.989204157656
-23.4703646735 31.0233484951 0.938405140297 1800.0 0.938405140297
4568.95575613 -27.7362547601 0.892970902571 5200.0 0.892970902571
-5932.34665131 -13.3172450908 0.915591758243 4200.0 0.915591758243
2184.76946817 7.46241879534 0.844406126333 5000.0 0.844406126333
-5503.18666493 -12.1986809178 0.964409333679 5600.0 0.964409333679
7782.28865004 -65.5602651091 0.996891944458 4600.0 0.996891944458
5187.07685429 -48.9412767822 0.990759954361 4400.0 0.990759954361
6199.09490912 9.58468434138 0.94828914289 3800.0 0.94828914289
3667.62405794 8.79171677383 0.87556819209 4600.0 0.87556819209
6491.63889082 4.68083607284 0.948798945086 4800.0 0.948798945086
6795.13038335 51.2121297225 0.965037045856 6200.0 0.965037045856
-5554.10359945 -1.28398750936 0.94807032343 5400.0 0.94807032343
-5917.5046467 47.4611625647 0.996798546674 5400.0 0.996798546674
-7170.32820711 5.76940528717 0.959982566111 4600.0 0.959982566111
-3791.73256323 89.1225422896 0.977105416004 5600.0 0.977105416004
1558.20213508 -50.0506174157 0.850547470863 5000.0 0.850547470863
6332.17203734 -2.20203407251 0.949235201634 5000.0 0.949235201634
-5588.47361157 66.4049673626 0.980648629637 4800.0 0.980648629637
4383.84307995 -14.8677900612 0.88429294597 5200.0 0.88429294597
4800.6581335 48.3728683389 0.931277009518 5200.0 0.931277009518
4847.71702557 66.7527399783 0.993568797978 600.0 0.993568797978
6210.89924763 -39.8925371564 0.994780787859 3600.0 0.994780787859
3512.56931173 -11.7237286399 0.923276815125 5200.0 0.923276815125
-7687.65161454 25.2520017782 0.987031883481 5400.0 0.987031883481
-8072.62109735 -29.3551411781 0.978756868281 5400.0 0.978756868281
5856.37107176 -15.8123017395 0.984002854161 4600.0 0.984002854161
3122.17362947 29.6577570544 0.918375708734 5200.0 0.918375708734
-2805.07034298 -69.8911646116 0.989837141025 2000.0 0.989837141025
-100.257723922 -4.53348588788 0.851584812409 5200.0 0.851584812409
6026.18417171 46.0416595164 0.985649018021 4600.0 0.985649018021
2562.40182982 -37.3910909722 0.942603374752 4800.0 0.942603374752
-613.358571495 17.5327923505 0.847462527805 5000.0 0.847462527805
7144.50805259 -61.0579308975 0.993434698169 1400.0 0.993434698169
-3929.72142564 82.1931470092 0.990955516941 6400.0 0.990955516941
7927.52006582 -30.064173529 0.991066751689 5600.0 0.991066751689
4279.88201299 -65.976817726 0.982528423055 5000.0 0.982528423055
-3211.99274676 -68.5173332068 0.98817498056 5400.0 0.98817498056
-6627.76601136 30.7870341233 0.942741765541 4800.0 0.942741765541
176.539137485 16.3687718337 0.891676612988 4800.0 0.891676612988
-5312.24435397 17.8035742998 0.977329391866 5000.0 0.977329391866
-6320.29726588 -24.5760188759 0.986849823572 5400.0 0.986849823572
4633.53355492 31.5459479841 0.871849346273 4600.0 0.871849346273
3828.21107954 -35.130287181 0.892301148599 4200.0 0.892301148599
-7128.83729578 32.2628579814 0.997038366746 5200.0 0.997038366746
5062.58524439 -50.6681323619 0.96830967307 4200.0 0.96830967307
-277.600121617 66.4786128617 0.972647287368 600.0 0.972647287368
7287.21228798 -86.0110444432 0.99371646159 7000.0 0.99371646159
-5064.07901518 -55.7791641466 0.97372601966 4800.0 0.97372601966
130.121727032 -8.59712329326 0.878884551958 5200.0 0.878884551958
-4890.07167033 -39.4623539238 0.992547286518 4400.0 0.992547286518
-3779.50447531 -69.6208106582 0.988741875665 5600.0 0.988741875665
5885.96700169 -34.5553352506 0.962040365334 4800.0 0.962040365334
-6329.38419254 53.7688231776 0.997114954048 2600.0 0.997114954048
-2545.0855974 43.0433412705 0.941331883728 4600.0 0.941331883728
4692.93618493 33.2447380993 0.94388010315 5200.0 0.94388010315
4511.38313136 -11.046529481 0.91959016091 5200.0 0.91959016091
2149.34975684 -35.5994382397 0.948247479539 600.0 0.948247479539
-5690.07780845 -3.61643107638 0.938316845183 4800.0 0.938316845183
3966.58122745 -29.4970503354 0.862860607805 5000.0 0.862860607805
8009.87212453 -80.009460205 0.996996658715 7000.0 0.996996658715
1038.50175115 37.6469872635 0.929370254626 5200.0 0.929370254626
7034.64202616 7.8353263862 0.980224577694 4800.0 0.980224577694
3901.118449 54.2480333431 0.98642828867 1600.0 0.98642828867
5857.00559238 55.4817399825 0.98556970026 7400.0 0.98556970026
-7487.06240627 -3.67343013376 0.956378511481 4800.0 0.956378511481
-2288.11826501 -13.2577689123 0.853789865589 4800.0 0.853789865589
3107.23041857 -22.9472660934 0.89720634432 4600.0 0.89720634432
-8590.57359073 50.9707737016 0.985962692136 4600.0 0.985962692136
-5739.54469721 53.6911985191 0.971452685225 5200.0 0.971452685225
3547.43395533 -46.7727077027 0.908660540131 4600.0 0.908660540131
8546.9676083 -65.6965685152 0.998175408807 5000.0 0.998175408807
-6633.95935848 -50.1896194115 0.969868691296 5400.0 0.969868691296
-489.653469807 10.1562295286 0.859342246822 5000.0 0.859342246822
5513.60954032 -1.69564938355 0.914179244612 4800.0 0.914179244612
6211.87812084 80.3523044511 0.995663031341 3800.0 0.995663031341
8648.54379606 -59.897462042 0.997829559539 7200.0 0.997829559539
-6421.56428608 27.2699734501 0.914791066394 4800.0 0.914791066394
-2633.44758833 13.8357558194 0.866095117075 5000.0 0.866095117075
-1175.58591105 19.5816654113 0.801088509886 5000.0 0.801088509886
516.611448228 81.9139354069 0.985134682943 600.0 0.985134682943
