3057.07618424 53.9028309989 0.970901077321 1000.0 2.1
3031.51245275 67.1776072674 0.982778527623 8000.0 0.817948717949
3159.87053692 1.57306099 0.846811095721 5200.0 2.1
2744.31142153 52.9644373217 0.90363088083 5800.0 1.43333333333
2997.11284031 27.6883995836 0.92833351005 1000.0 1.99743589744
-3395.33461987 46.592179423 0.979198636259 1000.0 1.02307692308
-3238.50714639 35.37344594 0.941620055563 2600.0 1.48461538462
-3654.74824275 -2.43674435438 0.947269813505 1200.0 1.89487179487
-4054.14938561 1.85155206503 0.953956513797 1200.0 1.89487179487
1231.74008838 -62.4181755304 0.957338056776 7000.0 1.07435897436
-2152.16485117 34.302717129 0.900523321631 5000.0 2.1
-219.930212726 19.5194712646 0.91985915317 5000.0 2.1
2532.43208806 -18.6974054118 0.871705276726 5000.0 2.04871794872
-723.463655516 14.2306615544 0.836903860858 4800.0 2.1
3343.09422012 81.7060060504 0.998173882213 7600.0 0.305128205128
-3940.62844696 58.7266851201 0.991925695152 7200.0 0.561538461538
1140.37428328 -7.88822598721 0.872836725375 5200.0 2.1
-1638.36958879 -47.8440092834 0.920194791961 4800.0 1.5358974359
-4121.54094402 16.9682246058 0.923266157036 5000.0 2.1
1382.42654872 -32.3960885613 0.916565467111 1000.0 2.1
1674.49972096 15.1978652848 0.893935708427 5000.0 2.1
1834.87372271 20.4910554175 0.894103912817 4800.0 2.1
537.186031084 6.90037316808 0.889089868695 5200.0 2.1
-35.655845998 29.4403746447 0.893296503217 5000.0 2.1
-2922.41396619 9.21824872649 0.896602334857 4800.0 2.1
1937.91599728 13.5016428772 0.864483018928 4800.0 2.1
-3597.15032802 18.8044393432 0.889565881982 5000.0 2.1
1806.964841 -11.1766451067 0.904864568838 5200.0 2.04871794872
1623.31546692 33.4812106528 0.930203258161 5000.0 1.58717948718
3123.12721776 6.10370237126 0.824630662054 5400.0 2.1
-1552.2146748 -39.2010365765 0.87908472339 4800.0 2.1
-831.05423581 -41.9052450914 0.87380301778 5200.0 2.1
-1728.48156538 16.8280917143 0.892625668305 5000.0 2.1
1620.55029305 19.1544176375 0.915819682737 4800.0 2.1
-2545.64745406 59.1334928141 0.936788536927 1000.0 1.43333333333
1748.74170424 -47.6310822543 0.886330717447 5200.0 2.1
-3393.53953545 -24.3731520741 0.939393399845 1200.0 2.1
2388.41782911 27.1298798288 0.867009017114 5400.0 2.1
261.10534252 -20.6378385707 0.854592781369 4800.0 2.1
1904.62484001 32.2200515279 0.929103238282 8000.0 2.1
-2611.68757626 32.2985200439 0.926419430167 5000.0 2.1
4108.38761702 -26.5916659167 0.926757246203 4800.0 2.1
2288.05185165 -49.8817416976 0.942817044201 5000.0 1.89487179487
1653.10708733 38.0350841 0.9645365396 5000.0 1.33076923077
-1220.4921325 -26.994297648 0.878262676017 5200.0 2.1
-1238.92229934 17.7578697143 0.847732029649 5000.0 2.1
-1641.35942145 -48.1687177891 0.892683770645 5200.0 2.1
-1636.07063182 28.7309613507 0.94829278754 4800.0 2.1
79.6897802885 22.2556053121 0.886472960038 5000.0 2.1
-2817.55131898 -18.635423574 0.938939294911 3000.0 2.1
3641.02036162 61.4847744614 0.961392561463 8000.0 1.07435897436
2375.46897988 -31.9887217381 0.913635041868 5000.0 2.1
610.530008515 -24.1229843176 0.916930018179 5000.0 2.1
1946.33473983 -32.3844103688 0.903044996832 5000.0 2.04871794872
-233.266824154 -32.2080180201 0.922255112181 1200.0 2.1
3112.85071603 49.4606367403 0.944874375847 3600.0 2.1
-1975.33126146 20.3867828041 0.915669609313 5000.0 2.1
3396.95480593 77.6199812992 1.00039269763 8000.0 0.1
3022.87055194 -19.2057906832 0.932117890359 4400.0 2.1
-2074.50221343 16.5389719144 0.917370038563 4800.0 2.1
751.43149516 49.3396375961 0.932752999233 7200.0 2.1
827.769869894 1.67114645761 0.875593121947 5000.0 2.1
-2931.40078512 27.3987549653 0.936993413231 4400.0 1.79230769231
965.747550428 37.888287567 0.906308322183 5400.0 2.1
2120.24967177 -18.9820653562 0.86966737578 5000.0 2.1
1675.53528247 8.69677640051 0.898206589298 4800.0 2.1
-548.373385344 -34.0851760814 0.932495445329 3200.0 1.94615384615
78.5879885618 -28.3064094446 0.885432796166 5000.0 2.1
-1721.67010495 67.5442661939 0.999191443309 7800.0 0.253846153846
3065.72244208 -12.0029423296 0.848070912449 5200.0 2.04871794872
1776.61054116 -44.0332301648 0.973848576999 2200.0 1.17692307692
2349.9105943 48.8304404392 0.955092500191 4400.0 1.38205128205
-1626.43573079 43.8421229004 0.956755186394 6800.0 1.74102564103
-3508.91725147 52.4341336919 0.984194394881 1000.0 1.17692307692
2149.14099693 34.1281166936 0.919616388798 3800.0 2.1
-1561.31325527 24.4227548689 0.9062988136 5000.0 1.99743589744
-761.872389521 21.0415292702 0.895213830967 5000.0 2.1
-2134.68293168 17.389104158 0.888364357542 5000.0 2.1
-845.871531174 10.1016147544 0.849001434025 5000.0 2.1
-2187.06530675 34.5286529068 0.904664346606 5000.0 2.1
1976.81055554 40.2795948737 0.904421948097 5400.0 2.1
-2179.55205342 -17.5480356872 0.925495540408 4800.0 2.1
3834.03538768 -10.0772099645 0.908915508723 4800.0 2.1
2401.53049296 -34.0488416097 0.948820016064 1400.0 1.89487179487
2456.36224604 33.3305636383 0.886553857122 5000.0 2.1
-1648.34176626 -3.75442641575 0.879722099438 4800.0 2.1
-2059.581474 51.8742542169 0.962989122666 5000.0 1.43333333333
-2090.36047303 -40.9941770594 0.902740292092 4600.0 2.1
-2992.19828171 -22.4441837161 0.888664494573 4800.0 2.1
-2555.98749107 10.8201283272 0.898542678471 4800.0 2.1
-2454.63936117 -11.0416463888 0.894789330118 5000.0 2.1
-2100.99075623 -7.73489545199 0.852364718777 4800.0 2.1
953.106700819 29.2569492301 0.905923758148 5000.0 2.1
-3853.16495128 7.72046668479 0.914220766221 4800.0 2.1
4283.90275984 34.180931032 0.914730386427 5400.0 1.5358974359
2812.67380454 -35.3651549534 0.898534041379 5200.0 1.79230769231
-637.230192789 19.2373860353 0.891370489337 5000.0 2.1
3529.07871592 45.123572877 0.939550100021 5200.0 2.1
-1578.2734272 -16.9014347474 0.865930568144 4800.0 2.1
-2071.22426875 -38.9010568834 0.963396655409 5200.0 1.33076923077
-1007.93856417 -17.098196637 0.852654450054 5000.0 2.1
-3672.06602823 -71.0732026862 0.976097557579 5000.0 0.920512820513
-1282.46729843 45.8555350936 0.974038501743 1200.0 2.04871794872
1357.15934451 24.4762493974 0.901597675813 4800.0 2.1
625.004031421 -16.9664289339 0.845226832447 5000.0 2.1
-2261.09292649 28.1447913217 0.92687472217 5000.0 1.84358974359
-1449.20143279 8.35296145524 0.860767448227 4600.0 2.1
-2253.18178701 -26.4062780504 0.919471522971 4800.0 2.1
1323.32770125 16.0172558511 0.852060900758 4800.0 2.1
-2567.23366143 43.6875308808 0.940748548448 4600.0 2.1
-772.969355016 1.51667732899 0.866460590981 5200.0 2.1
-2508.38588218 47.1776378266 0.969808822071 1200.0 2.1
427.860289866 -38.9002404272 0.939543153105 3800.0 1.84358974359
-3099.37123063 -16.3213615651 0.924285671159 3000.0 2.1
3247.18057957 -16.8629705438 0.887847975519 4800.0 2.1
89.3359967207 -13.6762752606 0.834633533933 5000.0 2.1
695.929593276 59.8319306623 0.976421708073 1000.0 1.33076923077
-506.362612133 7.27988294605 0.841862157417 5200.0 2.1
-2475.4271229 6.36487347453 0.900613227762 4800.0 2.1
-2490.89253932 -7.54340058573 0.891306853083 4800.0 2.1
-2508.16776713 48.3343896868 0.910748648428 6400.0 1.84358974359
842.717082715 -64.5637594192 0.936251181703 6600.0 1.99743589744
-2840.20522402 -6.87917317947 0.914475455212 4800.0 2.1
3726.79922915 -43.4858309165 0.958897946042 1200.0 1.84358974359
-3305.32491628 32.8276469105 0.972778799263 5000.0 1.27948717949
3158.95903906 17.9534885948 0.888097575705 1000.0 2.04871794872
-2265.89409787 19.6988293573 0.942158625783 4800.0 1.99743589744
3806.41224226 3.21318762435 0.864536354015 5000.0 2.1
-1637.82208344 -51.9072716671 0.917276811276 5000.0 2.1
-84.5419876524 -13.3173340324 0.866004614112 5200.0 2.1
2503.95455552 4.33120178174 0.878296289186 5000.0 2.1
3058.71332098 -28.4878271262 0.922274965352 1000.0 1.48461538462
1834.35863921 -17.0710113803 0.856719790118 5200.0 2.1
-3969.75148866 28.1819366191 0.936515863016 4800.0 1.74102564103
3324.43630101 -12.0873610629 0.891999312095 5000.0 2.1
1805.54130666 -53.2674678013 0.94332681316 5400.0 1.84358974359
3536.4853032 15.6060372667 0.874232948135 5200.0 1.94615384615
-2634.86901936 -7.00135841407 0.886768185853 4800.0 2.1
2708.83317434 -22.3220709505 0.864062421874 5000.0 1.79230769231
2971.66185129 1.54273626049 0.883434703901 5000.0 2.1
4016.45028964 35.7161880904 0.934224655124 1000.0 1.74102564103
2851.59054845 54.0952074806 0.970433578049 5000.0 1.02307692308
-3689.71813695 -14.7680772966 0.929228703738 4400.0 2.1
-2042.41229102 77.2724953065 0.94535511513 6000.0 1.38205128205
-717.131549719 -39.8405214199 0.900530716977 5000.0 2.1
2242.85391905 53.8738856911 0.963413894835 1000.0 1.94615384615
-1347.3148097 40.1602680825 0.965320557982 5000.0 1.48461538462
4333.66438784 -5.48104687085 0.960163556446 1200.0 1.68974358974
1885.5333668 -8.38155127976 0.857419914951 4800.0 2.1
232.76541527 -29.6491993236 0.946965508966 2600.0 2.1
-797.608991819 -7.13398611985 0.873772717709 5000.0 2.1
-2476.38881684 79.1032571491 1.00052357636 7400.0 0.1
-2371.96238625 -50.8007395065 0.974603179466 1000.0 2.1
3648.96876595 25.9470916323 0.909305219776 4600.0 1.84358974359
-2375.57051731 -46.2662175419 0.88891426311 5000.0 2.1
-1718.32593003 17.5242488498 0.89327707662 4800.0 2.1
2372.54716383 -20.1734316523 0.853347155861 5400.0 1.94615384615
-27.9540377868 -59.7567940208 0.954195578036 5200.0 1.74102564103
1127.10955334 -12.4558722559 0.868595739192 4800.0 2.1
1020.98881914 14.9983254318 0.886606268277 5200.0 2.1
761.742125399 25.5238281435 0.910071157725 5000.0 2.1
785.792315318 16.8555797745 0.88654748624 5200.0 2.1
-2220.70911581 40.8467054305 0.963648784821 1000.0 2.1
2317.6065124 55.5494090901 0.977014608071 1000.0 1.12564102564
-4008.24511598 72.5870341977 0.993118122926 7400.0 0.510256410256
1638.61324848 -29.9462768396 0.858594553741 5200.0 2.1
2967.92078689 -35.8929842803 0.935057029202 1000.0 1.5358974359
-1006.01259879 -24.6070721161 0.864458018001 5000.0 2.1
-2053.11420119 61.2036244359 0.985950361895 5200.0 0.869230769231
1429.15644861 5.7471294093 0.860014065965 4800.0 2.1
1690.74641123 50.5100081844 0.913823617765 7000.0 1.63846153846
180.684523012 11.9763822391 0.866886486921 4800.0 2.1
-2886.08204816 36.5357187846 0.969568885919 4800.0 1.38205128205
-1868.94519165 42.3631201157 0.957123070625 4800.0 1.94615384615
2518.39412303 17.5050309332 0.932800344942 4800.0 2.1
1866.8646669 -46.5276267073 0.981179097951 1000.0 0.869230769231
-1495.16694624 -23.2644635894 0.894376829604 4800.0 2.1
-1199.57094691 5.38205400512 0.848847636531 5200.0 2.1
-528.759073348 27.9166168323 0.896261853864 5000.0 2.1
1483.73336597 -33.9962309668 0.958728732025 1200.0 1.79230769231
2629.4491157 3.7450454006 0.900271544224 4800.0 2.1
1073.18124274 22.6212855952 0.874124676932 5000.0 2.1
-957.419651769 -14.7280898954 0.863383289791 5000.0 2.1
-2058.90030344 49.9250633709 0.97982080097 1000.0 0.971794871795
-1101.44587699 26.706586859 0.907458973828 5200.0 2.1
145.592630072 -15.8290316814 0.883987643735 5000.0 2.1
-3866.45243423 12.7758601404 0.896196215641 5000.0 2.1
3157.72577125 -8.6692904703 0.919407077433 4800.0 1.94615384615
-2313.47448739 10.8985713533 0.873104096732 4800.0 2.1
-3326.52322414 -9.37687536994 0.910161761508 4800.0 2.1
2069.39619284 34.8081384926 0.881540961292 5200.0 2.1
-744.04006786 71.9552852366 0.994998733608 1200.0 0.458974358974
-285.721156566 64.1998946967 0.975471749538 5000.0 1.33076923077
-2326.10369813 54.4550639666 0.964161149036 1200.0 1.99743589744
162.327093 49.7479407978 0.976983377718 7200.0 1.12564102564
-1908.27877318 34.5954833291 0.941996672873 5000.0 1.63846153846
-1248.9461597 -23.065260334 0.890642121544 4800.0 2.1
-2072.07047444 0.979762418854 0.877470249712 4800.0 2.1
3767.23466095 21.1424192338 0.927459131131 5200.0 1.48461538462
2031.7313156 9.01694156821 0.873617151827 5200.0 2.1
3876.89093515 -4.93954344446 0.85848977504 5000.0 2.1
1639.57114057 -29.6451734783 0.898862437715 5000.0 2.1
-3034.04089068 59.5145819015 0.977889252527 1000.0 1.02307692308
572.638723189 -47.1722778937 0.954729748292 1000.0 2.1
3532.67588831 -18.4605504798 0.941569635742 4400.0 1.99743589744
-832.909057135 18.8893484827 0.894632007916 5200.0 2.1
3203.78726135 8.79946152876 0.922833857004 1000.0 1.99743589744
2662.53847988 -17.1275709413 0.926453218102 5200.0 2.04871794872
-3156.39470983 -32.6220027099 0.901196863826 4800.0 2.1
2847.47293967 13.7853629079 0.856963992829 5400.0 1.94615384615
830.893123845 -28.8158394787 0.918771630518 1200.0 1.74102564103
1461.3160692 -52.1506610075 0.980489587346 5400.0 0.971794871795
891.791483771 15.4361711218 0.89898804466 5200.0 2.1
-3246.31311111 44.7473211164 0.966635724375 4400.0 1.58717948718
2235.45811837 -12.7382310028 0.871280240567 4800.0 2.1
-2160.34026487 50.9497265364 0.950843358014 3400.0 1.84358974359
2463.8872575 -19.829688213 0.917638787513 2400.0 2.1
-1872.52186848 -45.479901847 0.980315332395 1000.0 1.17692307692
294.533102871 41.1867700363 0.911960589083 5400.0 1.68974358974
2990.48803962 -12.8048079649 0.886396678726 5000.0 2.1
-478.121168897 -39.4319999739 0.960025729055 1000.0 1.48461538462
443.243002117 12.6116752554 0.86239828119 5400.0 2.1
-2209.88063313 19.9837509158 0.921196579841 4800.0 2.1
305.786279711 -23.8513896668 0.931176930192 1000.0 2.1
-1211.17438162 -15.0052283494 0.86895553638 5200.0 2.1
4048.12258306 -63.6603458589 0.956641025013 5400.0 1.17692307692
2134.67717227 -26.0117930906 0.873757247393 5000.0 2.1
-221.938053022 24.0376428312 0.910398158593 5000.0 2.1
502.023656468 21.4678405921 0.90096970614 5000.0 2.1
2914.46100835 24.0275582192 0.908397573552 4800.0 1.99743589744
-3884.89505593 11.0809634405 0.948772327854 1200.0 2.1
567.465893523 -7.14124967454 0.885585892263 5400.0 2.1
4302.04626007 -19.6054692436 0.923556459847 5200.0 1.89487179487
-1611.87965745 53.8088799576 0.983102907232 4800.0 0.971794871795
-2398.31238961 -27.4355599238 0.931897170654 4800.0 1.84358974359
-1792.6959759 -53.3745770805 0.886173594704 4800.0 2.1
-3512.51676604 -36.1651733997 0.936209692071 4800.0 1.74102564103
1861.27050805 -22.4018551555 0.921631645885 5000.0 2.1
414.847526939 -18.8168251981 0.860137144635 4800.0 2.1
422.382645372 49.4599316534 0.909984400189 5400.0 2.1
3492.98706679 -27.4267799652 0.869272374105 5200.0 1.89487179487
527.432288573 -15.7933364472 0.889595738873 5400.0 2.1
-573.16554073 11.6286750518 0.845484633377 5000.0 2.1
-137.494829019 -21.2957958896 0.892651071342 5000.0 2.1
-2330.61205041 -2.02251763878 0.91232426018 4800.0 2.1
-2244.19675059 -44.2483851619 0.930050753229 4600.0 2.1
1114.49165772 -22.3142392671 0.919017183148 5000.0 2.1
13.8353766708 -11.9461677876 0.892753054881 5000.0 2.1
925.37838868 -15.6370272611 0.858359827876 5400.0 2.1
3204.47270538 23.9301142405 0.925779442846 1000.0 2.1
-680.501476981 29.2929489332 0.929047563109 5000.0 2.1
-3113.83572329 -8.76171748225 0.906815583145 4600.0 2.1
737.733833654 52.8745311568 0.944507835368 6400.0 1.38205128205
-499.984682449 65.5430862866 0.984263113823 1200.0 0.715384615385
777.202031557 -5.38162686075 0.860433551929 4600.0 2.1
-1281.44947142 44.8336624887 0.946721410075 4600.0 1.48461538462
2144.54507023 30.5468689163 0.894581236529 4800.0 2.1
3112.96376892 -53.6147016503 0.970171269511 5200.0 1.07435897436
535.256097647 49.8168214044 0.990100991446 7000.0 0.766666666667
-972.680247223 10.7233087539 0.870772158913 5000.0 2.1
-869.810819252 24.479263941 0.859717002022 5200.0 2.1
-2973.97353837 -43.1382324396 0.938978415319 1000.0 1.68974358974
2111.95392509 -27.1877246126 0.872000121899 5200.0 1.94615384615
-328.121304639 -25.3968160466 0.906589771016 5000.0 2.1
3287.29712279 8.17060209131 0.883768828423 5000.0 1.99743589744
492.231805028 42.7830283843 0.940041988711 5600.0 1.99743589744
2699.01990241 -17.4761384511 0.891497863176 5000.0 2.1
-1434.0915857 56.564894051 0.940193468889 4600.0 2.1
3563.87423154 15.7934258224 0.90138803398 5000.0 2.1
-2651.37757853 -25.5821955342 0.942529016306 2400.0 2.1
-603.372718671 2.31174030921 0.870193752803 5000.0 2.1
-52.8143605948 47.0392467165 0.957972018184 1000.0 1.89487179487
-2002.56424671 -9.59025898367 0.877042367367 4800.0 2.1
-948.705038019 -14.9540120645 0.8737696139 5000.0 2.1
209.415937647 31.9321657255 0.923467143114 5000.0 2.1
-3230.39894472 51.9164782287 0.982159536045 8000.0 0.817948717949
1719.06101121 -45.7367438905 0.972440044185 1000.0 1.22820512821
375.065183699 20.3597221739 0.911152511247 5400.0 2.1
-161.360912364 -20.6939620174 0.908021195658 5000.0 2.1
-3696.58961009 41.0518418824 0.955993133425 1000.0 1.89487179487
-740.603015042 39.8150923143 0.956478067509 4800.0 1.58717948718
-411.633288318 78.7111397127 1.00127512883 7200.0 0.1
3267.96032803 41.4492072244 0.92524094148 4000.0 2.1
1585.87672773 57.405895289 0.911512423884 5400.0 2.1
1280.3258942 -22.2828411702 0.950981822828 4800.0 2.1
1473.34622378 -19.7128765509 0.902590098446 4800.0 2.1
3358.550147 23.3677291632 0.892745700901 5400.0 2.1
2975.85179466 -28.490870994 0.912383508055 4800.0 1.89487179487
226.121260675 -9.80176878829 0.905319715996 5400.0 2.1
1350.68459839 31.910119552 0.880738212018 4800.0 2.1
1184.90317942 -15.5604449012 0.892370354651 5000.0 2.1
-2422.37922312 44.5891032936 0.951928547102 4600.0 1.5358974359
2349.60039354 -26.2578078846 0.903524389642 4800.0 2.1
2807.86401304 49.5551370682 0.942809656883 4400.0 2.1
3356.88445628 -30.1897436101 0.879036638511 4600.0 1.94615384615
-170.193311233 35.6881769322 0.885571690919 5000.0 1.94615384615
-1596.28162873 15.2929946096 0.891891349531 5000.0 2.1
502.055410144 -15.8595302515 0.885948852877 5000.0 2.1
-1351.33736565 -30.43832483 0.879046952308 5200.0 2.1
-3409.41396239 54.298340525 0.985535575482 5400.0 1.07435897436
-479.557889551 -38.4762867334 0.894511207672 5200.0 2.1
-3171.3806646 73.7279297663 0.99928634216 7800.0 0.151282051282
3427.22116912 63.4316288946 0.999731675951 1000.0 0.1
3358.60123713 -29.3829517492 0.890026899784 4800.0 1.94615384615
387.187928026 16.3052629298 0.882469638132 5000.0 2.1
2189.07553928 -10.9326050095 0.881136876213 4800.0 2.1
-79.9839185433 -23.2369224462 0.9210977611 5000.0 2.1
-1730.80814832 -1.61529180297 0.862003615882 4800.0 2.1
2876.87526927 39.0442772492 0.961779320089 1000.0 2.04871794872
-1212.62131611 -20.3421506905 0.899249040503 4800.0 2.1
-3610.60630534 -63.2229642096 0.957192513296 4800.0 1.84358974359
-426.33273695 25.7190901224 0.878028972768 4800.0 2.1
3036.93128541 -54.7572273338 0.916530516917 5000.0 2.1
2941.83731795 -26.6366153618 0.919389144774 4600.0 2.1
3299.62019 -11.921204493 0.903625999711 4800.0 2.1
-897.368340797 56.8478545919 0.98957483711 1000.0 1.79230769231
-3444.23513117 -41.7916607361 0.945101579731 4400.0 2.1
3141.91323127 4.06373852748 0.897493747626 5200.0 2.1
-1143.90062095 31.7944597258 0.933719780241 4800.0 2.1
2988.00332527 23.1493222203 0.931370151443 4800.0 1.63846153846
-1745.50436691 21.2253767326 0.895429445756 5000.0 2.1
-3430.94312178 -6.6921600618 0.885556763353 5000.0 2.1
3542.98587946 36.4951116365 0.904244096175 5200.0 1.99743589744
664.976675428 14.1614731206 0.853816234541 5000.0 2.1
2935.47034415 -50.3359131448 0.925206201912 4800.0 1.74102564103
443.234415062 9.61353794163 0.85171780214 5200.0 2.1
-3159.77384146 47.5915512128 0.974455276091 6400.0 1.22820512821
-2000.05896604 26.3991336074 0.906619499805 4800.0 2.1
-2641.53173045 -46.3035254029 0.947378942103 4400.0 2.1
-3550.48201752 -20.6718178173 0.936979635948 2800.0 2.1
2596.78870544 -37.2514792586 0.956386932624 1000.0 1.07435897436
-2583.85408914 7.50796952505 0.867404825111 4800.0 2.1
1145.23793289 -41.6863504903 0.910345485311 5000.0 2.1
2241.92414836 1.22066854529 0.901555858841 5200.0 2.1
-2361.39040805 -37.9038092916 0.882686396976 5000.0 2.1
-1568.22425241 -24.3054740127 0.929815985622 5000.0 2.1
618.845800916 23.5409115398 0.893883773795 5000.0 2.1
-3170.28765755 -4.61904954552 0.927249005676 1000.0 1.99743589744
205.387925962 -8.07822385441 0.888754783884 4800.0 2.1
-4021.96856832 20.6791449599 0.953914726476 4800.0 1.79230769231
-3397.33690165 -4.34359737762 0.909266377117 4600.0 2.1
-1824.2947406 18.6142493135 0.878513001852 5200.0 2.1
1533.44870148 -18.6574795771 0.896178833768 5000.0 2.1
-2836.42215362 -31.1867458101 0.906785043154 4400.0 2.1
-3612.98028575 20.8617645808 0.969987413178 1200.0 1.68974358974
2598.58711455 -34.3096686408 0.951481604598 1200.0 1.48461538462
2220.59521685 24.848610166 0.941109758637 2600.0 2.1
2145.00844265 7.03370624352 0.84441504629 5400.0 2.1
540.364330042 20.6869866523 0.884460880231 4800.0 2.1
1971.60796777 -1.55651137289 0.878170031156 5200.0 2.1
910.548857134 4.81635088488 0.844909913439 5200.0 2.1
-1922.74608593 20.8139723753 0.888739687452 4800.0 2.1
3615.68702245 50.7486315182 0.980466994622 4800.0 0.869230769231
19.9177998266 -35.9340408116 0.948525773996 1000.0 2.1
1549.11781659 58.8391546617 0.953948892374 8000.0 1.79230769231
-1714.60449823 23.9808845412 0.913436567802 4800.0 2.1
-163.7732207 24.5004248268 0.849084170256 5400.0 2.1
2115.53157296 47.8030164929 0.955660165191 4600.0 1.48461538462
102.864179739 25.1744565944 0.91051854937 5000.0 2.1
3392.15297704 45.95729015 0.954341267551 4800.0 1.07435897436
-1364.49848216 4.00830319887 0.879166682278 4800.0 2.1
2386.94448344 -33.7533112212 0.897445085506 1200.0 1.79230769231
-2197.60701701 -52.33929495 0.969083552457 3800.0 2.04871794872
-2792.95446137 72.1917252935 0.990886417024 1200.0 0.510256410256
-2902.90561748 58.5341674187 0.999764214389 6600.0 0.1
-1272.29058217 47.444422917 0.93640499743 5000.0 2.1
-2001.39359799 -2.8011535156 0.88159352534 5000.0 2.1
-1863.42601736 -8.63020264217 0.87122900094 5000.0 2.1
3984.606589 56.1921641767 0.986685141386 5000.0 0.766666666667
4344.44094752 16.0914333249 0.924364701694 4600.0 2.1
2479.78802466 -31.4535462192 0.925477186178 5200.0 1.84358974359
-1865.58695634 24.9932880573 0.908904196273 4600.0 1.99743589744
-477.188072064 0.753565396184 0.892337980836 5000.0 2.1
-340.029997551 30.9094739023 0.928982721684 4800.0 1.94615384615
-1773.50013724 -44.7488948397 0.950917493023 4600.0 2.1
-3954.94727078 -32.4279253785 0.937096474122 4800.0 1.94615384615
-469.709769212 41.4822252397 0.940471587805 4800.0 1.79230769231
-943.86576217 41.1903318989 0.896300055274 4800.0 2.1
1225.31661486 -35.6177871877 0.908873231843 5400.0 1.89487179487
-3386.88954839 -22.4498511367 0.905451302224 4400.0 2.1
436.569410754 27.6502586159 0.868220782094 5400.0 2.1
2098.22511663 -24.6985000327 0.921567686281 1000.0 1.84358974359
-1742.95940243 -40.8429651256 0.951812666867 4800.0 1.5358974359
106.046511708 -25.9283941975 0.841592981806 5000.0 2.1
-883.2094981 54.608696652 0.970232973281 7400.0 1.74102564103
-1352.97012054 -2.90483873103 0.844539992074 4800.0 2.1
363.770705409 -4.05370385121 0.863416338569 4800.0 2.1
-989.468902336 32.534514249 0.878588321867 5200.0 2.1
1754.31826367 -31.2027885382 0.929142611961 5000.0 1.79230769231
-3385.32705744 -57.0242071504 0.944909380411 6200.0 1.84358974359
1497.43131992 23.1081058438 0.867973915511 5200.0 2.1
-658.841988165 -2.73727135843 0.870651576367 5000.0 2.1
2855.50859089 25.4549940237 0.96076271969 1000.0 1.89487179487
-560.322308908 37.9291598226 0.922796829456 5600.0 2.1
50.0990994867 30.6980948532 0.899777145774 5000.0 2.1
2046.56406299 0.529975769397 0.902634061893 5200.0 2.1
1216.96727167 -1.07312846336 0.836135545146 5000.0 2.1
1567.29416379 73.053052833 0.984268541224 1000.0 0.869230769231
-660.81407934 -33.9750633299 0.937283358189 1200.0 2.1
-308.290635849 -22.0158315389 0.86820350614 5200.0 2.1
-1037.35425076 69.8741266126 0.98798007587 1000.0 0.869230769231
-721.577106016 56.9932598365 0.991052068838 5000.0 0.715384615385
766.328338951 24.8526130005 0.886944471857 5000.0 2.1
-3012.17881713 53.5131026092 0.977726375612 4800.0 1.5358974359
1743.40998136 26.2115406272 0.874642999737 5000.0 2.1
-2236.10955764 -6.25992683594 0.879873130624 4600.0 2.1
968.799054843 80.7423542367 1.00164492045 5200.0 0.1
-3135.92563714 31.0153444437 0.927327636691 4800.0 2.1
3386.90856518 -39.3941109778 0.927410327676 1000.0 2.1
569.51510364 33.9586065777 0.891148244027 5400.0 2.1
2015.5552209 -27.1244985891 0.88282953907 4600.0 2.04871794872
-2688.25757529 30.4953050388 0.938960756659 3000.0 2.1
3540.16381484 41.7182562741 0.898191138351 4800.0 1.89487179487
2774.7523126 -2.79590152346 0.878400754402 5200.0 2.1
-262.879500183 -35.0372517056 0.887403864267 5000.0 2.1
1388.1799787 14.4051697341 0.850184023691 5400.0 2.1
381.579897325 44.4811846939 0.942359936533 5000.0 1.79230769231
-1101.82214869 -62.9130029434 0.944476865663 6400.0 2.1
-846.365942345 65.1303431007 0.999556247717 4200.0 0.202564102564
3059.56109877 64.611778362 0.994589315652 7600.0 0.664102564103
1370.34520653 23.7979295794 0.880421502771 5200.0 2.1
1402.4908859 1.90924095719 0.849849447279 5200.0 2.1
2070.68151026 18.9300624293 0.867100393807 4800.0 2.1
-1949.70047709 -2.44269062145 0.897959319628 4800.0 2.1
-1253.21867301 -42.6346486028 0.916465106237 1000.0 1.79230769231
3139.27811804 -20.4975326783 0.910225331035 4800.0 2.1
1678.23454935 54.4163454939 0.974262522217 4800.0 0.971794871795
27.9521897056 27.9901903722 0.856360303213 5000.0 2.1
3992.25315958 6.00736798363 0.902099204894 5200.0 2.04871794872
2867.29177052 60.8250154366 0.944563941473 5400.0 1.94615384615
2093.94042459 40.9642566382 0.868675834768 5400.0 2.04871794872
40.5371169126 -38.9496503452 0.877918428488 5000.0 2.1
-1373.14452035 46.0714229399 0.942417812342 5000.0 1.68974358974
-838.392288467 25.4306613793 0.896505009644 5000.0 2.1
1769.92982278 10.8464453728 0.879453421426 5000.0 2.1
-1916.33297914 -75.3652428499 0.990770040026 1000.0 0.869230769231
-29.8224104703 -30.8659523027 0.825918680016 5000.0 2.1
-2334.11380953 23.3323827603 0.920968670229 5000.0 2.1
2658.15432729 25.8581725701 0.916784684186 5200.0 1.79230769231
1855.04657434 46.6738550509 0.972552811243 5000.0 1.12564102564
-1711.49339082 49.1412756341 0.979909080617 1000.0 1.89487179487
1041.2058375 50.5043533005 0.958085968407 1000.0 1.89487179487
2050.54477721 -16.8502913486 0.878200536335 5200.0 2.1
-2371.06034816 24.3352737163 0.892487605607 4800.0 2.1
1815.76830092 -4.75248373882 0.908997850344 5200.0 2.1
-1871.75802893 -12.9099307652 0.902883939963 5000.0 2.1
599.659790712 -25.1113970382 0.857838813856 5200.0 2.1
1244.77751549 -27.0478986957 0.899335778476 4800.0 2.1
2392.98769686 -2.64566136332 0.875448335909 5000.0 2.1
350.295013475 -52.584744972 0.891226882413 4800.0 2.1
-1095.88192859 -11.5029197706 0.890563137947 5000.0 2.1
-1592.07804244 -22.081594745 0.908854575955 4600.0 2.1
2275.39106847 21.1860159197 0.908215095371 4800.0 2.1
1947.38716545 -33.1456561433 0.963167585141 1200.0 1.48461538462
-650.704385567 -19.1248463812 0.885066805159 5000.0 2.1
-1583.38067545 -64.3897967975 0.909089065185 5200.0 1.79230769231
-2491.8191596 12.6660708891 0.916942942847 4800.0 2.1
1550.25547962 -2.19596038327 0.867424005822 5200.0 2.1
593.873683715 43.8241453929 0.947800250394 4600.0 2.1
768.576439932 -23.9867993455 0.921625880956 4800.0 2.1
741.389664047 -62.9370840465 0.930905046921 5200.0 2.1
2933.14483452 35.3345042609 0.949334715207 2800.0 2.1
2264.66516108 -13.4546263492 0.923706463861 1000.0 1.74102564103
-3061.38241388 61.9064583519 0.997726176682 7600.0 0.305128205128
-1203.37789127 31.2789630534 0.94413591004 1400.0 2.1
540.150278567 -6.09764778817 0.846632849937 5400.0 2.1
104.585247552 61.4546307492 0.967312161077 4800.0 1.63846153846
-2088.76049898 -6.19497871403 0.890952982053 5000.0 2.1
884.220904296 -22.4990519214 0.848614177798 4800.0 2.1
1560.49232735 -53.2234930588 0.904494843561 5400.0 2.04871794872
1928.66024821 47.9914296919 0.95152199044 4800.0 1.58717948718
1721.5170062 27.276507812 0.930519558391 5000.0 1.84358974359
-3769.41076868 -21.6003907748 0.929905852743 1000.0 1.74102564103
152.035781816 20.7301490774 0.853784339264 5000.0 2.1
1625.30461502 -0.86023384879 0.859385594111 4800.0 2.1
1125.26960138 -41.2429965126 0.897019841609 5000.0 2.1
563.741102522 -39.0699840128 0.869759382299 5000.0 2.1
-710.465748849 32.5507627267 0.891796248635 5200.0 2.1
-1317.93515821 -36.3858079677 0.928636047098 5000.0 1.89487179487
612.227339908 30.9179134704 0.901513486025 4800.0 2.1
2316.23869568 -31.3092409706 0.861846545536 5000.0 2.1
4774.28223388 61.521371864 0.976498308724 4800.0 1.38205128205
749.544325577 -11.427306876 0.878898280377 4800.0 2.1
1247.39031543 18.9163058615 0.913073517289 5400.0 2.1
-693.27794882 -10.4511978323 0.852506654225 5000.0 2.1
2327.68167392 48.2940632059 0.959082764429 1000.0 2.1
-2473.97063724 -14.1719276563 0.884817329302 5000.0 2.1
1823.49695594 -11.8819404564 0.891172198736 5000.0 2.1
-2209.94255584 2.54988515356 0.890637105363 5000.0 2.1
-3559.63624963 -14.1188528101 0.906481493884 4600.0 2.1
372.183244163 9.2250059118 0.884905824449 5000.0 2.1
-149.800810752 -36.4896941207 0.827462696445 5000.0 2.1
2149.7386013 81.9880401802 1.00033283976 8000.0 0.1
-1642.85372612 -13.5434530741 0.876555562097 4600.0 2.1
-2706.51669736 29.57930182 0.946409636007 4800.0 2.04871794872
-924.867784686 8.69349887477 0.862056085317 5000.0 2.1
-3496.92811322 -35.9938819254 0.946213459782 1000.0 2.1
-1330.67804836 -20.9940956296 0.89731549371 4800.0 2.1
1166.99670078 11.4242781249 0.86957388223 5200.0 2.1
2118.06033735 2.20190561628 0.901746719767 5200.0 2.1
3463.66942722 -58.9014314553 0.981086389199 3600.0 1.12564102564
-3523.89508309 -40.6328750165 0.951531882139 1000.0 2.1
1368.47367179 -26.6119631837 0.895367585861 5200.0 1.94615384615
-2336.5338022 -29.9343049254 0.887810261347 4800.0 2.1
2090.05870742 -16.3624547769 0.896872491862 5200.0 2.1
-690.345816723 -7.99465997555 0.862905087219 4800.0 2.1
145.820969669 35.1623445718 0.939370836492 5200.0 1.84358974359
1964.95716897 55.8504334912 0.968609573144 1000.0 2.1
3181.57365459 -14.0771337536 0.929023577748 5000.0 1.84358974359
-4094.52204354 51.7058254119 0.948961227551 6400.0 1.33076923077
2584.47498191 1.45774251437 0.911873230141 5000.0 2.1
2641.0953914 -34.6939808903 0.873995067396 5000.0 1.89487179487
-2484.42672825 13.7482522995 0.905393712873 4800.0 2.1
244.251909654 24.3590274361 0.909853597591 3000.0 2.1
830.838100267 -37.2654048851 0.958098748396 1000.0 1.74102564103
-2212.11113422 -39.696067408 0.936895388425 4600.0 2.1
-2526.27072201 56.8438268715 0.970464090617 4800.0 1.74102564103
927.882146895 3.378139142 0.873245531757 5000.0 2.1
-1855.7424499 -38.0977869219 0.910991731009 1000.0 1.84358974359
2730.82746407 -5.95368996862 0.86305360047 5200.0 2.1
-2620.29272239 34.7443596705 0.976519048558 1000.0 1.79230769231
786.955932565 39.5135579215 0.893689164345 5200.0 1.68974358974
981.129570302 8.31620481936 0.853783002754 5000.0 2.1
2155.80221798 65.3950217775 0.994005883364 8000.0 0.510256410256
3263.17647897 -34.1332989478 0.940545795835 1200.0 1.99743589744
-4535.22325207 6.44981404295 0.966222899513 1200.0 1.58717948718
-206.892681667 4.57442956998 0.8582991901 5000.0 2.1
-2765.26642423 -15.7597806749 0.920153867158 4800.0 2.1
108.668303409 42.5550094745 0.897656118559 5200.0 1.84358974359
2754.64092446 4.96903443791 0.916841906666 4200.0 2.1
1789.44857841 -57.5546465227 0.913742359609 5400.0 2.1
-954.486908547 21.4899700338 0.898128863691 5000.0 2.1
170.174079841 -26.8179653326 0.890885865365 4800.0 2.1
3869.765938 -14.7336193493 0.898276293292 5000.0 1.99743589744
648.595465803 14.3329045498 0.868571624537 5000.0 2.1
2625.79036408 -4.58966774198 0.901411806564 4800.0 2.1
-1931.79606154 1.83350905953 0.873409833171 4800.0 2.1
-1110.66286803 -45.0265738996 0.873403777364 4800.0 2.1
-811.968056667 24.8726584789 0.894818577723 5200.0 2.1
-2939.65883642 10.234959364 0.919472496697 4800.0 2.1
736.450160933 -40.8553560632 0.907639059488 5200.0 2.1
3050.98639371 7.4876239981 0.920856284471 1000.0 1.99743589744
3841.26364188 -20.3894121664 0.931220304351 2400.0 2.1
-120.119678423 -54.450791637 0.974732578153 4800.0 1.43333333333
3436.4322769 34.0699788656 0.937617647068 2400.0 1.63846153846
385.300753175 84.4122149764 1.00094783741 7800.0 0.1
3230.31416875 -62.698247268 0.908202905879 4800.0 1.94615384615
1476.72236147 20.9544123584 0.892718522995 5200.0 2.1
1587.53684772 35.1321306684 0.899015826549 5200.0 2.1
474.616657068 22.533485774 0.844791530657 4800.0 2.1
3313.10291168 10.0470371597 0.819441124815 4800.0 2.1
1262.65270594 -7.03794881322 0.867168844434 4800.0 2.1
-988.151832574 -17.1989528612 0.865351507022 4800.0 2.1
-3829.02371136 -45.0819501015 0.916194406098 4800.0 2.1
-917.93954258 -39.8867689106 0.933873128958 1000.0 2.1
1372.93233222 -37.6205629284 0.911412837243 4800.0 2.1
-3329.97096832 16.9106119544 0.916984012537 4800.0 2.1
786.383161008 -12.5859927741 0.860279501717 4800.0 2.1
3063.57907601 26.6826391633 0.918766117665 4600.0 2.1
3294.09577954 -51.735394809 0.949970602285 4000.0 1.74102564103
502.393328133 27.4221999512 0.889015872502 4800.0 1.99743589744
-3289.18198287 24.2522250151 0.934379729267 5000.0 2.1
446.489072055 3.43692324533 0.892507869671 5400.0 2.1
-3592.53774855 -36.0881706779 0.891783778451 4600.0 2.1
-2987.13701967 19.9184100021 0.9091651412 4800.0 2.1
-2394.18819638 -47.1447589759 0.978532437054 1000.0 1.27948717949
1673.2798412 65.6791363778 0.984060754098 7800.0 1.38205128205
1960.86691236 58.9199391606 0.93892580681 4800.0 2.1
3790.56158779 -2.27869289324 0.863520902608 4800.0 2.1
2928.42690732 44.3187969935 0.985035855966 1000.0 1.02307692308
-2852.09103579 17.8033691882 0.945814627824 1000.0 1.89487179487
-1383.40776328 -25.007326943 0.862405066422 5200.0 2.1
-2881.33232704 15.0770309557 0.907374278543 5000.0 2.1
-2342.25240798 70.4437299316 0.993259422474 7800.0 0.510256410256
-274.860262717 -26.7705368219 0.921368279189 1200.0 2.1
318.586575996 19.0776426147 0.875801870942 5000.0 2.1
2928.57826663 -23.3763690254 0.886311114674 5000.0 1.89487179487
-3004.26888454 -20.6411302574 0.921155478626 3000.0 2.1
-2998.44381914 -7.00325420614 0.903925845163 5000.0 2.1
-1362.93001552 -15.1840841267 0.868366427197 5000.0 2.1
-255.026372649 29.4597134349 0.90721114656 5200.0 1.99743589744
4058.50862709 9.74701584959 0.87723449802 5400.0 1.84358974359
1184.80047369 6.36904543921 0.869970355724 5000.0 2.1
-415.937897948 -39.1987889661 0.949130582048 1000.0 2.1
4055.81737222 27.9766947333 0.889921477763 4400.0 1.84358974359
-232.518559642 -60.3263954811 0.940349486572 5400.0 1.68974358974
2230.34434174 -12.6030922966 0.905190043083 5200.0 2.1
2564.65753637 -4.48686914077 0.879078767812 5000.0 2.1
-2297.75672276 -44.190009572 0.957604100392 1000.0 1.58717948718
1643.12763007 -12.1853787239 0.874678135839 5000.0 2.1
35.7694874406 47.9284167583 0.96306178839 1000.0 1.89487179487
1601.82269379 17.9073927585 0.906945744894 5000.0 2.1
2567.55046041 20.5262307785 0.841367351891 5000.0 2.1
2599.30530381 2.33222986845 0.932833914857 5200.0 2.1
2978.87766492 -5.95545439957 0.896079644166 1000.0 2.04871794872
2457.94209197 27.2183748612 0.892614831306 4800.0 2.04871794872
2304.001332 -26.41262209 0.8896474844 4800.0 2.1
-88.4718214728 -47.0181753109 0.917857800344 5000.0 1.89487179487
2767.3807298 40.2371260809 0.89295119583 5000.0 2.1
842.033633667 53.6891076657 0.976521686119 4800.0 1.02307692308
-3385.00545041 54.0709033756 0.99151488584 1000.0 1.58717948718
-1652.07879179 6.18918643447 0.875004051157 4800.0 2.1
-1552.48694503 41.6083359544 0.951357102298 4800.0 1.5358974359
-1601.96834611 60.0984802458 0.986943749058 4400.0 0.817948717949
1395.22395204 2.17277137756 0.890042856299 5000.0 2.1
1949.19369019 8.34449190738 0.843037912315 4800.0 2.1
4048.52378216 -39.7515860627 0.904821910323 5200.0 1.48461538462
1282.94426838 -27.9117688588 0.88334655745 4600.0 2.1
457.16874342 -32.7185000766 0.897379121989 1200.0 2.1
1928.48876675 5.13135524412 0.853644025887 5000.0 2.1
262.172036638 48.9052523672 0.967244419947 4800.0 1.33076923077
1653.59015278 -49.8760656231 0.990743926019 1000.0 1.07435897436
2503.69050336 54.8731212738 0.96401266852 5400.0 1.17692307692
-2875.29414445 -21.3164078095 0.901436243006 4800.0 2.1
-1486.94073192 32.0556990554 0.897906366541 5000.0 2.1
-303.765283609 9.47619742568 0.860115584105 4800.0 2.1
4192.57577657 -40.8716758208 0.939992275594 4800.0 1.99743589744
2979.0160006 -1.74981457257 0.890137853635 5000.0 2.1
752.080594463 -33.9502446858 0.904908526952 1200.0 2.1
740.517991635 27.810302422 0.90960539891 5400.0 2.1
3495.24944369 -30.5026172285 0.877885389905 4800.0 1.84358974359
-1639.70568808 9.74856975637 0.910701474233 5000.0 2.1
-774.183438062 -35.852014272 0.891561838229 5000.0 2.1
2990.98844831 22.0529725795 0.905925792312 4800.0 1.99743589744
2103.70723662 22.3124050969 0.883769828236 4800.0 2.1
-3063.68822384 45.0803032202 0.973961654111 2800.0 2.1
1494.34000567 7.45720379279 0.860821278083 5200.0 2.1
2085.7900768 20.7231774873 0.877979489136 5200.0 2.1
914.100099478 54.5765723654 0.933021341034 4800.0 2.1
-1987.49818851 75.3195335577 1.00099379951 1000.0 0.1
-2459.88532657 -5.96992746569 0.897347736678 4800.0 2.1
1089.37933153 -56.1323939883 0.93002362988 7600.0 1.58717948718
-775.375524009 -50.3705377749 0.927592554026 5000.0 1.5358974359
-3762.25683921 -9.73098318056 0.951877131639 4400.0 2.1
-1320.65702651 -71.0102087037 0.963936944719 5200.0 1.89487179487
-1972.8941613 8.26682290094 0.942657618767 4800.0 2.1
-2715.59332791 -7.5730204049 0.883429787205 5000.0 2.1
647.699050211 21.9939097919 0.844181766405 4800.0 2.1
-2295.42494395 -45.256180865 0.961131061957 1000.0 1.94615384615
1723.4053044 48.6354218815 0.910544154281 6600.0 2.1
3435.45452632 8.00410964904 0.938357933168 5200.0 2.04871794872
768.316776783 -16.293209244 0.888639412143 5400.0 2.1
-3095.67982617 -17.0320351742 0.871827804774 5000.0 2.1
365.659122315 17.7695759126 0.874418160323 4800.0 2.1
2433.55419945 -7.17214792056 0.897294303473 5000.0 2.1
3688.6334186 22.0076688918 0.929223280847 4800.0 2.1
-2424.37588463 -1.26525964687 0.893331201681 4800.0 2.1
3564.63606736 51.1810695315 0.9727725275 1000.0 1.02307692308
-1373.69556219 14.8167142548 0.907141404525 5000.0 2.1
1155.9601155 -47.9655034382 0.918076979402 4800.0 2.1
3585.63850316 -15.9021573461 0.871679681958 4800.0 2.1
-3311.30964155 -6.84195892574 0.901939411455 4800.0 2.1
-3768.39203743 -40.3695588333 0.95795779445 3200.0 1.89487179487
1966.88871118 30.7606057903 0.899090981827 4800.0 2.1
1659.72520889 7.9443466663 0.871528663608 5200.0 2.1
-2145.92552408 -11.5129621145 0.905596408515 4800.0 2.1
-4131.62133971 34.1213888821 0.93569105045 1200.0 1.84358974359
-1346.30510056 42.829085783 0.945537515574 5000.0 1.84358974359
-1738.67519177 -30.9155345161 0.882753210738 5000.0 2.1
2033.40728616 77.7830452408 0.999962465329 8000.0 0.1
2909.56329349 21.8834775283 0.900086607637 5400.0 1.99743589744
2841.71597928 -35.4195676772 0.921126753791 1000.0 1.5358974359
755.392883901 38.4759352757 0.8991669582 4800.0 2.1
1658.28471033 41.0948295554 0.945899833236 4800.0 1.68974358974
-4187.09591567 47.5353543463 0.978701882967 1200.0 1.17692307692
2031.32813308 27.9333162941 0.881908728512 5200.0 2.04871794872
1659.99527362 -43.5311479223 0.90324422788 4800.0 2.1
919.354426333 3.55986068369 0.842592834695 5200.0 2.1
-1780.95515495 56.2454213831 0.981977358766 5000.0 0.920512820513
1602.3721092 50.4286610505 0.958448704198 4000.0 1.68974358974
1584.50701931 39.4033424285 0.928330438841 2800.0 2.1
-3363.4327191 31.1971704684 0.940915754814 4600.0 2.1
-846.559338049 43.4379963312 0.947699644954 4800.0 2.1
-221.116257703 -5.20209120119 0.832326517273 5000.0 2.1
-2406.95115825 6.812843491 0.904498441137 5000.0 2.1
-1906.05466263 8.22237714627 0.910220059061 5000.0 2.1
1597.38438751 -65.8352838812 0.975335367343 4600.0 0.869230769231
-1642.66437861 -22.4772653168 0.876926565262 5000.0 2.1
3116.32806958 -26.5839611937 0.918492685714 1000.0 1.74102564103
2013.7350893 -7.00443730072 0.875832280916 5000.0 2.1
2370.31898856 -64.260685049 0.955891480138 5400.0 1.84358974359
464.741437717 24.4934893089 0.913278064573 5400.0 2.1
-2424.08446968 -10.7048679012 0.907031680101 4800.0 2.1
-775.112558416 -22.9558639684 0.901436278272 1200.0 2.1
550.977835427 7.62436098498 0.874776021453 5000.0 2.1
3024.23615429 11.2297987223 0.877278460428 5000.0 2.1
2626.82286944 65.6949287581 0.986146997225 8000.0 0.715384615385
2478.87392144 23.9362372959 0.891321666783 4800.0 2.1
1290.50574938 -42.5839343569 0.904349195161 5000.0 2.1
3448.39339205 -31.2966721979 0.916611878557 1000.0 2.1
-543.83008275 -11.5703503316 0.889707100017 5200.0 2.1
4307.61950203 29.0318885797 0.991192067102 5600.0 0.561538461538
-1089.87863904 -5.7129300951 0.87867498024 5000.0 2.1
256.185248753 -22.1127884332 0.858376503278 4800.0 2.1
2631.8683678 5.00971107121 0.903598026287 4800.0 2.1
-3168.07708191 -29.1299255449 0.886989569525 4800.0 2.1
-1347.65335243 -30.9513936233 0.898052285224 4800.0 2.1
-1430.88940095 6.37398967597 0.865536998383 4800.0 2.1
-767.653565321 7.38433489266 0.84763697897 5000.0 2.1
-1893.44948972 -33.4371544119 0.92802466835 1200.0 1.94615384615
-607.401333666 34.0301873622 0.864526377047 5200.0 2.1
3675.16806322 -39.4705574094 0.887248754757 5400.0 1.68974358974
3585.18571045 -29.0204604253 0.899341012773 5000.0 2.1
221.657878059 29.4240821715 0.867779504441 4800.0 2.1
3927.71428489 -56.1460892456 0.939384147278 5200.0 1.5358974359
-410.635496069 -37.29239954 0.815896446395 5200.0 2.1
-600.12259078 26.9859673693 0.898200248237 5000.0 2.1
-1991.3539483 32.0622657929 0.910169093239 5000.0 2.1
729.797124998 42.6633388671 0.910308304984 5000.0 2.1
-3132.69122319 30.7650552536 0.941194060516 4600.0 2.1
3764.15688236 12.8611272076 0.897855036497 5200.0 1.74102564103
3423.22537283 17.7913828824 0.893334558947 5000.0 2.1
-3472.04353842 -25.9054791179 0.91658935203 4800.0 2.1
1731.77230037 -45.0246504042 0.906764237744 5800.0 2.1
-2728.57401378 -21.8808011939 0.89720672738 4600.0 2.1
3557.41459876 -8.19041483545 0.93870050872 1200.0 1.79230769231
-1697.73717979 -42.2606719516 0.883467926191 4800.0 2.1
3809.07711053 40.2534632911 0.910312198872 5200.0 1.79230769231
-916.50148084 61.3948774309 0.978637010083 6400.0 1.02307692308
159.320793646 40.1900079822 0.949635680233 7200.0 1.5358974359
1984.40006973 -27.969213015 0.862259688137 5200.0 2.1
317.799630153 -36.3386794438 0.890760472458 4600.0 2.1
3235.65140397 40.1138844112 0.955486842175 2400.0 1.89487179487
1654.6194193 -30.528708969 0.914431624413 5000.0 1.94615384615
3671.24493118 -18.2035343951 0.925465658664 1000.0 2.1
-1328.99534576 6.41226591697 0.851307079347 4800.0 2.1
-2080.61803077 59.9294513852 0.991616363891 4800.0 0.715384615385
177.621221129 -0.863233910765 0.862895498809 4800.0 2.1
-3459.12427554 54.0808584205 0.986838905184 1200.0 1.74102564103
-4405.68123094 11.8438608167 0.929668978633 4600.0 2.1
1589.1683825 -17.592168255 0.90558373172 5000.0 2.1
4126.38001719 -22.5950592781 0.930534438176 4800.0 2.1
-3079.80623907 23.7320886011 0.948396565611 1000.0 1.63846153846
-219.782591922 -8.80223659212 0.871192086863 5000.0 2.1
1081.59922085 48.3104909145 0.880564238443 5400.0 2.1
3609.01615323 2.13387124193 0.850749582891 5200.0 2.1
-2830.40870974 -26.3739889379 0.932888474036 1000.0 2.04871794872
76.555114305 17.3028945314 0.87667518473 5000.0 2.1
3487.3798491 52.5167629211 0.94982391838 5600.0 1.89487179487
2310.57504125 -17.7376127936 0.901359860506 4800.0 2.1
2291.88489807 -38.3002125981 0.938295958437 1000.0 1.48461538462
-1327.11067676 33.3053944235 0.942463314462 5000.0 1.84358974359
-2244.38201878 -28.1469017038 0.938682530386 1200.0 2.1
1393.39999832 -45.8758562407 0.902381564989 7000.0 1.99743589744
1621.94333109 -29.8003091625 0.867778023161 5000.0 2.1
-2509.75945966 43.1360605894 0.965315423887 4600.0 1.63846153846
710.409114095 -38.2777044342 0.917629752946 4800.0 2.1
-2943.69483522 55.235219641 0.9790415061 6600.0 1.17692307692
-1117.88942923 36.2627240854 0.922466259262 5000.0 2.1
1984.26574945 54.3991544068 0.987761319234 1000.0 1.5358974359
-1354.20950762 43.8537804151 0.948285654397 1000.0 1.5358974359
3749.90998061 44.3072456705 0.982145408445 1000.0 1.33076923077
-999.943509228 -22.4907732144 0.915845451108 1200.0 2.1
3293.24575893 -25.085783321 0.888404767654 5000.0 2.1
-1152.3864155 -40.4424517279 0.948510015141 4600.0 1.5358974359
-3681.65739211 39.0258163525 0.947144867395 4800.0 1.84358974359
-736.289365345 8.15128422696 0.872578243354 4800.0 2.1
-510.524849933 -23.8452766435 0.887460742722 5200.0 2.1
-3646.96586719 -56.3467073306 0.962035494665 4800.0 1.43333333333
-1702.93407498 50.823780904 0.957177377615 4800.0 1.27948717949
2218.85388167 25.3752634776 0.919550793931 1200.0 2.04871794872
2078.02045072 -38.4483584695 0.907689306953 4800.0 2.04871794872
2119.56351492 -13.9172407435 0.921862136977 5200.0 2.1
2553.98778409 50.9113091225 0.955958800183 1000.0 2.1
2053.39961851 -11.7415135785 0.870506240229 5000.0 2.1
358.334195652 -28.1495365684 0.883902031034 5000.0 2.1
-3382.76232374 -2.46595358343 0.947426157269 4600.0 2.1
1891.75993919 33.4274388665 0.9411563021 7800.0 1.79230769231
4036.96083761 33.8601202653 0.907252901678 5000.0 2.1
-820.272897895 -16.0386266094 0.862737273046 5000.0 2.1
-692.393654129 18.3276220106 0.877740393458 5000.0 2.1
-4184.01623855 20.8036480672 0.9137156974 5000.0 2.1
542.675918393 -26.6481797389 0.85023815814 5600.0 2.1
3136.74839399 44.2955384755 0.875285070272 4600.0 2.1
-1812.12923639 -14.4191585767 0.884943810438 5000.0 2.1
2229.97058442 35.6911146354 0.900035249278 5000.0 2.1
-390.802828188 72.5791643123 1.0003882646 8000.0 0.1
-2923.90033796 -14.7180263336 0.866538731066 5000.0 2.1
661.885742925 -10.4372633782 0.879213441408 5400.0 2.1
1608.57232755 -14.9967068976 0.908076904628 4800.0 2.1
1870.88861912 34.8331034252 0.889393698413 5600.0 1.94615384615
-436.724642086 54.2559920298 0.972882275897 1200.0 2.1
3458.63647759 24.8991886709 0.891556925409 4600.0 2.1
3442.34182012 9.65935756162 0.90550677288 4800.0 2.1
2223.26732097 1.0748068468 0.8577200511 5200.0 2.1
-3208.77741791 11.8180507043 0.894192674222 4800.0 2.1
2551.3759646 -30.1014734696 0.865236455044 5000.0 1.79230769231
1994.22165605 -16.0915656841 0.874032935373 5200.0 2.1
-202.142888455 42.7829005686 0.86178379645 5600.0 2.1
180.583913526 56.3389835584 0.957875741957 1000.0 1.5358974359
-1370.15858736 67.2255558568 0.982786812783 1200.0 0.817948717949
-1857.21332482 -12.9813979867 0.911552185426 4800.0 2.1
-2673.63727868 23.8449911259 0.915471157317 5000.0 2.1
-1730.94420618 39.4034732714 0.895439138456 5000.0 2.1
1267.43107475 -32.1877307114 0.952034348499 1200.0 1.84358974359
1385.33955808 52.4930014219 0.978507242456 4800.0 0.920512820513
-3639.64393299 5.34263678721 0.889505633134 4800.0 2.1
2451.14452113 -31.0266993051 0.942356243903 5200.0 1.74102564103
2694.77243869 -21.2029936277 0.93190578349 1200.0 1.94615384615
2409.34260757 19.6110248588 0.882986117763 4600.0 2.1
-1254.42407715 -13.994044011 0.85226175456 4800.0 2.1
1453.34576049 23.9358990428 0.890684736808 5200.0 2.1
-1627.84577501 -6.48287177808 0.867452236954 4800.0 2.1
-2697.84840757 30.6653347549 0.942675841706 4800.0 2.04871794872
-2664.13938778 24.731194036 0.893827325411 4800.0 2.1
3804.97469266 81.5155418213 0.999377866957 6200.0 0.151282051282
-1281.20177453 -56.4829043116 0.94489146862 6800.0 1.79230769231
2760.54677723 -45.9065336327 0.977876495982 1200.0 1.38205128205
-3965.29295931 -45.0710697316 0.910678955239 5200.0 2.1
-4086.62656078 -58.2467922963 0.961984304372 5000.0 1.22820512821
-2480.25559202 14.0527056031 0.895726265143 4800.0 2.1
-22.1431413589 48.0250586963 0.932605186932 5000.0 2.1
2252.59321845 -31.0944552081 0.877938375417 5000.0 1.99743589744
-1136.64347677 -15.4848459028 0.866750813371 4800.0 2.1
-2089.79779911 -26.7136134306 0.887544922182 5000.0 2.1
2196.76024716 41.5028443326 0.933448010119 7200.0 1.68974358974
3489.33726927 -53.0268758899 0.988590365104 1000.0 0.612820512821
-2722.31414012 11.1475366203 0.911799591815 4800.0 2.1
-60.8058557887 -50.8492845478 0.906124531802 5000.0 2.1
-2099.98954204 -58.8383812682 0.977313029568 1000.0 1.12564102564
-1291.23241884 80.6397178797 1.00164545884 7800.0 0.1
-2704.5012841 -52.2886268724 0.960620374749 1000.0 2.1
1561.14147043 18.2118821078 0.861677864509 4800.0 2.1
1856.8694223 -76.0612915999 0.963668061229 7400.0 2.1
1671.41693987 43.6228428378 0.923307661658 5200.0 1.99743589744
2071.21523962 -26.9660130074 0.93042833901 1000.0 1.43333333333
3664.23429428 -46.7538401835 0.959054220358 5000.0 1.22820512821
3443.60748961 9.65020439934 0.91364652495 1000.0 1.94615384615
3223.74058112 -43.9796977496 0.929338324713 4600.0 2.1
-3484.9476985 5.76740684772 0.899714105998 4800.0 2.1
-2752.78544705 14.9507714594 0.910924780136 5000.0 1.99743589744
-2959.30533665 15.7335502331 0.941637985252 4600.0 2.1
-1881.11275078 -48.2802205801 0.906425862093 4000.0 1.99743589744
-1491.29557082 -40.5384184493 0.886944114207 5000.0 2.1
3440.25701328 5.7306724273 0.901547131484 5000.0 2.1
1021.01545212 37.4807415251 0.924165642801 5200.0 2.1
1756.27019552 -41.0264018655 0.877006477598 5200.0 2.1
3283.43114124 37.9324395836 0.868163698187 5400.0 2.04871794872
1943.64375979 -32.3237021913 0.922123525669 1400.0 2.1
-649.591183371 23.5001178468 0.879400648103 5000.0 2.1
-1171.17548089 40.7954907873 0.926018707176 4800.0 2.1
69.046773436 3.19337619342 0.846527478884 5000.0 2.1
3325.28514112 40.1794466999 0.971018104398 1000.0 1.02307692308
2846.35443463 14.4039132586 0.899368291362 5000.0 1.89487179487
-1417.97670709 19.7751756837 0.881803491965 5200.0 2.1
-2007.21745485 -52.097247387 0.959919339822 3400.0 1.5358974359
-2.53340406439 -36.3842833333 0.932069716417 5200.0 2.1
-1798.65990064 -31.5382961103 0.860921088671 5000.0 2.1
-1553.18025491 22.0054633963 0.86050860975 5000.0 2.1
-1225.91867334 24.3829978056 0.905324628317 5000.0 2.1
1288.1280309 -9.97671616259 0.879134360914 5200.0 2.1
-3933.00120578 -36.0392463354 0.929718375529 4800.0 1.89487179487
-2200.88992842 -16.9712752489 0.924088460369 4600.0 2.1
2848.0150908 -24.5710504217 0.906602999062 4600.0 2.1
-2647.81435815 -32.2606314731 0.957451515725 2200.0 2.1
-224.536832269 49.1394481714 0.937336187235 7800.0 1.99743589744
1449.38851435 30.9914094912 0.898139039403 5000.0 2.04871794872
-1372.51240737 12.4056075517 0.835628281061 5000.0 2.1
1484.6386123 -1.37853673981 0.872008640653 5200.0 2.1
3212.23791064 39.0779219217 0.881536535278 4800.0 1.94615384615
-1722.899503 80.6854164282 1.00106362621 5600.0 0.1
3281.32188833 -10.6254465639 0.918320965134 1000.0 1.89487179487
1898.67190275 61.9670917067 0.954947656727 7400.0 1.43333333333
-1860.38801839 25.8515851388 0.90301247498 5200.0 2.1
-587.379978738 -2.06043360712 0.851206202273 5000.0 2.1
-2002.18854805 -72.881324985 0.991746517026 1200.0 1.02307692308
-3047.4414497 -66.9752092526 0.976607376968 7800.0 1.02307692308
-299.069771447 16.1775476573 0.895997284222 4800.0 2.1
3261.20484024 -21.138223684 0.886065780606 1000.0 1.63846153846
-1436.47882407 -2.11723896417 0.858502737793 4800.0 2.1
-1807.10583838 10.8694153323 0.893524954877 4800.0 2.1
1925.08753365 65.9863438252 0.950719902626 1000.0 1.43333333333
-3679.25514301 -44.4617165018 0.931268341753 5000.0 2.1
-1027.57070325 -5.55585740381 0.818899579868 4800.0 2.1
-991.394456139 1.18631683641 0.888941841597 5000.0 2.1
2832.57495364 -8.2109666269 0.853670304524 4800.0 2.1
3240.90562728 -25.0464566368 0.89428984459 1000.0 1.68974358974
1232.03994924 0.900457171769 0.865065505438 5000.0 2.1
3796.99788895 3.29862963306 0.89940673795 5200.0 1.89487179487
-1859.69581745 -42.2595655597 0.901289386423 1200.0 2.1
-1072.14484058 35.958764464 0.93316805092 4000.0 2.1
-2040.89159749 -39.7099634804 0.936351543178 1200.0 2.1
483.964729124 -32.238525733 0.849705655375 5200.0 2.1
-3100.91860922 -10.9220270562 0.885345822412 4800.0 2.1
3165.25262001 -10.0358324205 0.930156747985 5000.0 2.1
2822.51806144 -23.2412367788 0.867979658252 5000.0 1.89487179487
4168.98269825 -15.0943212657 0.919722745477 4000.0 2.1
-1189.46317816 -16.5476187765 0.871027845141 5200.0 2.1
-25.7211913231 -67.5773392616 0.985176848788 5200.0 1.07435897436
386.558524534 -9.88746720708 0.83459492709 5000.0 2.1
-3725.46599344 26.0397190654 0.937160787635 4800.0 2.1
3469.32338047 51.6283382293 0.986523408535 1000.0 1.17692307692
-627.967320121 -25.6477717612 0.899645478359 5000.0 2.1
2386.64779281 -22.2553051815 0.874739898241 5400.0 1.99743589744
-1733.06285252 37.5205319321 0.934592197101 8000.0 1.89487179487
621.81655735 8.29090415229 0.859935880785 5000.0 2.1
2866.11976455 -49.1355236107 0.954249592625 1000.0 1.38205128205
117.554992147 8.10299554631 0.843314725756 5000.0 2.1
1260.46357174 -21.0207871768 0.890588232946 5200.0 2.1
-1701.59746264 -20.1567329331 0.885082565202 4800.0 2.1
-3236.27797741 18.2942392531 0.947026118838 4800.0 2.04871794872
-597.877474555 -37.1481158083 0.911465851938 1000.0 2.1
-500.029041325 -9.967780789 0.873619855983 5000.0 2.1
2252.79695742 32.7903551485 0.900081474446 5000.0 1.89487179487
-3898.41133071 -35.6793505536 0.895316039607 5000.0 2.1
2866.68140196 27.4587241417 0.899607197217 5200.0 1.84358974359
679.422305303 -17.2930222975 0.834678184088 4800.0 2.1
-3824.06184654 -10.9289839448 0.925106893408 1200.0 1.99743589744
3969.47002711 -34.7085023994 0.94742052544 1200.0 2.1
-2384.97566415 1.67343077189 0.864513150983 5000.0 2.1
8.57018457159 -11.1452275898 0.846669970219 5000.0 2.1
2417.48604922 79.6935708856 1.000396257 7400.0 0.1
1212.25121283 15.6035046554 0.876559558809 5200.0 2.1
1700.64392875 -29.2092009945 0.915150558257 4800.0 1.99743589744
-3218.06957654 2.03777518325 0.878114642959 4800.0 2.1
2912.1077373 -29.2778447026 0.882644753703 4800.0 2.1
228.560224409 28.6230465797 0.897469424161 5000.0 2.1
402.274716839 63.6573184741 0.984294783339 1400.0 0.766666666667
-3612.32137978 -34.5817751177 0.888248095864 4400.0 2.1
1251.17822447 36.6461997501 0.950947126017 4800.0 1.68974358974
2323.20344942 30.4924918713 0.86364537176 5000.0 2.1
-2711.979268 -38.6897503953 0.911421007604 4800.0 2.1
-3155.34873177 36.0551857161 0.954554531914 4800.0 1.94615384615
2358.28735877 2.9909984325 0.912221567929 5200.0 2.1
-1554.50724603 9.04757719627 0.88358355122 5000.0 2.1
-5.47116343651 -7.99794841021 0.875750071893 5000.0 2.1
-2119.78719376 41.7382707836 0.958849917343 1000.0 1.48461538462
2288.60165974 44.9751190418 0.959725899759 1200.0 0.869230769231
2127.49201232 11.801118473 0.877422889 5200.0 2.1
2092.0893692 26.8848355725 0.942587103763 4800.0 2.1
634.318323122 -6.41918265915 0.876776645086 5000.0 2.1
-1649.6316306 -18.8392005944 0.89222354301 5000.0 2.1
-3028.25740358 -61.1945301627 0.956176355173 5600.0 1.17692307692
-3826.74702051 66.4854896012 0.998716311465 8000.0 0.202564102564
523.541342733 -12.2109447443 0.876074578807 5200.0 2.1
-1370.55449234 4.01854743602 0.875457024386 5000.0 2.1
802.148288638 29.9937948707 0.895096619237 5000.0 2.1
-1103.95872883 -1.1127694337 0.874445377799 5000.0 2.1
-1728.26676966 1.14221014353 0.867830755821 5200.0 2.1
3638.88878171 43.9387245515 0.942744667081 7400.0 1.5358974359
-1378.67299172 -10.6429244957 0.888111169165 5200.0 2.1
-907.253196899 48.5756110764 0.976653016638 5000.0 1.17692307692
1201.66481573 -43.989205255 0.94911413063 1000.0 1.74102564103
-3849.53006977 -24.6524151704 0.930266477244 2800.0 2.1
-68.2462543245 -11.0065667554 0.869331698795 5000.0 2.1
1689.12843287 -42.6589021632 0.950347314385 4600.0 1.89487179487
1977.87068739 45.532141018 0.938396189875 5400.0 1.63846153846
3527.44048748 -8.11219033185 0.84467651402 4800.0 2.1
-2714.2822364 -26.4408599963 0.886940318369 4800.0 2.1
3257.88594098 4.40861626162 0.901017671817 4800.0 2.1
1281.09680686 16.9241821569 0.876539594177 5000.0 2.1
2654.65581235 40.8679004681 0.876868969642 5000.0 2.1
-279.259628112 -12.3922740949 0.852565942032 5000.0 2.1
3452.64775065 -34.9419052753 0.918112416323 1200.0 2.1
-2981.50578347 49.0650139099 0.989166834026 7200.0 0.869230769231
1287.46764698 -3.12581033272 0.879720195677 5000.0 2.1
-521.894310109 33.2152893244 0.905341969142 4800.0 2.1
-1459.24104021 45.8355791956 0.913926020726 6600.0 2.1
-929.18648881 56.8041764585 0.887707494864 6000.0 1.63846153846
3239.21946943 64.8498400896 0.949040040803 4800.0 1.5358974359
-3140.35799237 -9.21923289456 0.91235168779 4800.0 2.1
-4049.45803999 2.71318997255 0.929173177131 4800.0 2.1
954.359661508 23.3985973529 0.886998086153 5200.0 2.1
2533.57120195 17.5045043484 0.915305844916 4600.0 2.04871794872
735.505103482 46.2963392965 0.975632009462 2400.0 2.1
627.078237609 18.4902028535 0.89788810068 5000.0 2.1
-773.837886864 9.30725564269 0.858117177862 5200.0 2.1
-4634.20417237 18.2918262571 0.953675461495 4800.0 1.99743589744
2348.10309891 43.630005841 0.950444656798 1200.0 2.1
-444.295636903 -35.5709701238 0.88566379636 5800.0 2.1
-2321.93329211 62.6789857235 1.00075408526 7400.0 0.1
-2073.13393827 10.6879935512 0.881026577782 4800.0 2.1
-2296.24067444 30.4729928936 0.91697221836 5000.0 2.1
1784.17684405 -2.87517959844 0.864154079627 5200.0 2.1
-224.714143687 -8.61020139565 0.862846945396 5200.0 2.1
-435.41188352 -12.258475596 0.941305047333 5000.0 2.1
-3483.54867299 61.0346728844 0.995708066006 4600.0 0.510256410256
-3153.02657912 19.9613699491 0.923052910123 4800.0 2.1
1983.1985328 -38.8595897203 0.880518005729 4800.0 2.1
-2293.551048 -8.69540853913 0.904772060824 4800.0 2.1
-2822.90019038 -27.7317925542 0.9455403013 1000.0 2.1
1669.85913076 37.3296790899 0.906476409205 4800.0 2.1
361.593774063 -52.1859431998 0.974294377158 4600.0 1.68974358974
-674.696293532 38.4942595501 0.897691582433 5000.0 2.1
-2398.57022742 -33.6177789999 0.905485637178 4800.0 2.1
-1648.59227882 -39.5990483442 0.958564468958 1000.0 1.33076923077
1332.70056021 11.459821823 0.841131619275 4800.0 2.1
-3568.81271831 -21.6203850955 0.922204112567 4600.0 2.1
2785.68128086 -52.3011396846 0.934284919886 7600.0 1.94615384615
2466.93501843 -19.8876654844 0.879948410745 4800.0 2.1
2723.06918498 57.3157754309 0.954939068708 5000.0 1.48461538462
2858.78146342 29.5103240537 0.90977501488 4800.0 2.1
2986.23002301 5.8215308717 0.879678708057 5000.0 2.1
949.358134608 18.9128213638 0.870725331202 5000.0 2.1
2734.77337855 -22.6572131655 0.891304263464 4600.0 2.1
3233.1548611 32.0362762933 0.923503707182 8000.0 1.48461538462
-88.4167088868 49.6589748193 0.950051075753 1000.0 2.1
2697.64345483 -51.2094769524 0.930923539479 5400.0 2.1
2008.55736741 -46.9101292523 0.93186110131 1000.0 2.1
3204.6232471 45.2636558884 0.942469812477 1000.0 2.1
-3991.37194058 -32.9972678084 0.929708200405 4400.0 1.99743589744
3422.56337356 -35.2175462803 0.890775341048 4800.0 1.89487179487
-1039.67288991 63.714625654 0.990844335054 5000.0 0.612820512821
-257.908578322 -17.7125060044 0.896398053485 4800.0 2.1
2981.18497297 13.8859169111 0.877273783547 5000.0 1.89487179487
1476.39899812 24.2255053171 0.895409716632 4800.0 2.1
-961.733256521 -14.5554728357 0.869615650342 5000.0 2.1
-923.213810312 16.8047348091 0.872752482219 5000.0 2.1
-2435.36249879 -62.8209072605 0.967379356266 1000.0 1.5358974359
2001.67858674 40.9899982573 0.934280342324 7600.0 1.89487179487
998.467237443 -23.1436104223 0.826853036096 5000.0 2.1
1173.79377842 0.9139928779 0.869315114146 5400.0 2.1
2743.66394271 16.5404958028 0.89116266378 5600.0 1.99743589744
-2814.25990483 -16.3089752965 0.918605162636 4600.0 2.1
-28.2579530813 12.566990383 0.818535750664 5000.0 2.1
291.260083815 47.5704295629 0.963171853144 1000.0 2.1
-4096.32038051 5.35758138182 0.952487629248 1000.0 1.63846153846
984.170945975 22.6517593048 0.841456026504 5200.0 2.1
-1048.19002077 -33.7182100471 0.905331122457 5000.0 2.04871794872
-3264.41752475 23.6105141794 0.931817311043 4600.0 2.1
301.738159082 -6.82423335973 0.857458956441 4600.0 2.1
-3587.78957446 26.450445729 0.878772125411 4800.0 2.1
-3881.08012559 12.1209421599 0.930742397364 5200.0 2.1
-2535.40693395 62.3774759471 0.959139206347 4800.0 1.79230769231
-2778.74528718 1.36073397392 0.882119654043 4800.0 2.1
66.039143862 41.3475119784 0.922233867612 5000.0 2.1
3564.04826807 -38.8290438125 0.896084991095 5000.0 2.1
-58.3183313132 -4.21341073291 0.844570402017 5000.0 2.1
-2622.97803633 13.7235082126 0.927313136446 1000.0 1.99743589744
3103.57971262 -26.2377394469 0.910483594382 3200.0 2.1
1660.55360447 25.1404357048 0.927087936773 1200.0 1.99743589744
-1713.93379135 30.4421173756 0.889297921655 5000.0 2.1
86.9117507798 23.6218647658 0.889671858837 5000.0 2.1
1448.66391845 -21.8225787118 0.879283014538 4800.0 2.1
4007.28439395 17.5360916218 0.941627887813 1000.0 2.1
-822.739947971 38.0356706804 0.934797769225 5000.0 1.94615384615
3282.85513403 17.2768178107 0.923889268251 1000.0 2.1
3172.49278278 7.18080414025 0.914424891864 5200.0 1.99743589744
516.503635363 57.6975569627 0.979487591164 5600.0 1.02307692308
-1400.51972662 -17.4774020868 0.863553321828 4800.0 2.1
4195.46785256 53.7920904778 0.909123880205 4600.0 1.99743589744
3998.09602531 -2.15383166404 0.863047325472 5000.0 2.1
-70.5828810361 6.16232503975 0.855908384674 5000.0 2.1
-29.0437396368 33.9727459994 0.849206500763 5200.0 2.1
2125.26183606 -26.9383235206 0.872126017198 5200.0 2.04871794872
-1728.74041248 -31.6259611955 0.905585676847 4800.0 2.1
-2314.13075994 -30.3596611698 0.93814442703 3400.0 1.68974358974
1796.04450145 -11.7075196527 0.852660636953 4800.0 2.1
-180.786223874 41.0102226604 0.90825950659 5200.0 2.1
-554.146192667 31.2991407093 0.89825165999 5000.0 2.1
551.285416803 12.7314822597 0.868982451608 4800.0 2.1
-1022.68256628 -4.29087421944 0.860984563478 5000.0 2.1
2359.47915671 -59.1398466301 0.993665766435 3200.0 0.664102564103
1131.100387 -37.8867876421 0.887969846103 5200.0 2.1
868.279101213 24.2085441588 0.83438614523 5000.0 2.1
-2744.34413661 25.0762944087 0.937483409755 5000.0 2.1
1258.8610143 -20.1094169497 0.899321974703 5000.0 2.1
3095.63690468 -14.3740294454 0.913771521857 4600.0 1.99743589744
1338.31800316 -25.8742783981 0.892521648912 5000.0 2.1
-226.520183247 -57.5181262687 0.881417369575 7200.0 2.1
1360.12181999 -4.29183063562 0.844402028433 5400.0 2.1
1058.84696772 27.1007794528 0.902691066657 5200.0 2.1
-2959.78926493 -34.9451943713 0.925229131713 4800.0 1.99743589744
-3362.81499293 18.9915485494 0.962770284974 1000.0 1.74102564103
1436.31594983 -28.905597043 0.893313012115 4800.0 1.99743589744
2198.69718591 -2.07491401995 0.884885910033 4800.0 2.1
1854.53731086 27.2911765806 0.92448150699 4800.0 1.89487179487
3344.0567116 16.4297772203 0.911399957619 1000.0 1.84358974359
-2936.54862099 -28.6337537732 0.908368140005 5000.0 2.1
-3077.92689037 33.3804349284 0.967571106603 4800.0 1.74102564103
-1011.41724972 -34.6383139151 0.912664302446 5400.0 1.99743589744
2976.28505891 50.0963735415 0.977859638182 1000.0 1.38205128205
-2744.05644288 -38.1970161305 0.93374640961 4600.0 1.94615384615
1219.78464739 39.5480286358 0.91120936504 5400.0 1.89487179487
2229.58456238 -26.0438355224 0.89468007782 5000.0 2.1
1569.45675872 28.744560068 0.911207825533 4800.0 2.1
440.974893387 -41.7475000688 0.898039718104 5600.0 1.89487179487
-2426.33041294 39.8001583491 0.932953137807 4800.0 2.1
1929.89313097 -35.5189141187 0.878984878879 4800.0 2.1
47.4334477917 -37.7509652608 0.922231636553 5200.0 1.63846153846
-2455.05448325 -16.4921181532 0.934916226025 3000.0 2.1
-532.108848427 59.9578488875 0.992051064181 1000.0 1.17692307692
81.1099874204 72.5560332348 1.00056610482 8000.0 0.1
1607.60048337 30.8115786695 0.887781380166 5000.0 2.1
3079.21340976 7.90448343431 0.895621490259 4800.0 1.89487179487
-2939.61155004 50.3211386735 0.992529444745 7600.0 0.715384615385
-1497.82948166 25.3638322917 0.910683139397 5000.0 2.1
-2010.82855479 -24.7265694048 0.937696925518 4400.0 2.1
245.828804613 65.893554033 0.988243167111 5000.0 0.817948717949
381.882146746 -2.55447263143 0.843221127086 5000.0 2.1
3048.9642337 19.6132298366 0.903187195455 4800.0 2.1
-2916.15631172 11.6502076946 0.882368622159 5000.0 2.1
-1206.47469463 -2.18603110002 0.865649788538 4800.0 2.1
-2263.91663674 69.7687261735 1.00035703702 7600.0 0.1
-634.710402978 36.040755345 0.88874926288 5000.0 2.1
456.225344136 52.3385927945 0.972443232193 1000.0 2.1
410.397309798 -3.12002380995 0.890276923496 5000.0 2.1
1794.24642822 19.4020882297 0.894508357623 5200.0 2.1
803.615520572 35.0296144769 0.94186929703 1000.0 2.1
3212.21226443 12.0816846661 0.93259704353 1000.0 1.99743589744
3015.07720244 -53.8389900698 0.961436713833 5400.0 1.38205128205
-1046.18281987 37.6696319943 0.942126855278 1200.0 2.1
447.617246645 27.5825750305 0.886588176464 4800.0 2.1
2028.57261949 41.0566949119 0.939414549455 5400.0 1.58717948718
689.105961804 76.4214620254 1.00036952455 4800.0 0.1
-1358.43306703 18.3715925099 0.879352553854 4800.0 2.1
-487.431119553 -45.4076118797 0.922825944136 5200.0 1.89487179487
-30.8649715557 84.200461815 1.00088062787 5000.0 0.1
1969.72432285 -14.5572142658 0.902828632136 5200.0 2.1
-3723.33692508 41.1075593177 0.976801040702 1000.0 1.22820512821
1536.77790692 24.0225540602 0.867775319783 4800.0 2.1
-1099.40656561 -22.3361302965 0.888425917388 5000.0 2.1
-1350.48475818 -25.0455229475 0.894499153448 4800.0 2.1
-2619.23837959 -18.501997262 0.902123155712 4800.0 2.1
3894.99403565 12.1640058551 0.946061925845 4600.0 1.74102564103
-1367.53024812 -26.2792982813 0.908622133044 1000.0 2.1
-2435.27762055 70.5118004133 0.996914533606 7800.0 0.35641025641
2454.81217228 -6.40168134605 0.840540868768 4800.0 2.1
-1986.29722741 -1.96841848776 0.859500180606 5000.0 2.1
-3510.94691369 46.9604753152 0.972484746538 5000.0 1.17692307692
-3126.34887503 -45.4817715758 0.946598367821 1000.0 2.1
-3418.4807781 -44.8794818502 0.946197017401 1000.0 2.1
125.227630016 20.8525199824 0.874978567175 5000.0 2.1
-2629.82278478 24.0753287337 0.958471707344 1200.0 1.58717948718
2265.21666815 -53.8160883793 0.91530607841 4400.0 1.94615384615
547.611003994 -45.2152433192 0.959201357807 3400.0 1.43333333333
3892.2943965 2.36453889132 0.917235417924 4800.0 2.1
2993.45563335 28.3812461515 0.935791404258 5000.0 1.68974358974
-832.73312401 -59.0777208646 0.968790772139 5000.0 1.5358974359
1868.02723787 -25.5660683939 0.917491451553 3800.0 2.1
-3792.90741785 37.2525647543 0.901716115032 4600.0 2.1
-4226.97104706 37.4477276377 0.971478719206 5000.0 1.27948717949
825.867764726 -34.5725002274 0.874071764136 4800.0 2.1
-234.170946789 -15.3203394535 0.874297984733 4800.0 2.1
3178.44141558 70.1857111948 0.985333923626 1000.0 0.664102564103
1160.46699936 -32.121743305 0.872906911215 4800.0 2.1
2441.09707109 61.0982655428 0.958142412515 4600.0 1.63846153846
2318.59882946 -74.026841164 0.978913391083 4400.0 0.920512820513
1897.53042617 -48.2539882721 0.91614431419 5000.0 1.79230769231
3283.14354784 63.2468506798 0.989910154028 1000.0 0.664102564103
-715.04051289 -39.8394627364 0.874117109898 5400.0 2.1
2151.95211944 -35.7251821587 0.88991967792 5200.0 1.79230769231
-1665.47219126 -39.3807918906 0.888889941874 4800.0 2.1
3245.03339355 -25.0778597871 0.902802937317 1000.0 1.58717948718
-1216.29747255 4.06750428781 0.877110782063 5200.0 2.1
-751.864808087 -40.8474884573 0.952451157026 1000.0 1.94615384615
2063.51658067 -17.6507778615 0.871244357096 5000.0 2.1
3248.92018759 20.2637840141 0.93288934645 5000.0 1.89487179487
15.9989366351 19.3584886851 0.902818874627 5000.0 2.1
4503.96840507 43.0298607208 0.94580157218 1200.0 2.1
-1753.43968071 -5.94350950414 0.834609809512 5200.0 2.1
-3340.32669432 -20.5925124393 0.891488777678 4600.0 2.1
3489.28995143 5.07811121169 0.881823061564 4800.0 2.1
2798.94139078 -43.5772988167 0.888880665332 1000.0 2.1
-3799.2641458 2.41192172942 0.949450089822 1200.0 1.84358974359
2132.08972285 24.6407175892 0.882833754486 5200.0 2.1
-1516.12961706 -37.0746612653 0.932340105078 5000.0 2.04871794872
-2707.07178407 5.60141191901 0.909857712875 4800.0 2.1
413.921730256 31.8045086994 0.845554749322 5600.0 2.1
-2158.86204472 19.0089644968 0.885118446809 4800.0 2.1
3494.05473543 3.1943750547 0.88070437811 5000.0 2.1
-799.53214208 5.5160024931 0.848405042996 5200.0 2.1
-1299.40233179 50.9400166849 0.971740512201 1200.0 1.74102564103
1023.57272328 -29.977208122 0.91441757828 5200.0 2.1
386.765679854 -16.585877749 0.89507743134 5000.0 2.1
-2904.07167072 84.4609077993 1.00162904262 1400.0 0.1
-1471.9483878 -44.8470452781 0.984277596695 2000.0 1.22820512821
-3149.67391254 -3.3454894829 0.905051187494 5000.0 2.1
-2990.85813601 41.1024251967 0.939934857426 4800.0 2.1
3668.96944686 66.6413138357 0.997118392133 8000.0 0.253846153846
976.508861912 17.5460711318 0.864328500559 4800.0 2.1
175.890748327 -29.1296231538 0.939351769923 1200.0 2.1
2816.65083065 46.0011988259 0.954576317516 5400.0 1.5358974359
706.888038482 -43.4009184863 0.929354257597 5000.0 2.1
-2495.75927416 35.9437406524 0.945797101747 5000.0 2.1
-3296.60254883 -33.5277502781 0.929263438236 5000.0 1.94615384615
-745.37149575 -23.8005241143 0.895751245523 5200.0 2.1
1604.7982798 26.2622904698 0.915301007442 4800.0 2.1
-1069.43958459 30.814622858 0.893076769653 4800.0 2.04871794872
-1117.50869411 -16.4412173495 0.887063714915 5000.0 2.1
-672.975873852 -77.3406103767 0.99364371904 8000.0 0.920512820513
-353.541060953 25.1442765704 0.8777914207 5000.0 2.1
-529.812820093 33.7412480779 0.91300496339 5200.0 2.1
3887.97491072 29.9474370672 0.952598885366 5200.0 1.79230769231
-3158.59740499 24.9036798721 0.968172240397 1200.0 1.58717948718
3469.89168869 -16.947249983 0.916015812622 5200.0 2.1
479.294276836 31.0696398885 0.943092082488 5000.0 1.84358974359
1994.95457185 -52.8558942656 0.918313228442 5200.0 1.89487179487
795.300087511 -33.0324520032 0.882544457968 4800.0 2.1
1833.73431732 -26.7214835633 0.878186063488 5200.0 2.1
-3295.45466549 29.1110635598 0.904413750157 4800.0 2.1
-3478.94486422 -19.4693148616 0.90156475303 4800.0 2.1
-1282.75078649 -30.2217655105 0.883970277491 5200.0 2.1
1117.47379178 -19.4009838997 0.892957880894 5000.0 2.1
1225.85463657 6.80890682826 0.888203098778 5000.0 2.1
-3922.33763652 30.3596401596 0.951134689488 5200.0 1.94615384615
-632.718360713 26.2509415115 0.900535216581 5000.0 2.1
-1359.80885002 37.0956279831 0.921225735933 5400.0 2.1
-2979.02726662 0.975375466137 0.89181871946 4600.0 2.1
-3371.26858819 10.5017114472 0.884655610711 5000.0 2.1
-4164.77660502 17.2238004477 0.915634518882 4600.0 2.1
-83.8643134241 2.93396097352 0.890482002644 5000.0 2.1
-3516.69848242 31.2690551312 0.945971969906 4800.0 2.1
-60.4002182053 44.0698580472 0.888812476827 5400.0 2.1
38.1113926627 -33.0095750002 0.942379067839 1000.0 2.1
342.096454174 49.7443604874 0.934534619217 5600.0 2.1
-2862.91733929 27.6280272584 0.940590262458 1200.0 1.94615384615
377.696513401 22.9116051761 0.892679722099 4600.0 2.1
3279.10396185 -40.4001502762 0.930226365819 1000.0 1.33076923077
-1985.81920928 59.8800600381 0.997574907129 7600.0 0.35641025641
1074.23010607 28.4806374786 0.908668529934 5000.0 2.1
964.252680835 -3.31440853119 0.869471589944 5000.0 2.1
-2324.41951153 4.4479284623 0.90983812371 4800.0 2.1
-1383.16784664 7.58217480015 0.860407500884 4800.0 2.1
-1700.78324525 22.6095825005 0.916971719442 1200.0 2.1
1787.71275205 -15.6385336122 0.896406120449 4600.0 2.1
4675.20649403 77.640976393 1.00154094603 7800.0 0.1
-3527.32005748 -25.219522483 0.919117032649 1200.0 2.1
304.014929396 12.2968076728 0.855554186574 5000.0 2.1
1990.00049461 -27.6457124905 0.941415393423 5000.0 1.94615384615
-435.573974066 20.7413465442 0.856836793989 5200.0 2.1
-2368.71675619 69.5487077773 0.996467796521 7800.0 0.35641025641
-2171.00597467 53.3099248389 0.957744107576 4800.0 2.1
-1921.4377577 19.5383009646 0.909514469916 5000.0 2.1
2133.91700341 8.16387904436 0.861137683345 5400.0 2.1
-1664.53741904 -41.6606385075 0.895261048874 5000.0 2.1
2418.38457003 13.468631405 0.893209759733 5000.0 2.1
-1642.2013638 18.0744415873 0.905857248143 4800.0 2.1
3400.61825869 10.0265317939 0.906260575883 4800.0 1.99743589744
3063.13781647 -14.2874851208 0.908161740024 5200.0 2.04871794872
2238.42979041 61.0018469001 0.971920251223 8000.0 1.68974358974
-1878.80646401 -60.2599525849 0.934526378161 4800.0 2.1
1125.44986299 -55.5698161444 0.887123666586 5400.0 2.1
511.789593598 14.0362739687 0.871680616235 5000.0 2.1
-11.6333577131 -5.88387773062 0.870299716141 5000.0 2.1
-1770.60674829 -1.03969454803 0.882656181953 5000.0 2.1
259.208020549 -33.6870622104 0.864973530258 5000.0 2.1
1564.97160637 45.3830621113 0.958378781181 4800.0 1.33076923077
-2333.23458645 -47.6241051117 0.956825521978 4600.0 1.5358974359
4335.15191227 33.9003688251 0.940840840108 1000.0 2.1
2727.69273857 58.948095563 0.984153088487 5200.0 1.02307692308
3252.66989805 -27.610967171 0.932196760741 1000.0 1.38205128205
-3107.83929821 -59.7445291921 0.975226795698 1000.0 1.12564102564
-2190.43989362 38.9722509802 0.940169095126 1400.0 2.1
-1381.89824602 23.8490324448 0.913374476251 5000.0 2.1
199.671707332 -56.9357957854 0.904662247854 5000.0 2.1
-2934.66179449 -48.5030546225 0.90977876042 4600.0 2.1
3074.4281087 -2.95149234413 0.844867141774 5000.0 2.1
3224.24751678 37.3383636319 0.895648340467 4800.0 2.1
-3246.68213026 -24.3315210476 0.890816250882 4600.0 2.1
-3014.31514733 -12.228236608 0.918793115368 4800.0 2.1
-3540.53306637 -48.8620786355 0.903428575925 4800.0 2.1
-1370.90249186 -19.4878708681 0.900006368373 5200.0 2.1
1368.73648607 -7.8374269034 0.896900537433 5000.0 2.1
-4059.8736076 9.93432240174 0.930119050061 4800.0 2.1
1144.97035795 -47.6745877707 0.929728968738 5600.0 2.1
1230.26132847 -18.9048380237 0.874261341318 5200.0 2.1
3711.14777427 18.8311939438 0.842844489747 5200.0 1.94615384615
-3240.84609758 -56.8837403809 0.926353817113 5000.0 2.1
2634.10413456 6.51818710256 0.885891970455 5000.0 2.1
-3607.41633012 -29.7623880491 0.940078882337 4600.0 2.1
1553.69679958 -6.66695443474 0.858034728593 5200.0 2.1
-1687.71297404 45.1514051692 0.95960575825 4600.0 1.79230769231
-4022.67795829 -32.854635864 0.918931509095 5000.0 2.1
-1914.08136703 19.7381878373 0.900098209808 5000.0 2.1
3872.68484387 60.2562172921 0.97731250567 1200.0 0.869230769231
-1058.17836006 -30.2072503815 0.925784851031 3000.0 2.1
50.8943697184 18.9670027379 0.865632839637 5000.0 2.1
-2874.31812733 9.9924660951 0.925131927598 4800.0 2.1
-3205.93625616 -22.2954686747 0.924801261358 1000.0 1.94615384615
3198.51858486 66.5262454376 0.990703623552 7600.0 0.766666666667
3592.90536563 35.3336135995 0.916306335079 5200.0 1.48461538462
800.311543361 12.4662051247 0.81175056911 5000.0 2.1
1487.49121686 73.2946069587 0.989681760062 1200.0 0.612820512821
-1524.80440303 78.6413290309 1.00073275324 1000.0 0.1
2003.05382759 28.2992318523 0.889641374029 5200.0 2.1
3035.51323433 -39.5994458966 0.942788057508 1000.0 2.1
1909.93038847 -25.5821886206 0.909200313227 1000.0 1.74102564103
-3297.38502221 66.5867225614 0.992227591783 1000.0 0.766666666667
2745.49839463 -25.3761256813 0.931620857704 1000.0 1.5358974359
2073.37974316 -28.0124978848 0.883908985742 4800.0 2.1
1232.49103261 -35.6108339293 0.943817603658 1200.0 1.74102564103
2868.59855926 -30.9357131507 0.94137359006 1200.0 1.58717948718
-2032.55666903 -10.6210750697 0.852108817297 4600.0 2.1
-1600.1103989 -40.6903594813 0.94468639217 1000.0 2.1
1481.56251931 -39.4037899369 0.877851135824 5000.0 2.1
2597.46278457 51.319543964 0.940651125697 5000.0 1.89487179487
-1237.56725322 71.4682763368 0.997418048203 8000.0 0.253846153846
-2281.74243305 59.1371344808 0.956885237294 5600.0 1.07435897436
-2334.66359966 -31.2785839034 0.858246834307 4800.0 2.1
1719.30209161 -7.08380110964 0.872721259001 5200.0 2.1
-3138.32625284 32.9827494973 0.972309506659 1000.0 1.38205128205
337.662328875 -15.8178882036 0.861969319954 4800.0 2.1
2042.42952218 -29.4307933972 0.916795466496 5000.0 2.04871794872
-2023.88954466 -14.1733441628 0.888481703942 4800.0 2.1
-67.940053902 34.525176927 0.930175181948 5400.0 1.94615384615
1657.68876625 3.98728278725 0.86504214491 5400.0 2.1
-2197.95386784 53.4185111239 0.959482195899 5000.0 2.1
1998.39731165 32.8881578862 0.935892068391 4800.0 1.79230769231
746.997380671 41.1500192902 0.905694662911 5400.0 1.63846153846
-4138.44822333 -20.8113289565 0.942045532497 4800.0 2.1
-3597.67099933 -56.1034263284 0.975050458772 1200.0 1.48461538462
130.01144129 7.23980718719 0.870270748291 5000.0 2.1
-3157.47906125 -26.2433602218 0.911528217417 5000.0 2.04871794872
698.746464082 75.2780780307 1.00084454004 6200.0 0.1
-625.858412585 57.1868104579 0.97717646236 1200.0 0.869230769231
1496.13427588 9.98118784032 0.869091279263 5000.0 2.1
547.006990272 14.7703241947 0.894508288295 4800.0 2.1
-3076.6716047 16.2496931129 0.888751135034 4800.0 2.1
-1915.51485648 11.7353615839 0.866443490016 5000.0 2.1
2474.36250341 9.94009078735 0.873043145624 4800.0 2.1
505.739555285 11.7343438577 0.848527246348 5200.0 2.1
131.261477916 52.9772716352 0.969473518945 1200.0 1.02307692308
3123.21591091 -23.4074283615 0.90406035529 4400.0 2.1
2890.57028821 14.23617165 0.896250110658 4800.0 2.1
94.7547313014 36.76255759 0.921914630708 5000.0 2.1
327.104337041 10.2321505511 0.866687304239 5400.0 2.1
2904.50107725 -46.5129827162 0.944055488616 1000.0 1.27948717949
-2596.63533919 27.8811227317 0.947919150616 1200.0 2.1
-747.03406774 30.4459714258 0.906023937868 4400.0 2.1
-3241.52866803 38.4738086174 0.958186319576 2600.0 1.58717948718
-3122.55793891 -27.7411124635 0.899976400659 4800.0 2.1
-979.120298825 -20.4730882055 0.859928097876 5000.0 2.1
58.4792386276 47.4773368708 0.926160840181 5000.0 2.1
2739.71917394 18.1111169392 0.904373039953 5200.0 2.1
-369.091351694 -33.0004434383 0.966064721524 3000.0 1.99743589744
2764.71977193 29.5819792475 0.919808534904 1000.0 2.1
478.934209557 39.7374916122 0.913470085709 4600.0 2.1
2092.55645534 -20.3274980615 0.877983233129 5000.0 2.1
646.482561013 -16.6513471626 0.861548889651 5200.0 2.1
-2069.12036658 -22.7063900187 0.873867449937 5000.0 2.1
-2785.56188155 -22.8940239327 0.905950346817 4800.0 2.1
-2228.79093759 48.7350325909 0.960911613693 5000.0 2.1
-246.304309325 -32.9107433786 0.932063004891 1000.0 2.1
3430.51630296 -41.2848648278 0.919396382682 3400.0 2.04871794872
-1868.40668356 50.6298096272 0.945358537978 5200.0 1.84358974359
2231.1456992 -41.9271585802 0.97870220248 1000.0 1.02307692308
3098.69262761 7.50425597083 0.909361145939 5200.0 2.1
2198.68661164 56.1078363829 0.929515416969 7200.0 1.74102564103
-2512.9096401 9.63779234993 0.928379513567 4600.0 1.99743589744
3392.39081773 32.5365455539 0.936322218847 3200.0 2.1
-1244.30347913 60.0625309283 0.996087982338 8000.0 0.458974358974
-1478.35902442 44.0394775529 0.980551781007 4800.0 1.27948717949
1829.53255885 -51.2465468188 0.973271607404 5000.0 0.817948717949
1636.30334116 -6.98502822036 0.865978123655 5600.0 2.1
3002.88214812 -23.5141751193 0.9134693076 5400.0 1.84358974359
-1691.26619397 50.4647962548 0.96157765752 4800.0 1.84358974359
-760.74788693 -21.1140645974 0.857443877713 5000.0 2.1
2273.20902201 6.41427755089 0.89724815106 4800.0 2.1
3609.11561354 41.1667087607 0.930050229751 1000.0 2.1
711.161158804 5.24263859663 0.840934992916 4800.0 2.1
2992.86386024 73.2991570153 0.990258760131 8000.0 0.869230769231
412.753487086 4.68265169396 0.883607463969 5000.0 2.1
-2949.17133291 2.15568067329 0.901538694572 5000.0 2.1
1824.81390358 -3.65673858393 0.857497115971 5200.0 2.1
-2039.46873296 53.7457413952 0.975441114698 1000.0 0.920512820513
-2062.4946747 6.67239760459 0.864104789525 5000.0 2.1
609.121551379 -45.4775069863 0.919340519039 1000.0 2.1
-1028.26903011 7.60084705382 0.845813198772 5000.0 2.1
835.94023071 -3.39780844134 0.879035414172 5400.0 2.1
3298.17548095 -12.9002554692 0.933145310852 1000.0 1.89487179487
-1436.11609838 8.17377662238 0.894329941444 5000.0 2.1
2942.04564003 -1.91624799544 0.859295208458 5200.0 2.1
-3101.0373555 13.2835001264 0.930761909329 4800.0 2.04871794872
3378.71590588 5.55403014702 0.9143305993 4800.0 2.1
-2841.96489563 35.6996793455 0.940755778486 5000.0 1.68974358974
2273.57298776 -16.399526135 0.881850147754 4800.0 2.1
55.5928682559 -38.7013948237 0.860966511989 5000.0 2.1
3750.47269656 30.2552632909 0.917677202001 5200.0 1.63846153846
2231.55067381 6.0099529014 0.865911432978 4800.0 2.1
3621.21332862 10.9590647589 0.874018682672 4800.0 2.04871794872
2969.61429121 9.92058960772 0.879621931336 4800.0 2.1
-840.831624268 65.5550185859 0.994461314676 4800.0 0.510256410256
961.765157679 -24.3977736313 0.884846465675 5000.0 2.1
-1879.01346946 -58.1654298291 0.928290790541 5000.0 2.1
2956.6657318 34.6356164435 0.89412359662 4800.0 2.1
-2719.77987129 2.10209019263 0.895608175354 4800.0 2.1
-2303.47133525 2.86489892392 0.862073187551 4800.0 2.1
913.610462892 3.3429831075 0.869676935714 5000.0 2.1
-3958.2582334 -19.3803132988 0.926234946095 1000.0 1.89487179487
3464.8661465 -17.6043359627 0.900826715861 1000.0 1.48461538462
2268.44006974 55.0680760677 0.979600136576 1000.0 0.971794871795
-2364.6245192 -12.9430644593 0.884518965745 5000.0 2.1
467.63901015 -42.9926570651 0.871828215036 5200.0 2.1
749.458655742 16.4123647596 0.847254520855 4600.0 2.1
-3148.93753436 -12.2430012678 0.870714809344 4600.0 2.1
3499.16606322 -28.960001118 0.928288304885 1000.0 1.94615384615
156.701502856 66.1688515293 0.991364725247 5600.0 0.715384615385
3988.00281396 3.42453044217 0.899920127154 5000.0 2.1
899.635505771 3.44416319636 0.854421423146 5000.0 2.1
293.231462991 -48.6905182846 0.915949886382 5600.0 2.1
-3648.56803865 4.30586225002 0.894705473512 5000.0 2.1
-3426.48605993 -35.0871905572 0.902108986792 4800.0 2.1
2812.01180787 34.4075765705 0.93238141215 1000.0 2.1
-1349.23119755 19.1039447882 0.897620744592 5400.0 2.1
-2825.65777556 -1.7354772135 0.931341501457 5000.0 2.1
-1002.58768393 -18.3710654087 0.88399196807 5000.0 2.1
-1559.24715645 -37.2981104373 0.914065203265 5000.0 2.1
2813.27484674 11.5785576447 0.889975135817 4800.0 2.1
308.178372799 5.78199712849 0.849164655918 5400.0 2.1
-2617.2736956 -33.9280638735 0.939334009119 4400.0 1.89487179487
-250.528774791 -66.2668616398 0.973316009847 1000.0 1.38205128205
2668.92281077 -20.4491807659 0.932406179768 1000.0 1.99743589744
1012.13826759 -64.7740066252 0.972861353286 5600.0 1.17692307692
-1755.45902807 -34.0001847853 0.902916572556 4800.0 2.1
184.853175208 40.8691294551 0.957046332182 1000.0 1.74102564103
-1449.78348371 28.8109540376 0.938576576249 1000.0 2.1
1646.83705797 -34.1948151843 0.956649444301 1000.0 1.58717948718
687.47283097 -54.4001425153 0.883298451783 5200.0 2.1
-117.988345777 0.811817321991 0.846245471721 5200.0 2.1
611.358480091 -38.3733511268 0.861186972737 5400.0 2.1
-59.2999816744 59.2748582874 0.985566916234 1000.0 0.715384615385
-1596.11249009 47.7337839433 0.980038406161 1200.0 0.971794871795
-3379.50619219 -26.3952208395 0.897206697814 4600.0 2.1
4083.41346445 -56.9760662521 0.936999607146 5400.0 1.68974358974
2494.46324824 -60.2583590928 0.95677404148 7800.0 1.12564102564
3292.7482476 -63.0508587675 0.977788212696 1000.0 1.22820512821
211.018181642 7.32821349737 0.864432706303 4800.0 2.1
562.072615397 13.236366295 0.892357980393 5200.0 2.1
377.995022685 26.6083417663 0.912780937353 5000.0 2.1
-2995.56393903 -37.2385055384 0.933490471085 1000.0 1.89487179487
-2618.90007773 56.2484788395 0.9843015187 4800.0 1.07435897436
-2888.51736844 82.4193627123 1.00055147236 1000.0 0.1
3462.22604859 41.258452444 0.958123558555 4800.0 1.07435897436
-243.130121567 5.41296291039 0.884343412725 5200.0 2.1
2879.79015908 -33.39666896 0.924873855866 1000.0 1.99743589744
-1293.560434 48.410471494 0.927695371404 5000.0 2.1
2066.23637298 -22.9052527408 0.874927995572 5000.0 2.1
781.893568141 8.79588397905 0.888994308932 4800.0 2.1
1784.72410709 -12.298649357 0.883949345689 5200.0 2.1
2218.56764157 -23.0970132335 0.873487852656 5200.0 2.04871794872
-1913.13762918 24.4997439282 0.897250185579 5000.0 2.1
3637.55871791 -37.2046961465 0.887645353516 5200.0 1.63846153846
14.0349641477 33.8147678393 0.943508389458 5000.0 1.74102564103
4134.89141966 -43.0806407807 0.952092846174 4600.0 1.5358974359
-3485.49905613 -46.0857180213 0.966508642701 1000.0 1.74102564103
1609.76692563 -59.4458200327 0.97104958778 1000.0 0.920512820513
1677.3234384 1.96522393333 0.860801878966 5000.0 2.1
-4252.59011617 -14.629312556 0.897548249891 4800.0 2.1
-4567.54135777 -43.5301546675 0.935406023863 4600.0 2.1
1101.07682401 31.8381708481 0.903750143555 5600.0 2.1
584.430237089 -53.1327880231 0.979237300904 1000.0 1.12564102564
-479.852886977 -10.6177325114 0.875477734211 4800.0 2.1
2420.3360381 -9.71772534161 0.866093432003 5000.0 2.1
998.790044359 -9.19805707047 0.860000944255 5000.0 2.1
-3294.67204112 29.9900122723 0.906916260183 4800.0 2.1
-1202.78538481 -19.9150030431 0.899705141882 4800.0 2.1
-263.799857826 35.4411244648 0.933590253883 4800.0 2.1
2515.46229713 -21.2025940753 0.876574704464 4800.0 1.99743589744
-560.866783099 -51.781079001 0.953186824066 2400.0 1.79230769231
944.658178728 -3.28496975028 0.878491554852 5400.0 2.1
-1870.86145808 -22.1848611623 0.903735762919 4800.0 2.1
2177.11386775 -30.4718697949 0.913290970748 1000.0 1.68974358974
-3246.02748226 -14.4173614957 0.930334436961 2800.0 2.1
-2143.2942996 -1.61237744949 0.898373954076 5000.0 2.1
2975.49648457 -28.9303725793 0.864172559129 4800.0 2.1
-1476.33982633 -19.7960447145 0.87517161767 4800.0 2.1
3341.74541856 -24.4649409257 0.903240104002 1000.0 1.63846153846
2606.92548741 -12.2822265751 0.900186425699 5000.0 2.1
-3042.61478655 67.061035217 0.968161789861 6200.0 2.1
2202.76924427 -31.3459837814 0.897302705565 5000.0 1.99743589744
-367.865502976 68.8451263424 0.984256109088 1000.0 0.766666666667
-167.886953111 -37.7656635161 0.902612246151 1000.0 1.89487179487
-603.282836274 -69.6601336339 0.938421465646 5200.0 1.99743589744
861.859894899 16.6135732748 0.851701008043 4800.0 2.1
265.436475103 2.10467875455 0.857696688355 5000.0 2.1
-3387.75046486 -25.4027079222 0.94052860611 1000.0 2.1
-2678.1448738 8.1814752275 0.920117985175 4800.0 2.1
-3038.2595734 51.4003991474 0.975267792464 1000.0 0.971794871795
-2391.23848704 15.650183213 0.858854992437 5000.0 2.1
-3545.36664058 -30.5638286528 0.955183586343 1000.0 1.74102564103
-1154.36200095 -18.545914246 0.859690288362 4800.0 2.1
-2934.14735259 -58.2386315652 0.916360649962 5000.0 2.1
-2935.17869053 36.4502451287 0.936974118139 5000.0 2.1
1516.94660796 25.6758832304 0.90520130192 5000.0 2.1
-678.075828298 -20.740716466 0.888350423526 4800.0 2.1
-520.63957452 76.235213258 1.00029939943 1000.0 0.1
-3835.48011353 -71.2157440515 0.981132568163 4400.0 1.58717948718
169.427889122 14.7846090454 0.879171078282 5000.0 2.1
2522.77670389 -18.6300515268 0.879129918477 5000.0 2.1
-22.2061368151 1.65057846131 0.852608970926 5000.0 2.1
1127.74248616 -18.1495310658 0.876798074936 4800.0 2.1
-1826.25818468 69.8238675418 0.993084947246 5200.0 0.510256410256
2283.82404284 -0.784510535532 0.871215506137 5200.0 2.1
-549.86686324 22.1247180013 0.919609537599 5200.0 2.1
256.668696507 66.8111197821 0.999944984846 5600.0 0.1
1536.72507665 -14.7026081408 0.895221784645 5200.0 2.1
-2018.16073367 -53.3249160702 0.920245253733 4800.0 2.1
-3182.24858325 -20.9782667577 0.911622142756 4600.0 2.1
-3244.20331985 -7.0734565016 0.905626918832 4800.0 2.1
-2033.4970867 -51.7793605892 0.900266946347 5000.0 2.1
769.880863658 27.7417895664 0.88711230369 5400.0 2.1
-3252.056718 3.45152633323 0.930711329747 4600.0 2.1
1950.62407014 -21.9746781436 0.955350494111 5200.0 2.1
-2267.27957074 16.2723671224 0.900715507256 4600.0 2.1
-699.63586878 31.0563647621 0.930360540811 5000.0 2.1
-2154.89179825 -37.0757696199 0.920319279576 3800.0 1.99743589744
-1780.28351022 -28.9079242625 0.922506421159 5000.0 2.1
3153.31796954 -18.663959533 0.881926686182 1000.0 1.58717948718
2889.79833967 15.1243551475 0.868172006956 5000.0 1.94615384615
