-5809.22511089 -63.0315927519 0.989842389148 600.0 0.989842389148
-584.380636469 48.0671615944 0.981100067065 800.0 0.981100067065
4330.50880522 -59.2484601984 0.981041809841 2800.0 0.981041809841
1422.508322 9.11271872037 0.987583700401 2400.0 0.987583700401
5051.73429673 10.3820299493 0.969310414394 600.0 0.969310414394
6122.66932592 15.5584388786 0.981001684597 600.0 0.981001684597
-397.279145518 -18.4823015859 0.975347415128 2800.0 0.975347415128
-941.816542884 -65.3668658562 0.988739273183 2400.0 0.988739273183
-7686.51694297 -36.5033629549 0.993940911078 1200.0 0.993940911078
-4351.75391323 50.434156618 0.999893620493 1000.0 0.999893620493
5023.1098647 -18.033688291 0.968251988669 600.0 0.968251988669
-6918.69727539 44.7815559727 0.998765460285 1200.0 0.998765460285
-3264.17423657 -57.1750973375 0.991034106129 2600.0 0.991034106129
-5242.12273203 -53.8560849245 0.992891218361 1400.0 0.992891218361
5932.13093924 23.7111568702 0.998846104475 1600.0 0.998846104475
-2093.73454823 -9.40248305181 0.982550780286 1800.0 0.982550780286
656.770103188 -88.6860539729 0.992370322225 800.0 0.992370322225
1970.46126951 55.8324760004 0.983888861501 3000.0 0.983888861501
2164.12484652 50.4746881325 0.995257995886 7400.0 0.995257995886
-1709.34854626 -5.06550328506 0.976204734344 2600.0 0.976204734344
4487.92370408 61.9097758258 0.998257980622 1000.0 0.998257980622
2914.83846021 41.9793081428 0.978357713351 2800.0 0.978357713351
2866.11746993 -71.482690772 0.991491188112 1800.0 0.991491188112
-5191.60635473 39.2648853934 0.994261939825 3000.0 0.994261939825
-3942.02347351 -63.2288603117 0.994078748213 600.0 0.994078748213
4747.84552513 12.4182082449 0.968765431508 600.0 0.968765431508
-9107.0290365 16.7754146413 0.995089938362 2200.0 0.995089938362
-6987.02624046 -51.0228035048 0.999013876357 1000.0 0.999013876357
-651.197339661 3.54040435002 0.98545174674 1800.0 0.98545174674
-946.102043563 -45.4454439499 0.973722601352 600.0 0.973722601352
4374.55901619 47.8723155048 0.985999614541 2600.0 0.985999614541
-6161.3422406 -51.3122569192 0.995223354508 2400.0 0.995223354508
4173.27182613 54.0279629335 0.990436126623 600.0 0.990436126623
-5703.27181986 54.0176470993 0.992152847184 1600.0 0.992152847184
-5765.32467491 -45.1780556011 0.995420216133 1800.0 0.995420216133
-677.38948208 -40.216232142 0.982700543899 2600.0 0.982700543899
2968.55933093 43.1126193686 0.991111834578 600.0 0.991111834578
-6462.84130767 -49.3716020657 0.999606814833 1400.0 0.999606814833
-7013.00333337 -15.5068024853 0.999263221494 3000.0 0.999263221494
2514.69351924 55.2512177558 0.992526537572 2400.0 0.992526537572
-4451.52256413 -13.0641041969 0.992904807828 1800.0 0.992904807828
-7612.31074029 -36.922178658 0.999725971665 1200.0 0.999725971665
-4904.39733464 -31.0027392782 0.989791868592 1800.0 0.989791868592
6032.83254151 25.2297622399 0.983831429328 800.0 0.983831429328
-6852.35870876 -66.6569573916 0.99563523841 1800.0 0.99563523841
2528.24243778 79.0236992569 0.991850009334 600.0 0.991850009334
6408.89075837 88.4821255453 0.991429303676 1000.0 0.991429303676
-6049.43809037 -47.9525508405 0.998066902994 1800.0 0.998066902994
84.0288576728 13.9702536809 0.987470503599 2000.0 0.987470503599
6775.77563765 -66.7989269823 0.97425940599 1800.0 0.97425940599
2.40134830692 37.1422839834 0.986805802918 2600.0 0.986805802918
-2782.66496006 3.59232227949 0.981704106057 2600.0 0.981704106057
-4054.31084494 16.9736922208 0.988429040292 2000.0 0.988429040292
2121.72738343 -72.7658327302 0.992724915664 3200.0 0.992724915664
698.549934267 10.9218323243 0.983961971206 600.0 0.983961971206
7284.42578853 -46.0117255444 0.99723058945 2000.0 0.99723058945
-1664.46986372 -50.8581151463 0.974253036387 600.0 0.974253036387
2886.76141856 12.66747851 0.982194547457 2600.0 0.982194547457
-2020.98612306 -25.0956017967 0.989163025227 600.0 0.989163025227
2549.20346984 61.5689209249 0.989344464216 600.0 0.989344464216
4061.25568195 -19.0828464482 0.965555871523 600.0 0.965555871523
-7147.59328806 -20.5797485209 0.990853268378 2800.0 0.990853268378
-4591.40766005 -14.7600108269 0.987481677617 2400.0 0.987481677617
-3086.9115464 -30.1561341092 0.979634727352 2400.0 0.979634727352
-1903.34027563 1.87033383946 0.984272413039 2600.0 0.984272413039
-911.949170885 -60.9861905203 0.987369366217 600.0 0.987369366217
5597.45424107 -31.1387966819 0.983563921481 600.0 0.983563921481
-2239.34943821 10.828493335 0.988600387382 2600.0 0.988600387382
2823.91067197 -32.3071695527 0.963538471994 1800.0 0.963538471994
1879.20320235 -0.822207022626 0.978412149573 600.0 0.978412149573
-5705.56791437 -38.8914500615 0.992133343586 3000.0 0.992133343586
4440.78266998 -22.9048503326 0.991496784967 600.0 0.991496784967
4468.27287699 16.3782169504 0.984798970234 600.0 0.984798970234
-7025.23957994 30.2506511962 0.998623795842 1000.0 0.998623795842
1051.40040431 -53.731765718 0.968591064497 2400.0 0.968591064497
2901.24744327 -68.1305310568 0.986873817175 2600.0 0.986873817175
6926.50612915 -9.30963658215 0.98641748568 600.0 0.98641748568
2510.69311984 -21.926586553 0.990426918497 600.0 0.990426918497
-4424.48796924 -82.4338263475 0.998177693829 1000.0 0.998177693829
1204.87712681 5.05392320556 0.979598045996 2600.0 0.979598045996
2709.54507701 -88.8200511827 0.978802036602 1000.0 0.978802036602
6584.26107266 4.34141424222 0.970019766168 600.0 0.970019766168
-5015.12723135 -33.7774263621 0.997160532692 3200.0 0.997160532692
-6989.13880962 -2.69197957538 0.997439934539 1800.0 0.997439934539
5078.98970696 -45.0280783993 0.987913839445 1800.0 0.987913839445
-1179.31909825 3.30346373908 0.974539024551 2600.0 0.974539024551
5913.69209776 46.3905059233 0.994055527125 800.0 0.994055527125
-4800.31135291 71.3202755705 0.987418243939 600.0 0.987418243939
2643.86920064 -43.8158476075 0.962597408886 600.0 0.962597408886
2666.12291178 3.09543563132 0.988544207509 800.0 0.988544207509
-5742.58677035 48.6910930392 0.991782434918 600.0 0.991782434918
5825.84775614 -46.4504075213 0.962490429809 600.0 0.962490429809
-2929.48229282 -52.8314631964 0.990523913335 800.0 0.990523913335
-6301.99217053 -66.8131708415 0.993579829341 600.0 0.993579829341
-3629.81851767 23.7329176484 0.994499547215 600.0 0.994499547215
4216.2499476 -33.9819679084 0.994268050476 800.0 0.994268050476
-4859.89917991 48.1912511059 0.987207411926 2200.0 0.987207411926
2585.46619376 -50.7891338109 0.947768673458 600.0 0.947768673458
1556.03718811 -34.4505363605 0.978980015614 800.0 0.978980015614
4392.39604432 40.1978682614 0.993640342239 2000.0 0.993640342239
-4192.15741656 -32.4304654034 0.988791748613 2800.0 0.988791748613
4201.56279338 -27.2578292956 0.984033685225 2400.0 0.984033685225
6633.49129457 45.0477355838 0.987735036546 1800.0 0.987735036546
-4493.58646916 -35.0138317531 0.992056213644 3000.0 0.992056213644
2181.82416574 43.281515517 0.992633502042 2600.0 0.992633502042
-815.405933456 52.1015025452 0.985535526072 800.0 0.985535526072
-3743.90211419 26.4068074738 0.985386049917 1800.0 0.985386049917
3908.09445558 2.971763076 0.993354229878 3000.0 0.993354229878
-4385.33140756 -45.7796276289 0.992582948332 3000.0 0.992582948332
-8596.58639442 51.4098990554 1.00122716195 1000.0 1.00122716195
-51.6140083642 -27.3435125267 0.96541235815 600.0 0.96541235815
-408.081664091 51.0767546123 0.991992968185 800.0 0.991992968185
-5027.17381115 -55.949354769 0.997744313428 1000.0 0.997744313428
155.665900316 50.426926092 0.980107419985 600.0 0.980107419985
-5889.18135315 -43.9353773658 0.993271147413 2600.0 0.993271147413
2796.59226605 -50.3088038598 0.96161049197 600.0 0.96161049197
3632.48580813 86.6103372506 0.969223967136 600.0 0.969223967136
299.000964583 -18.8141079029 0.985537575692 2800.0 0.985537575692
637.257450462 41.7434080907 0.977426508864 600.0 0.977426508864
7587.74253313 -38.7753143571 0.99158645461 2600.0 0.99158645461
68.8996970493 63.3084437936 0.983643485671 600.0 0.983643485671
8657.79098273 35.9230105727 0.990967469498 600.0 0.990967469498
-4650.96005936 6.83982188672 0.987594460585 2600.0 0.987594460585
2233.69690603 -20.8434676176 0.977056194631 600.0 0.977056194631
8222.37269448 9.79382753178 0.994474919574 2000.0 0.994474919574
-1029.00741773 -3.52963781691 0.977834296386 2600.0 0.977834296386
-4170.45001554 -41.2691610211 0.988129015051 2600.0 0.988129015051
4860.90662918 40.6840418973 0.987548068002 2400.0 0.987548068002
-2452.84772866 41.7845898941 0.994482537224 1400.0 0.994482537224
-1915.19711021 -40.9054219587 0.980930159117 1800.0 0.980930159117
-100.677195709 -4.06303236647 0.982233737459 2600.0 0.982233737459
-4806.92789671 -8.84050038211 0.991428283248 1800.0 0.991428283248
-1852.79808155 -54.7655752923 0.984478380379 3000.0 0.984478380379
-2336.4449935 -34.4451042687 0.985636556362 3000.0 0.985636556362
8327.45342076 -17.1912477136 0.997975841976 600.0 0.997975841976
5197.83569717 79.3279608531 0.992068626629 600.0 0.992068626629
7005.9956182 -47.4737642133 0.96941678736 600.0 0.96941678736
-8107.51700703 22.8028838475 0.995293142704 1800.0 0.995293142704
6521.40750993 39.1352415387 0.993357250481 1600.0 0.993357250481
-1601.22834972 -9.2483910613 0.9745486527 2600.0 0.9745486527
-4918.5066826 0.850615012032 0.993069882278 2600.0 0.993069882278
2959.07035252 -31.9857095033 0.980726545654 2600.0 0.980726545654
5015.67310776 13.4656930061 0.980029423394 600.0 0.980029423394
-7138.82852998 56.2073159506 0.998911650457 2400.0 0.998911650457
-5004.73222146 55.3579474643 0.998558815114 1000.0 0.998558815114
3682.61032182 2.98679566524 0.989102408619 600.0 0.989102408619
4360.61282159 62.0239951718 0.992685963032 2400.0 0.992685963032
6783.25634799 -73.0919621242 0.995961458052 1200.0 0.995961458052
-3806.03012609 22.786945715 0.99492345788 2800.0 0.99492345788
6576.58384429 -49.7703025223 0.974382478183 600.0 0.974382478183
-1647.41473597 54.9647589847 0.982189625128 800.0 0.982189625128
6766.28836925 -10.0516692746 0.986240995096 600.0 0.986240995096
42.6589627919 -55.1920721296 0.958456785827 1800.0 0.958456785827
-7031.05813717 -76.0190705983 0.999078988744 1200.0 0.999078988744
2939.84000434 -76.8303950565 0.993035639165 2400.0 0.993035639165
-7375.96289804 3.12509094423 0.996678728695 2800.0 0.996678728695
2717.61397906 -21.4660102317 0.981940018851 600.0 0.981940018851
6581.33184579 38.7686541459 0.979909420272 600.0 0.979909420272
2020.49259407 -87.938313722 0.983475115112 1000.0 0.983475115112
3539.86230898 17.4196175015 0.988585728419 2400.0 0.988585728419
4330.51218502 48.3928968025 0.989402640745 600.0 0.989402640745
-5776.91862517 72.3764030387 0.993639516282 1000.0 0.993639516282
-5057.67184781 45.0402518032 0.984351796067 600.0 0.984351796067
-5541.57165661 -54.739913625 0.995527098648 6200.0 0.995527098648
6779.41789145 -87.3213907291 0.997752511102 1000.0 0.997752511102
6647.92604185 70.2555610459 0.997812493043 1000.0 0.997812493043
487.893188835 -45.2396120218 0.980555024975 2600.0 0.980555024975
5869.53549005 37.5269453393 0.986072683916 600.0 0.986072683916
6080.48590483 38.8249935427 0.997337261246 5400.0 0.997337261246
5698.07703143 -53.5531301196 0.99663600643 5600.0 0.99663600643
-2383.54778128 -45.6796243009 0.985359400264 600.0 0.985359400264
2278.02848869 81.609000025 0.981751064589 800.0 0.981751064589
-7577.40591027 16.3329567267 0.992285809379 600.0 0.992285809379
6379.57522241 -9.42218528636 0.992038344048 2200.0 0.992038344048
4732.58995381 38.3900233967 0.968152705621 600.0 0.968152705621
-2311.82925805 -68.4463555482 0.981060605705 600.0 0.981060605705
4408.32175265 76.9232309873 0.980008710607 1000.0 0.980008710607
-1850.14765345 15.0909311803 0.971620390808 2800.0 0.971620390808
-1576.1202703 -55.3563165057 0.981366615676 2600.0 0.981366615676
-5857.08773497 -28.9950409493 0.99559685351 1800.0 0.99559685351
-584.788662505 -46.111696048 0.960216205439 600.0 0.960216205439
-3831.51389201 -55.1592454325 0.97845884188 1800.0 0.97845884188
7635.00095371 -32.4572256351 0.993917347145 5000.0 0.993917347145
3824.29349004 42.7425731777 0.989287918659 600.0 0.989287918659
-5522.47966342 -31.9713006831 0.993649187471 1600.0 0.993649187471
-972.001285031 -46.1571466143 0.965885208929 600.0 0.965885208929
-3089.23743828 19.7024348567 0.984429126159 2800.0 0.984429126159
-8779.43409996 55.2354929643 1.00047046482 1200.0 1.00047046482
-1659.4344176 2.03278610849 0.973657557986 600.0 0.973657557986
-3657.90742053 -30.9198000869 0.991125729354 2200.0 0.991125729354
6521.28862289 -62.4573586663 0.994409512747 2000.0 0.994409512747
1748.95863526 10.2706241273 0.985960859796 600.0 0.985960859796
-3641.7135924 -45.0905960205 0.971649912031 600.0 0.971649912031
6172.18386905 -34.1360162205 0.971364257049 600.0 0.971364257049
-318.446144367 -42.6267766145 0.982346372924 2600.0 0.982346372924
3874.06991217 64.5335995301 0.992005861074 1600.0 0.992005861074
6438.67634967 -51.0879039148 0.981397387186 600.0 0.981397387186
5406.60457784 35.0144462483 0.989165909833 2000.0 0.989165909833
4172.1728061 38.0604043095 0.977988369362 1600.0 0.977988369362
-8575.51133319 -43.7607116943 1.00057267113 1200.0 1.00057267113
-4466.44017309 -67.3366161038 0.990201972439 600.0 0.990201972439
6495.92298601 -60.729747296 0.991945679128 6200.0 0.991945679128
-6715.5781039 -16.5920879565 0.997176593708 2000.0 0.997176593708
735.753301902 -65.5592136216 0.985171314428 1800.0 0.985171314428
6876.87910168 44.940328891 0.993299881872 1000.0 0.993299881872
1541.6152883 57.2463056962 0.980703732609 800.0 0.980703732609
-490.10393599 -5.19791934375 0.987514792018 2600.0 0.987514792018
127.632444209 56.2566052024 0.979219512936 800.0 0.979219512936
-6449.82642628 21.3985381626 0.996199345521 1600.0 0.996199345521
3191.13458986 -31.5496981771 0.973761345624 1800.0 0.973761345624
6010.89483152 -6.80594746852 0.980651315782 600.0 0.980651315782
-2943.70147665 -33.9778588783 0.980686514745 3000.0 0.980686514745
-1435.03746107 3.71833936551 0.983056243926 2600.0 0.983056243926
8477.00588416 10.2507072841 0.992975475936 2400.0 0.992975475936
-5262.64709122 -46.3112114714 0.996375367016 1800.0 0.996375367016
-274.909318191 2.66245880672 0.98834339274 800.0 0.98834339274
-2245.33708911 8.22994991134 0.972943125188 2800.0 0.972943125188
591.085025258 -54.5593384869 0.965895997145 600.0 0.965895997145
-1894.9076285 -43.8435501663 0.986307737719 600.0 0.986307737719
-2306.41914296 57.3274378331 0.989623906214 800.0 0.989623906214
8429.11265849 -41.9456525805 0.997485917539 1800.0 0.997485917539
-3094.1291137 -55.3986120948 0.959664072774 600.0 0.959664072774
2019.73913127 16.462339479 0.984218342026 2800.0 0.984218342026
3941.9892721 -15.9194328114 0.971010668386 600.0 0.971010668386
-5267.99004398 -53.6652919733 0.995371923107 600.0 0.995371923107
3346.02159967 9.77562326368 0.980548434922 600.0 0.980548434922
2544.6273926 -50.7945239175 0.97367153668 600.0 0.97367153668
6470.25238331 65.6873473419 0.985315409952 1200.0 0.985315409952
4925.7982915 20.8808817127 0.995503279528 600.0 0.995503279528
-7135.98892448 46.1240562316 0.998565201715 1000.0 0.998565201715
-1185.01002426 36.5288454119 0.964294539269 2800.0 0.964294539269
685.45926074 -6.09159214824 0.981239064428 600.0 0.981239064428
-5353.73975204 16.2682795042 0.996930728092 2200.0 0.996930728092
-1506.20003556 -40.9463661517 0.966562591991 1800.0 0.966562591991
-499.554616454 76.6236054213 0.987042869743 2000.0 0.987042869743
4820.47041658 -31.2569093309 0.973234012348 600.0 0.973234012348
5059.63148777 48.8249646102 0.98908596763 2200.0 0.98908596763
-4698.64679897 33.0929731139 0.996690202918 1800.0 0.996690202918
9829.99405093 38.4203817102 0.99788727397 1400.0 0.99788727397
4190.2988612 79.4698848115 0.985818486402 1000.0 0.985818486402
271.702332224 32.5112458999 0.97521035263 1800.0 0.97521035263
1207.92927576 37.123287982 0.991488319528 800.0 0.991488319528
2035.00423706 -43.3321221268 0.967763333785 600.0 0.967763333785
-150.663512247 -50.2600207094 0.964631122605 600.0 0.964631122605
103.608937826 -68.8366858883 0.986588097369 1200.0 0.986588097369
-5382.27887109 -36.5151350838 0.988929970877 2400.0 0.988929970877
-5856.04566496 -79.5265627936 0.994189666868 1200.0 0.994189666868
1318.6572977 50.7913597905 0.973726748266 600.0 0.973726748266
6854.39726887 49.0614027925 0.995354592771 7800.0 0.995354592771
-8654.48792343 -83.9121793022 0.992707651975 1200.0 0.992707651975
-6749.53660734 -18.5764254475 0.993522427018 2600.0 0.993522427018
-3245.61874944 33.9963559252 0.994197527334 3000.0 0.994197527334
-280.230422613 79.2854625012 0.988224597912 2400.0 0.988224597912
4387.83575035 -17.3862194571 0.985286039256 600.0 0.985286039256
4630.79307148 -10.9465070418 0.973347121818 600.0 0.973347121818
-2566.4893849 19.6496608484 0.975290495896 600.0 0.975290495896
-5633.5550218 -47.5622379692 0.998047954373 1000.0 0.998047954373
530.816221483 -5.20313206113 0.981030361381 600.0 0.981030361381
4547.31028396 -9.23570981974 0.980734475544 600.0 0.980734475544
5965.57346731 -41.8256484454 0.982690824771 1800.0 0.982690824771
6033.72492929 38.1342332891 0.991717944244 800.0 0.991717944244
-4300.07910005 -44.2015347815 0.988093674503 600.0 0.988093674503
2724.84774782 -9.35769380031 0.972485158321 600.0 0.972485158321
-1587.10058637 -7.34755811389 0.980638330321 2600.0 0.980638330321
-6325.36809812 -22.6753460838 0.992392180947 1400.0 0.992392180947
-4612.83712141 6.39995975763 0.991692788685 2400.0 0.991692788685
-5489.97174162 59.4547067496 0.997177822518 1000.0 0.997177822518
2561.28902056 11.2480077396 0.979258906975 2800.0 0.979258906975
5448.12648656 18.2592441977 0.996798893963 2000.0 0.996798893963
1379.73034197 -7.41305853555 0.959171341901 600.0 0.959171341901
-6259.46296449 53.0710626535 1.00085201614 1000.0 1.00085201614
5952.71696711 -66.4338253938 0.993827758497 600.0 0.993827758497
-1007.93592166 -79.0456779457 0.974004328229 600.0 0.974004328229
-286.054833548 65.4619283559 0.985056320004 1400.0 0.985056320004
-676.47774474 59.9418197194 0.987762495829 2800.0 0.987762495829
3017.66645772 -73.5417557684 0.959973817342 600.0 0.959973817342
-7298.68645966 -13.8931316131 0.999121781224 1800.0 0.999121781224
2404.20731488 25.7315593298 0.980000291079 2400.0 0.980000291079
-703.998771272 -13.2096633894 0.98712944074 600.0 0.98712944074
953.52536773 -30.1298968851 0.982962627742 2600.0 0.982962627742
5102.47010292 41.3229324928 0.97764244076 2400.0 0.97764244076
-3396.19298776 17.0461943035 0.984836412459 3400.0 0.984836412459
2687.33918103 -40.4145656744 0.976195198933 2400.0 0.976195198933
3136.14498178 -33.7506677258 0.98064162828 2800.0 0.98064162828
-838.622043509 26.9822772478 0.981286123652 2600.0 0.981286123652
-5406.456398 -43.7557987539 0.99764761219 1000.0 0.99764761219
2786.3954638 36.3025328732 0.991352801241 600.0 0.991352801241
-7542.09020276 -18.0330061051 0.998196538478 3200.0 0.998196538478
5184.17327529 23.3665524121 0.988519206775 1800.0 0.988519206775
4389.31211466 48.444402392 0.974475722526 600.0 0.974475722526
719.21306846 -55.9817451013 0.944947613226 2400.0 0.944947613226
874.844025321 -49.9705833358 0.972390908262 600.0 0.972390908262
2604.7421257 11.9349510199 0.987500995918 3000.0 0.987500995918
3879.26912003 35.7191676545 0.992229189286 600.0 0.992229189286
2471.38540652 27.7898068057 0.983339046916 600.0 0.983339046916
-4035.07834792 60.4425760663 0.98271234157 600.0 0.98271234157
7064.71978257 15.8903316865 0.972119106221 600.0 0.972119106221
-3018.93092598 -12.1715072676 0.987650386129 600.0 0.987650386129
6212.62728512 19.9410201542 0.975587529379 600.0 0.975587529379
8264.9506639 57.6601615034 0.999891177545 1000.0 0.999891177545
5358.99201244 -54.0301031384 0.982330703625 600.0 0.982330703625
1603.75164441 -52.9680960687 0.970741691716 600.0 0.970741691716
-2505.33277365 -9.29180777044 0.983053889285 3000.0 0.983053889285
1795.24216641 -67.1269756877 0.987911179289 2200.0 0.987911179289
-1619.29136707 48.6658000505 0.981902076426 2600.0 0.981902076426
7154.66714239 -22.9383799196 0.986642473215 1800.0 0.986642473215
6651.81356345 10.3882603043 0.968112935752 600.0 0.968112935752
3973.24235972 32.9374580442 0.97229395918 2400.0 0.97229395918
619.043067153 22.0384931377 0.985393193387 2600.0 0.985393193387
5058.94540095 83.2182393072 0.979713847572 2200.0 0.979713847572
1580.35840846 0.964248844592 0.973663537921 600.0 0.973663537921
-281.041199404 51.3304678988 0.985881567615 2400.0 0.985881567615
-6667.96078376 14.0694910906 0.998157683215 1000.0 0.998157683215
1265.8347996 -6.7798018592 0.986075006184 600.0 0.986075006184
-1004.38211384 -43.5744209273 0.966838182138 600.0 0.966838182138
-7080.91454774 24.5841406273 0.998998066453 2000.0 0.998998066453
3044.42524313 -52.3881089967 0.982342786374 2400.0 0.982342786374
5305.56847355 4.91158287225 0.966468790094 600.0 0.966468790094
-6079.77964414 -68.5561691204 0.994458053337 1800.0 0.994458053337
1467.44168318 45.149661012 0.992099745883 1400.0 0.992099745883
-4562.36507452 49.3315926938 0.98881911407 2400.0 0.98881911407
4469.45932215 -62.8082989625 0.978423495804 600.0 0.978423495804
7059.5216706 23.6274773244 0.976615637254 600.0 0.976615637254
6547.76680044 -21.1082089888 0.990831220781 600.0 0.990831220781
1522.87366905 -10.8346912702 0.974225696926 600.0 0.974225696926
834.034061925 -25.1524943338 0.982841401106 600.0 0.982841401106
-5491.55170455 -40.1118102742 0.996323722255 600.0 0.996323722255
-4964.90528406 37.9106910185 0.993311097259 2000.0 0.993311097259
-8817.33526648 37.0648454624 0.99845006253 1000.0 0.99845006253
872.521793839 -54.4553833382 0.959344622952 600.0 0.959344622952
-6575.72502517 -63.8189202041 0.999114064489 1200.0 0.999114064489
4817.02254629 44.185853967 0.989205131495 1200.0 0.989205131495
7185.94559506 -48.6855911716 0.997928452212 1200.0 0.997928452212
6924.51478424 74.2502103272 0.996248501051 600.0 0.996248501051
-697.821977572 9.14041370377 0.989609291276 800.0 0.989609291276
-5160.61537789 -83.8652148323 0.984773068939 1200.0 0.984773068939
-3052.61147221 -18.6789633532 0.983533991047 2800.0 0.983533991047
2835.47098981 14.5849349625 0.990063793354 2400.0 0.990063793354
5967.46087195 -70.270367385 0.987816426248 1600.0 0.987816426248
5960.15452659 -34.1053685487 0.984913131264 600.0 0.984913131264
2781.09374755 18.8609232792 0.984038525334 600.0 0.984038525334
-4632.73914922 -28.9886059725 0.997438009147 2200.0 0.997438009147
1252.05515851 25.507204872 0.966433268949 600.0 0.966433268949
1176.66992462 -81.0812377129 0.991306152816 2400.0 0.991306152816
-2389.67449345 57.0932884063 0.990327410879 2200.0 0.990327410879
-181.805859312 -42.0202293933 0.977335603232 600.0 0.977335603232
-672.253313972 63.6401928898 0.980231723154 2400.0 0.980231723154
914.181438721 33.9119862348 0.981891930651 800.0 0.981891930651
5450.99735651 62.7743485805 0.994054169708 1000.0 0.994054169708
-5535.91884177 53.491159171 0.996078441039 2200.0 0.996078441039
4424.47640451 58.9498822512 0.980223015277 800.0 0.980223015277
5635.4817468 54.8703542142 0.995721048157 800.0 0.995721048157
-5303.70996698 59.3468319067 0.997583984934 1600.0 0.997583984934
-6827.94719433 -35.4508232642 0.994273734173 1400.0 0.994273734173
-6098.45725365 65.4195537862 0.996290903722 2000.0 0.996290903722
-1159.70065961 29.691227112 0.977705865542 2800.0 0.977705865542
-8516.67327666 -12.7961190592 1.00028972571 3800.0 1.00028972571
6138.19463796 -39.4231168209 0.988394291857 1400.0 0.988394291857
-986.841338169 -43.7072452671 0.969552956842 2600.0 0.969552956842
7033.02997896 21.7677160889 0.98877287748 800.0 0.98877287748
1740.15797628 -69.2763098418 0.961885198441 600.0 0.961885198441
3480.90284729 52.8202907694 0.984081575294 1800.0 0.984081575294
-724.949484738 24.7881184665 0.98453097806 800.0 0.98453097806
3155.58461212 62.8453345531 0.99206195651 1000.0 0.99206195651
3750.12793582 -22.440763568 0.979408152793 600.0 0.979408152793
3286.56335001 4.95466313211 0.970753771483 600.0 0.970753771483
-4406.35845606 5.20673267942 0.993985142584 2400.0 0.993985142584
-8190.03967077 -73.6955267235 1.00039466586 2200.0 1.00039466586
-1644.54593629 33.3813664021 0.972696815072 2600.0 0.972696815072
-6840.3471468 84.0661203391 0.998209095636 1600.0 0.998209095636
3260.85623018 38.1137491093 0.991313892178 2400.0 0.991313892178
1801.07190526 38.7640223678 0.995827316122 600.0 0.995827316122
-7954.48419315 25.7174641737 0.998792786398 1200.0 0.998792786398
3729.54048852 -15.156057314 0.984144452439 600.0 0.984144452439
549.763162786 34.9878076232 0.974168612986 2400.0 0.974168612986
-1037.36748504 -42.87500413 0.98252258173 1800.0 0.98252258173
5066.71287763 11.6098908425 0.982000993692 600.0 0.982000993692
5740.84177348 31.8014377257 0.987788863944 800.0 0.987788863944
1932.75992709 -3.31958601984 0.982239080783 600.0 0.982239080783
-6769.99704775 -70.6022442719 0.993891777318 600.0 0.993891777318
3255.73670766 30.6104868957 0.983907954109 3000.0 0.983907954109
-4205.13443882 2.02056848246 0.987243409583 600.0 0.987243409583
350.086178469 40.459858782 0.987256342796 600.0 0.987256342796
-7601.28104183 23.8431903264 0.995970907734 2000.0 0.995970907734
-4493.51198527 72.7017276744 0.991819229928 1800.0 0.991819229928
-2786.79886972 -1.80996905314 0.980108692682 3000.0 0.980108692682
-7703.91425692 -75.446909827 0.989410361755 600.0 0.989410361755
1525.97338641 41.8147481252 0.997320881446 3000.0 0.997320881446
3929.11036158 47.5255745085 0.972230956701 2000.0 0.972230956701
-1374.07818538 -8.04532436599 0.975610369723 600.0 0.975610369723
-6384.67966236 -65.349523198 0.988895161724 600.0 0.988895161724
-4404.43427648 44.7178045981 0.996202867654 2400.0 0.996202867654
-1964.93446434 -3.13658975719 0.980377261835 2800.0 0.980377261835
-955.128395672 -1.85067956808 0.985539088086 2400.0 0.985539088086
4574.40503025 -25.8296729 0.98082804711 600.0 0.98082804711
-3672.71797324 -73.2389620491 0.995260588963 6600.0 0.995260588963
6922.50992636 -18.5360242201 0.958366759706 600.0 0.958366759706
-6071.81156989 49.5713735379 0.996135419176 1600.0 0.996135419176
7198.32229821 -28.541863591 0.990975724809 800.0 0.990975724809
3061.53675699 38.7217643481 0.982610163952 2800.0 0.982610163952
-4693.54970994 -38.5766288537 0.998964995305 1200.0 0.998964995305
-7323.47206058 -21.0420441482 0.989110565284 2800.0 0.989110565284
-1074.18482427 -19.3341441494 0.984634787745 800.0 0.984634787745
-1871.78693776 44.6034363468 0.99071707238 800.0 0.99071707238
859.262642293 43.658411291 0.982822333215 800.0 0.982822333215
-3030.99240858 78.1559715171 0.996293709572 800.0 0.996293709572
5176.79243818 47.4722098299 0.981669178303 600.0 0.981669178303
-6417.19417073 -10.2267435936 0.990278799924 1800.0 0.990278799924
-4267.09119723 -28.8364070083 0.995890891421 600.0 0.995890891421
2896.09432992 5.95254422171 0.977116063589 600.0 0.977116063589
1924.99793377 -24.8832840323 0.986547210007 600.0 0.986547210007
-6415.76036666 42.0804941698 1.00070447827 1800.0 1.00070447827
-5268.40020266 -17.1600484114 0.990661662782 1800.0 0.990661662782
1137.29409756 65.9604052079 0.99691770347 2000.0 0.99691770347
-478.732546668 -42.5395751372 0.983097644734 1800.0 0.983097644734
5845.91406482 1.09189120415 0.981562350167 600.0 0.981562350167
-683.029096288 21.0630932882 0.982773612661 600.0 0.982773612661
2265.64882986 49.214319086 0.988738883617 800.0 0.988738883617
-1893.80708787 71.4983490784 0.982263400722 600.0 0.982263400722
-4915.90205789 33.9587117383 0.995760126937 1200.0 0.995760126937
-6419.0876165 -25.8800623556 0.996064257182 2600.0 0.996064257182
6602.2746958 -72.5686414354 0.988498896732 1600.0 0.988498896732
-7620.82820353 33.1773745816 0.995970883526 600.0 0.995970883526
-5192.89779009 -42.4871739374 0.997760021809 1200.0 0.997760021809
-4530.9944363 8.72498068289 0.990524521884 800.0 0.990524521884
-3927.28069892 36.9782140252 0.98367031414 600.0 0.98367031414
-4061.03128367 11.1089040293 0.990741856907 2600.0 0.990741856907
1417.9164585 -39.4182796062 0.961025878473 2600.0 0.961025878473
635.692761057 17.5719215243 0.986343799007 800.0 0.986343799007
5944.39861877 76.0098704399 0.990009298835 2600.0 0.990009298835
3463.71949594 -14.3561469616 0.968416672211 600.0 0.968416672211
7021.78407201 44.7781324611 0.992133422458 2400.0 0.992133422458
3539.15602246 -41.5686196218 0.95997887817 600.0 0.95997887817
1390.79488912 -7.145384244 0.980916429065 1800.0 0.980916429065
8271.66267792 -33.1360165264 0.986524174472 2400.0 0.986524174472
-6184.32050289 19.8880105496 0.99857353871 6200.0 0.99857353871
-3914.95748387 -21.3505621721 0.980394894206 3000.0 0.980394894206
4917.62725693 37.2689052889 0.990506481532 600.0 0.990506481532
-8379.5186262 -46.3333703528 0.995569816989 2800.0 0.995569816989
-2470.42030107 -11.5950378023 0.969360633543 600.0 0.969360633543
5448.87103698 28.5746930081 0.996636394597 1800.0 0.996636394597
1907.33044301 13.2915360171 0.982055897403 600.0 0.982055897403
3038.13955782 -7.45876804215 0.968376031415 600.0 0.968376031415
2607.37264403 -61.3192815115 0.969345996927 2000.0 0.969345996927
1180.96835725 17.5146009082 0.988655905021 2600.0 0.988655905021
-838.470021189 -18.8720566191 0.975774440715 2600.0 0.975774440715
4264.55819345 -71.5605298521 0.992405221497 600.0 0.992405221497
220.96356735 -27.7662420941 0.98698110904 2800.0 0.98698110904
384.245059438 75.4154708099 0.976747403797 800.0 0.976747403797
7168.90782892 41.5118380925 0.990409122915 1600.0 0.990409122915
-921.11643129 -82.4833022879 0.980562309179 1200.0 0.980562309179
-4019.28478969 -66.7225910568 0.991632956569 6200.0 0.991632956569
-6814.67548281 -13.7555545729 0.995777758137 1000.0 0.995777758137
6789.56796997 34.8566600577 0.996496263799 800.0 0.996496263799
-5405.85100791 39.0454031472 0.996569380286 1600.0 0.996569380286
7127.68090635 52.0779420209 0.990102174891 3800.0 0.990102174891
-1229.03019466 -7.98863284425 0.983991177296 2800.0 0.983991177296
-4274.55046484 -89.9867153847 0.98700580975 1000.0 0.98700580975
4588.63135956 -50.2023864131 0.995691111691 1600.0 0.995691111691
-2604.42763979 -38.6523102998 0.966084542339 600.0 0.966084542339
5966.43858388 48.78990711 0.983353510023 2200.0 0.983353510023
-4499.14541793 24.6642883243 0.994608854057 2400.0 0.994608854057
-2654.74567031 45.8202359983 0.98935530105 800.0 0.98935530105
5787.0429031 48.8954882859 0.971900894706 2000.0 0.971900894706
2182.48722403 -31.6383795439 0.965852725422 600.0 0.965852725422
-2504.38088352 -28.3462916197 0.984231905572 2800.0 0.984231905572
248.987770592 4.08677662656 0.970925896304 2600.0 0.970925896304
-1506.4609092 -63.0288304983 0.979558327144 2600.0 0.979558327144
6644.21355489 36.524262007 0.982624719155 600.0 0.982624719155
-407.414535749 31.5885625484 0.984459117822 2600.0 0.984459117822
-4442.19536114 -12.0972183017 0.989334263485 3000.0 0.989334263485
-5332.66566579 -42.1489876868 0.99294162404 2400.0 0.99294162404
-1174.40114098 -28.9214530847 0.986717386702 600.0 0.986717386702
-4276.51126631 51.9277072839 0.991793254663 2600.0 0.991793254663
3652.04204118 -69.3826833745 0.98071023855 1600.0 0.98071023855
2033.02330359 44.7019276598 0.96764178109 600.0 0.96764178109
3384.79045832 43.0277988042 0.987551659471 2400.0 0.987551659471
-1911.06274843 -44.5420224302 0.982348164889 2800.0 0.982348164889
5878.32553065 -49.1035429699 0.992339822567 2600.0 0.992339822567
-6777.28810209 -58.646583282 0.99800567523 1200.0 0.99800567523
4836.31123994 -10.3398255302 0.979944720136 2600.0 0.979944720136
1727.75733825 -12.5032227265 0.956106889669 600.0 0.956106889669
5507.21379002 -22.169585509 0.987697123506 800.0 0.987697123506
-2032.64243269 -32.7006966066 0.992313658301 600.0 0.992313658301
1681.12599351 -1.13070324545 0.967977933166 600.0 0.967977933166
2211.0723689 -5.78325293336 0.967528494142 600.0 0.967528494142
7105.17496526 -46.8987169987 0.969191616292 2400.0 0.969191616292
-5057.72513373 19.0107025153 0.986979586186 600.0 0.986979586186
2918.70710639 -38.8046096644 0.975069557242 2400.0 0.975069557242
-1560.95141909 -6.75937904718 0.982522539189 2800.0 0.982522539189
-6402.81680419 -47.0099245818 0.99768497129 1200.0 0.99768497129
-5091.2448867 -35.4842945956 0.993402563988 2400.0 0.993402563988
-5057.0042158 16.0003708629 0.99286819691 600.0 0.99286819691
-1997.16994872 -25.8498194847 0.974866119521 600.0 0.974866119521
5360.69383901 -2.98722196427 0.982724389836 600.0 0.982724389836
5847.5868184 -39.5226340097 0.985620255454 800.0 0.985620255454
-4555.14039033 3.16441513208 0.989825390476 600.0 0.989825390476
-6402.39094505 49.8809850413 0.998542696803 1000.0 0.998542696803
1462.4920782 -56.2907277265 0.969681110951 600.0 0.969681110951
4824.1746582 41.2555789896 0.991323924651 1800.0 0.991323924651
-2667.40143377 -18.611900413 0.993251445095 2800.0 0.993251445095
3676.35156361 8.38380825637 0.992269827049 1600.0 0.992269827049
-4708.36613986 39.9158889359 0.993289274856 1400.0 0.993289274856
3297.14356965 59.9872967691 0.997579617643 5400.0 0.997579617643
-1680.55862429 57.9670500828 0.992850894709 1800.0 0.992850894709
5135.03542384 6.44508615165 0.982002873188 600.0 0.982002873188
9005.80708858 8.98117990197 0.997514726132 2400.0 0.997514726132
779.364570285 -14.4194907173 0.984785951071 600.0 0.984785951071
2885.38616869 -8.56838668037 0.985171800596 600.0 0.985171800596
6732.65764499 34.1214426504 0.999293334572 1000.0 0.999293334572
-5475.46138518 -71.7902004392 0.998900024088 1000.0 0.998900024088
6641.17964476 -43.2281369157 0.985805410858 2400.0 0.985805410858
4619.56548226 -41.0540053833 0.990803622268 600.0 0.990803622268
293.855361078 75.7136205804 0.988271511379 1000.0 0.988271511379
-5820.58125993 24.5107708486 0.993450344347 2000.0 0.993450344347
-4486.38567422 -33.9979961862 0.9994183964 2200.0 0.9994183964
-2792.01388977 84.0028613446 0.983109180447 2400.0 0.983109180447
4946.36693462 -54.4462773575 0.991426048 1600.0 0.991426048
4784.60724071 -49.8004247081 0.980859606584 2000.0 0.980859606584
6787.70482762 -37.6036600695 0.982885494979 600.0 0.982885494979
-1103.60184076 -30.3289075918 0.983498923162 2600.0 0.983498923162
-6399.07118675 38.1656757839 0.998936747051 2600.0 0.998936747051
3812.17125976 -29.3866087622 0.986655131349 2600.0 0.986655131349
-7357.29951253 -23.8652875259 0.999246833444 1400.0 0.999246833444
3652.15461412 36.5067423221 0.985747037419 800.0 0.985747037419
5077.949448 9.1681847668 0.987876740212 600.0 0.987876740212
5466.33199913 67.5115934113 0.992056271591 600.0 0.992056271591
5044.42772657 -61.7940474674 1.00198813925 1600.0 1.00198813925
-474.739645434 -34.7415585226 0.984380895861 800.0 0.984380895861
794.223460334 -41.121167706 0.969752104051 2600.0 0.969752104051
-3169.14961766 63.9274147209 0.993180562825 2000.0 0.993180562825
5830.75530204 20.2106359044 0.979399728093 600.0 0.979399728093
7538.53251767 65.1842101242 0.993756898617 4600.0 0.993756898617
-5442.05449636 -58.5495155655 0.9743716762 600.0 0.9743716762
-3776.69184275 45.049730624 0.989243319199 3000.0 0.989243319199
-5422.28788656 2.12720234939 0.993978492701 2600.0 0.993978492701
6787.44326666 -46.6733179516 0.967505333488 600.0 0.967505333488
-6233.32706022 -56.1424225588 0.99881909005 1600.0 0.99881909005
3578.15618859 45.6924964851 0.991753121802 3000.0 0.991753121802
-749.430557479 -67.0582412302 0.975621429386 1000.0 0.975621429386
-892.189643651 39.0646718869 0.977164748087 2600.0 0.977164748087
1331.78198394 39.7442640107 0.987922993051 2400.0 0.987922993051
6024.69721857 -50.9505122583 0.987570683544 600.0 0.987570683544
301.980546691 -68.9202203465 0.981097365242 1800.0 0.981097365242
-5944.3227353 71.755697945 0.993632436814 1800.0 0.993632436814
-3432.99677352 21.8974501609 0.989911887105 2000.0 0.989911887105
-6279.27368743 77.0634363943 0.998708881744 1400.0 0.998708881744
2453.68273844 -8.05068855847 0.982917058952 600.0 0.982917058952
-2058.2987471 -1.29027199839 0.985662765869 3000.0 0.985662765869
-80.5659266226 31.8622038225 0.964811114384 2600.0 0.964811114384
4694.49678406 18.31250834 0.982671661019 600.0 0.982671661019
401.051683515 37.9620842149 0.971669353754 2400.0 0.971669353754
-1049.21326325 -49.5897594137 0.979128920423 2600.0 0.979128920423
-96.9683736058 -24.8299934978 0.97550067034 2800.0 0.97550067034
5042.6660297 48.2572579189 0.979017243048 2400.0 0.979017243048
-360.516884465 -34.8150837635 0.967708000693 600.0 0.967708000693
-6726.89979292 6.62907365168 0.999011495049 2200.0 0.999011495049
-6193.07608844 -54.434528043 0.998781220312 1000.0 0.998781220312
2440.36981194 -9.54528734969 0.985691972894 600.0 0.985691972894
-5956.20133906 -1.13293303872 0.990703956639 2600.0 0.990703956639
6591.1179154 -21.6915638683 0.992034747133 600.0 0.992034747133
5160.07009293 85.6784479854 0.991569065864 2400.0 0.991569065864
-2583.313402 -29.0202447312 0.978599829793 2800.0 0.978599829793
-4538.27209671 67.0523098577 0.996343385025 1800.0 0.996343385025
-1772.0967609 -59.8969038842 0.983104109599 6600.0 0.983104109599
791.465048955 5.40278901951 0.975929277065 2600.0 0.975929277065
-2515.8524106 -52.1516840518 0.971287609675 1800.0 0.971287609675
-9510.82728573 -45.8469842317 0.999401116669 1000.0 0.999401116669
448.277392273 81.2608151289 0.99637625052 1800.0 0.99637625052
-5464.62564378 -63.3636936508 0.996939850514 2600.0 0.996939850514
-6757.29179297 24.5073619569 0.992268695904 600.0 0.992268695904
-316.740540189 -64.8307387911 0.978097999859 600.0 0.978097999859
3364.73052657 -72.1054685209 0.969802312208 600.0 0.969802312208
3940.47943053 32.6567647549 0.987668201206 600.0 0.987668201206
3592.34584732 52.5813835729 0.991590940566 2000.0 0.991590940566
4425.30215081 -36.6338472533 0.987503865669 2200.0 0.987503865669
1880.8325237 34.5134467619 0.984621179651 800.0 0.984621179651
4942.36130114 17.4482181244 0.996513833112 600.0 0.996513833112
-5028.90288989 -62.1452113208 0.997452396165 600.0 0.997452396165
-883.939003033 29.3257444162 0.975684093082 2600.0 0.975684093082
-7019.74575898 -14.9039956772 0.996300104682 3000.0 0.996300104682
-6300.01217422 -31.9512063258 0.99739469949 1600.0 0.99739469949
6954.78015255 50.6468202583 0.974826320669 600.0 0.974826320669
1989.66612891 -46.2937038697 0.947241173721 600.0 0.947241173721
6578.96845766 -9.85415629783 0.980677618011 600.0 0.980677618011
-2315.20717032 66.878533434 0.9976984663 1800.0 0.9976984663
-6223.52012087 20.5547037939 0.998712059617 2200.0 0.998712059617
-6141.65000117 -14.3371353411 0.997527478877 2400.0 0.997527478877
-4092.37230236 -66.4212952126 0.991712817254 2000.0 0.991712817254
2293.60935271 71.2378966928 0.97982096162 2400.0 0.97982096162
4868.71238866 1.93572839858 0.983832734431 2800.0 0.983832734431
-2952.62871596 18.3412986984 0.989378902426 2400.0 0.989378902426
-6424.933791 -13.3777523581 0.994677499582 600.0 0.994677499582
-4144.96571643 -19.8925465976 0.995179727628 3000.0 0.995179727628
6763.68562195 25.4453536121 0.99430253167 1800.0 0.99430253167
-1380.18683703 55.835534819 0.977243676679 600.0 0.977243676679
-5934.41206803 66.7229702728 0.998722333203 1600.0 0.998722333203
5359.22779947 5.86290198078 0.979632057893 600.0 0.979632057893
-1348.29178143 24.7813186744 0.984481525155 2600.0 0.984481525155
1156.22098296 -53.388603053 0.962407715538 600.0 0.962407715538
-5585.0552002 -33.4782004339 0.98981818944 2600.0 0.98981818944
-2310.28164105 -61.1952522301 0.974821596639 2400.0 0.974821596639
-7826.06503748 35.3984349506 0.998037587148 2200.0 0.998037587148
5086.83732226 45.5317932549 0.995763515377 2200.0 0.995763515377
-2635.4033569 53.1390935849 0.97678020378 2400.0 0.97678020378
2289.88131527 51.7722650914 0.981231012641 600.0 0.981231012641
5510.36515529 37.7104148906 0.986130329399 600.0 0.986130329399
6143.1995614 -50.748657331 0.988511682129 600.0 0.988511682129
6095.47867426 -50.9717075985 0.997183298973 600.0 0.997183298973
3479.91936468 34.8035140539 0.98442827195 2600.0 0.98442827195
-3270.02566979 -5.99691667052 0.983270537425 2600.0 0.983270537425
-4887.04480618 -6.42137231109 0.993003151581 2400.0 0.993003151581
4126.22904145 -39.2632965698 0.966359561522 600.0 0.966359561522
-7607.29918136 -72.0484214638 0.989278493525 1800.0 0.989278493525
1137.89021555 -72.8169787583 0.977821865594 600.0 0.977821865594
-750.189145404 -56.3198923311 0.972198646607 600.0 0.972198646607
920.232039105 70.2702571942 0.99580328985 1800.0 0.99580328985
-2363.000792 -6.16127018313 0.988497800769 600.0 0.988497800769
-499.73153216 -52.4603385034 0.988850487882 1600.0 0.988850487882
-2274.85016718 -24.8678014563 0.990557756147 2600.0 0.990557756147
-967.008357667 1.84936830287 0.984140980144 2400.0 0.984140980144
-1568.77956885 14.4770931777 0.989493879581 2800.0 0.989493879581
430.325910469 55.0359217921 0.986340995184 800.0 0.986340995184
-4568.42561413 -31.9434383794 0.989203658726 1800.0 0.989203658726
3213.37657884 -5.96690459023 0.979773549868 600.0 0.979773549868
810.329713604 80.914161431 0.980413775362 800.0 0.980413775362
3927.69914038 34.2779344426 0.98665218496 2400.0 0.98665218496
-4115.47955101 53.6023453073 0.983472027893 2200.0 0.983472027893
-3494.5893229 10.5041934932 0.992626632255 2600.0 0.992626632255
-1922.13514368 17.9205034508 0.971803058751 800.0 0.971803058751
4678.50530055 43.2288505988 0.994944562965 2400.0 0.994944562965
-2163.58435808 12.7681125325 0.986155505854 2800.0 0.986155505854
-3025.24195584 26.2653768991 0.989825282019 600.0 0.989825282019
-2236.83511812 -7.8501586072 0.97232113535 2600.0 0.97232113535
1296.12187138 -49.452581197 0.969009930861 600.0 0.969009930861
5017.20660841 -50.3246146313 0.994447412908 1800.0 0.994447412908
-1436.90655932 49.243407274 0.978259883671 800.0 0.978259883671
-2465.06174603 59.3740592802 0.987455761058 800.0 0.987455761058
-131.151942027 34.2227765608 0.977818509197 800.0 0.977818509197
-5928.01222487 -17.3150279488 0.997604109271 1800.0 0.997604109271
6861.72869709 47.971995695 0.995388751083 800.0 0.995388751083
2291.02489118 -25.9585764887 0.977497813026 800.0 0.977497813026
5455.07029524 -61.7951667802 0.997346258517 1400.0 0.997346258517
6747.57575918 56.7606916716 0.996480243422 1000.0 0.996480243422
6424.50080123 -22.1281930212 0.983643759382 600.0 0.983643759382
3262.07978522 23.1457584866 0.996093294617 2800.0 0.996093294617
7135.60906695 -13.3728133301 0.978211465178 600.0 0.978211465178
-2795.38798059 -45.517340932 0.967898981523 1800.0 0.967898981523
-6675.22774345 -39.1476241938 0.991802180279 2400.0 0.991802180279
-7469.68485163 68.1499857069 0.997878656402 1600.0 0.997878656402
4686.11893613 8.06508484347 0.981165833065 2600.0 0.981165833065
-2676.57065588 58.8566921844 0.989813467782 1800.0 0.989813467782
4770.40851994 -50.5712127047 0.992946829451 4800.0 0.992946829451
-2184.10451591 -80.1221402058 0.979123221477 1000.0 0.979123221477
-1492.86890475 -36.5753998249 0.966376785248 2600.0 0.966376785248
-2465.39788796 25.8794640461 0.992828612297 2600.0 0.992828612297
-3380.6839513 -6.02962222909 0.98339946554 600.0 0.98339946554
5480.32383319 -20.7423774451 0.985937801394 600.0 0.985937801394
2161.43169568 -81.2340272692 0.97393049949 600.0 0.97393049949
2679.01147478 12.6954253225 0.993580018627 2600.0 0.993580018627
-1113.63322961 -83.5104921447 0.970786510875 600.0 0.970786510875
-2540.96636585 -13.4490518224 0.98472236741 600.0 0.98472236741
-1299.34765717 16.0492886686 0.978036755969 2600.0 0.978036755969
-1955.5596456 -31.9239433199 0.987661833551 2200.0 0.987661833551
4628.12807841 83.2566381598 0.991695038657 800.0 0.991695038657
-625.652192042 16.789073334 0.974348876449 2600.0 0.974348876449
-3545.11450039 -43.4179558553 0.983898973424 2600.0 0.983898973424
-1998.66976315 -73.6824508193 0.989397902848 2600.0 0.989397902848
2210.87537678 10.7805821678 0.984449687965 2600.0 0.984449687965
4640.42735307 16.5047946159 0.979915200023 2400.0 0.979915200023
-6958.14072934 -36.149969905 0.998984422378 1000.0 0.998984422378
-5471.51833427 -8.58286969697 0.994276767764 2600.0 0.994276767764
5968.64803331 -29.1157190779 0.977671539718 600.0 0.977671539718
2705.67427717 -15.2789914719 0.985259697663 600.0 0.985259697663
739.385191465 -68.5899970356 0.977000176206 600.0 0.977000176206
-2379.42723458 4.62657710027 0.987593124152 2600.0 0.987593124152
6611.25301564 25.7829548266 0.987976834092 1600.0 0.987976834092
6009.6084734 -24.4224541005 0.989714027659 600.0 0.989714027659
-4033.19453831 -22.2088652351 0.981775315704 600.0 0.981775315704
372.237425976 -48.0000248959 0.976025016545 600.0 0.976025016545
1542.53932796 10.2307317797 0.973728402535 600.0 0.973728402535
-3518.87054889 -45.8834682044 0.993757629861 2800.0 0.993757629861
-2119.20643031 31.0195021111 0.997290227438 2600.0 0.997290227438
3017.2068841 -47.5208615325 0.984803291568 2400.0 0.984803291568
7833.93439444 -39.8709017144 0.989143831273 600.0 0.989143831273
2770.30377614 -38.3488383371 0.963314366544 600.0 0.963314366544
4916.18790347 -54.358977653 0.981909779383 1800.0 0.981909779383
-5945.35942242 -21.760915644 0.989077574217 600.0 0.989077574217
-5729.75665636 62.9362332469 0.995964608513 1800.0 0.995964608513
-6036.1954118 -8.80126792319 0.99647617631 3400.0 0.99647617631
6932.91432865 49.7847678437 0.998049886328 3200.0 0.998049886328
1025.35321427 -34.5654656938 0.95369520063 600.0 0.95369520063
-3025.3749089 55.6987229563 0.98740544452 2000.0 0.98740544452
-7813.73727655 -10.0507427519 0.996373056439 1600.0 0.996373056439
1231.90869094 -50.4804404115 0.982616779088 1800.0 0.982616779088
7096.98448553 -25.9630991758 0.990789849382 600.0 0.990789849382
2887.83285585 -58.3488044849 0.985700038318 5000.0 0.985700038318
2134.40429888 68.092038023 0.969899106303 600.0 0.969899106303
863.77683289 -21.7228722319 0.972669022497 600.0 0.972669022497
170.843600387 -29.2734194335 0.966396093424 600.0 0.966396093424
-7734.48420995 83.0509603485 0.992792966641 1000.0 0.992792966641
5616.72686044 32.8213528127 0.990991565831 600.0 0.990991565831
7391.35137924 -12.4528923458 0.981606201307 600.0 0.981606201307
2898.92569598 -71.1587121413 0.980193859588 1800.0 0.980193859588
-6659.01354755 25.0829952769 0.998946101105 2400.0 0.998946101105
5334.60112814 24.912484584 0.976104516735 600.0 0.976104516735
4555.79703799 44.0527025371 0.985868405436 3000.0 0.985868405436
1797.04045791 -59.6338505374 0.977713660119 2400.0 0.977713660119
852.325077662 84.1706254857 0.989651842838 800.0 0.989651842838
-2116.31176014 -2.89790214607 0.984213156345 2600.0 0.984213156345
-7058.58659761 -43.1324978008 0.99975255634 1000.0 0.99975255634
2398.17987549 10.2809040788 0.97488792074 600.0 0.97488792074
-1171.53951741 -75.5061706139 0.990299364426 600.0 0.990299364426
-87.3305246196 -65.9613791681 0.964843539384 600.0 0.964843539384
3676.90079922 -18.6363703344 0.948351527334 600.0 0.948351527334
479.688717625 35.1481394414 0.994439554838 1400.0 0.994439554838
-5681.86264641 12.7561777583 0.99368199991 1600.0 0.99368199991
-7127.74613967 -9.46094139022 0.997356230229 2000.0 0.997356230229
4413.39881921 25.5275319035 0.982809361385 2600.0 0.982809361385
-2599.15119815 -70.5865940332 0.982644736311 1000.0 0.982644736311
5684.44134483 -19.7838304137 0.991457857635 800.0 0.991457857635
21.6059548244 24.3152335961 0.986567734291 2400.0 0.986567734291
-2295.1565532 38.7697241702 0.982307604366 1800.0 0.982307604366
4206.30200355 -51.2591267839 0.985091749638 600.0 0.985091749638
-2451.82540682 -37.5175998539 0.986987216055 1800.0 0.986987216055
-4688.33735218 -88.6188353128 0.996576525082 1000.0 0.996576525082
124.667654863 -8.16018177602 0.988996628075 2600.0 0.988996628075
7885.54910255 -34.9014674782 0.991769300707 1800.0 0.991769300707
-4234.95338739 -16.0735675049 0.988093334358 2800.0 0.988093334358
6822.32881857 -49.0866145183 0.991064179577 1600.0 0.991064179577
-473.526922936 16.5730961705 0.98531157321 2600.0 0.98531157321
1568.46100627 76.6539020613 0.991947860617 1200.0 0.991947860617
-3045.53963833 -17.77815312 0.986658281036 2800.0 0.986658281036
5931.06185274 -71.9129850378 0.989619786273 2200.0 0.989619786273
7205.47637538 56.1743142274 0.991544525708 600.0 0.991544525708
-682.215399891 -67.8240450399 0.964785242038 600.0 0.964785242038
-5635.70028778 -48.9314279808 0.99746318712 3600.0 0.99746318712
-4955.80620358 78.9435515306 0.998600595993 1000.0 0.998600595993
-2129.45003847 22.3078344899 0.983509528889 600.0 0.983509528889
5308.69826037 -43.0756462876 0.982716791852 600.0 0.982716791852
-1597.90663116 -30.5989268762 0.983918092709 2800.0 0.983918092709
-7241.88082856 12.0519344025 0.997875384919 3200.0 0.997875384919
-4846.0983602 -40.9131667858 0.991186582309 2400.0 0.991186582309
6430.47913424 79.4282784495 0.988980614029 600.0 0.988980614029
-3436.50286461 -12.114399826 0.987083804018 2800.0 0.987083804018
-6001.82598928 -30.4585654364 0.998355742409 4400.0 0.998355742409
1839.60525782 54.6776550707 0.995255027249 7800.0 0.995255027249
-2936.79237692 2.74900546335 0.979697399089 600.0 0.979697399089
-2589.50305614 -53.9623574088 0.992620104712 1800.0 0.992620104712
-3786.79407045 15.5055219983 0.987162934376 2400.0 0.987162934376
2675.74328687 34.243936452 0.977932789055 600.0 0.977932789055
-714.46194594 -58.1019290577 0.970973964487 600.0 0.970973964487
-5191.74780459 -13.0646954286 0.992600809425 1800.0 0.992600809425
4608.96763656 -9.42239354027 0.972616018736 600.0 0.972616018736
-602.108749768 -7.4798768064 0.968603692958 2800.0 0.968603692958
5675.18823521 14.2049998313 0.981909080273 600.0 0.981909080273
5766.59800262 28.6929848768 0.993213932422 800.0 0.993213932422
-229.836668564 17.5545927599 0.991832754771 2600.0 0.991832754771
-2187.65429025 -10.6016246275 0.984983826771 1800.0 0.984983826771
-1791.15125903 -1.18076626391 0.985206313581 2600.0 0.985206313581
6205.06504207 45.9852665257 0.979231753435 600.0 0.979231753435
-6612.75249175 -77.7040479085 0.997287730299 1200.0 0.997287730299
4402.54985217 -76.7950435076 0.977101584621 1200.0 0.977101584621
-3024.4554163 -16.7425759908 0.982204247406 2800.0 0.982204247406
-3165.8996227 -29.5951038694 0.985274249984 2800.0 0.985274249984
4038.74224034 -0.599715816288 0.978660999467 600.0 0.978660999467
-5086.94761922 78.515412906 0.993413364608 5400.0 0.993413364608
-6547.6925455 6.7530308499 0.995631822825 1800.0 0.995631822825
-5713.74978642 -14.3303036521 0.994847856467 1600.0 0.994847856467
-1438.65820761 10.4317159715 0.989986987715 2800.0 0.989986987715
4237.00452279 81.490716252 0.992973704675 3200.0 0.992973704675
-1249.15063378 -23.9544378527 0.976513952056 2600.0 0.976513952056
4425.46900957 11.8504682762 0.996396589441 3000.0 0.996396589441
4655.62857962 -38.6646406846 0.978424134995 1800.0 0.978424134995
2443.12936317 -24.3070237265 0.980158236264 800.0 0.980158236264
8548.8172219 38.652356802 0.996989145862 1200.0 0.996989145862
-530.679862207 65.3861056404 0.978512346982 2400.0 0.978512346982
3721.48220868 5.73515858817 0.980899632864 2400.0 0.980899632864
-4229.58304214 -58.8827225869 0.983555019841 1800.0 0.983555019841
4319.77338628 47.4189489888 0.978019505792 1800.0 0.978019505792
3708.0974451 68.9190942335 0.997895560054 5200.0 0.997895560054
7925.86751864 45.2807910615 0.992244760376 2400.0 0.992244760376
-1761.95393526 -84.5577630604 0.986294357482 1400.0 0.986294357482
-7454.59330951 -39.4147382455 0.995148420528 1600.0 0.995148420528
-5621.46399372 -11.6159063253 0.993777620536 2200.0 0.993777620536
5749.2068378 -20.7121566977 0.996810218847 2200.0 0.996810218847
-2345.81421718 -2.75322942258 0.983789882556 2800.0 0.983789882556
5093.34562359 0.925841025088 0.992884007396 800.0 0.992884007396
3436.01261959 24.7975142654 0.982460476171 2800.0 0.982460476171
-5976.35310413 -32.8762519294 0.99263705996 1800.0 0.99263705996
-7237.25009595 41.1471985618 0.996457364734 2400.0 0.996457364734
7792.50297083 -54.1250369051 0.992424575754 1000.0 0.992424575754
-6757.14757957 -46.6507627794 0.99192763444 1800.0 0.99192763444
-7060.00606656 -65.1095602707 0.988584605145 2400.0 0.988584605145
8019.30320967 -31.4131606141 0.987290666457 1800.0 0.987290666457
7197.58501522 52.4753269431 0.999242957963 600.0 0.999242957963
7999.55165192 -33.3158457727 0.995758066768 600.0 0.995758066768
1745.96073331 -88.2653380893 0.993283351776 2600.0 0.993283351776
-6951.46125833 26.0054684499 0.997579764565 1800.0 0.997579764565
2496.01105786 -74.0300539385 0.961030777076 1800.0 0.961030777076
6727.0138927 -29.9305192539 0.984313916997 600.0 0.984313916997
445.815098716 -62.1671797149 0.980934056596 600.0 0.980934056596
-985.624826731 -42.9846441527 0.983354683053 600.0 0.983354683053
-5567.59421803 -77.2510729452 0.99743564126 2000.0 0.99743564126
-4369.8024562 32.4553027731 0.99233767775 2400.0 0.99233767775
1484.64623363 -11.8325687027 0.991455664506 600.0 0.991455664506
3403.73596076 -1.07153163862 0.973207280164 600.0 0.973207280164
307.9413197 -50.6927475433 0.982749996947 1800.0 0.982749996947
783.468801643 -20.3407450105 0.971144224844 600.0 0.971144224844
-6974.25900316 -29.2030854979 0.999008348399 1400.0 0.999008348399
242.963793238 -29.3061374355 0.977742608224 600.0 0.977742608224
-2753.82276441 67.0191359385 0.995278236938 2000.0 0.995278236938
690.717768469 50.5328764925 0.993012224494 600.0 0.993012224494
-4442.01733082 -67.4526746189 0.998401773757 600.0 0.998401773757
5570.55307481 58.4372543471 0.987965299947 600.0 0.987965299947
598.946200786 -2.76610616735 0.983143396535 800.0 0.983143396535
4083.46809282 14.0581768869 0.990177141606 800.0 0.990177141606
733.436077458 -14.4948029275 0.967451109609 600.0 0.967451109609
3989.35748317 -18.4215941668 0.984685161003 600.0 0.984685161003
5609.01415513 -48.4341981988 0.990873249356 600.0 0.990873249356
-6732.88663078 -2.47026924357 0.992860389661 2400.0 0.992860389661
-4187.35804249 -2.0355463524 0.993939283098 2400.0 0.993939283098
5028.64018249 56.6008583906 0.99694292533 600.0 0.99694292533
-1810.17537969 -37.2447154543 0.96402033737 600.0 0.96402033737
-3129.77514199 -33.3526664116 0.988867929401 2800.0 0.988867929401
1964.03640507 -29.2458458367 0.981505548722 2400.0 0.981505548722
5223.86643895 -1.66546610467 0.970896341962 600.0 0.970896341962
-1222.97381568 -32.8905866727 0.979573612416 1800.0 0.979573612416
1333.41431168 -14.9283168827 0.961581597366 600.0 0.961581597366
6007.44617499 -38.5055247555 0.997003104953 600.0 0.997003104953
3261.61594494 -29.1070597747 0.977873956672 1800.0 0.977873956672
-6169.12792062 -33.3615003612 0.997262145984 1600.0 0.997262145984
2447.19310166 -79.9844594221 0.981073158798 1200.0 0.981073158798
-3803.50334609 1.14180094878 0.984026075259 600.0 0.984026075259
2152.61083898 -30.5698689282 0.985520116769 600.0 0.985520116769
3500.8292151 56.6737319881 0.965461367151 600.0 0.965461367151
4481.35811552 14.7770799802 0.9875695851 600.0 0.9875695851
5481.14395274 -30.6598885637 0.994248422512 600.0 0.994248422512
-798.427525295 45.9952678734 0.970961863519 800.0 0.970961863519
4776.78860955 35.2182383427 0.988953648997 600.0 0.988953648997
4764.90433284 -34.3997652874 0.983668967106 2000.0 0.983668967106
3453.44209491 6.82744876885 0.97468593983 600.0 0.97468593983
-6586.34330696 -8.83585016903 0.992833326751 1800.0 0.992833326751
5169.89867131 35.9268803326 0.977785063811 600.0 0.977785063811
-6460.70891084 -9.25104339043 0.995459348624 2600.0 0.995459348624
-548.069721971 -9.40104233048 0.980704426614 2600.0 0.980704426614
7813.09131681 25.6553097401 0.989464295091 800.0 0.989464295091
-8470.78181875 -39.9299606705 0.99050805666 600.0 0.99050805666
-1364.51173789 68.086678947 0.996649088578 1800.0 0.996649088578
-1939.57034193 6.46669934872 0.982926609236 2600.0 0.982926609236
1590.43725137 -19.0551077339 0.964370761532 600.0 0.964370761532
3216.99582106 17.3818098325 0.978621733893 2600.0 0.978621733893
-1887.3160308 48.9902011163 0.981908135814 1800.0 0.981908135814
5799.82640081 -42.8235399056 0.956038076111 600.0 0.956038076111
-4655.14099266 -40.1759367441 0.988013574918 2400.0 0.988013574918
2089.78019344 -7.97299836714 0.976036172159 600.0 0.976036172159
6885.94500594 -46.1672618262 0.990352341679 1800.0 0.990352341679
2351.77193023 19.0815491412 0.982577102887 2600.0 0.982577102887
-5397.75463873 14.0200983218 0.996029094159 2600.0 0.996029094159
-4369.87598529 -18.2954143514 0.99395731039 2800.0 0.99395731039
1664.65575096 -48.3267335277 0.97964556829 2400.0 0.97964556829
-5606.00608302 -41.3530737163 0.992594350781 600.0 0.992594350781
-7132.03233559 68.8482961125 0.998995637765 2200.0 0.998995637765
303.055107601 17.6785600485 0.983125192025 2600.0 0.983125192025
366.390212767 -4.27627461576 0.978070772577 2800.0 0.978070772577
-6069.21465057 -10.2347212916 0.994817836245 2400.0 0.994817836245
5893.61174407 52.5787312199 0.996787173606 1000.0 0.996787173606
4527.40526068 -1.17137035152 0.977863460214 600.0 0.977863460214
4473.23285522 -89.2908467032 0.993419245296 1200.0 0.993419245296
-6269.3567696 -25.4463374571 0.981534907426 600.0 0.981534907426
2296.49701689 -30.9500517478 0.971081539559 600.0 0.971081539559
7486.45436164 50.553305353 0.994909214176 600.0 0.994909214176
-9371.9152997 -23.203494698 1.00159910605 1800.0 1.00159910605
6951.15071701 33.4710843665 0.99184311507 800.0 0.99184311507
-2726.48254007 21.657349234 0.986858763818 2600.0 0.986858763818
-2606.8418404 16.7758477339 0.985157111066 2800.0 0.985157111066
5004.27828856 -8.94243424092 0.974463939821 600.0 0.974463939821
3358.39953118 53.9197663906 0.993645442215 2200.0 0.993645442215
1923.96598611 -34.6828727827 0.979616520277 800.0 0.979616520277
-4433.01109349 -19.7057062164 0.989143955473 2600.0 0.989143955473
82.0363793307 -58.2377665477 0.953404256967 600.0 0.953404256967
-2065.69217904 -78.7907481377 0.992908780551 1800.0 0.992908780551
-6172.4552264 28.0088553449 0.997186866808 2000.0 0.997186866808
-1536.07167224 -8.19604401859 0.980512298294 800.0 0.980512298294
-2004.60571003 41.8058541222 0.974779158472 800.0 0.974779158472
-2447.79370287 -14.0718707678 0.981647874954 600.0 0.981647874954
4057.14555905 -20.0691521589 0.974344479513 2800.0 0.974344479513
-4297.99934712 37.9120428746 0.999649715948 1600.0 0.999649715948
-1475.36297089 -68.7098950689 0.953571899108 600.0 0.953571899108
-3530.21501884 45.119039212 0.98801402548 800.0 0.98801402548
2335.44254492 9.90361568161 0.987510699018 2800.0 0.987510699018
-7172.8930132 25.5963807316 0.997712824066 1000.0 0.997712824066
-987.910156724 -12.2225753175 0.977396928838 600.0 0.977396928838
-2341.40317981 -28.6339129993 0.980867393195 600.0 0.980867393195
5152.35002992 -15.9350970302 0.973108655124 600.0 0.973108655124
-6200.24136956 45.3751293588 0.997999693903 600.0 0.997999693903
1143.66580126 -55.2498281449 0.96549713093 600.0 0.96549713093
6012.65268886 39.8299697259 0.997246961469 1000.0 0.997246961469
5077.53662053 27.8229062911 0.99081118948 800.0 0.99081118948
3491.44268924 38.950334628 0.983375087058 800.0 0.983375087058
-820.413579433 15.9049704108 0.981249617961 600.0 0.981249617961
5934.07753755 -59.3893599392 0.994040888359 4800.0 0.994040888359
-5188.49940621 50.489003178 0.995830921987 1600.0 0.995830921987
-2252.60113891 29.4712758728 0.984827688723 600.0 0.984827688723
-2237.4871621 39.0251170855 0.983079028423 800.0 0.983079028423
3120.48925256 63.5750429422 0.988827899951 5600.0 0.988827899951
-5654.60267175 -35.2431049636 0.993685670956 2800.0 0.993685670956
2760.55882665 44.4705785063 0.991346649397 600.0 0.991346649397
-2293.85731684 -11.1652622554 0.987722411384 2800.0 0.987722411384
6407.57487538 -7.46887643467 0.975799924613 600.0 0.975799924613
1704.06204105 80.4458823454 0.982367412994 800.0 0.982367412994
382.300722385 -37.9682879007 0.980935258693 800.0 0.980935258693
-4346.98816031 -49.5015856174 0.996546484126 600.0 0.996546484126
3750.89170971 -36.2388597821 0.980951357491 600.0 0.980951357491
3460.1276106 -26.4919591896 0.986939470303 600.0 0.986939470303
3372.37656538 -8.09509931814 0.958656636595 600.0 0.958656636595
-876.219440703 -45.1642134822 0.966150517527 600.0 0.966150517527
2700.83654503 34.2477732868 0.969840321816 600.0 0.969840321816
8020.98608184 -54.2714139059 0.98935608066 5600.0 0.98935608066
430.334456745 -30.5507758052 0.983250698317 600.0 0.983250698317
-2177.22518055 -43.251494923 0.966302448244 600.0 0.966302448244
6331.36675821 75.1738686437 0.988856929912 2400.0 0.988856929912
897.938237268 -52.7667895669 0.94395461863 600.0 0.94395461863
-434.784612863 2.38443151558 0.988727820477 800.0 0.988727820477
-3902.3550019 -51.7793892263 0.992373138843 3200.0 0.992373138843
-4653.32091459 71.2953310896 0.998121231383 1200.0 0.998121231383
-7209.4094931 21.9778216724 0.996499316711 1000.0 0.996499316711
-5874.83871119 -67.8960482805 0.998547826561 1000.0 0.998547826561
-162.921083752 26.1523585607 0.966828655645 800.0 0.966828655645
-359.140043416 -41.2052026265 0.975229800651 2800.0 0.975229800651
3970.77032595 8.62826485988 0.969255871084 600.0 0.969255871084
1111.4082525 61.2959900874 0.972498694731 600.0 0.972498694731
-2347.47832378 -47.3663630742 0.986382052819 1800.0 0.986382052819
3398.49371776 24.0807341162 0.978998204571 600.0 0.978998204571
-1333.97165564 -28.7227862257 0.977914383317 600.0 0.977914383317
1964.6220264 -57.5737215434 0.970231533378 600.0 0.970231533378
6318.96975061 -19.8639880258 0.991006308121 600.0 0.991006308121
2460.80906476 -58.2171337553 0.973974623386 600.0 0.973974623386
-3963.02579082 -21.5124401237 0.981729857234 600.0 0.981729857234
-5873.05214168 36.8833069311 0.997989047365 1000.0 0.997989047365
7196.75721393 -33.7791779481 0.990776377486 600.0 0.990776377486
1399.06067551 -18.5663022295 0.973034027591 600.0 0.973034027591
929.257176027 84.832530107 0.962425745694 600.0 0.962425745694
1926.6146431 16.8920700126 0.972199678761 2600.0 0.972199678761
-3524.15938767 -79.8262404197 0.992178607602 600.0 0.992178607602
-6982.87114814 35.08142035 0.99764304865 2800.0 0.99764304865
-4375.77988083 -77.9210086098 0.996726561043 600.0 0.996726561043
1723.55195468 38.8079023443 0.980266446716 800.0 0.980266446716
-1775.05781281 38.8443379316 0.987390326434 1800.0 0.987390326434
-7314.28349795 -21.0630580103 0.998310862624 1800.0 0.998310862624
-2331.67880557 41.5743501556 0.996734033548 1000.0 0.996734033548
938.543083762 -3.20656708965 0.977850331836 600.0 0.977850331836
6965.72849588 25.0850210833 0.99582140234 2000.0 0.99582140234
-4452.16409649 77.1555580891 0.995618645397 2400.0 0.995618645397
2831.48897916 23.4923755961 0.975726227619 600.0 0.975726227619
2478.78408377 -11.3612722711 0.984693562899 600.0 0.984693562899
-7538.9419498 61.1661900348 0.996667030854 1400.0 0.996667030854
2780.37014885 -25.3306238206 0.976846137014 600.0 0.976846137014
5825.24840284 -65.1864123362 0.986086143989 2000.0 0.986086143989
-2797.3164698 49.8341171072 0.985341417146 2000.0 0.985341417146
-1176.67810467 53.2301508101 0.990076515977 2200.0 0.990076515977
-4050.73417957 24.3724602333 0.988354359095 2800.0 0.988354359095
-5371.06244033 45.0230364732 0.99605021081 2400.0 0.99605021081
-208.60397367 64.316582056 0.985049656996 600.0 0.985049656996
517.08542101 59.9889073102 0.965991507242 600.0 0.965991507242
-6646.44080014 -44.5783627938 0.993414810759 1600.0 0.993414810759
-6399.82139369 -5.19817189837 0.996333907798 2000.0 0.996333907798
4067.726172 24.9848881959 0.983423439608 800.0 0.983423439608
7607.44862698 26.3807140238 0.998677758472 3800.0 0.998677758472
3010.49172133 22.2839978581 0.986226127548 800.0 0.986226127548
3158.77063617 7.9005882003 0.985840847351 600.0 0.985840847351
-3719.8480584 63.081522904 0.98820978614 800.0 0.98820978614
-2389.02622874 -29.8877193457 0.971593515446 2800.0 0.971593515446
-4379.86207622 -25.5195537394 0.987712793871 2600.0 0.987712793871
-5485.76770624 -2.05805627011 0.979805990353 2800.0 0.979805990353
-6713.40420956 -67.6178984532 0.989740731264 600.0 0.989740731264
4905.57098181 34.24516272 0.993192291914 1000.0 0.993192291914
5186.72778056 -22.915307009 0.975036417455 2600.0 0.975036417455
-336.659745944 32.472287231 0.98781938609 600.0 0.98781938609
9733.20975107 42.6741838474 0.998921267325 1000.0 0.998921267325
-6119.87685053 62.2150018343 0.998697087339 2000.0 0.998697087339
3198.03840192 -37.8886817415 0.980947809264 600.0 0.980947809264
-949.794912768 50.4374344447 0.979382885636 2600.0 0.979382885636
5924.03795266 7.1240781477 0.982577226677 600.0 0.982577226677
2785.28209427 -63.228802825 0.972816472741 1800.0 0.972816472741
-1871.00054743 70.7467688513 0.995682157831 2400.0 0.995682157831
5572.98048423 -19.6561455974 0.989278851248 800.0 0.989278851248
-506.294616212 53.1019739513 0.990020598832 2800.0 0.990020598832
-3132.59128232 39.8089079329 0.997340555892 2600.0 0.997340555892
1365.40329368 67.6309155459 0.98813868934 800.0 0.98813868934
4526.35946814 -68.1602117591 0.981499234721 600.0 0.981499234721
-6466.73129053 -42.7990172888 0.997214370072 1600.0 0.997214370072
6135.44975202 -26.6518077055 0.975705475009 600.0 0.975705475009
-4707.58481825 41.6764766222 0.988679374352 800.0 0.988679374352
-3612.43785183 54.9754022508 0.989996844659 3000.0 0.989996844659
-3019.5459385 23.2525518393 0.984659126216 2400.0 0.984659126216
2365.47563688 -76.4404182271 0.975654623682 600.0 0.975654623682
-730.437386262 -82.8944170411 0.977584279579 1000.0 0.977584279579
368.700810734 84.0217818434 0.990779779047 1000.0 0.990779779047
1622.05557043 44.6953538092 0.986081739079 800.0 0.986081739079
6689.85262539 -51.3157300135 0.995010469578 4800.0 0.995010469578
-3718.8597847 -47.8357982637 0.99309027387 2600.0 0.99309027387
950.208980215 59.191053518 0.984090973555 800.0 0.984090973555
2305.1029697 -62.940069357 0.984019176075 600.0 0.984019176075
-1603.5215355 -8.81950764591 0.987407714083 3000.0 0.987407714083
3345.72433372 27.1599059718 0.981771102648 600.0 0.981771102648
-5525.48328463 -27.6153194899 0.994892059916 1600.0 0.994892059916
-4972.16903573 -77.4909973218 0.992108324698 1000.0 0.992108324698
6788.47770103 77.5603623982 0.99719926179 1600.0 0.99719926179
3544.43514852 -62.468758632 0.982836297763 4800.0 0.982836297763
-4211.30881345 -26.2669277731 0.987273054998 600.0 0.987273054998
-8256.94252571 51.3602745672 0.990517036752 800.0 0.990517036752
-6793.624235 -68.7380219844 0.999565317714 1000.0 0.999565317714
-1057.9140323 -17.2077154294 0.980374353915 600.0 0.980374353915
4099.82236514 -73.3313472604 0.984688161459 1200.0 0.984688161459
2172.15032513 11.1830316305 0.976986449748 600.0 0.976986449748
-4030.35273931 -19.2031132051 0.984327878298 2600.0 0.984327878298
4109.39850067 -63.9107424239 0.9856457806 2400.0 0.9856457806
436.19416418 -85.7127484143 0.982982892693 2200.0 0.982982892693
4084.07016683 -49.3961151297 0.995863672744 800.0 0.995863672744
4141.56931029 6.25309752674 0.972481627894 600.0 0.972481627894
3612.56751739 84.5826336057 0.969163493146 600.0 0.969163493146
7291.35337081 56.0625860406 0.994351705212 1600.0 0.994351705212
1742.89696655 -45.0781795008 0.955732262373 1800.0 0.955732262373
-3921.94232848 -8.49919402179 0.983298709035 2800.0 0.983298709035
2567.97474234 -4.75623057863 0.979313370226 600.0 0.979313370226
5229.44602836 4.07888822848 0.989142042363 600.0 0.989142042363
5074.14006253 35.1963325388 0.98116992278 2000.0 0.98116992278
408.672443789 88.0010148409 0.984756419245 600.0 0.984756419245
4989.61617765 21.7192562966 0.950027585224 600.0 0.950027585224
-79.9382854108 51.6168278572 0.979215538458 2600.0 0.979215538458
7101.62902214 27.3254047478 0.981501121361 600.0 0.981501121361
-1416.11828242 38.8815769336 0.977639199676 1800.0 0.977639199676
1985.09534312 22.006349009 0.983940546367 1800.0 0.983940546367
-6795.3278663 -43.2541778729 0.998388293496 1600.0 0.998388293496
-7252.3572732 13.1134519291 0.998852070312 1600.0 0.998852070312
-5139.99516068 -36.3220475825 0.991279738395 3600.0 0.991279738395
3122.46124583 24.6299924399 0.9854709928 2800.0 0.9854709928
4327.85503688 58.1840125304 0.996164691449 6400.0 0.996164691449
-5001.41274954 66.2385598932 0.996065779945 1800.0 0.996065779945
-2190.08191098 20.5523143648 0.99020551181 2600.0 0.99020551181
-1149.83684039 -72.4554256488 0.975868149759 1400.0 0.975868149759
6026.49072872 -28.7283721044 0.986156454084 2800.0 0.986156454084
4338.37095683 40.2025697292 0.985463700552 800.0 0.985463700552
589.252683912 -41.6503625375 0.978971434724 2600.0 0.978971434724
-5394.15720616 -9.81356559203 0.994186641633 2400.0 0.994186641633
1338.92501958 -28.6861534956 0.979608358181 600.0 0.979608358181
-6387.08578719 68.3808764963 0.997362996918 1000.0 0.997362996918
7178.57182582 7.79806668465 0.96593272222 600.0 0.96593272222
-1601.67074336 11.4209082954 0.984396447213 2800.0 0.984396447213
-2145.52183491 -67.6380447578 0.978556718914 1000.0 0.978556718914
6925.15353008 63.8487254561 0.996748175458 1000.0 0.996748175458
-5801.69680347 39.0227749643 0.996282335727 1000.0 0.996282335727
-4168.80626889 -4.3233877484 0.985005175738 600.0 0.985005175738
-9411.67678161 -11.5839004465 0.999672378944 1000.0 0.999672378944
4962.95954486 -31.1701853856 0.966272265813 600.0 0.966272265813
-3807.22468478 30.1220492627 0.993252245722 2600.0 0.993252245722
-2068.52832327 17.4354197994 0.982507730974 2600.0 0.982507730974
6916.00126995 50.0099831216 0.996230485446 2000.0 0.996230485446
846.944567358 43.1678632897 0.990905611929 800.0 0.990905611929
5929.30771496 -40.9326728986 0.994821053554 1400.0 0.994821053554
1616.3071046 14.0778998377 0.987015857375 600.0 0.987015857375
-1297.25541477 -13.7592220996 0.979585109098 600.0 0.979585109098
2931.63230471 27.6002227775 0.985243981388 1800.0 0.985243981388
2071.4274741 1.97782419869 0.980419406286 1800.0 0.980419406286
-2624.45679472 -25.10379397 0.976402184955 2800.0 0.976402184955
-3688.70078061 65.8694288513 0.987344243234 800.0 0.987344243234
-4194.00164046 -21.0890941046 0.984539765092 600.0 0.984539765092
-5288.37401787 75.2902117987 0.998421175925 3200.0 0.998421175925
-1176.96891582 78.0608713992 0.977268184712 600.0 0.977268184712
-3177.41292706 -25.3769724005 0.972971953771 600.0 0.972971953771
4497.7507544 -21.1070776667 0.984178801485 2200.0 0.984178801485
-576.049049951 -43.377094882 0.982198395169 2600.0 0.982198395169
9430.52693376 68.6617921683 0.997501081539 3000.0 0.997501081539
-3820.13437071 -26.2267538854 0.989237343509 2600.0 0.989237343509
-1360.78133863 -64.5161719286 0.995027147275 2800.0 0.995027147275
1220.06946976 44.1831590638 0.961509706604 2000.0 0.961509706604
-5724.13725607 -19.8016125146 0.988911940871 2200.0 0.988911940871
121.698016043 32.6343400364 0.983659341808 2600.0 0.983659341808
7226.13926725 -43.643986732 0.989444063455 2200.0 0.989444063455
-785.477520872 -63.876343188 0.967515846768 600.0 0.967515846768
-434.410927053 -26.5807119454 0.979732380903 2800.0 0.979732380903
4970.25840361 9.94969883653 0.988950602856 2400.0 0.988950602856
5662.17086181 -89.993946337 0.984023171596 600.0 0.984023171596
-6072.24525485 41.2844415345 0.997446630685 2000.0 0.997446630685
-4386.65670487 4.74503595723 0.990550456925 800.0 0.990550456925
2275.132224 83.8441802754 0.9820985428 3200.0 0.9820985428
-2336.93356066 -8.38005058651 0.985311728597 3000.0 0.985311728597
-5713.53614934 -74.1506996629 0.999436826554 1000.0 0.999436826554
-3919.76598483 17.855349669 0.991179411483 2800.0 0.991179411483
-1091.79523722 -88.0927223085 0.986595799322 1000.0 0.986595799322
4522.69212723 5.08745200949 0.98632395639 2600.0 0.98632395639
3808.65030693 -39.6775344751 0.983939844721 800.0 0.983939844721
1926.97306959 75.515849398 0.992799314085 1200.0 0.992799314085
-4323.62975781 85.824581164 0.991612776289 600.0 0.991612776289
-6700.55669155 -11.8517409647 0.997331530249 1800.0 0.997331530249
-371.110327206 63.9175583399 0.989142146061 2600.0 0.989142146061
1335.07899769 -15.6206692068 0.982195971744 600.0 0.982195971744
-4870.99301553 -62.9068692007 0.995515683038 1400.0 0.995515683038
1513.71843236 14.4710851465 0.98624492137 600.0 0.98624492137
-2512.29537224 -34.9466703387 0.981609085881 600.0 0.981609085881
-2474.46913435 -33.7569244903 0.958877295251 600.0 0.958877295251
3941.92094535 33.715780523 0.97837149871 800.0 0.97837149871
-4516.01293497 -78.1990717683 0.99584601727 1200.0 0.99584601727
3127.48334616 20.7354663983 0.979036847499 600.0 0.979036847499
2921.64581618 52.6817365932 0.966748690264 2200.0 0.966748690264
1238.25438584 -44.7175120699 0.98370919187 2600.0 0.98370919187
-6176.24702808 27.8676151254 0.998417799746 2600.0 0.998417799746
-4623.42243959 42.6601823409 0.998280029206 2600.0 0.998280029206
-2083.52101513 -56.3808752033 0.982708469317 600.0 0.982708469317
-5680.06412348 78.1795884916 1.0001879514 1600.0 1.0001879514
66.0717724197 -19.0133843775 0.979904365467 2800.0 0.979904365467
-6380.81696993 19.4836522652 0.997923969228 1800.0 0.997923969228
-174.10871148 82.0108962204 0.99173633017 800.0 0.99173633017
-1741.55563693 -4.75266965341 0.978133962413 600.0 0.978133962413
829.473340776 36.6910132574 0.988580241139 600.0 0.988580241139
-2684.09068688 36.0496587243 0.986639241798 2600.0 0.986639241798
1185.60677214 19.5391330464 0.983753297348 2600.0 0.983753297348
2920.1499331 58.564767169 0.994012592759 6800.0 0.994012592759
3402.24904439 -1.14909332476 0.986358489934 600.0 0.986358489934
2288.659094 54.1184674493 0.976189140852 600.0 0.976189140852
-1988.77715381 -34.8101555154 0.987364991467 600.0 0.987364991467
3292.6594004 -58.4324981657 0.984136389326 600.0 0.984136389326
-1456.60705552 60.988994665 0.974839479206 2400.0 0.974839479206
-2556.94893471 -69.5547113414 0.986248581684 600.0 0.986248581684
-7166.84026842 -42.8777164414 0.991615103396 600.0 0.991615103396
7967.63514478 61.2168405323 0.993714274305 800.0 0.993714274305
-1691.14763535 -23.2760926526 0.981415512728 600.0 0.981415512728
-3352.24587434 -61.9098832616 0.98219340856 600.0 0.98219340856
-893.087966789 -22.9747028482 0.977414625948 600.0 0.977414625948
1371.13503621 -24.2587995427 0.969049154357 600.0 0.969049154357
-429.484085434 23.8556691184 0.971239638991 2400.0 0.971239638991
9079.3559936 -43.8468043232 0.979124830286 2400.0 0.979124830286
6021.4141928 -20.8108579155 0.993598190895 2000.0 0.993598190895
414.237190209 13.2676891169 0.984307614781 2800.0 0.984307614781
3035.8144762 -74.7097826288 0.968971630756 600.0 0.968971630756
-6940.39147122 -9.57511804427 0.9822325361 600.0 0.9822325361
-4633.57142511 85.5023758764 0.997845831478 5600.0 0.997845831478
6858.94616567 -59.3366036526 0.996134991697 600.0 0.996134991697
5071.82074337 -21.1178122663 0.98585297567 600.0 0.98585297567
-7442.46526191 22.4941453156 0.998775727145 1800.0 0.998775727145
-6253.9396615 39.4113242889 0.997229529217 1800.0 0.997229529217
1729.34845883 64.8750700889 0.993446939383 1800.0 0.993446939383
665.236047418 -71.5127467178 0.976305018743 600.0 0.976305018743
4032.95393738 -33.4641338554 0.985019515364 2600.0 0.985019515364
6075.94256183 -41.1082205237 0.980135756296 600.0 0.980135756296
1451.22927551 -42.8490125403 0.966402852551 2400.0 0.966402852551
2949.65673154 -53.2206092497 0.985290277377 4800.0 0.985290277377
-169.0575869 52.7984125206 0.969275908516 2400.0 0.969275908516
-2294.89796758 5.91561181872 0.968320265105 2800.0 0.968320265105
-949.937387057 72.8176919001 0.990358518122 800.0 0.990358518122
3597.63336565 36.798756816 0.995307584314 2000.0 0.995307584314
8154.06711688 -20.6462810447 0.99045816981 3000.0 0.99045816981
2898.20828557 -12.7243914983 0.959420120227 600.0 0.959420120227
-4411.98880478 7.16531076145 0.998342362336 3000.0 0.998342362336
-2882.04288329 8.49503689491 0.98985286452 3000.0 0.98985286452
4545.11633899 -55.5500346801 0.995014026382 2600.0 0.995014026382
-6901.53241625 64.3555868837 0.998154492941 2400.0 0.998154492941
-3886.77953065 9.33260797728 0.979180070926 600.0 0.979180070926
-5802.68726577 -6.31119443854 0.992925323325 600.0 0.992925323325
-1144.14055329 -11.7614546322 0.973047137429 2600.0 0.973047137429
1315.02726419 -32.3953445227 0.975615146577 800.0 0.975615146577
5212.06786979 5.29984109191 0.982367300448 1800.0 0.982367300448
542.353956766 53.5778606044 0.969135182432 600.0 0.969135182432
-5391.38886837 67.3165632141 0.99895863443 1600.0 0.99895863443
1321.37331013 -38.9090373961 0.949780347378 600.0 0.949780347378
3329.30002608 -36.534930431 0.982804588245 1800.0 0.982804588245
5044.17166169 65.8121178255 0.991800779347 1800.0 0.991800779347
3913.1044623 88.232258368 0.976882565229 600.0 0.976882565229
7212.12248179 -23.0077767361 0.9876446623 800.0 0.9876446623
-875.733487989 -12.5289727064 0.982879558001 600.0 0.982879558001
3229.05614282 -25.399048133 0.958643702314 600.0 0.958643702314
882.732237236 -58.0409422949 0.971943997314 600.0 0.971943997314
2067.31489954 27.2672573021 0.980770491585 2200.0 0.980770491585
7050.39212139 55.209577054 0.989886535278 1000.0 0.989886535278
2558.32009295 29.3983805408 0.989631270231 800.0 0.989631270231
-5447.19793433 12.1112158889 0.989862493044 600.0 0.989862493044
116.110240968 -16.8186321555 0.987862132622 800.0 0.987862132622
-2461.59526471 60.8262612819 0.994149225839 800.0 0.994149225839
206.622789034 -30.3143355327 0.972804413202 2800.0 0.972804413202
-1237.12998446 48.8246598733 0.990558372098 600.0 0.990558372098
534.438813102 -34.1756779451 0.975579893165 600.0 0.975579893165
8358.52783702 -32.495092701 0.996865485357 1400.0 0.996865485357
1206.58059064 25.8203576224 0.97012607314 800.0 0.97012607314
-5241.46271574 -36.056286461 0.995887355283 1800.0 0.995887355283
-5114.64534446 28.7556053008 0.997971235918 2400.0 0.997971235918
-3404.3229385 23.6287656292 0.989432789925 2800.0 0.989432789925
4138.85140719 -67.8231727923 0.976855591995 2200.0 0.976855591995
-4117.71320671 32.9117921492 0.986642276248 600.0 0.986642276248
-3792.54773798 -76.5431157096 0.99249831145 1000.0 0.99249831145
-2216.44454599 -48.550806107 0.992022061096 600.0 0.992022061096
3925.02534512 -53.205672126 0.992135726144 1600.0 0.992135726144
7042.10950903 -63.9178022548 0.982899595196 600.0 0.982899595196
4992.24959992 -22.1331879678 0.980715837235 1600.0 0.980715837235
5986.43327739 7.02092545436 0.988438276636 600.0 0.988438276636
-2979.49653047 -26.2265598389 0.985332749733 2600.0 0.985332749733
-2943.75934928 -18.362501368 0.986874305423 2800.0 0.986874305423
-148.172055102 -37.9262244169 0.974849020568 600.0 0.974849020568
607.263896965 -30.0229095035 0.960107200258 600.0 0.960107200258
-7893.98263299 48.2912083519 0.999445941972 3000.0 0.999445941972
3373.95958804 -33.7126126507 0.97981155415 2400.0 0.97981155415
3946.12008778 43.6747179164 0.963226254642 600.0 0.963226254642
5464.28610551 19.2270421477 0.977070548748 1600.0 0.977070548748
3283.39098218 -3.07145457911 0.96851671634 600.0 0.96851671634
-4606.3897886 -54.4858914278 0.994393318778 1800.0 0.994393318778
6000.67559297 37.7950257002 0.98135530844 600.0 0.98135530844
-2827.25683674 24.5771843992 0.989263347837 2400.0 0.989263347837
-2007.41777175 -1.7587651948 0.984643834666 3000.0 0.984643834666
3940.11111312 18.5211645782 0.990254153301 2600.0 0.990254153301
-1257.96046685 -73.769006749 0.992271484883 7800.0 0.992271484883
-3215.99512674 11.1560628377 0.980332955013 2800.0 0.980332955013
-2553.77937728 15.2942818682 0.98062412666 600.0 0.98062412666
6123.02086824 -7.79574373334 0.970834079739 600.0 0.970834079739
5380.45973486 -12.4901976384 0.96286364489 600.0 0.96286364489
-4953.68155579 -70.8282378031 0.985546682937 600.0 0.985546682937
-7360.71726638 44.0662451491 0.997588830714 3200.0 0.997588830714
-3615.80388458 -18.4007814221 0.983467902881 3000.0 0.983467902881
-7126.07299811 -17.9784509033 0.996485851018 2400.0 0.996485851018
6981.27044339 12.0136352991 0.990637346212 1800.0 0.990637346212
4440.84541808 -7.23876651209 0.98440923047 600.0 0.98440923047
2459.77940015 -22.9176377785 0.983572332619 2400.0 0.983572332619
-6477.13885072 -89.2509470184 0.994573992544 1000.0 0.994573992544
4598.93161775 7.10966056806 0.986014417356 600.0 0.986014417356
3609.06992689 -40.05415239 0.985197896181 2000.0 0.985197896181
3538.97936074 25.0810320796 0.991368242312 1800.0 0.991368242312
208.494014577 -3.42526968649 0.983786141406 2400.0 0.983786141406
-4936.37819673 -55.5919658069 0.994314348229 2200.0 0.994314348229
-5383.83252004 20.5732135279 0.998087412447 2000.0 0.998087412447
4071.03748413 16.6235393435 0.981253707809 600.0 0.981253707809
-6993.02532628 38.5490732028 0.998695094974 1000.0 0.998695094974
1819.05079349 85.7480354505 0.995951726083 2000.0 0.995951726083
-6207.61676509 -7.57600165735 0.994491910677 1800.0 0.994491910677
-5477.28044835 65.9723282797 0.993040767601 1800.0 0.993040767601
-670.508905485 48.6440586424 0.969092462755 2000.0 0.969092462755
1557.10765011 -46.7397216741 0.991533603078 2000.0 0.991533603078
-4674.26565948 82.5745097614 0.989889407823 1800.0 0.989889407823
-6282.47891644 2.17033916059 0.99349866443 2400.0 0.99349866443
-3549.18265992 60.5560966255 0.995846168102 1600.0 0.995846168102
-7055.36402941 25.585406603 0.996357835772 2800.0 0.996357835772
-9705.05336857 -18.988867168 0.99368058491 600.0 0.99368058491
-4752.22021718 55.2195366382 0.99891352109 2000.0 0.99891352109
6253.25428138 -61.8301441494 0.994215824451 7000.0 0.994215824451
5524.53797153 74.9450754603 0.994366237176 1000.0 0.994366237176
-627.592537348 -29.3619322073 0.94958318119 600.0 0.94958318119
-1404.62549589 31.4966596856 0.982304415674 600.0 0.982304415674
1495.95617083 22.6153499223 0.972822969635 1800.0 0.972822969635
-6158.49392312 45.9412521112 0.99559346357 2200.0 0.99559346357
-6484.81762086 -16.6567597765 0.996026282936 1800.0 0.996026282936
-218.590844881 -5.21765159367 0.983842553675 2800.0 0.983842553675
-1505.32299895 -71.3920269 0.971252101171 600.0 0.971252101171
-50.2775599932 -74.7585815534 0.973675163682 600.0 0.973675163682
-3493.43207206 33.3869145901 0.99086690942 800.0 0.99086690942
-3579.9443723 35.101597697 0.98565286484 800.0 0.98565286484
293.840523172 -55.1565176425 0.980174242198 800.0 0.980174242198
3622.16478044 37.7543473765 0.975705248952 800.0 0.975705248952
-7030.77636173 44.5605237181 0.996300262758 2200.0 0.996300262758
-4033.96259463 26.9910859409 0.992694082896 800.0 0.992694082896
-6075.33285685 20.2462521255 0.988207146982 2600.0 0.988207146982
7173.93549919 -84.8618711367 0.994916287287 800.0 0.994916287287
1282.99099619 48.1931549365 0.983903497175 600.0 0.983903497175
-1173.17066577 -73.9970022438 0.991537393669 1000.0 0.991537393669
-786.518650116 1.09264131949 0.986078577611 2800.0 0.986078577611
7134.16557927 -6.60609227527 0.983611395377 600.0 0.983611395377
-6286.97125205 7.16324642668 0.986232704962 2800.0 0.986232704962
-4325.87527637 -49.5142636837 0.995253817197 1400.0 0.995253817197
4.6979777355 84.1272416392 0.982067594279 600.0 0.982067594279
4881.97019499 40.4040937754 0.988369444302 600.0 0.988369444302
-7995.66677596 -54.0938230666 0.990766895251 2400.0 0.990766895251
7074.51343905 29.6006761383 0.982530635822 600.0 0.982530635822
-274.12394233 -33.7393398808 0.972901159967 2600.0 0.972901159967
2691.90472042 60.7654574336 0.993378193747 1800.0 0.993378193747
-3085.95473374 38.9830749591 0.993308720364 2000.0 0.993308720364
1546.83817628 -24.4761224394 0.981591622984 2600.0 0.981591622984
-1029.42251924 -49.6837480175 0.984741024094 2600.0 0.984741024094
6236.98797412 62.3928296251 0.988713124321 600.0 0.988713124321
1149.49612527 36.6705992509 0.991484494342 2800.0 0.991484494342
4825.55820102 -60.134765306 0.995174760872 600.0 0.995174760872
-6928.51059237 -56.332335813 0.994928981347 1800.0 0.994928981347
1252.67679205 -70.800624005 0.983454840183 600.0 0.983454840183
-2535.27609931 26.7464975245 0.986503962543 2800.0 0.986503962543
6115.38489072 -28.969754178 0.990982136642 2400.0 0.990982136642
1369.14309093 38.4193855169 0.959250423604 2200.0 0.959250423604
-7841.70830448 57.4569291271 1.00028756413 1400.0 1.00028756413
-1585.72689365 -72.4564143141 0.982799628827 1000.0 0.982799628827
7122.33037497 32.5066312844 0.979709617688 1800.0 0.979709617688
-7457.35390633 -65.0885756694 0.997107594352 1400.0 0.997107594352
-2921.99172089 -11.5099725482 0.97355875279 2600.0 0.97355875279
506.639982306 46.8350427134 0.982554792109 800.0 0.982554792109
2644.66178711 -34.6690082525 0.976182321158 600.0 0.976182321158
-2098.35012834 -25.5459162027 0.974326900852 2600.0 0.974326900852
5903.61108472 54.567818224 0.990273696407 800.0 0.990273696407
-2929.08910074 65.2316062934 0.995627482136 2400.0 0.995627482136
6879.51526223 -30.0488500526 0.988758582008 600.0 0.988758582008
-6612.13717046 -71.9668988326 0.997874311861 1600.0 0.997874311861
-2690.0771931 27.3867791376 0.991833013814 2800.0 0.991833013814
-2166.33531559 -49.7868162522 0.980977363264 600.0 0.980977363264
7978.5138143 -27.0239897938 0.995239097162 7000.0 0.995239097162
6656.17716716 -48.0048418519 0.982153099643 800.0 0.982153099643
3856.82111881 25.4509764958 0.987300842538 2400.0 0.987300842538
-2289.0066547 -18.2336600916 0.983549641008 1800.0 0.983549641008
4910.44623673 11.1455726926 0.997323023769 1600.0 0.997323023769
-1431.51621764 47.2617267719 0.9925285235 800.0 0.9925285235
6526.00759326 11.5794443094 0.992166839738 600.0 0.992166839738
-2503.67642681 -35.9073082102 0.974776092841 600.0 0.974776092841
-5170.28689826 48.192994552 0.993193675635 2200.0 0.993193675635
-8147.0999882 -34.9640555216 0.989832071163 2600.0 0.989832071163
-4203.99328504 30.2051566283 0.989188748792 600.0 0.989188748792
285.677559189 65.1416552839 0.982414439321 2000.0 0.982414439321
5676.65533754 -34.3705592228 0.974986333103 600.0 0.974986333103
4838.76539343 -37.766883462 0.984867724549 600.0 0.984867724549
-3988.31674807 -66.9270180224 0.988671407319 1000.0 0.988671407319
3807.23061103 -86.4675056875 0.992411934043 1200.0 0.992411934043
6855.59565447 3.087756445 0.978385477082 600.0 0.978385477082
-2240.44227734 88.3082573468 0.997823252144 600.0 0.997823252144
-6297.7218618 -13.4532387787 0.997647688902 3200.0 0.997647688902
-6979.57219213 -36.1470382239 0.992287519916 2600.0 0.992287519916
3128.76893681 9.90548424313 0.96936284743 600.0 0.96936284743
-3748.62268277 10.0151846806 0.988897894728 2600.0 0.988897894728
-2328.2607581 -70.8242452618 0.985774948396 600.0 0.985774948396
-953.165075787 -52.433595307 0.987381068434 800.0 0.987381068434
-4332.63339029 73.9055446091 0.988127964448 1000.0 0.988127964448
1488.05306628 -9.52720078678 0.968893748617 600.0 0.968893748617
293.613895313 -42.3682437071 0.986215135313 2600.0 0.986215135313
3427.60181551 16.218194161 0.981208442425 600.0 0.981208442425
2821.15731814 -29.9444073004 0.964116160896 600.0 0.964116160896
1233.70506152 63.699329544 0.987161515361 600.0 0.987161515361
-4668.16357148 -10.4287021287 0.997024256555 2800.0 0.997024256555
2647.817231 26.7480788663 0.985830314387 1800.0 0.985830314387
148.026857746 48.4984836858 0.991965917972 1800.0 0.991965917972
-6814.25326865 -13.9157604859 0.993422090063 2600.0 0.993422090063
5827.5681424 -44.3255443031 0.984064341137 600.0 0.984064341137
1674.94272492 6.33192412242 0.982814422894 600.0 0.982814422894
6117.47571686 -71.3329435861 0.99252604146 1200.0 0.99252604146
-5285.60987212 -38.4669114568 0.99623153013 1800.0 0.99623153013
-1374.13433498 0.765241492646 0.978994370468 2600.0 0.978994370468
253.590180721 -59.4303072955 0.976496716866 600.0 0.976496716866
1307.88950091 -83.0081959621 0.982596516021 600.0 0.982596516021
-2330.57924789 -15.3380780342 0.965008594607 600.0 0.965008594607
6552.36030166 -33.2661141106 0.986231630844 1600.0 0.986231630844
-6020.31672073 -58.0270345298 0.994955769246 1600.0 0.994955769246
2140.26038448 43.7302965258 0.993167882732 600.0 0.993167882732
-5733.10837262 -20.6783880987 0.996096376538 2800.0 0.996096376538
4283.72554987 14.3272028227 0.9808496846 2200.0 0.9808496846
3788.97536073 -54.4383012486 0.991409832479 3800.0 0.991409832479
-680.816250545 -79.2557952056 0.98918588021 1800.0 0.98918588021
5402.24497318 19.841590328 0.995452078041 2200.0 0.995452078041
-1640.92307496 -41.0658717114 0.984260409717 800.0 0.984260409717
-5750.86506453 64.7532749433 0.994803762706 1800.0 0.994803762706
1594.1765676 46.7114247642 0.982638329313 2400.0 0.982638329313
528.932081192 70.6956775179 0.994738687592 7800.0 0.994738687592
5408.42343364 -63.9080380885 0.987224450355 1800.0 0.987224450355
-3756.25552112 40.6311052325 0.992494798896 3200.0 0.992494798896
-1076.53285836 26.1724054234 0.990546594235 2000.0 0.990546594235
-340.743570711 -19.2902581257 0.98573493713 600.0 0.98573493713
6171.27598976 -26.2682027748 0.984501567021 600.0 0.984501567021
-5331.8800313 -62.1721208209 0.999035048933 2400.0 0.999035048933
1911.52252756 -49.7245303077 0.993360482203 600.0 0.993360482203
-3062.23854054 -16.3156728248 0.983437163949 2800.0 0.983437163949
-998.020280537 -44.1889729229 0.962700971693 600.0 0.962700971693
-4242.91936121 -33.4838597437 0.993492044766 600.0 0.993492044766
-5968.54048351 -47.0943055676 0.998685173228 2800.0 0.998685173228
-2239.53480714 -22.7593305523 0.989687666966 600.0 0.989687666966
549.658504688 19.6371437845 0.985162859354 2600.0 0.985162859354
-4641.8614889 -39.6143886048 0.996610499068 1000.0 0.996610499068
-4374.63403532 30.6442407215 0.994066133317 2600.0 0.994066133317
-2529.78823316 -10.2728833637 0.983014343292 2600.0 0.983014343292
4018.19460586 -31.0706907062 0.980068054756 600.0 0.980068054756
-7731.22343423 -4.0720480617 0.999574028194 1000.0 0.999574028194
3909.24994317 9.56860027354 0.979151671002 600.0 0.979151671002
376.173418195 31.9746730563 0.981136422005 800.0 0.981136422005
74.2021080993 28.415521348 0.993287622686 2000.0 0.993287622686
331.862220669 9.19216017025 0.980121034689 1800.0 0.980121034689
-2291.02939186 -63.363462395 0.985503272917 600.0 0.985503272917
-3032.90626269 -43.622490111 0.984655550358 1800.0 0.984655550358
-1357.22430342 -43.3228692662 0.985983447518 600.0 0.985983447518
6624.25315077 53.4469784251 0.998445740311 1000.0 0.998445740311
-6616.58658636 -64.2369286681 0.995432115432 2400.0 0.995432115432
-5171.14971115 12.4168014725 0.992646816368 2600.0 0.992646816368
1046.94896242 -16.3560937903 0.982707704744 600.0 0.982707704744
3274.77731972 -66.7370364349 0.983594774006 1800.0 0.983594774006
-4605.39869896 9.70961125693 0.990104239529 1400.0 0.990104239529
3128.66810146 55.7641956413 0.982610704602 1800.0 0.982610704602
-3309.31913809 -45.9974316452 0.986026419907 2600.0 0.986026419907
-2923.70449161 22.7518348836 0.989840897463 2400.0 0.989840897463
246.402728585 47.137588949 0.973503358272 2400.0 0.973503358272
6522.18643318 -51.0109569818 0.991563629189 2800.0 0.991563629189
-6540.2399336 10.2888962292 0.996475059055 1400.0 0.996475059055
-4173.91386036 -2.3641851467 0.991925422873 2600.0 0.991925422873
-162.973634693 31.7940740984 0.983182065629 600.0 0.983182065629
5300.84235227 65.6660363223 0.994825451576 1400.0 0.994825451576
5252.00271405 -6.35625867669 0.981161705813 600.0 0.981161705813
-2127.18719026 -77.0750800763 0.98063670355 6800.0 0.98063670355
1441.65977508 -4.09168310173 0.977941025114 600.0 0.977941025114
5639.33297983 -5.32459847092 0.98198123981 600.0 0.98198123981
5217.51127922 27.8503007433 0.985622243528 600.0 0.985622243528
368.483799998 -42.7421356571 0.982990476392 800.0 0.982990476392
8396.62785447 19.1697832379 0.989425077337 1000.0 0.989425077337
6400.06299709 3.01418975632 0.99415505881 800.0 0.99415505881
-4379.34024436 29.0458729169 0.991998171685 2600.0 0.991998171685
-2942.3834427 59.8093469703 0.990490731523 1800.0 0.990490731523
5959.10667946 -52.9848094647 0.997046620131 7000.0 0.997046620131
5206.55607069 41.3269518497 0.982139072303 800.0 0.982139072303
473.078449804 -13.0205412868 0.983456321198 600.0 0.983456321198
4311.09544848 43.6626297954 0.994640794931 2600.0 0.994640794931
-3537.67846058 -28.0708841511 0.974293282926 600.0 0.974293282926
6921.4769296 53.4826651613 0.982791470653 3000.0 0.982791470653
6999.26109464 -23.6352556137 0.989470607366 800.0 0.989470607366
1414.21933736 -69.6809119019 0.975595480144 600.0 0.975595480144
2030.48593139 77.16155517 0.988658486453 800.0 0.988658486453
4189.74664784 -26.174588542 0.985182288894 2400.0 0.985182288894
6163.95192378 65.0199121683 0.9961601594 1000.0 0.9961601594
5320.72977677 22.9542820412 0.99164182964 3200.0 0.99164182964
1464.48964603 -66.1379297365 0.987185094777 600.0 0.987185094777
-5829.9208229 68.4655927957 0.994563249107 2400.0 0.994563249107
-6098.77831644 20.453848379 0.990685258838 2600.0 0.990685258838
405.781384503 -47.4252880556 0.952098311001 600.0 0.952098311001
-4091.57386093 22.8369807881 0.990620207448 800.0 0.990620207448
1811.66508552 5.08748199646 0.976546458964 600.0 0.976546458964
-2915.48511718 -55.5067977276 0.977277335808 2000.0 0.977277335808
-3456.88136871 -17.5494969407 0.988140167455 600.0 0.988140167455
3916.18893108 24.2137906544 0.986563784536 2400.0 0.986563784536
-2406.00073077 -33.2060749956 0.986996628797 1800.0 0.986996628797
-5790.81973735 36.851609661 0.997280735369 1800.0 0.997280735369
-4057.24912712 36.1727106877 0.993706152252 2600.0 0.993706152252
6548.77641275 -40.1437981935 0.985120863194 1800.0 0.985120863194
6334.8191129 -21.6978093103 0.979205483497 600.0 0.979205483497
-4094.08702933 23.5405369247 0.992916483957 1800.0 0.992916483957
3986.11548542 58.8202765632 0.986283360998 2400.0 0.986283360998
-3058.22373413 -44.4280705146 0.994110161678 800.0 0.994110161678
-6393.37102873 7.79072930406 0.998429134099 1800.0 0.998429134099
4240.99015771 -54.6942078891 0.986346774328 2400.0 0.986346774328
4265.33882591 3.09365230263 0.97822030066 600.0 0.97822030066
8557.97950722 23.0596685315 0.992321664504 2600.0 0.992321664504
2292.10688535 -62.4871268815 0.960552759045 1800.0 0.960552759045
4617.04232125 49.3823426076 0.973987095652 2200.0 0.973987095652
6117.30489355 -2.40087358839 0.989093824236 600.0 0.989093824236
1447.73473279 -76.4719666597 0.959935231765 600.0 0.959935231765
4588.81953014 -12.8107686063 0.976573192927 600.0 0.976573192927
-2464.6642562 23.9694906093 0.984138747233 600.0 0.984138747233
2968.38777319 76.47874095 0.958529381354 600.0 0.958529381354
2476.64790225 32.3601805845 0.983923388261 600.0 0.983923388261
-943.34594383 79.7576232746 0.985353934142 800.0 0.985353934142
-1204.04735567 34.6829862328 0.976471065903 800.0 0.976471065903
2903.17835892 -4.69373403518 0.976694159644 600.0 0.976694159644
320.029492399 68.9059505447 0.992761865781 1400.0 0.992761865781
-2512.99252552 -10.8092998508 0.982251553039 2800.0 0.982251553039
4802.7979966 60.2439807096 0.993193057603 2200.0 0.993193057603
-3504.41554643 36.4216019356 0.994317999111 2000.0 0.994317999111
-2969.55379554 -56.4759386989 0.994113242633 2600.0 0.994113242633
3959.97992859 -13.7736795748 0.985621959162 600.0 0.985621959162
4395.44564135 -26.8073796867 0.992232324756 2400.0 0.992232324756
4176.28550642 -3.2251855288 0.980683571256 600.0 0.980683571256
2732.25791338 -8.34150281969 0.971802053204 600.0 0.971802053204
1820.71620345 85.2679121083 0.977919674049 600.0 0.977919674049
-2416.30232766 -44.2064708218 0.97363451328 600.0 0.97363451328
7277.65441831 72.7542891554 0.992612342004 600.0 0.992612342004
-6053.3855572 6.91147095021 0.996110429939 2000.0 0.996110429939
1949.02756685 33.3228334695 0.982188230889 600.0 0.982188230889
81.1954558292 -39.3584539993 0.973990503642 2600.0 0.973990503642
-5289.9885047 55.8713010115 0.992829136836 2200.0 0.992829136836
-359.452539812 -78.0475381835 0.984891720144 1800.0 0.984891720144
1401.21349435 15.8362298268 0.976695079146 1800.0 0.976695079146
4942.95359431 26.0435361846 0.982405505839 1800.0 0.982405505839
-1367.36111838 1.59448274853 0.980960817243 2600.0 0.980960817243
6008.39692359 -36.3213230541 0.976030488409 600.0 0.976030488409
5998.23724015 8.10452483387 0.995848581268 600.0 0.995848581268
7331.60382781 5.63215923759 0.993894697042 600.0 0.993894697042
-3728.37127631 19.1186358884 0.984256226491 2600.0 0.984256226491
4728.10883909 80.117082704 0.997209361703 1200.0 0.997209361703
5393.28528291 -37.1706489211 0.989455410585 2400.0 0.989455410585
113.845775211 43.5882818536 0.973451873765 2600.0 0.973451873765
-5406.52519019 47.8786658788 0.990714058633 2600.0 0.990714058633
-1074.48365452 2.58274170645 0.979743868705 2800.0 0.979743868705
-4998.60861768 3.58664193651 0.989946494798 3000.0 0.989946494798
3401.40965398 -1.37118952613 0.971413029529 600.0 0.971413029529
-2005.44495678 33.0643216299 0.97010379665 800.0 0.97010379665
-6487.61659665 25.4473684471 0.997524840648 2200.0 0.997524840648
4428.74486938 -37.0346392463 0.94164304946 600.0 0.94164304946
-5932.56873825 -55.510344762 0.976025453964 600.0 0.976025453964
5799.82013487 -54.2152272901 0.982568196294 600.0 0.982568196294
-4960.17060615 -55.1896231413 0.991967309415 2000.0 0.991967309415
-6670.91860897 13.2786209768 0.99554444052 600.0 0.99554444052
-542.889016351 -16.8287179651 0.976987133472 2600.0 0.976987133472
-2092.1343474 -7.15325448159 0.986008513051 1800.0 0.986008513051
-6736.12787629 -12.6332676134 0.989922299962 800.0 0.989922299962
1290.8495283 -24.2893560772 0.977564578187 2400.0 0.977564578187
-2300.06904422 -68.6298780261 0.985242980782 2200.0 0.985242980782
-393.211856471 72.9963787857 0.978569727548 1000.0 0.978569727548
-257.264645785 32.8564305603 0.991651160535 2600.0 0.991651160535
82.5274954537 -10.8538103738 0.980732716437 600.0 0.980732716437
-6850.04203524 58.0940629771 0.99409839347 1000.0 0.99409839347
6223.74464894 26.1936028312 0.985299834151 600.0 0.985299834151
-3646.83799986 56.0281046504 0.995935264029 4800.0 0.995935264029
-3056.36275121 4.48695280799 0.990209330519 2600.0 0.990209330519
-8344.66021049 -32.882930729 0.998623680444 1000.0 0.998623680444
3217.09191136 -35.7352122978 0.978222642494 2400.0 0.978222642494
745.535524568 -50.7573666675 0.971927038306 600.0 0.971927038306
-6202.8003599 -22.6521928567 0.996071874362 2600.0 0.996071874362
4366.5528031 -26.8559419068 0.980264822838 600.0 0.980264822838
-1472.34860377 -5.45585507863 0.976728433692 2800.0 0.976728433692
