1695.03507778 3.83472376191 0.98494415547 2800.0 0.407692307692
-876.939680955 -36.3222509687 0.958731789727 3400.0 0.664102564103
627.667425184 -11.7901614984 0.97061085565 3400.0 0.715384615385
1189.00625478 -39.3439301572 0.958143754486 3200.0 0.664102564103
-888.228880369 28.8169015926 0.953615000783 3600.0 0.715384615385
-1611.9968273 39.2346025297 0.960076010768 3400.0 0.766666666667
4115.42711566 30.2554755633 0.974205034659 3400.0 0.920512820513
29.5407493506 11.9392633835 0.96067282656 3400.0 0.869230769231
3159.48761626 -38.4852200466 0.997431009514 3800.0 0.407692307692
3470.90096981 31.8042320631 0.991718377868 3200.0 0.407692307692
1493.319955 -51.1804070766 0.967678124981 3200.0 0.664102564103
3882.26342682 55.5543035998 0.998078860514 2600.0 0.35641025641
-1900.74016147 5.84866436701 0.97074298798 3400.0 0.766666666667
-2256.87936783 5.60717560659 0.965700591343 3400.0 0.766666666667
-1846.46422379 70.5438795695 0.990123778639 4800.0 0.817948717949
-2604.50057734 -50.4298917376 0.964015529962 3200.0 0.920512820513
-3686.61458571 19.2667121893 0.972679985138 3400.0 0.766666666667
-3678.67598065 28.4925136173 0.978404634035 3400.0 0.817948717949
-773.861312128 -39.2758239322 0.969140196526 3400.0 0.664102564103
3801.70248653 40.9486388828 0.993588824531 3400.0 0.305128205128
-586.594433009 49.8845726101 0.997625116596 3600.0 0.35641025641
-1176.62355091 -10.6415708191 0.963518856356 3400.0 0.715384615385
-3273.22043573 -33.1095428916 0.977842696389 3200.0 0.664102564103
-300.389522349 -46.2822199587 0.982044500475 3000.0 1.17692307692
1161.12396254 41.4394575994 0.98617818673 3000.0 1.02307692308
161.160860942 -0.953675007657 0.955614538035 3400.0 0.766666666667
2995.71597 -31.9847762754 0.999371308978 3400.0 0.1
-715.12287094 -48.2120609342 0.958415064285 3400.0 0.766666666667
-3861.37261147 11.9897154943 0.976993587142 3200.0 0.664102564103
3651.66460393 8.99586249797 1.00088309402 2800.0 0.1
2486.04256672 -1.25656892207 0.984921852465 2800.0 0.407692307692
-2576.71570906 37.8583798314 0.994326721869 3600.0 0.458974358974
4318.27682067 -30.8106690135 0.986780190371 3400.0 0.510256410256
951.37915102 -36.9320445708 0.952333782229 3400.0 0.766666666667
-3344.98267474 -7.1038044302 0.987171432368 3200.0 0.561538461538
3028.43120274 42.9149686974 0.983934365934 2800.0 0.561538461538
-563.396139272 7.57218142193 0.951673963514 3400.0 0.817948717949
-1810.22037264 -16.129166623 0.972302394747 3400.0 0.612820512821
322.171342784 -38.2166670753 0.994945633491 3600.0 0.407692307692
3291.51959506 -14.0458123305 0.987652679638 3600.0 0.612820512821
804.89797883 -49.8614372609 0.96927296313 3200.0 0.715384615385
-2842.28672225 34.0271551751 0.962676328286 3400.0 0.715384615385
1187.96677561 -54.9334010161 0.964910831678 3200.0 0.715384615385
-2110.54014332 -62.7242159249 0.965232063422 3400.0 1.02307692308
-1113.33377201 -21.8857854208 0.944268621566 3200.0 0.817948717949
1341.59495402 82.2425684396 0.990391742462 1200.0 0.561538461538
719.69052683 5.3824833154 0.953736104261 3200.0 0.715384615385
-1480.60527487 -21.6451297493 0.98275185834 3400.0 0.612820512821
-1838.55595606 -14.0223854357 0.961743334824 3400.0 0.920512820513
-1554.34151381 -26.1490848757 0.995039092862 3400.0 0.510256410256
138.774496362 53.3825491216 0.997448889188 1000.0 0.407692307692
-2755.98896299 -40.2936823793 0.993013868086 3400.0 0.561538461538
3249.22281877 -31.1432953084 0.999809745756 3400.0 0.1
3779.19185352 60.5642209248 0.988977270211 1400.0 1.22820512821
1328.49174878 -60.7128862691 0.95683605974 3200.0 0.869230769231
-1691.44000924 25.1303354736 0.959158501071 3200.0 0.715384615385
3045.97720828 -27.8472986956 0.997612113282 3000.0 0.202564102564
1623.90481562 -22.2809886425 0.965215094442 3200.0 0.612820512821
3102.96186615 51.1560969886 0.997462862751 1000.0 0.202564102564
-3417.61172553 -36.4479671975 0.954651454308 3200.0 0.817948717949
1358.38723487 44.2392029031 0.966864584659 3200.0 0.920512820513
-599.251866475 -10.9892880248 0.964829430689 3000.0 0.664102564103
2350.06749974 15.995737295 0.985955138592 3400.0 0.407692307692
-2471.9761678 19.0304303969 0.982450173816 3200.0 0.715384615385
-159.795623325 6.04259191659 0.951615455115 3400.0 0.766666666667
2118.76544457 -16.7904182242 0.975812519385 3200.0 0.561538461538
2021.02614762 -74.307178591 0.995998327894 3600.0 0.458974358974
-2560.03715696 16.434644257 0.962277260693 3400.0 0.817948717949
2054.0104077 -20.9895551932 0.973654760828 3600.0 0.766666666667
-3504.09788812 25.0078077684 0.994588111094 3200.0 0.35641025641
-98.646064095 7.69876834238 0.961404432942 3400.0 0.817948717949
-3382.33692258 42.494320213 0.965723197927 3200.0 1.33076923077
-669.322404845 40.9214525445 0.962624514804 3000.0 0.869230769231
1275.06615541 21.0965382921 0.973314391584 3400.0 0.766666666667
-1053.50753532 -47.5262427952 0.995101241883 2600.0 0.715384615385
433.556827576 -11.1987795134 0.954260810549 3400.0 0.715384615385
-2035.26156545 -21.0087007513 0.953837993177 3400.0 0.971794871795
2360.40734236 -65.3557815064 0.991072237677 3400.0 0.407692307692
-2237.59311779 -9.43185141764 0.965713077182 3200.0 0.715384615385
-2787.65816302 2.91979752435 0.973036372199 3400.0 0.715384615385
-3233.36152166 42.9115048496 0.999638075854 3200.0 0.151282051282
-1146.14019133 -2.196195576 0.967357029205 3400.0 0.715384615385
2715.91490561 48.075932606 0.97188877923 3000.0 1.07435897436
3399.40080377 -48.000267382 0.992021897766 3400.0 0.305128205128
-715.764996086 -9.51559967613 0.96363365216 3400.0 0.664102564103
-305.128199972 47.8654318506 0.955897075848 3400.0 0.766666666667
-3078.92417571 5.48306817489 0.981296564559 3400.0 0.664102564103
3228.90080172 -28.8924521507 0.983941499339 2800.0 0.458974358974
3262.80351923 -15.9438484863 0.980481693019 3400.0 0.715384615385
-3686.60291627 -3.49411445118 0.982774731553 3400.0 0.664102564103
3557.56970869 -5.86841752488 0.982565012852 3400.0 0.561538461538
3151.094061 -31.3281136602 0.969697123379 3400.0 0.612820512821
-3660.99241292 27.5382501091 0.985290274672 3600.0 0.612820512821
-1283.06512582 -39.5492210342 0.958877351063 3200.0 0.664102564103
-241.015288183 -22.5876457544 0.954161677486 3400.0 0.664102564103
-1172.14439173 3.17675441753 0.959900853098 3400.0 0.715384615385
-940.445739885 -39.3621355007 0.993696828345 2600.0 1.02307692308
-3600.72264653 -30.8416531437 0.99775067036 3400.0 0.407692307692
-2608.57934938 -9.76218831478 0.973986121797 3600.0 0.664102564103
-3831.28604453 -33.5477031739 0.997794417528 3000.0 0.715384615385
-2696.96812223 37.7766540822 0.984002789087 3400.0 0.612820512821
4111.39744649 17.312137407 0.985678094347 3200.0 0.664102564103
2217.62782508 51.9678798188 0.995728591175 3200.0 0.253846153846
-1143.91085387 -6.69825377837 0.961788050214 3400.0 0.869230769231
-794.903558825 -14.5728235058 0.955844605577 3200.0 0.869230769231
94.8205440302 20.789035137 0.980275269045 3400.0 0.612820512821
-900.346290423 -37.4888432513 0.96916653005 3200.0 0.715384615385
-1112.36485644 55.2205054792 0.982815936476 3000.0 1.99743589744
1984.99329229 -58.5757891051 0.997873348944 3800.0 0.202564102564
-342.341591687 35.4625097052 0.995512004438 3600.0 0.35641025641
2699.1620885 28.1548279478 0.991706563686 3000.0 0.305128205128
285.069024373 25.8267403486 0.981897948601 3400.0 0.458974358974
1361.82364431 -64.8168898641 0.988704534641 2800.0 0.510256410256
-2432.09529777 68.4234058911 0.997389127442 3800.0 0.305128205128
-1461.64456827 -1.52185018974 0.969695803919 3200.0 0.715384615385
4648.81973997 -6.7398806048 0.986330388163 3400.0 0.561538461538
3275.92629542 19.9787241718 0.995164651243 3000.0 0.305128205128
-3588.58572316 -26.6059261957 0.994896558179 3400.0 0.664102564103
-2449.87210782 -49.806436866 0.975234451086 3200.0 0.612820512821
-1452.77568503 -25.7310243054 0.987467900086 3000.0 0.510256410256
837.238255784 -18.8937806758 0.975920950112 3400.0 0.920512820513
3185.46095566 60.14685978 0.996903033498 1000.0 0.305128205128
1079.98678576 27.7564522048 0.952670322503 3400.0 1.07435897436
-935.538755743 -22.0186745236 0.976372155687 3400.0 1.12564102564
-1829.5520933 56.583324068 0.980825401462 3200.0 0.458974358974
3150.84517456 -16.658298991 0.97291289492 3200.0 0.561538461538
3461.49874521 -24.0970898213 0.998188121525 3600.0 0.202564102564
-2135.90132707 37.8731973459 0.964877039313 3400.0 0.817948717949
-3234.40813401 24.9305036464 0.985381177961 3400.0 0.612820512821
-3022.35791628 24.7460318743 0.969132665616 3200.0 0.869230769231
3968.29745741 -22.0819464953 0.983251490893 3400.0 1.12564102564
-3920.96807245 16.8110167458 0.975676851802 3200.0 0.664102564103
-3496.70942745 37.6946107228 0.992637242261 3400.0 0.458974358974
-893.904071396 29.1018081211 0.994702802267 3400.0 0.35641025641
-1092.49246768 7.0376267937 0.961305133991 3400.0 0.715384615385
-2880.03414744 -41.6908885218 0.965981708856 3000.0 0.715384615385
-529.084911047 13.7411672281 0.965187836612 3400.0 0.817948717949
2131.89878708 36.5065915388 0.998139407696 2800.0 0.202564102564
-1272.70587432 47.9237857289 0.98349600991 3200.0 0.612820512821
-51.4056951655 49.3921592524 0.991148290488 3800.0 0.664102564103
-832.634370015 44.7807224289 0.955128959385 3400.0 0.971794871795
2800.07655199 14.505587454 0.993332090503 3400.0 0.253846153846
3416.42240785 41.6271658341 0.995394510354 3200.0 0.305128205128
-381.899066232 -18.7155885362 0.983762699141 3600.0 0.664102564103
2240.46933342 -5.8838082381 0.994264291398 3000.0 0.253846153846
-3271.61615564 36.763331447 0.969035959651 2800.0 1.12564102564
3103.91515822 22.6046857608 1.00105393379 3600.0 0.1
3010.92643694 -9.24520974673 0.986015669688 3200.0 0.458974358974
1585.2589029 52.9974079771 0.980672547013 3000.0 0.407692307692
-200.733337365 9.10073935235 0.955153055017 3400.0 0.766666666667
-493.388817175 -57.9847433484 0.974913901685 3400.0 0.869230769231
448.287001128 -16.449588704 0.971931310286 3400.0 0.869230769231
-944.857731826 2.67917836121 0.959980663548 3400.0 0.766666666667
-806.623583226 -27.4404722484 0.951380494218 3200.0 0.715384615385
-1982.10995223 48.6497971596 0.968583477555 3200.0 1.02307692308
-2696.3884744 17.8438472031 0.96055185032 3400.0 0.766666666667
-4543.09032818 23.9782665302 0.962260872252 3200.0 0.920512820513
-1289.70737286 12.325957641 0.959882956253 3400.0 0.766666666667
2727.8361142 48.0228857869 0.997226779916 3600.0 0.202564102564
-3085.26092181 -6.6172998104 0.975536417215 3200.0 0.817948717949
-545.48899655 -9.57586515866 0.964470814788 3200.0 0.715384615385
-1454.8277025 41.7408614066 0.952418400271 3200.0 0.766666666667
2893.49440771 -44.5959302897 0.999445615316 7600.0 0.151282051282
2130.07599565 11.1080999467 0.984479000414 2800.0 0.35641025641
-1163.93515708 -42.5058634239 0.995736532714 3000.0 0.561538461538
1150.72474832 -18.5712674106 0.970695056981 3400.0 0.612820512821
2966.94077461 28.8761424768 0.991527272673 3600.0 0.407692307692
4137.62932296 22.4642531344 0.995561039589 3200.0 0.407692307692
-2179.36439453 -24.1916000394 0.955561665561 3400.0 0.715384615385
-805.468439261 28.4240873161 0.943402359273 3400.0 0.766666666667
-37.2708580507 47.6231193365 0.962987531838 3200.0 1.07435897436
-1452.65732312 -4.43733783261 0.962046812029 3400.0 0.715384615385
3037.30702202 -33.218121605 0.999799856081 3400.0 0.1
1868.75199183 57.2102977675 0.996868925196 2600.0 0.253846153846
2722.71121263 32.9343520389 0.997818485275 3600.0 0.202564102564
4138.45623902 -62.1382915644 0.996068659648 3800.0 0.920512820513
2054.30201546 16.1100812155 0.98361102581 3200.0 0.612820512821
-3492.94123109 -44.4359061418 0.988485793629 3200.0 0.510256410256
906.814444725 6.79136383922 0.96055226001 3000.0 0.766666666667
-436.945880173 -32.9776389302 0.95429650656 3600.0 0.664102564103
2660.98776581 24.9917665305 0.984088434817 3400.0 0.458974358974
-3459.41783835 76.0054168539 0.985679204569 7000.0 0.869230769231
1005.30414694 58.672684631 0.993880646972 3000.0 0.971794871795
-1553.34138906 -4.12105941582 0.96484765905 3400.0 0.817948717949
374.748149463 38.3133637708 0.992697344203 3600.0 0.305128205128
-4605.24373959 72.4648531633 0.996869628271 1000.0 0.35641025641
1359.26877968 25.7011606812 0.974219563105 3400.0 0.612820512821
1732.69798509 29.2607491897 0.972098411193 3400.0 0.612820512821
-2112.11937021 -54.4783194108 0.975283880525 3200.0 0.766666666667
2430.72477585 -12.0867022997 0.989716394757 3200.0 0.35641025641
-3485.57422394 -38.796614112 0.974106297498 3000.0 0.664102564103
-888.480825269 24.3798065451 0.974593227409 3600.0 0.971794871795
-1010.82720474 19.091297952 0.962457998139 3400.0 0.971794871795
-1298.77594114 60.6860325452 0.967609965844 3000.0 0.869230769231
-859.516599464 -22.0281352234 0.948990173449 3400.0 0.715384615385
-1311.1355785 -26.2147844064 0.968956863949 3400.0 0.664102564103
-995.538933483 -51.2006812773 0.953939656258 3400.0 0.817948717949
-3702.98291944 -13.8142946542 0.974035058749 3400.0 0.715384615385
495.574944647 -15.4326824762 0.966077984354 3400.0 0.715384615385
2915.18900513 -61.5901546069 0.997051401156 3600.0 0.35641025641
2753.77409266 23.9065274318 0.968846952439 3400.0 0.612820512821
-3094.40835161 -53.2568627234 0.984789521945 3400.0 0.664102564103
18.1945112212 9.10058912547 0.966051744343 3400.0 0.664102564103
-2698.66352464 -48.5014666692 0.96117843961 3000.0 1.33076923077
1407.98260727 45.2954681846 0.96872065677 3000.0 1.02307692308
2071.83896119 -13.8867278452 0.984752959635 3200.0 0.561538461538
900.365748636 1.78045915057 0.95730913231 3400.0 0.715384615385
2849.64786637 -10.3509670728 0.994952228787 2600.0 0.253846153846
2959.59110473 -27.3096300652 0.998737986463 3600.0 0.1
4039.92802101 -6.09851759989 0.981021760965 3400.0 0.664102564103
1568.01593552 -8.15165146901 0.975795538742 2800.0 0.458974358974
-769.84223434 -24.0907849455 0.960564155789 3400.0 0.664102564103
-94.0662049068 0.672013478148 0.958812764091 3400.0 0.715384615385
-3220.09275185 24.8671731851 0.95986999003 3400.0 0.766666666667
1809.60375688 32.4459430895 0.986014475119 2600.0 0.407692307692
2354.96699052 -56.3515414038 0.999290248711 3000.0 0.151282051282
-24.1741204461 25.280924189 0.984268497073 3400.0 0.510256410256
3968.00928099 -7.77470075239 0.985823543502 3200.0 0.612820512821
-4498.50315416 29.9606321273 0.993429128967 3000.0 0.407692307692
-2500.49701457 32.1348762697 0.968362159014 3400.0 0.766666666667
-4547.74148585 7.09758155756 0.985102408891 3000.0 0.561538461538
-1150.90656942 75.9019542487 0.993409820644 1000.0 0.510256410256
-1032.20896098 -13.1958793001 0.963978198614 3200.0 0.766666666667
2050.88963397 -15.310176803 0.985917045556 2800.0 0.35641025641
-1628.56972859 45.3878717911 0.969996714704 3000.0 1.07435897436
1890.33729015 -31.3286543058 0.96750735339 3200.0 0.612820512821
-1518.03532346 39.3319606109 0.995480715279 3400.0 0.305128205128
-3957.50024682 64.6978335907 0.989271404189 4200.0 1.43333333333
-495.551919049 -3.62587891365 0.967177377695 3200.0 0.715384615385
2975.92482856 -28.4503838125 1.00138020631 8000.0 0.1
920.123042433 -6.152124277 0.952231980536 3400.0 0.664102564103
-2611.16590711 -48.0220290789 0.969481919743 3600.0 0.869230769231
-2728.8206476 11.7907458684 0.954796521813 3200.0 0.869230769231
-3328.69991985 -60.8500062115 0.993365469144 3400.0 0.510256410256
409.996688534 45.1490724433 0.959649020115 3400.0 0.766666666667
-1202.43680429 19.8582474904 0.973108236945 3400.0 0.612820512821
2803.88422796 62.9941817652 0.985227451812 3000.0 0.407692307692
-1473.56825339 25.3652374832 0.97967195635 3400.0 0.664102564103
2170.17872288 -9.59725237529 0.98547223437 2800.0 0.35641025641
-1325.14794188 -71.2618372612 0.986051410875 4000.0 1.38205128205
-99.7700664761 41.2570886644 0.995170602968 4000.0 0.664102564103
2897.3843657 29.1078670681 0.988732530859 3400.0 0.35641025641
-3238.66168643 -37.9091114312 0.998823273402 2400.0 0.664102564103
-846.601928108 30.9762002359 0.952536937801 3400.0 0.817948717949
-2119.35225386 34.709002915 0.995070921084 3600.0 0.305128205128
-569.995851683 48.962640581 0.98212670971 3000.0 1.07435897436
4013.47033575 40.2956818472 0.971223653886 3200.0 0.817948717949
-3437.48061065 -32.9521818763 0.974198024047 3400.0 0.664102564103
118.046709715 31.8943011873 0.967044407654 3400.0 0.766666666667
-667.753996617 -28.5634540674 0.971969031416 3600.0 1.43333333333
-3404.8225878 -20.8291299893 0.982620566637 3000.0 0.612820512821
4539.87651469 6.34801057882 0.988777291882 3400.0 0.458974358974
-763.422502628 15.6983588075 0.969022406879 3400.0 0.715384615385
481.086019446 20.3611807004 0.959358870957 3600.0 0.766666666667
801.464085112 64.6495973534 0.992396667497 1000.0 0.664102564103
3473.15715726 1.38926512968 0.989344053406 3000.0 0.458974358974
-1684.4040722 11.7202789221 0.964940028449 3200.0 0.766666666667
-1.95857330849 82.5719523786 0.987710118339 3200.0 0.407692307692
-3660.02857818 18.6495084526 0.984776950516 3200.0 0.664102564103
-2056.77589929 20.7038315976 0.979384648663 3400.0 0.561538461538
575.135585159 -31.631746651 0.949406449666 3400.0 1.79230769231
-2726.28445661 -46.2352435834 0.970580711111 3400.0 0.664102564103
1431.11645573 -25.2875634473 0.955469077678 3200.0 0.612820512821
-681.793608545 -29.229634825 0.971424662099 3200.0 1.89487179487
-1330.68032009 -5.91182307622 0.962676421546 3400.0 0.817948717949
-4407.50779255 -19.4881768415 0.974361189335 3200.0 1.12564102564
4002.66909608 26.7433451546 0.987122380011 3400.0 0.510256410256
-2042.50370497 -42.6359379648 0.969160716732 3000.0 0.869230769231
1300.05759148 -20.8610312682 0.959454105464 3200.0 0.612820512821
1790.37675783 36.6470029581 0.967218282689 3200.0 0.817948717949
-1980.51293989 49.0315601819 0.958725782151 3400.0 0.715384615385
-3166.40383562 47.4350075955 0.984675854917 3000.0 0.920512820513
2328.57245531 8.96990464818 0.998439533766 3000.0 0.151282051282
-948.984616216 10.1771414543 0.969417006377 3400.0 0.715384615385
-200.810721788 6.61322351205 0.955429636598 3600.0 0.766666666667
-2146.87915565 -39.4770870917 0.990383967079 3400.0 0.510256410256
-1191.5237468 -42.1121469102 0.972228898973 3000.0 0.715384615385
398.217829537 6.07671857416 0.966095817183 3400.0 0.664102564103
1358.55601169 27.2654276245 0.946840829051 3400.0 0.664102564103
-1797.68160773 -26.2440392567 0.964401523944 3400.0 0.766666666667
1829.00905492 23.0914633016 0.987182614033 3400.0 0.510256410256
-124.699965365 -62.185727286 0.981313794643 3600.0 0.715384615385
-1316.4237072 37.7968117622 0.996471312411 3800.0 0.305128205128
-1461.05393832 59.3127894754 0.978605433601 3000.0 0.612820512821
3226.5494643 47.8250511265 0.993641650881 3200.0 0.35641025641
686.834272594 2.97206638233 0.959839478202 3400.0 0.664102564103
-468.68999213 15.2850918917 0.970941230953 3400.0 0.766666666667
-1157.52187298 -30.0418843759 0.957275128349 3200.0 0.715384615385
1089.11320231 27.5614965967 0.95156777201 3400.0 0.664102564103
2696.52641532 -32.2303260561 0.998036351981 3400.0 0.202564102564
190.623355211 -39.7796320593 0.986557456809 3400.0 0.458974358974
-658.318921394 -39.7752874142 0.956939423065 3400.0 1.17692307692
-2606.50199668 -18.9335560836 0.992360713921 3400.0 0.458974358974
-1888.82207959 -49.6933576046 0.967407183902 3200.0 0.971794871795
3123.30768265 29.5890306419 0.999747917773 3800.0 0.1
2581.25413455 -31.1502812729 0.99424106188 3600.0 0.510256410256
393.020668671 58.9279592596 0.975224790814 3200.0 0.664102564103
-681.055107858 17.4211335204 0.972709972785 3400.0 0.817948717949
-1173.32309635 27.2284607362 0.99555033433 3400.0 0.35641025641
3357.5754542 16.9238770738 0.979695825762 3400.0 0.458974358974
2126.19787721 27.4228933702 0.971278360209 3200.0 0.664102564103
2081.13423572 65.3394987652 0.996717226268 3600.0 0.766666666667
-2766.49550614 48.7372225313 0.967573069252 3000.0 0.715384615385
2947.17879083 4.99174020923 0.98133195386 3200.0 0.561538461538
1455.5284732 -30.1970886773 0.981598047945 3400.0 0.664102564103
7.34443009488 54.8426931838 0.994960870446 3600.0 0.407692307692
-3199.34429193 7.68936233711 0.979334950125 3400.0 0.664102564103
2867.95798839 -31.3625651693 0.993125730227 3200.0 0.612820512821
640.865041135 26.3158705614 0.947061031188 3400.0 0.715384615385
-1638.25605924 25.4555147576 0.992425496088 3400.0 0.407692307692
1804.30705603 35.7728370989 0.970780201867 3000.0 0.664102564103
3502.29701347 -13.0679154438 1.00135695475 3000.0 0.1
-3721.91052444 -66.6478232717 0.998416598022 2600.0 0.253846153846
-165.174228781 -27.3168183633 0.958258037783 3400.0 0.664102564103
1819.72477331 55.6425407442 0.981418445837 3400.0 0.664102564103
313.473088322 24.5505031247 0.957758119475 3400.0 0.766666666667
4661.85387013 21.5381584917 0.991083310445 3600.0 0.458974358974
-3546.9523215 46.0092191039 0.971945544458 3400.0 0.715384615385
-784.232934283 -29.0078585611 0.949805165292 3400.0 0.664102564103
-154.836774415 34.0936290977 0.979899474091 3400.0 0.612820512821
2770.98038702 -49.7117372189 0.999917861428 3000.0 0.1
3117.36774715 27.5590838834 0.982289990189 3400.0 0.510256410256
2810.13693316 -8.41933979855 0.99589798271 3000.0 0.305128205128
-2444.72478861 -10.8075053927 0.982571253992 3200.0 0.715384615385
-2695.00151391 -57.3529563447 0.965003462263 3200.0 1.02307692308
2481.29058829 -40.0146304942 0.971813272546 3400.0 0.664102564103
-50.6573234662 -28.0768668407 0.963749073477 3400.0 0.869230769231
2109.05849856 -6.88844601003 0.981102054195 3000.0 0.510256410256
2849.14033881 -9.81312816799 0.996350111894 3600.0 0.253846153846
-683.118039695 -15.3713056923 0.955485434078 3200.0 0.766666666667
1128.03728449 42.5488757516 0.954597826579 3400.0 0.664102564103
3206.16221379 -44.2321161527 1.00011845801 3400.0 0.1
2573.27090478 11.9391766355 0.999056211108 3200.0 0.1
131.221085015 4.16806941346 0.958234280995 3200.0 0.715384615385
-1281.12197406 -29.6522332704 0.955621366775 3200.0 1.12564102564
-209.438516099 4.6276354147 0.960090427662 3400.0 0.715384615385
-1320.21342062 3.51231916851 0.960181673079 3400.0 0.766666666667
-1839.39065238 -26.9205431172 0.964094409928 3400.0 0.715384615385
-3061.25929151 35.0572367842 0.97365655671 3200.0 0.817948717949
-2440.23492479 -63.2709125915 0.967871917969 3400.0 0.920512820513
-3359.22350845 -65.210060424 0.989692227814 3600.0 2.1
-959.23147954 10.3254530414 0.961453336381 3400.0 0.715384615385
2254.94425493 7.74163008001 0.997537153385 3200.0 0.202564102564
-1908.85603674 60.3741587006 0.971390795465 3400.0 0.869230769231
-1181.74395965 34.1010935291 0.980579220315 3000.0 0.920512820513
-1568.32256081 -57.0728553179 0.971384201186 3000.0 1.12564102564
2174.38484115 -19.122461828 0.994913149361 2400.0 0.202564102564
-4090.30461126 -61.1357451804 0.988034168644 3200.0 0.715384615385
1462.91759487 -35.8386779639 0.968465513498 3200.0 0.561538461538
4100.23592756 5.19008588686 0.982430687078 3400.0 0.612820512821
-2359.94092011 15.2513781773 0.985118960783 3400.0 0.612820512821
2171.28765286 -56.3430922504 0.99257114431 3200.0 0.35641025641
-1232.30493162 -53.7606641338 0.99559781523 3600.0 0.35641025641
27.8529990693 53.5762873756 0.958268535335 3400.0 0.612820512821
1327.71049472 16.9791920322 0.961016752037 3000.0 0.612820512821
2390.64848109 27.6440114853 0.996277564498 3600.0 0.305128205128
-3299.06530448 9.53199842204 0.969213314414 3200.0 0.766666666667
-567.387979843 -33.3211773889 0.960793411356 3400.0 0.664102564103
-1640.49166297 -5.33915964141 0.962646237755 3400.0 0.817948717949
3420.84934701 -69.254541809 0.995340900167 1000.0 0.407692307692
2808.75690535 -46.0558334975 0.98001544656 3200.0 0.664102564103
-1802.00860302 60.1531828291 0.956852333883 3400.0 0.817948717949
-3225.46345673 59.5000370523 0.973343291905 3200.0 0.715384615385
3816.17146513 69.0385103051 0.990306015875 1200.0 0.869230769231
-1873.62967552 46.8881309872 0.99675790904 3600.0 0.253846153846
2499.21868579 64.6302982165 0.999499298022 2600.0 0.1
2357.27354997 -14.9689890036 0.985175886504 3200.0 0.407692307692
-938.183287839 37.7446639264 0.961117228341 3400.0 0.971794871795
-1609.92447444 68.7133869761 0.965765484698 3400.0 0.561538461538
-332.616409609 -6.89735164465 0.966736165476 3400.0 0.766666666667
2156.14792416 -41.7086812274 0.999044549943 3400.0 0.151282051282
2762.52803387 30.9815495826 0.98719135076 3400.0 0.458974358974
2296.44021523 -22.3210439233 0.999715537524 2800.0 0.1
-4518.84235112 -58.3085926772 0.974747557344 3200.0 1.12564102564
2368.97785204 -22.2100785448 0.994132833713 3000.0 0.510256410256
4180.85596529 31.0094900543 0.996535680315 3600.0 0.35641025641
-3270.33593269 40.6936073653 0.966831174292 3400.0 1.27948717949
2886.94137145 -26.3061878989 0.997589664344 3000.0 0.202564102564
-207.346127298 2.96028736547 0.962918156487 3400.0 0.766666666667
1164.88923889 65.155264092 0.977314738863 3000.0 0.561538461538
-775.974307147 -21.4034449829 0.959227977941 3400.0 0.664102564103
2705.43800583 33.7332307438 0.99613623908 3200.0 0.253846153846
4135.14655172 9.75231798355 0.978217210761 3400.0 0.612820512821
319.610849454 53.6048623061 0.946295166703 3200.0 0.664102564103
-1528.17687861 44.5281789765 0.955554923995 3200.0 0.766666666667
2987.9247813 -33.1410905716 0.999995972283 6800.0 0.1
-184.648229656 13.8247015851 0.950441823217 3400.0 0.766666666667
1716.27970649 18.0060484499 0.977612865113 3000.0 0.510256410256
-1363.67646227 -0.790245523754 0.964261151796 3400.0 0.766666666667
1276.66890656 -59.1120413999 0.986915324169 3200.0 0.458974358974
179.532957385 -25.6621247958 0.957137180764 3200.0 0.664102564103
-412.14540658 38.2827628246 0.988839257846 3200.0 0.458974358974
-3767.09937635 -8.51079318611 0.983372114518 2800.0 0.561538461538
-2638.44615019 42.0757036145 0.993543631276 3400.0 0.305128205128
-23.5650997856 -26.0426065684 0.953036545139 3400.0 1.07435897436
-925.528746057 -37.932111885 0.958434533269 3400.0 0.766666666667
4160.3556357 -16.2888108363 0.992400095491 3000.0 0.715384615385
-662.054684488 -74.7216354107 0.985123944105 3400.0 0.664102564103
3549.02493403 31.7551645937 0.999670083462 3800.0 0.1
2070.68378165 -52.1593432683 0.983315625471 3000.0 0.715384615385
-994.72782278 17.4139250692 0.960358737673 3400.0 0.971794871795
-2566.68266605 -40.4546052968 0.962821517642 3200.0 1.12564102564
-1290.48146368 -39.9995388184 0.986337892313 3400.0 1.74102564103
112.261605781 -38.087289988 0.980255719464 3400.0 0.869230769231
2818.53149479 -5.18690455195 0.978466523632 3600.0 0.561538461538
-3718.05936463 -30.9919249924 0.968904693 3000.0 1.12564102564
2546.10452269 43.6988817451 0.997642082022 3400.0 0.202564102564
-1705.23313657 -34.2105527504 0.965882795732 3400.0 1.07435897436
-956.093185396 -52.953399113 0.962890482481 3000.0 0.920512820513
-1858.64921881 -25.9294279616 0.960177803334 3400.0 0.766666666667
-1135.84520216 -4.9087589389 0.971618953669 3400.0 0.715384615385
1143.83436797 31.1191864311 0.966012011891 3200.0 1.07435897436
-1267.20372568 -30.6205906744 0.983712787541 3400.0 0.817948717949
-994.68108132 -21.4720915755 0.985740556987 3400.0 0.561538461538
1057.68678005 47.5065071734 0.997804938341 3600.0 0.253846153846
-1390.60998702 32.8362746651 0.951924708846 3400.0 0.817948717949
-669.316460784 34.7705509005 0.977975205503 3400.0 0.715384615385
1856.39726995 59.9937110324 0.994029783655 3800.0 0.869230769231
1204.73168468 -27.4342681184 0.954850236098 3400.0 0.612820512821
1987.82003733 8.62059497502 0.981489658358 3200.0 0.458974358974
3101.41451073 60.2393445796 0.998872920014 2200.0 0.1
2605.83782299 13.8673623075 0.986734686709 3000.0 0.35641025641
930.54971525 2.64035167234 0.956527793385 3200.0 0.715384615385
-723.19515605 3.52083142425 0.948101084538 3200.0 0.766666666667
-90.7709989786 -45.2807864621 0.956766856878 3400.0 0.766666666667
-1290.45707691 -42.9692977552 0.998616972356 5600.0 0.305128205128
-1080.74282727 36.5486154459 0.993412650979 2800.0 0.766666666667
-1006.89000236 -3.3268941835 0.951878025615 3400.0 0.766666666667
6.8712944565 -27.1205348068 0.968299726022 3400.0 0.612820512821
-2662.33474002 4.80137272089 0.953785912677 3400.0 0.869230769231
3567.32742418 -24.0577725827 1.00004733068 6400.0 0.1
-1947.23981921 -26.882492397 0.959283213033 3400.0 0.920512820513
2748.92764492 -26.8520943024 0.979623680486 3400.0 0.971794871795
480.455526047 55.9058523626 0.947270466888 3400.0 0.766666666667
1908.7003188 16.6291147892 0.98174304808 3400.0 0.510256410256
-889.270293524 9.29579453455 0.966838254809 3600.0 0.715384615385
-3791.87808137 19.2870189493 0.99111253072 3400.0 0.664102564103
-1863.93577701 11.4921638801 0.955673467612 3400.0 0.766666666667
904.336608604 49.5676628304 0.965014563599 3200.0 0.971794871795
1633.37132568 -27.7860593583 0.991224210695 3200.0 0.510256410256
850.693977437 16.8717022578 0.971079174534 3400.0 0.715384615385
-2784.40740739 -32.3872111578 0.981715861357 3200.0 1.63846153846
1281.25890982 -51.6706759226 0.990623310654 3400.0 0.407692307692
-2811.35065904 -24.754489391 0.982322881805 3400.0 0.612820512821
-2785.80432925 -35.9407311044 0.993904270548 3200.0 0.35641025641
550.233281151 -56.0376666403 0.979961699903 3400.0 0.612820512821
4315.37072548 -35.3506791975 0.998412016995 3800.0 0.407692307692
-915.795911488 45.9161641718 0.982619544976 3200.0 0.766666666667
-1953.65982506 17.2553521954 0.956457107278 3200.0 0.766666666667
-2313.73019846 -9.77314715148 0.970852124007 3400.0 0.766666666667
-2808.39038103 40.3823742814 0.998043711395 3600.0 0.202564102564
2820.19765624 -22.4977439375 0.992234318476 3400.0 0.766666666667
48.269467666 15.068580206 0.962398509199 3400.0 0.612820512821
2012.34012474 10.0043375057 0.995102163823 3400.0 0.253846153846
-847.145136068 43.8774115282 0.961955889744 3200.0 0.766666666667
-2103.4858862 -44.7098180617 0.969785416953 3400.0 0.766666666667
1861.72577864 28.0648142605 0.974542832145 3400.0 0.612820512821
-1556.63466948 -20.0105989981 0.957355832328 3200.0 0.715384615385
3323.5481633 -57.1610247933 1.00018356027 3400.0 0.1
3346.62682617 -18.1244586335 0.98562180178 3400.0 0.510256410256
-3044.97076398 19.5481373276 0.968450535358 3200.0 0.971794871795
2470.85793672 -24.4131076189 1.00025663877 3200.0 0.1
-11.0430149554 -33.7743613415 0.97027781641 3400.0 1.74102564103
248.310706447 -23.0829277288 0.965517197815 3400.0 0.612820512821
116.190471306 -9.97417401411 0.96668962218 3400.0 0.766666666667
-2598.4925774 24.2992245938 0.961274414155 3000.0 0.869230769231
-242.082212647 23.6909332975 0.955625749723 3400.0 0.715384615385
-329.941781254 27.6387892532 0.991618768446 3400.0 0.407692307692
-182.267677797 9.86760012012 0.957723600044 3200.0 0.766666666667
-1546.23999517 -61.4572865524 0.971175742818 3000.0 1.79230769231
-3475.33174178 -25.1433298557 0.996647736914 3000.0 0.510256410256
-1037.16525065 -14.6704374801 0.974862324785 3200.0 0.715384615385
-1412.47532371 38.1080422955 0.971080770574 3200.0 0.869230769231
-546.210816883 -18.9875739121 0.970532033694 3400.0 0.766666666667
743.322856294 25.9897322173 0.985549569994 3400.0 0.458974358974
4527.76496512 -46.7905375999 0.996558301886 3000.0 0.766666666667
633.23988394 31.8037337699 0.949120950416 3400.0 0.766666666667
1211.07637559 -14.8360342107 0.959081631738 3200.0 0.612820512821
3581.63217143 -15.6048637654 1.00092202173 8000.0 0.1
2984.62447848 55.9696210571 0.988266465755 3400.0 0.458974358974
198.026435693 37.9428622495 0.992514169975 3400.0 0.458974358974
797.929632104 -3.61350419693 0.956782822491 3400.0 0.715384615385
550.191543642 59.3333619102 0.99435022119 3800.0 0.35641025641
2526.08144057 64.645936046 0.987296703732 3200.0 0.407692307692
2450.41250768 5.84961153127 0.997528248453 2800.0 0.202564102564
-2505.26772401 -5.78123527089 0.969471922176 3400.0 0.766666666667
-4002.10126305 -23.1118310811 0.978047956677 3200.0 1.38205128205
-4403.65415892 9.88992165754 0.985749567694 3400.0 0.664102564103
-1162.6184641 32.3823541215 0.972660416442 3400.0 0.664102564103
1636.83570518 -23.3061308995 0.968312591644 3600.0 0.869230769231
-2486.83869048 -5.69384388393 0.983503814479 3400.0 0.561538461538
1633.92141357 -15.8080687959 0.978966485464 3400.0 0.612820512821
151.473926251 -32.8865131989 0.955104371049 3400.0 0.664102564103
-1057.1969285 29.5876913929 0.977076332042 3200.0 1.27948717949
-1661.26984761 13.7312804644 0.969656563971 3400.0 0.664102564103
-2772.5664661 -27.4294567228 0.980821102409 3400.0 0.561538461538
-635.037015822 42.9853961694 0.972737954871 3200.0 0.869230769231
1547.49154808 48.3880638857 0.960852456579 3200.0 0.664102564103
2728.67728831 -18.0327211419 0.988798562139 3200.0 0.510256410256
-749.185746893 20.9282298102 0.961557316417 3400.0 0.920512820513
3383.66199788 -39.9611305265 0.998004782161 3600.0 0.202564102564
-3706.86958626 28.7016400987 0.966269876314 3000.0 1.17692307692
1543.04516869 78.328445785 0.989752476187 3200.0 0.35641025641
-17.9959777123 4.66092756691 0.956140567208 3400.0 0.766666666667
-3607.07328204 -8.96824238539 0.980458566682 3400.0 0.817948717949
1916.29110307 5.51551755894 0.985611773509 2800.0 0.458974358974
-1094.24988201 -33.161772688 0.965470763653 3400.0 1.63846153846
-3426.74878342 52.0257363029 0.999262484504 2200.0 0.253846153846
-1307.11162308 -48.6739014868 0.969169748635 3200.0 1.07435897436
3080.69598682 7.3564186059 0.998170620458 3400.0 0.202564102564
1843.13095323 -56.9633674763 0.985276954951 3000.0 0.510256410256
270.682563642 -5.82326914971 0.947072806963 3400.0 0.766666666667
503.5934053 -14.4149328723 0.958181209083 3000.0 0.664102564103
-2674.75744414 12.1581742752 0.966813719837 3400.0 0.766666666667
3617.48249061 3.68619776232 0.995233455855 2800.0 0.253846153846
89.0152421221 -62.7592065037 0.955235215613 3200.0 0.817948717949
-15.0681093388 -29.0605411036 0.960169602463 3200.0 0.664102564103
351.745114481 -37.5566276956 0.967730330384 3400.0 0.869230769231
-3266.05594127 25.4468984041 0.967216602399 3400.0 0.766666666667
367.635454969 -59.9615889254 0.961504348704 3000.0 1.43333333333
-2622.44110208 39.2442818072 0.992880064375 3400.0 0.407692307692
-2197.66180987 69.6569365377 0.998431214091 4200.0 0.151282051282
3163.50826039 -13.6269440201 0.996164985196 3200.0 0.253846153846
2859.67774516 50.465409112 0.985831850779 3400.0 1.07435897436
297.682376188 82.8757055318 0.991258516459 1800.0 0.458974358974
121.714803056 33.8757841533 0.993628630158 3600.0 0.305128205128
3130.8117158 15.7507913886 0.980933533487 3400.0 0.458974358974
1436.39094041 29.3357266083 0.98922473003 3000.0 0.407692307692
-1293.9941507 -0.794721243146 0.967035690884 3200.0 0.766666666667
-1615.01930169 9.78262679945 0.973573664114 3400.0 0.715384615385
3839.24511646 -54.3593190734 0.99349100466 3600.0 0.305128205128
1769.92714011 -11.3937662387 0.970842981732 3200.0 0.612820512821
2869.03017906 -61.1855277457 0.98835964242 2800.0 0.612820512821
1641.17436843 12.3728967125 0.955432578117 3400.0 0.664102564103
-2984.19897004 9.23110342996 0.960254458885 3400.0 0.920512820513
-72.6761230437 -3.16800113411 0.960425043583 3400.0 0.715384615385
-1641.80070301 11.3536657174 0.964300177523 3400.0 0.766666666667
-811.752155191 -60.3077834732 0.973141571315 3400.0 0.817948717949
-494.64416223 -31.879132357 0.993440320116 3400.0 0.664102564103
522.119519055 28.869708933 0.978213923688 3200.0 0.612820512821
3073.78315291 39.1204824176 0.997794937155 3800.0 0.305128205128
2123.98802738 5.52253046335 0.986812586807 3200.0 0.407692307692
1863.45517356 17.9567632241 0.992658563231 3400.0 0.305128205128
943.19275368 -28.9007241546 0.96722384673 3600.0 1.22820512821
1412.79522851 17.3412461913 0.969440128669 3000.0 0.612820512821
3052.29334728 -49.926294767 1.00008132632 3000.0 0.1
-828.585892321 22.7392706507 0.955310780486 3200.0 0.766666666667
3112.23036669 42.4436113859 0.983988210285 3200.0 0.766666666667
-4679.49278344 26.257323441 0.993229758319 3200.0 0.510256410256
-531.235209284 -1.36552504288 0.965300344332 3400.0 0.715384615385
2066.10412807 -38.8371685768 0.992222546018 3400.0 0.458974358974
-698.153129916 2.50916696517 0.962893075808 3200.0 0.766666666667
-2590.1586841 -11.6005700857 0.988147468201 3400.0 0.664102564103
-1769.2881707 40.8600026308 0.97154716021 3200.0 0.561538461538
2115.46380351 49.147939693 0.993782029859 3600.0 0.35641025641
39.1111615424 -47.7793026991 0.974368347124 3400.0 0.664102564103
864.002019093 -41.2777625703 0.955525138445 3400.0 1.5358974359
-1020.26991506 -15.8508468953 0.956079290522 3400.0 0.869230769231
1554.86142442 19.5197689642 0.967808277179 3000.0 0.510256410256
-2143.32543925 -36.8435275972 0.967760090486 3200.0 0.612820512821
-1265.68626197 -44.4782029699 0.996275267833 3800.0 0.305128205128
1180.84651934 29.8537608958 0.959911720395 3200.0 0.715384615385
-1018.38830722 -51.5523431921 0.985644940678 3200.0 0.612820512821
1571.41919752 39.738535236 0.973238981337 3200.0 0.561538461538
-1630.95993512 14.858217343 0.964857893679 3400.0 0.715384615385
216.513768374 24.2052022484 0.969371372001 3400.0 0.817948717949
-2172.86946305 36.4525685385 0.949631560839 3200.0 0.817948717949
2409.22162818 -20.5522890118 0.991430105792 3000.0 0.35641025641
3175.14742397 32.8696265119 0.977092867233 3400.0 0.561538461538
-3137.03692657 61.3083294508 0.986546800895 3000.0 0.458974358974
1935.02626655 -17.7251490081 0.999312554528 2800.0 0.1
-3198.53166205 27.1054600818 0.972367204917 3400.0 0.766666666667
-55.3718229852 51.5723417118 0.958120818423 3400.0 0.869230769231
2285.89806977 41.0018564739 0.98944965483 3000.0 0.407692307692
498.443995498 7.10839136159 0.973987249425 3400.0 0.715384615385
-2435.22025304 30.0472775327 0.969920551319 3000.0 0.817948717949
-3266.90290548 -22.6803914864 0.971175134038 3200.0 1.02307692308
819.65138779 64.5685034798 0.992555905993 3800.0 0.35641025641
-2445.10142537 43.1600515923 0.993569713973 3400.0 0.407692307692
-2059.33526216 -15.0834444007 0.974723384064 3400.0 0.561538461538
-2610.71847641 3.5583144053 0.967463076912 3200.0 0.766666666667
499.625495322 69.1808476644 0.970074507376 3000.0 0.510256410256
2175.24509047 31.7978694844 0.979823563578 3400.0 0.561538461538
-2795.8940436 -38.697933933 0.991615065103 3200.0 0.35641025641
2235.86663378 1.62919898847 0.981671990361 3200.0 0.561538461538
-3537.99162969 23.3823738425 0.961327823019 3000.0 0.920512820513
1647.1870036 44.6633096314 0.977271965429 2800.0 0.458974358974
3603.49411105 -25.2781056285 0.998711973182 2800.0 0.305128205128
-2331.59799391 43.0347361734 0.994229300656 3600.0 0.305128205128
638.448345731 -13.4796430729 0.952255664637 3000.0 0.664102564103
-348.096260184 -9.31555059207 0.960966950337 3400.0 0.766666666667
3071.90612037 43.501711755 0.974816391276 3400.0 0.715384615385
-30.5560253732 37.6635639456 0.948926993842 3400.0 0.715384615385
2472.61284585 55.5121489636 0.994975826939 3000.0 0.253846153846
-4273.09648272 8.67046017353 0.978247688059 3000.0 0.817948717949
-2629.51381137 -9.42284376695 0.981237364037 3400.0 0.561538461538
3308.74462385 27.9206189387 0.991170020183 3200.0 0.305128205128
1691.56508915 -33.5721550937 0.95895630549 3200.0 1.94615384615
1948.4094163 -36.8282228893 0.974565617381 3000.0 0.612820512821
-3134.92943242 13.8150003306 0.96122907069 3400.0 0.869230769231
265.14450797 -10.1272409516 0.956651881368 3400.0 0.766666666667
2460.57373518 15.4947864582 0.99151235227 3400.0 0.305128205128
-2809.26381731 -36.130788463 0.985766017301 3400.0 0.612820512821
-3211.07957843 -42.9107523754 0.985069757557 3200.0 0.664102564103
1046.65114206 40.152218794 0.984888795455 3000.0 1.02307692308
1043.67664866 47.6719487513 0.952358399677 3400.0 1.02307692308
-1101.11920574 49.7176024291 0.964516291616 3000.0 0.971794871795
-2233.18741294 6.53814526418 0.968355159912 3400.0 0.664102564103
3128.32715681 62.4439467455 0.988407334288 3000.0 0.35641025641
-2861.22602619 85.7689071802 0.985478496188 1000.0 0.766666666667
-2823.35918113 9.13761802357 0.974823276101 3400.0 0.766666666667
2919.41615372 -48.7089038889 0.99810718429 3200.0 0.151282051282
1195.06433738 70.9453413188 0.985976977076 1000.0 0.612820512821
3415.86762662 -36.0279507396 0.981337577827 3200.0 0.510256410256
1053.52234767 -39.6572321812 0.995175933185 3600.0 0.35641025641
-1088.73855788 13.5492285357 0.958219562021 3400.0 0.817948717949
3774.48943451 50.8519195214 0.998804879769 3800.0 0.253846153846
-1080.14397022 -7.86030086823 0.9738801461 3400.0 0.715384615385
3710.63576287 -4.09113837134 0.985198152276 3200.0 0.458974358974
-1349.0519399 16.6270571746 0.95556317674 3200.0 0.715384615385
2620.77964843 41.0083149104 0.992921759671 3400.0 0.35641025641
-4274.63672393 34.976615831 0.998828106033 3400.0 0.202564102564
4689.0708812 -19.6350413697 0.987255204246 3400.0 0.971794871795
-2710.35634413 -12.4941792765 0.975144238124 3200.0 0.612820512821
-2451.75466926 -17.5314612642 0.977093870613 3400.0 0.715384615385
1849.70614975 58.6214571593 0.982966019703 3000.0 0.458974358974
2392.67656638 -29.0158159656 0.981971366893 3200.0 0.407692307692
-2851.53408169 52.9497605619 0.99148805959 3600.0 0.664102564103
858.812962089 64.8224045632 0.955227241003 3200.0 0.715384615385
-355.894981397 -28.1953291956 0.948427223465 3400.0 0.715384615385
259.099168716 75.5798508331 0.968288666307 3200.0 0.510256410256
3379.05762432 47.154650395 0.997747604563 3000.0 0.253846153846
-504.714863236 30.612012594 0.970240796724 3200.0 0.817948717949
3296.97302756 18.6221321019 0.999468738014 3000.0 0.1
-3765.43082477 19.452805068 0.987582811065 3400.0 0.510256410256
-601.49072273 -18.6032375926 0.962960381495 3000.0 0.664102564103
-2274.84204527 33.7198527508 0.957276703707 3400.0 0.869230769231
-467.257829908 -6.01081060718 0.966820547179 3400.0 0.817948717949
-528.353501733 -58.1088779856 0.95269626411 3200.0 0.920512820513
-3259.42297976 6.71598201679 0.979505254955 3400.0 0.664102564103
-62.3029035055 4.01875733558 0.963423102391 3400.0 0.715384615385
2936.47465947 24.0007256032 0.996900631212 3400.0 0.305128205128
1267.38690798 -41.4581475641 0.998753081167 4800.0 0.253846153846
-133.013247181 11.6222455053 0.971173404358 3400.0 0.715384615385
-3373.00861192 25.8078347122 0.988848129381 3400.0 0.664102564103
1422.43219155 -24.1836608334 0.973920588213 3400.0 0.561538461538
927.929856495 19.1510904937 0.95935816661 3400.0 0.715384615385
-1378.53599265 -20.12957868 0.969664176752 3400.0 0.817948717949
2276.27372004 63.7821290293 0.987779460081 3400.0 0.612820512821
-1535.13007309 6.0157480719 0.963745725654 3200.0 0.817948717949
3263.19707203 -14.3374556124 0.99412612546 3600.0 0.253846153846
1552.86181668 1.50115387686 0.968334106617 3400.0 0.612820512821
-893.97149012 45.4414441192 0.986815642247 2800.0 1.12564102564
724.987646413 72.9991670526 0.995681956608 2600.0 0.510256410256
-2365.13533974 19.0983557887 0.957337158022 3400.0 0.817948717949
3318.36348195 -53.3351106792 1.00037897728 2800.0 0.1
2408.93473889 -52.9073214549 1.00014611214 2200.0 0.1
-674.472076449 29.6922977991 0.964642700305 3400.0 0.920512820513
-3430.42294572 7.49749490627 0.972504621674 3400.0 0.817948717949
-3997.43971025 43.2570410772 0.974616443635 3200.0 1.02307692308
-2825.56719147 -48.1951091908 0.964734920992 3400.0 0.817948717949
-1218.32080434 29.8929036413 0.962686720958 3400.0 0.920512820513
444.098626263 -4.18284178685 0.960231488305 3000.0 0.715384615385
-1573.33595794 6.9838040866 0.972190890691 3200.0 0.766666666667
792.583991648 56.2015236543 0.995655150918 3600.0 0.253846153846
-3777.12626898 39.4655003429 0.965482724304 3200.0 0.869230769231
3237.65332501 -29.2320089057 0.99154228973 2800.0 0.253846153846
-2723.3822912 -40.9021011033 0.969817610384 3400.0 0.715384615385
-2101.34762245 -5.82193815107 0.967320239459 3000.0 0.766666666667
1646.68306348 -19.534461973 0.981685595547 2600.0 0.35641025641
-4347.86824395 61.8513083947 0.96928391971 3200.0 1.07435897436
-1693.82146937 34.2982523796 0.961562175871 3400.0 1.07435897436
-2394.47346443 17.7560266525 0.961101154539 3200.0 0.817948717949
2819.24173099 4.89738496065 0.998718067728 2800.0 0.151282051282
831.39759 -1.60701561057 0.957918767793 3200.0 0.715384615385
-2296.40728043 -47.6247287993 0.999455418581 3800.0 0.1
1127.77860587 12.4842601411 0.948362208615 3400.0 0.715384615385
-2781.24947374 -25.6346207189 0.975809231539 3200.0 0.612820512821
-702.287437342 -18.530004374 0.953110352929 3200.0 0.869230769231
-1487.01092332 0.505208280117 0.962406390366 3200.0 0.715384615385
-2780.36238374 -3.19675519919 0.967904290668 3000.0 0.766666666667
652.399259748 -17.1911238208 0.947276577484 3400.0 0.869230769231
-2301.70752803 45.234856334 0.983777942767 3400.0 0.664102564103
-3530.25222405 -27.901578163 0.981041594457 3000.0 0.664102564103
3764.47254594 9.52428061687 0.979896874526 3000.0 0.664102564103
4142.72427872 -49.9039624348 0.997070950055 3000.0 0.510256410256
3013.77694192 -51.0247932865 0.998684081624 8000.0 0.202564102564
1981.17664315 29.425814206 0.991026588096 3200.0 0.612820512821
2052.27128408 30.7578877449 0.998179985248 3400.0 0.151282051282
3522.23603728 -16.8457109593 0.985348267073 3400.0 0.458974358974
2261.59856972 80.8449245445 0.983647030462 1200.0 0.561538461538
2255.98313911 50.2636240182 0.981202583793 3400.0 0.510256410256
2112.01913115 -41.5585602882 0.994903308791 3400.0 0.305128205128
2854.77878213 53.2243234329 0.995784456719 3400.0 0.253846153846
2531.65417941 -24.1052012298 0.990456945849 3000.0 0.510256410256
1707.95368239 -34.5248998589 0.965543645081 2800.0 0.561538461538
-2185.39803971 -53.4875867113 0.966950380328 3200.0 0.971794871795
114.413199184 13.6928379321 0.950589302404 3400.0 0.817948717949
2995.75928867 6.4691561879 0.985865260756 3000.0 0.407692307692
2547.21164635 -13.3605340774 0.997303548678 3200.0 0.305128205128
1502.44720841 -2.5555748743 0.964897948081 3200.0 0.664102564103
-3295.71419895 -33.1585971952 0.980356722618 3400.0 0.664102564103
2965.42393726 -37.0746975964 1.0002001134 6800.0 0.1
-4426.9367103 -15.1155943455 0.984473418448 3400.0 0.561538461538
3514.90473764 47.4714067976 0.995848381383 3400.0 0.253846153846
3602.37709376 49.8539209029 0.997714615151 3000.0 0.253846153846
-1913.26718707 46.8371760272 0.992458198713 2800.0 0.458974358974
1943.72358529 10.2942284336 0.978642762966 3200.0 0.458974358974
2896.98899329 -11.7267579542 0.986515494617 3400.0 0.407692307692
2915.54075672 -22.6657943587 0.976748400155 3200.0 1.02307692308
2984.69472141 -19.6846685021 0.996430978635 3600.0 0.253846153846
1827.23963043 -50.9303239675 0.981117323077 3400.0 0.561538461538
-1253.90686265 52.9058243382 0.99070746241 3800.0 0.715384615385
1346.73780871 43.2642163382 0.963374925559 3000.0 0.612820512821
962.670212467 17.7673826196 0.945585242171 3400.0 0.715384615385
1075.77921194 -11.6194015481 0.970285346885 3400.0 0.612820512821
-1810.26752241 57.8061372437 0.99621926805 3800.0 0.407692307692
578.088284906 45.9901623833 0.952017286506 3400.0 0.817948717949
-158.166605651 -33.5908134969 0.969816783022 3600.0 0.612820512821
-367.519968247 -63.9426153221 0.966226212648 3600.0 0.766666666667
-2801.34224443 0.887463024399 0.966590857659 3400.0 0.817948717949
1643.53376544 -31.7972826224 0.994435616559 3400.0 0.35641025641
1946.59352764 78.8884639799 0.987339851276 1600.0 0.510256410256
-3234.40141348 39.2621103752 0.965091804969 3000.0 1.07435897436
763.907833561 -1.73117430384 0.955178357703 3200.0 0.715384615385
2594.91184062 66.1597075141 0.995718956217 2800.0 0.561538461538
-3867.57403927 -13.4507706743 0.977538819682 3400.0 0.612820512821
-465.049258693 18.6437916497 0.976686898131 3400.0 0.664102564103
-4639.0863843 13.5536538409 0.976291697579 3200.0 0.766666666667
2844.09896751 -31.4509288571 0.991944869878 3200.0 0.35641025641
-427.597205424 -2.31824512392 0.955645001992 3200.0 0.766666666667
3530.25665461 -31.5776193904 0.998505889064 7600.0 0.253846153846
823.59063093 65.194687917 0.948686478116 3400.0 0.715384615385
-3922.7388918 52.5834905291 0.993998745215 3200.0 0.35641025641
2437.42932491 -53.8600860514 0.996397411937 3400.0 0.253846153846
4564.57995613 -57.7089553148 0.992453946914 3400.0 0.664102564103
-2656.80444507 67.3139129911 0.979825101431 3000.0 0.510256410256
3086.18925466 82.5794407863 0.993181526228 1200.0 0.407692307692
-2335.29635279 30.5421901869 0.961725120999 3200.0 1.17692307692
-919.128403813 -14.837884711 0.967142059437 3400.0 0.664102564103
-2135.29088574 -15.522399881 0.957160895095 3200.0 0.766666666667
1434.42359961 22.0688990707 0.963472097517 3400.0 0.612820512821
-1281.43600803 -18.5481158456 0.957173973295 3000.0 0.715384615385
-272.664472132 -40.9965109444 0.968309524208 3400.0 0.715384615385
-1561.00417351 0.835253835788 0.973636349323 3400.0 0.664102564103
2442.32464878 13.5681610684 0.992823284436 3000.0 0.253846153846
-50.1787570627 24.291202916 0.988758019682 3400.0 0.510256410256
-3156.3687109 59.3066348743 0.976451015659 3600.0 0.664102564103
350.719159609 -41.2645743867 0.971634445149 3200.0 0.664102564103
-2871.9594929 -14.1852114299 0.967096694063 3400.0 0.766666666667
2902.44254529 31.711060514 0.997419718229 3800.0 0.253846153846
2471.27499742 18.8931607571 0.9956845044 3400.0 0.202564102564
1175.70175191 26.8220345472 0.963702053815 3400.0 0.612820512821
337.638596256 47.1037976322 0.964838041607 3400.0 1.02307692308
353.971416983 -22.5047634759 0.973657335942 3400.0 0.664102564103
3021.93251752 5.68831854063 0.997254384469 3000.0 0.151282051282
1587.90532662 56.4086339704 0.974997889444 3200.0 0.612820512821
-4543.74603483 -10.6891981055 0.991768103967 3000.0 0.510256410256
-2465.22862976 -14.6284859256 0.968773655712 3400.0 0.715384615385
1206.39238865 -39.1042311798 0.958279222747 3200.0 1.38205128205
1562.41761648 46.0953360094 0.96454437702 3000.0 0.664102564103
1795.43054866 -25.5679698509 0.976165062247 2800.0 0.458974358974
-943.959683026 84.4414585074 0.960115261013 3200.0 0.664102564103
-631.446216504 4.87001406782 0.960054074653 3400.0 0.766666666667
2307.46397905 57.6963331464 0.986922884767 3200.0 1.07435897436
-3226.0700496 -23.7549126115 0.982255590732 3200.0 0.561538461538
1492.85451878 -11.3278363067 0.974488099073 3000.0 0.612820512821
870.562403973 -41.6244547664 0.998348796769 3800.0 0.151282051282
2846.87851545 15.4918048732 0.97580335276 3400.0 0.715384615385
4203.45630778 47.2627888003 0.992247191947 3400.0 0.510256410256
-2119.46323336 -11.2631949111 0.967106759539 3400.0 0.920512820513
-3055.57847522 32.8856655803 0.96294263749 3000.0 0.817948717949
-147.465759417 16.4331405461 0.959897427921 3400.0 0.664102564103
2832.71904065 -7.7892898599 0.982103701418 3400.0 0.612820512821
-1083.14540937 -32.8786083236 0.958614375496 3400.0 0.766666666667
-3423.54168869 -42.6121553724 0.971091684007 3400.0 1.02307692308
-1113.52617843 2.8631305041 0.944432588957 3400.0 0.766666666667
-1929.58082322 -62.8007734422 0.965288164083 3200.0 1.48461538462
162.563813477 -14.8879262859 0.959930257904 3200.0 0.664102564103
3589.46487874 32.7216599428 0.995145405873 3200.0 0.253846153846
3484.63827268 32.4740130094 0.997133576613 3400.0 0.305128205128
2638.18291772 47.5240739692 0.993105428686 2800.0 0.35641025641
167.408348609 47.167418943 0.992244116697 3400.0 0.715384615385
1650.59575556 55.584444602 0.993933889429 3600.0 0.612820512821
471.794848004 -14.3538687395 0.954095489399 3200.0 0.664102564103
2082.47194415 8.37777991348 0.984411214992 3400.0 0.510256410256
3105.42738371 -67.5438701322 0.999008745783 3400.0 0.151282051282
-823.20524237 21.5274165324 0.951093085931 3400.0 0.766666666667
-1218.39303325 21.033663606 0.955692924853 3400.0 0.766666666667
339.328651668 15.6038274539 0.962008165668 3000.0 0.920512820513
3310.17206546 -67.3118882703 0.994500593617 1600.0 1.02307692308
-3357.82651274 -20.1552950862 0.97641018779 3400.0 0.561538461538
2541.55359448 8.38929149354 0.979505107064 3400.0 0.510256410256
325.292342969 4.76820360302 0.961157353802 3200.0 0.664102564103
3188.48092629 -28.942686664 0.969525517364 3400.0 0.612820512821
-458.182226282 3.6490661374 0.960707138073 3600.0 0.664102564103
2880.06475407 -34.1443505605 0.999265526273 3000.0 0.1
2526.95080182 9.60328905971 0.979505261149 3200.0 0.510256410256
-2698.07591306 -23.8783453364 0.993484188844 3400.0 0.407692307692
2540.07349907 54.3924154333 0.990382054171 3000.0 0.407692307692
2875.80715012 -4.22076451359 0.984939011201 3400.0 0.458974358974
-914.116918086 -14.1066350626 0.957409500429 3400.0 0.715384615385
2244.00269784 32.2981503713 0.987242736633 3400.0 0.510256410256
-3805.53532822 -20.508229115 0.961927911063 3200.0 0.869230769231
-383.057075788 5.60024741942 0.959487436297 3200.0 0.817948717949
1929.67600085 73.4508346663 0.983354423392 1400.0 0.766666666667
-1364.11860435 15.7419221475 0.957164550454 3400.0 0.766666666667
1173.70267714 39.0323865951 0.944482156397 3400.0 0.920512820513
-614.010668446 -22.166088072 0.942718442941 3400.0 0.715384615385
-1027.24963973 52.3423172528 0.984359946241 3600.0 0.612820512821
-224.711107641 -5.79490915178 0.966046837753 3400.0 0.715384615385
-1205.84431311 6.39736721958 0.962023773948 3400.0 0.869230769231
2878.53934708 21.7305732241 0.983581593651 3400.0 0.510256410256
986.266401829 21.1251730228 0.955745791014 3400.0 0.869230769231
-486.346494045 72.145024818 0.984443643489 4000.0 0.766666666667
3344.93645702 15.7220092804 0.99398726127 3200.0 0.35641025641
1664.25511124 53.2541603433 0.998703001028 3600.0 0.1
2009.64111898 15.3616304257 0.978831505486 3200.0 0.561538461538
1205.50424342 48.0629808939 0.998183398127 2800.0 0.35641025641
1487.28026576 17.7249587195 0.973848631727 3400.0 0.612820512821
1002.63722922 -2.73128392017 0.951758686622 3600.0 0.715384615385
41.3425579527 -26.2773893588 0.949509565667 3400.0 0.612820512821
2152.96419885 -5.32725449325 0.983865881168 3000.0 0.510256410256
-1137.46909735 50.1366524588 0.970238431395 3200.0 0.715384615385
2945.76029182 53.1153484678 0.991528221344 3000.0 0.35641025641
401.006266529 64.7501068505 0.988441892682 3000.0 1.02307692308
-85.9568227752 4.74449632498 0.962645467401 3400.0 0.715384615385
-2307.89141046 -18.7823968169 0.959023258932 3400.0 0.715384615385
-3418.40341135 11.6482928465 0.979642734535 3200.0 0.664102564103
2463.40184403 -36.7959687288 0.987842995994 3400.0 0.407692307692
942.355092719 -25.1958187918 0.95274258235 3200.0 0.664102564103
-3454.42711169 60.0718551402 0.957243047406 2800.0 2.1
3359.48713112 13.8539547914 0.995130499332 3200.0 0.35641025641
869.785300877 -15.4739230058 0.961962658326 3600.0 0.612820512821
1637.41715791 -42.8087211017 0.981172298086 2800.0 0.458974358974
-4633.18508039 -23.1844264927 0.971611664355 3200.0 0.869230769231
-1505.82973441 39.2312476253 0.996483087025 3600.0 0.253846153846
1508.55556577 -16.1526562205 0.980334845625 3200.0 0.561538461538
2009.93782885 -31.0234720706 0.972329531165 3200.0 0.510256410256
1716.08343958 40.7299773851 0.992786792421 3000.0 0.458974358974
-554.077857944 14.2037315053 0.953413916195 3200.0 0.715384615385
-839.783867977 4.00073499298 0.96144825073 3400.0 0.715384615385
3024.71279575 12.1640826078 0.994665887734 3400.0 0.35641025641
-2472.45152764 38.1146318811 0.98796644028 3400.0 0.458974358974
-3862.02319927 -15.5781274508 0.961689459808 3200.0 0.971794871795
2986.26365343 43.2113210134 0.990278052363 3000.0 0.305128205128
-1496.49149987 -34.4559654514 0.988138375682 3400.0 0.458974358974
-1029.92901659 -16.8078262855 0.971315435097 3400.0 0.920512820513
2702.20778585 -26.5644133309 0.998348560416 3400.0 0.305128205128
3624.72829768 -13.7321989954 0.984786742653 3000.0 0.664102564103
3646.21564059 -39.3044880947 1.00074371794 8000.0 0.1
-1747.79531215 -6.24061632821 0.962519271083 3400.0 0.766666666667
-2443.80146374 41.5488317298 0.995440431376 3400.0 0.305128205128
1403.62319876 -11.6532820969 0.963077515872 3200.0 0.561538461538
-1783.11029994 16.8788760232 0.956582580018 3200.0 0.817948717949
-1477.63820151 -23.3694512335 0.979229502747 3600.0 0.715384615385
-1240.29436121 16.9791408684 0.962952559556 3600.0 0.920512820513
29.4350033961 44.4280369386 0.956587670058 3400.0 0.869230769231
4451.10270005 -38.4283329492 0.995602479013 2400.0 1.17692307692
251.621559387 69.7560664765 0.981346703368 1000.0 0.766666666667
1779.99551032 -13.8250843175 0.970500889612 3400.0 0.612820512821
-1510.79474618 -10.248095482 0.95439524485 3000.0 0.715384615385
3660.06028192 -46.9066374271 0.976095588717 3200.0 0.920512820513
2322.40187735 -29.8462385977 0.996392975844 3000.0 0.35641025641
775.152459217 -8.60546093926 0.962587268228 3400.0 0.715384615385
-3504.2766586 -6.12145785157 0.984657794639 3200.0 0.664102564103
454.322873702 -6.60912476622 0.959084452294 3200.0 0.664102564103
-4542.47333177 66.6210890119 0.976336633004 3400.0 0.817948717949
3933.48309289 38.5874691587 1.00048138313 3000.0 0.1
-2948.97431066 -40.8754857578 0.972975856946 3200.0 0.817948717949
2821.40973421 19.8710838865 0.998340572098 6800.0 0.305128205128
1882.68366453 2.42310802377 0.972108718282 3200.0 0.612820512821
2766.51293507 -14.2846282701 0.986951453315 3000.0 0.458974358974
-2133.72371875 5.05993486699 0.960605397177 3400.0 0.766666666667
-3454.03190721 39.7148683443 0.970402511921 3200.0 0.869230769231
1255.70006772 46.7694377987 0.986051090332 3200.0 0.920512820513
-321.108630954 19.8188978397 0.977902068001 3400.0 0.664102564103
-1798.85052875 58.692384369 0.956806938052 3200.0 0.920512820513
2884.53287451 5.95664184014 0.999011406993 3000.0 0.151282051282
-873.811618234 -61.0838905809 0.964347696389 3400.0 0.817948717949
2464.4496358 -20.6384914534 0.993369647525 3200.0 0.407692307692
-3945.88972489 -15.1536761301 0.982989815868 3200.0 0.664102564103
-934.442997713 23.0600705863 0.95426048764 3200.0 0.817948717949
156.451082561 -7.41402940416 0.956878095786 3400.0 0.715384615385
1793.23026646 -37.2369446255 0.998146884906 2600.0 0.253846153846
-774.562777791 -47.0283421317 0.9737599281 3400.0 0.715384615385
-2329.99394631 -44.9165631562 0.985892637828 3400.0 1.43333333333
1505.12756771 -15.1359651207 0.95505005865 3400.0 0.766666666667
2288.47542175 11.9703673286 0.992007290458 3000.0 0.305128205128
3223.17044288 -39.2058330288 0.999601014012 7200.0 0.1
-2783.24014326 30.2614814505 0.974758957018 3600.0 1.38205128205
444.140340412 -23.1138366807 0.958836739252 3200.0 0.612820512821
1755.71732726 -11.5778138926 0.97077814131 3200.0 0.766666666667
4027.78756445 44.0849496144 0.975668496974 3200.0 1.43333333333
-582.123277597 39.4468088257 0.992328765853 3600.0 0.407692307692
2649.14192605 -19.3467191389 0.99156336528 3400.0 0.305128205128
1566.94894548 -22.0205015012 0.97851979949 3200.0 0.510256410256
-2883.35455995 1.34534442523 0.965545777355 3400.0 0.715384615385
-2250.08551128 53.1390494011 0.993635512109 3000.0 0.817948717949
395.19214766 -40.5944464637 0.976748652476 3400.0 0.664102564103
4413.86349551 5.12708270636 0.981599999732 3400.0 0.612820512821
2842.11154392 36.5861494162 0.997499135745 3800.0 0.305128205128
-822.271958069 -29.3119156763 0.965440593252 3200.0 0.715384615385
-2119.47049731 -12.6417686825 0.967647761882 3400.0 0.920512820513
-2167.56609984 39.1777136034 0.949661017562 3400.0 0.766666666667
-2193.51454025 -8.31432741104 0.949844669165 3400.0 0.766666666667
2353.66249341 -8.86117269271 0.983561114813 3400.0 0.510256410256
-921.302101864 40.5523499373 0.96686208395 3200.0 0.817948717949
1111.15737795 41.5394127104 0.996448883159 3400.0 0.253846153846
1898.96616285 -43.2287935527 0.971813681432 3400.0 0.817948717949
3737.07088711 34.5413708941 0.995161204435 3200.0 0.35641025641
4090.439264 -5.70322782324 0.986361602927 3400.0 0.510256410256
586.046079397 37.6835638532 0.997216148668 3600.0 0.253846153846
-2631.11152811 -3.21956212045 0.968575183339 3400.0 0.715384615385
-1124.7732137 20.4828899993 0.971824869316 3400.0 1.12564102564
-3533.47062617 48.7123808417 0.971684527266 3200.0 0.869230769231
-583.567073385 -45.9841060659 0.9893893109 3400.0 0.407692307692
2667.89064059 24.3789497964 0.994911541202 3400.0 0.305128205128
866.813893061 -42.2662508546 0.998556062697 3600.0 0.305128205128
-784.357817543 29.7343230911 0.963826255105 3200.0 1.12564102564
3459.2876037 16.7511695337 0.978367154066 3200.0 0.664102564103
3318.33673455 39.7282537906 0.994224775703 3400.0 0.305128205128
2244.92420886 63.8670365156 0.990439149719 3000.0 0.766666666667
-2753.60815413 -1.54746483646 0.982139453837 3400.0 0.561538461538
99.3261737356 -8.87388368952 0.959009414033 3400.0 0.664102564103
-3376.49639321 39.3722561144 0.966762106649 3400.0 0.766666666667
3592.74416003 -64.2221692609 0.998615171122 3600.0 0.151282051282
2422.99724427 33.755177993 0.96342688629 3000.0 0.715384615385
3170.60888209 -15.3442937804 0.995725251916 3400.0 0.253846153846
242.150682853 69.8009489684 0.981995964538 3400.0 0.612820512821
-2796.17127281 64.8714881256 0.995213103132 1400.0 0.407692307692
-2608.97999457 -52.1511344412 0.95887729541 3400.0 1.74102564103
-2729.38097127 -68.2816458533 0.980030897491 3200.0 0.817948717949
-3408.18403492 1.0354260866 0.981687232831 3200.0 0.612820512821
2749.76060021 33.9971236541 0.97926695585 2800.0 0.612820512821
-3451.22221014 74.5845899896 0.987777836452 1000.0 0.664102564103
263.475173554 43.1536695869 0.984067656168 3400.0 0.612820512821
-1480.34492386 -53.888746417 0.998701673362 3400.0 0.253846153846
2403.03143867 -15.3136020012 0.979579027121 3400.0 0.458974358974
-3348.02411043 -33.1984970793 0.986691711694 3000.0 0.510256410256
-184.16592724 45.4186921771 0.953366905572 3200.0 0.715384615385
-2600.57499739 31.8701042551 0.977811279969 3200.0 0.766666666667
-1163.34612003 84.7599955112 0.990353543861 4600.0 0.510256410256
-1819.86199426 -39.6537924374 0.997519282306 3800.0 0.305128205128
259.203518762 -57.650387649 0.997629713704 3800.0 0.253846153846
-110.464029201 6.78606263293 0.956662927392 3400.0 0.817948717949
2315.50360319 33.9155619018 0.995555609661 3200.0 0.305128205128
-184.205415901 -35.9160075145 0.969940242744 3400.0 0.664102564103
3157.59295021 26.6447846653 0.997312409659 3000.0 0.202564102564
-2931.55564985 -2.50129045454 0.970178349692 3200.0 0.715384615385
-2880.64748391 -6.24774882627 0.964009683899 3200.0 0.869230769231
-341.817299163 38.40092743 0.98394648644 3400.0 0.664102564103
2777.15829983 42.3687919899 0.995387418222 3200.0 0.35641025641
1140.25233061 -31.1245318276 0.994671326067 3600.0 0.458974358974
-932.779083217 -45.8229469643 0.957759405885 3400.0 0.817948717949
2746.28602965 -20.6334684064 0.976962954586 3400.0 0.766666666667
20.0149020246 25.3516440259 0.983504449796 3400.0 0.664102564103
2798.70985834 -21.7481101877 0.990721583939 3400.0 0.715384615385
952.298622735 60.0235253692 0.959077854578 3400.0 0.971794871795
3348.085977 -48.1326831987 0.99560119108 3800.0 0.407692307692
156.044743595 19.2290548649 0.962273727389 3400.0 0.920512820513
3093.03629327 55.720518171 0.986337546037 3000.0 0.817948717949
-2832.45321428 28.094783703 0.979600483131 3200.0 0.664102564103
-1378.03918227 -24.3376095826 0.971596953107 3200.0 0.715384615385
3619.06523766 14.163563816 0.999676278111 3200.0 0.1
1575.94658003 42.689460823 0.998267145282 3000.0 0.202564102564
2075.82438155 11.7981854641 0.998081655309 3000.0 0.151282051282
-2783.80596165 -17.3203400231 0.964726306899 3200.0 0.715384615385
-1946.74023813 36.8831333296 0.987390679567 3200.0 0.561538461538
281.179815814 37.4552332937 0.973199562933 3200.0 1.12564102564
-1967.77109983 -1.39305244113 0.964065389901 3200.0 0.766666666667
-3905.99164766 -42.1513108598 0.994746477446 3400.0 0.407692307692
3423.74120431 -31.0986276652 0.999820383455 3000.0 0.1
-2941.04491791 -31.7015588543 0.966779977662 3400.0 1.48461538462
-831.756960049 28.4508015763 0.956873520895 3600.0 0.715384615385
-1550.31376118 51.0087402364 0.991312989316 3600.0 0.612820512821
554.766618235 9.94772338888 0.953736693376 3400.0 0.664102564103
467.056745974 58.7604938196 0.947216427872 3200.0 0.715384615385
301.111986483 1.3722090955 0.955046392205 3400.0 0.766666666667
-907.399884776 47.1342427566 0.959352535157 3400.0 1.02307692308
-150.391145503 -7.43718122682 0.953090667414 3400.0 0.715384615385
-886.068052166 3.22942795202 0.955826513786 3400.0 0.817948717949
1736.73150469 -5.86435776477 0.975780279526 3200.0 0.612820512821
-1290.07195233 -14.4749080775 0.974035361851 3400.0 0.817948717949
-2191.68531758 18.0338144393 0.957596464515 3400.0 0.766666666667
-1852.18474233 68.065206582 0.992922834444 3800.0 0.458974358974
1006.03609263 -4.17115709817 0.960670434694 3400.0 0.715384615385
1993.29435897 29.2669021447 0.990219093393 3200.0 0.612820512821
-2129.54295661 81.4588486531 0.989043937678 4200.0 0.510256410256
2892.13896528 41.7336958135 0.994601183375 3200.0 0.305128205128
-2873.39313362 -23.0647941553 0.994613363575 3200.0 0.510256410256
-2374.84786887 3.12460491839 0.973216356431 3400.0 0.715384615385
1542.43867123 -32.8993204857 0.961999935121 3200.0 0.920512820513
-3592.8546313 58.6507947578 0.999844662425 3000.0 0.1
-3174.5361542 4.39852646995 0.983651458121 3000.0 0.612820512821
1904.83125337 50.1913602099 0.992291649439 3000.0 0.407692307692
4515.421436 14.5198614555 0.984795278697 3200.0 0.612820512821
2717.81200253 1.24046672132 0.993352205092 2600.0 0.253846153846
-3151.4562129 1.39015117601 0.985277613074 3400.0 0.510256410256
2983.65134635 -7.04731426667 0.996853084548 3000.0 0.202564102564
-814.878922858 -18.8788943524 0.971761906616 3200.0 0.869230769231
4385.28432499 4.13951668538 0.988533573365 3600.0 0.561538461538
-2031.99039316 61.4553395935 0.996545957232 3800.0 0.510256410256
-1647.04873647 66.7304361055 0.997030463539 3600.0 0.202564102564
2823.74611583 54.0760839309 0.985805588123 2800.0 1.58717948718
-3382.50854071 -13.1539560411 0.977071569691 3200.0 0.664102564103
-2911.57246425 -4.18457243188 0.968234891729 3400.0 0.817948717949
3487.07948241 -17.7160524015 0.99997417307 3400.0 0.1
-3259.56773374 23.9455608908 0.97628704252 3200.0 0.766666666667
-403.155539876 39.2154827634 0.962211205346 3600.0 0.715384615385
897.648795521 21.3731004272 0.983372735786 3400.0 0.766666666667
2766.13262191 17.9334131862 0.99994208475 3400.0 0.1
-117.346322437 -11.9596850178 0.958474266923 3400.0 0.664102564103
3913.83398272 -11.0517778182 0.998096675973 3200.0 0.151282051282
-2859.23016873 -17.9163227795 0.97429304709 3400.0 0.715384615385
-700.128912903 23.0881620172 0.980413501188 3200.0 0.869230769231
-2393.51336975 9.16611780688 0.980048032216 3400.0 0.612820512821
-29.5211246869 16.6371994366 0.961980087953 3400.0 0.715384615385
-738.609176212 -35.5474060924 0.956684964333 3400.0 0.817948717949
-1388.97869669 31.101802154 0.99038033026 3400.0 0.35641025641
-3663.29708244 -47.8247977585 0.995615402264 3600.0 0.458974358974
-1771.98742347 35.8257196247 0.999168595356 3600.0 0.151282051282
-3558.63618733 49.3730798396 0.978762278067 3000.0 0.664102564103
-3098.12057793 47.1876618173 0.964594409616 3200.0 1.12564102564
2716.56742444 29.7713906258 0.977525656635 3400.0 0.561538461538
-2148.24217602 43.4980927138 0.955609868517 3400.0 0.766666666667
-470.148804811 -44.354758691 0.959178832318 3400.0 0.715384615385
580.047689824 -33.2356106143 0.937987885803 3400.0 0.869230769231
979.048679706 -13.7509827532 0.967051850725 3400.0 0.561538461538
-2331.14883799 51.7566362088 0.988112029852 2800.0 0.817948717949
-2349.94533543 37.7964305711 0.997881464879 3600.0 0.253846153846
1832.56826519 1.55842505287 0.995351946208 2400.0 0.202564102564
3156.05804292 -39.2766952905 0.988364968647 3200.0 0.664102564103
643.75620098 6.44176797171 0.9568198012 3200.0 0.766666666667
-3175.34106338 -33.5600265475 0.990640997006 3400.0 0.561538461538
1681.31275624 4.1792991364 0.974850017024 3400.0 0.612820512821
-3502.26541842 41.2334120992 1.0000560783 3800.0 0.1
1031.41448964 21.9950788823 0.973832260608 3400.0 0.766666666667
1521.98455108 -22.7352574816 0.969383529758 3000.0 0.561538461538
635.07746869 -21.4091511515 0.983399812429 3200.0 0.561538461538
3558.98174201 -41.04272804 0.990938778685 3200.0 0.510256410256
-3502.58355646 74.531686734 0.989183011954 1000.0 0.612820512821
-1589.85659943 -33.2590399826 0.988530151391 3400.0 0.664102564103
-2027.69893875 -9.24045114451 0.955251707547 3400.0 0.920512820513
2094.54951127 -39.5307053992 0.999382032517 4000.0 0.151282051282
-1857.56955552 -42.0649276067 0.9717801368 3400.0 0.766666666667
547.053994362 -8.9963246709 0.95793076294 3400.0 0.817948717949
3320.50167444 -34.6320130544 0.999193000043 7800.0 0.202564102564
-1879.03248122 40.6348212791 0.968282585721 3200.0 1.07435897436
-1511.31712438 -13.3350480072 0.979233536857 3400.0 0.612820512821
608.540424109 45.668897979 0.960182317791 3200.0 0.664102564103
1921.23489492 -18.8727801806 0.975241935868 2800.0 0.510256410256
3492.27910997 -2.8197387665 0.985327927981 3200.0 0.510256410256
2893.30000891 -49.339249653 0.999470823801 3000.0 0.151282051282
-4549.9291397 12.9598839054 0.979926802602 3200.0 0.766666666667
-1638.60116033 -32.1240331542 0.980017261855 3600.0 1.07435897436
-3502.64626441 -53.2876607776 0.970246652737 3000.0 1.63846153846
573.691789317 48.0554757505 0.960243946712 3200.0 1.02307692308
3532.77906029 -31.9888826909 0.997891008834 6200.0 0.35641025641
-114.453717378 12.0244284049 0.953682246558 3400.0 0.664102564103
3260.84701304 -62.4429426494 0.997594030666 3600.0 0.151282051282
2538.47385272 -16.2371197007 0.9859849914 3400.0 0.561538461538
372.731671502 4.48743614526 0.960194233318 3200.0 0.715384615385
968.479869776 -52.1823489028 0.956540402791 3400.0 0.715384615385
200.832594841 -12.7019911687 0.94739620734 3400.0 0.971794871795
-1719.58472003 -50.4292556059 0.971071912412 3200.0 0.869230769231
-1665.98991251 -5.53940253261 0.9708330719 3400.0 0.766666666667
2259.94965872 -3.79621978069 0.983216663961 3400.0 0.458974358974
-323.379463144 -2.43771029061 0.952066890829 3400.0 0.766666666667
2316.26622341 -43.8939173233 0.987902231073 3200.0 0.407692307692
-1359.18299084 -48.9833450455 0.960861728417 3400.0 0.817948717949
1092.93558687 29.3880116901 0.95367432071 3400.0 0.766666666667
-2363.69145552 -56.7390456319 0.976755837853 3400.0 0.766666666667
3383.48258692 -7.46838895607 0.998566559893 3400.0 0.151282051282
2240.84485266 -21.6623498113 0.986798964393 3200.0 0.35641025641
2389.00990936 -31.1371612279 0.983330798418 3200.0 1.17692307692
1856.97999698 -29.1672369622 0.974579135649 3200.0 0.561538461538
3668.45223939 52.8208438473 0.998742375197 2800.0 0.202564102564
341.708183204 9.29070784145 0.96958465533 3400.0 0.715384615385
-168.643926318 -0.760754427661 0.949390967457 3400.0 0.766666666667
-1006.31672567 46.9840206948 0.95521778383 3400.0 1.07435897436
-2209.19377123 46.160185419 0.962862905599 3200.0 0.817948717949
-3027.11719032 51.5656450997 0.959131962643 3200.0 1.22820512821
3374.69757829 38.256290277 0.993299070736 3000.0 0.35641025641
-2389.37375329 12.4438496879 0.969913001231 3200.0 0.664102564103
-926.622942425 70.1112986046 0.99427418895 4000.0 0.305128205128
-303.806309492 27.8547451446 0.957230054198 3200.0 0.715384615385
-2822.9093964 34.1388737212 0.977532310185 3200.0 0.664102564103
2591.91585085 -12.4766968736 0.986960339304 2800.0 0.305128205128
2615.55265527 20.760075773 0.996194538612 3400.0 0.253846153846
-2796.2384851 -8.00785212589 0.9825539839 3400.0 0.561538461538
-3424.28954447 34.2429089495 0.99380440637 3200.0 0.458974358974
423.716296778 -10.6729693982 0.966454709055 3200.0 0.664102564103
-1865.33539782 19.3088929892 0.960349907266 3200.0 1.02307692308
-4245.29819342 44.7013242048 0.997260596532 3600.0 0.510256410256
-1511.68319911 14.4878138368 0.966016541491 3400.0 0.971794871795
-1556.81244367 -6.79565460003 0.967666370171 3400.0 0.766666666667
-122.313770495 7.34569360054 0.963189839194 3200.0 0.715384615385
634.234143501 -16.3694291569 0.966648786712 3600.0 0.664102564103
-3000.39145082 75.370528857 0.988388417127 1800.0 0.766666666667
-1682.06383638 26.8311470589 0.995264284491 3600.0 0.458974358974
-1768.53128779 45.400434582 0.993977916485 3000.0 0.612820512821
1958.71018679 21.7387533585 0.987054228815 3200.0 0.561538461538
3859.29542684 -2.1915497516 0.983789723152 3200.0 0.612820512821
3405.08170368 27.3089962967 0.999575581781 3400.0 0.1
1925.97604798 47.9372794647 0.9953896152 3000.0 0.305128205128
-2186.74060268 32.7471778642 0.99023011892 3200.0 0.458974358974
-3654.33395147 -59.4202482979 0.96596065326 3000.0 2.1
2586.20507833 -32.9768936572 1.00026472251 7800.0 0.1
242.707896949 -7.5564783369 0.970014965458 3400.0 0.715384615385
-2905.6401611 -31.0404967224 0.965951250159 3400.0 0.766666666667
-1977.94177694 11.4390199246 0.954035520311 3400.0 0.817948717949
649.817977294 23.7063500888 0.96120727068 3400.0 0.715384615385
-2678.69394936 8.09894596542 0.973266326433 3200.0 0.766666666667
130.945947332 29.0831381369 0.977627338211 3200.0 0.612820512821
-1891.66746991 -37.302712897 0.969352934569 3400.0 0.715384615385
-2427.10208019 -5.17719994817 0.970008422542 3000.0 0.715384615385
-1410.45682785 -58.0077461963 0.995341335199 3400.0 0.305128205128
2454.00017895 -10.9980427274 0.994915307475 3200.0 0.305128205128
-317.173811856 -20.7787088659 0.951519246822 3400.0 1.02307692308
-3725.91636986 -13.5741414785 0.974605525606 3200.0 0.664102564103
111.511275103 -62.8762814053 0.96677184448 3200.0 0.869230769231
1188.21726124 -6.53157589631 0.968780194201 3400.0 0.612820512821
-1638.30611364 -44.2273801069 0.980275360719 3400.0 0.664102564103
-989.036300746 -4.28635709572 0.96551169102 3400.0 0.664102564103
2667.68829205 3.44889725285 0.989449772979 3000.0 0.407692307692
-637.647968843 53.2935691634 0.960801538249 3200.0 0.612820512821
3157.63409139 48.6942464346 0.997251134689 3000.0 0.253846153846
1773.14144962 56.2347282657 0.995319520066 3000.0 0.561538461538
2780.74963363 52.6084798325 0.996070627378 2800.0 0.305128205128
1848.91867218 3.01601459996 0.981252074735 3200.0 0.561538461538
1271.45754198 9.3834837031 0.956153268652 3000.0 0.664102564103
-1802.57787327 32.4989715933 0.987948783958 3400.0 0.407692307692
-1676.11109846 -9.11186726539 0.968244206103 3400.0 0.715384615385
3625.53770785 24.17819134 0.998447736419 2800.0 0.151282051282
83.1848228117 66.9687349111 0.987350558512 1200.0 0.817948717949
-907.734996098 40.1114960897 0.997796227803 3200.0 0.305128205128
-1576.3520095 25.5903947682 0.955891432764 3400.0 0.766666666667
3140.92974696 -8.70336050739 0.991774777454 3200.0 0.407692307692
-3420.12167649 1.0243844148 0.978119829123 3400.0 0.715384615385
3014.33642334 -50.7780295332 0.997810744954 3000.0 0.202564102564
-1302.70323596 19.0869700295 0.966897900012 3400.0 0.766666666667
-2086.35030438 -20.3409721862 0.961848214803 3400.0 0.715384615385
1099.43759883 1.2960313686 0.963101427134 3400.0 0.715384615385
-1835.92297824 -21.7308548521 0.986533294097 3400.0 0.869230769231
3734.80844308 -25.6997083999 0.993216761377 3800.0 0.305128205128
-3048.71197259 62.9539365388 0.977622237691 2800.0 2.1
-666.343637738 54.3839087023 0.991373429052 3800.0 0.561538461538
-2545.84405162 -8.20342092951 0.967683156741 3600.0 0.817948717949
-2812.83432525 -8.77470432279 0.970644352708 3400.0 0.817948717949
-3075.7273681 -42.482692871 0.985175415464 3400.0 0.510256410256
-935.277898477 48.964886805 0.990983359166 3400.0 0.869230769231
3259.58718436 -51.9260827298 0.999636804332 7400.0 0.1
-23.2189932704 -21.8352603874 0.974336047688 3400.0 0.612820512821
294.334804293 27.4092912566 0.968387339576 3400.0 0.869230769231
-3616.63390152 -13.9322245132 0.982219249852 3200.0 0.664102564103
1571.20288935 -20.2757989268 0.976648156299 3000.0 0.869230769231
-709.038410908 -3.04973253018 0.96152610296 3600.0 0.715384615385
-2676.87339275 44.4888482031 0.983749867703 2800.0 1.22820512821
3339.98334053 48.1931748719 0.973790353762 3400.0 0.561538461538
6.13522441704 31.4750282134 0.95027648891 3400.0 0.715384615385
2662.59964777 61.4404869808 0.97372693439 3400.0 0.817948717949
-3309.73081988 -33.1439831208 0.988913156541 3200.0 0.817948717949
-645.128199238 24.0007262699 0.982999085373 3600.0 0.510256410256
1951.01765292 -25.9232208797 0.995803260853 3000.0 0.35641025641
3360.96873326 -43.6695540615 0.99934589599 3200.0 0.151282051282
-1319.31039762 40.11395518 0.962240873016 3400.0 1.02307692308
-4326.72295033 -34.2549486423 0.995432977315 3200.0 0.510256410256
57.611184809 -15.0245692053 0.956771436119 3400.0 0.664102564103
3874.65543633 27.9830091619 0.994957334672 3000.0 0.407692307692
758.095006146 36.6604029929 0.957297478953 3400.0 0.817948717949
-339.983938304 61.6971617685 0.995971931608 2800.0 0.407692307692
-2884.52073177 -45.3262991585 0.983333976015 3400.0 0.869230769231
1560.42461384 5.2441049563 0.972480326655 3000.0 0.561538461538
-404.892850252 -1.40068961427 0.95366432837 3400.0 0.766666666667
2078.87728244 -19.6510504522 0.982513871859 3000.0 0.458974358974
101.631988211 -4.53190943104 0.961272334672 3400.0 0.766666666667
-1106.38923821 -9.98332186281 0.957715353549 3400.0 0.920512820513
-3156.93251909 59.3679949463 0.987988439611 3400.0 0.407692307692
-933.188038741 -14.6176563189 0.959358599946 3400.0 0.664102564103
-4080.81263515 -14.3967344476 0.963748777374 3200.0 1.02307692308
1704.50524217 31.4280915445 0.98263132634 3000.0 0.458974358974
-1269.08502794 71.4011047337 0.965927669713 3400.0 0.612820512821
-1405.87824028 -21.6431206402 0.961874776628 3000.0 0.920512820513
-2146.74892786 38.5743018803 0.961346015837 3400.0 0.817948717949
-656.567952412 -24.9248124926 0.963355383953 3000.0 0.664102564103
-3064.81417343 -14.371188182 0.973609520479 3400.0 0.664102564103
2446.04856484 11.3366869083 0.978660039307 3200.0 0.561538461538
3935.08332547 -16.9681245665 0.996493185889 2800.0 0.407692307692
2061.10872579 -33.3688913605 0.985484513349 3000.0 0.35641025641
-464.355140374 23.1036959246 0.983240800382 3600.0 0.869230769231
387.446196339 1.41046451643 0.955072661054 3200.0 0.715384615385
397.119362414 -44.0632311029 0.959380963456 3400.0 0.869230769231
-806.117359933 -26.8335272977 0.988825259705 3200.0 0.458974358974
-2006.57183704 47.2102415189 0.967544119919 3400.0 0.971794871795
2272.48450011 -13.2456984498 0.995826376133 3600.0 0.253846153846
1811.63408401 29.5996052992 0.983096662336 3200.0 0.510256410256
1512.75227006 46.5825790064 0.971998874073 3000.0 0.766666666667
-3565.67352801 52.6696703459 0.973296530816 3400.0 0.869230769231
-1592.23176985 -4.32980612623 0.960967601221 3400.0 0.817948717949
1302.23083416 38.2291511833 0.988026267504 3000.0 0.458974358974
-2465.93188157 10.3559399875 0.9799149224 3400.0 0.561538461538
2454.21286318 -20.3727392983 0.994119199646 3000.0 0.305128205128
2695.0743106 -7.97221392076 0.987222710046 3000.0 0.458974358974
1977.79999272 -44.5895053944 0.970574983099 3000.0 0.612820512821
-1625.36773966 -22.4659455974 0.977526888977 3400.0 1.17692307692
3440.16782125 35.2797507778 0.992024127615 3400.0 0.305128205128
3909.70057086 -15.1908421237 0.984211631577 3400.0 0.561538461538
-2461.93326881 -7.23297288754 0.968609002449 3400.0 0.715384615385
-3347.15131803 87.8105635082 0.987627398779 1200.0 0.458974358974
-2856.02567264 4.82606308471 0.977399742615 2800.0 0.715384615385
1226.11192828 -49.2282668307 0.970058563083 3000.0 0.920512820513
1081.27734113 -39.6888490158 0.972109139945 3200.0 0.612820512821
-1899.12305187 62.7311656501 0.992701649585 1200.0 0.561538461538
4092.84834589 -13.680332159 0.989660902044 3200.0 0.510256410256
-3989.42609619 33.2120286298 0.993366153017 3000.0 0.407692307692
2860.28514147 -7.81869126865 0.998654961494 3000.0 0.151282051282
-2179.66181731 27.4206781837 0.977647463322 3200.0 0.817948717949
-2885.42135057 -20.1853795678 0.976924571226 3400.0 0.664102564103
-3709.29131239 -59.2789371628 0.978109844385 3400.0 0.817948717949
-999.494258033 -4.35226485342 0.956951651685 3400.0 0.766666666667
-424.003362501 56.5526022554 0.985221522332 3000.0 1.33076923077
1093.74127594 14.8607249005 0.965501059242 3400.0 0.612820512821
622.856944437 19.2273467478 0.947066301807 3400.0 0.664102564103
-3413.47245518 -29.8170706274 0.970166413539 3400.0 0.664102564103
1811.74805703 72.6942973316 0.994388436649 1000.0 0.510256410256
-1303.73499307 -65.3959134257 0.985498140602 3400.0 0.715384615385
1590.78296701 -24.5895325084 0.958791512813 3200.0 0.612820512821
-2925.27662212 60.5631662056 0.993764719386 3800.0 1.12564102564
2893.39566955 17.5713822555 0.996472911378 3200.0 0.202564102564
-1985.00087109 30.3237923942 0.962987722156 3400.0 0.766666666667
1709.40663574 -57.5905658485 0.981756701494 3000.0 0.715384615385
-397.36483061 -42.8129868254 0.983212410873 3000.0 1.79230769231
-2036.25921253 -25.0735043559 0.968197584931 3200.0 0.664102564103
3974.03345846 -57.8545404384 0.994050392913 3400.0 0.817948717949
-2400.6211812 -1.84132351359 0.968735432141 3400.0 0.817948717949
1952.08068319 61.693582127 0.982269793862 2800.0 0.407692307692
-1951.53842437 -44.269494561 0.971789436888 3200.0 0.715384615385
3520.85908691 -3.15322065012 1.00007147554 6800.0 0.1
-3148.74839197 15.6581737875 0.962617760013 3400.0 0.869230769231
1879.09546492 47.0798208167 0.987990943452 2600.0 0.35641025641
393.43473216 -34.0313774908 0.954279253551 3400.0 0.664102564103
2989.75794416 -20.234612297 0.995184506428 2800.0 0.407692307692
3347.17192967 -45.2828459327 0.997755119847 2800.0 0.253846153846
2625.42620411 -27.7622413823 0.982637677444 3200.0 0.407692307692
2679.99097751 42.8469578209 0.999095913018 8000.0 0.151282051282
528.771544073 47.0370662089 0.991529797061 3600.0 0.35641025641
-72.7936338929 5.20541454037 0.951162712448 3400.0 0.766666666667
712.627272297 68.954005344 0.989159135905 1200.0 0.817948717949
-2416.16390673 -60.7303695747 0.971328250938 3000.0 0.920512820513
-3204.89704352 -71.3554906864 0.9983750311 3400.0 0.202564102564
-1582.05552777 -40.7395669214 0.957373100086 3200.0 0.664102564103
-446.756486958 -43.6212349539 0.962677126611 3400.0 0.715384615385
-1247.44347185 -49.5386439265 0.983832265025 3400.0 0.510256410256
278.27228191 5.15954773611 0.955674262828 3400.0 0.766666666667
-649.463317831 14.6771460623 0.967624996759 3400.0 0.715384615385
444.63801543 27.0336795628 0.972624842199 3200.0 0.664102564103
-3347.94133375 57.4905121203 0.997571223138 3800.0 0.561538461538
2379.70242269 -34.3615338989 0.999459668864 2800.0 0.1
1880.30974465 12.7748438737 0.995298297256 2800.0 0.253846153846
2308.68471819 28.4781439301 0.991565780448 3400.0 0.35641025641
3789.22718838 -23.2665059138 0.98848914161 2800.0 0.715384615385
2651.36166559 70.4724765235 0.987770585345 3000.0 0.407692307692
-1514.99764546 36.5750097844 0.995182194981 3400.0 0.510256410256
1913.06429003 49.7661102196 0.978046304608 3200.0 0.612820512821
688.761790212 -16.1122471573 0.93681699166 3400.0 0.766666666667
-3487.0202667 -23.6914314963 0.980499887951 3200.0 0.664102564103
-1839.71324375 -51.9692958459 0.997212470307 3800.0 0.305128205128
-1383.22651224 -7.98194692822 0.965483532404 3400.0 0.869230769231
1073.56673842 22.4243544065 0.970931168967 3200.0 0.612820512821
-1195.87497545 29.9817860004 0.95878196776 3400.0 0.766666666667
2354.39379543 43.8955215404 0.996975240587 3200.0 0.253846153846
-2418.00975468 6.45598228184 0.963806524005 3400.0 0.869230769231
-696.891956218 -27.8620633702 0.980804992438 3400.0 1.07435897436
3057.49844418 47.8955040464 0.996716908933 2800.0 0.305128205128
2568.17429794 -4.47871932496 0.983392430002 3200.0 0.510256410256
918.640100628 6.10532249183 0.95828438065 3200.0 0.715384615385
-2460.30996279 10.6192084714 0.973840037192 3400.0 0.715384615385
2896.08574033 -29.2497406627 0.976779183917 3400.0 0.510256410256
1005.91524182 -45.3618974763 0.98186834224 3400.0 0.510256410256
-1447.00768929 -37.8252117941 0.961956130038 3400.0 0.664102564103
-317.679381155 8.64229052485 0.963837951801 3200.0 0.766666666667
-1925.02273981 12.3013931651 0.974825396239 3400.0 0.715384615385
-2342.36782659 19.8901280768 0.965291177834 3400.0 0.715384615385
1458.10024396 -19.6735646757 0.965826919275 3200.0 0.561538461538
1327.02981042 -45.3459399123 0.964257963956 3000.0 0.715384615385
1537.92050312 14.0967192546 0.973828088628 3200.0 0.664102564103
-1085.83650349 7.51999954275 0.959572076852 3400.0 0.817948717949
1424.54697757 42.7609909821 0.953437012808 3400.0 0.715384615385
-2056.56876651 52.4686027656 0.990727409284 2800.0 0.817948717949
1387.13911171 -24.0431815858 0.961049983527 2800.0 0.920512820513
1971.49883097 20.8565599986 0.980157790106 3000.0 0.612820512821
2567.16884045 7.8774110513 0.989097797249 3000.0 0.407692307692
-790.597348728 -12.6413581455 0.953541452529 3400.0 0.766666666667
-3431.65823912 -14.5375511628 0.983051806066 3200.0 0.664102564103
1085.31430355 -21.5516462874 0.968280736588 3400.0 0.561538461538
2530.35666994 15.8933712544 0.98410500532 3000.0 0.407692307692
477.029190318 25.0880203311 0.977264075363 3400.0 0.664102564103
-3172.43539089 -26.4719810936 0.972285173396 3400.0 0.612820512821
1864.67684812 15.7201116181 0.978067580731 3400.0 0.561538461538
970.713485012 -34.7546921757 0.952725034773 3400.0 0.766666666667
-3398.67961057 31.4349981455 0.993095965708 3200.0 0.407692307692
-515.096450085 -16.2802790412 0.963217848659 3400.0 0.766666666667
1268.66383991 4.37728801531 0.957698334892 3400.0 0.664102564103
996.889423536 -1.74075217762 0.958039924772 3400.0 0.715384615385
1708.7958057 -5.83833916738 0.951467221265 3200.0 0.715384615385
2595.0828629 29.5024983502 0.994874079127 3400.0 0.253846153846
2549.90351878 -32.2564419028 0.998516056833 3200.0 0.151282051282
895.050785475 23.8783808298 0.957560087708 3400.0 0.766666666667
2247.99050612 -35.2953534521 0.998024607829 2200.0 0.612820512821
-2014.78339708 29.3191388383 0.97068218409 3400.0 0.971794871795
-3284.3046843 -64.006390831 0.992518943427 3400.0 0.407692307692
1569.72306835 -18.5967241996 0.981726552446 3400.0 0.612820512821
1603.75478557 -15.3067668415 0.971862818756 3400.0 0.561538461538
-3449.65548918 21.2692410663 0.980321159629 3200.0 0.664102564103
-1877.93301523 20.8572492743 0.980732016449 3200.0 0.612820512821
1447.70549497 23.4580984129 0.980526914292 3400.0 0.510256410256
1803.1476837 9.64129296994 0.978640110223 3000.0 0.510256410256
1243.11552304 -6.67593565829 0.962391607894 3200.0 0.664102564103
2668.93165386 -34.047245742 0.999569168567 3800.0 0.1
1320.13278438 -45.7302184036 0.956825953213 3200.0 0.817948717949
2031.78681128 -11.1015603803 0.979019962247 3200.0 0.561538461538
3904.98611046 -13.245697376 0.999258219333 7800.0 0.202564102564
-2900.09507818 32.768376073 0.976182614562 3400.0 0.715384615385
2347.16734163 -22.9537257098 0.976364851811 3400.0 0.510256410256
1367.13051925 8.16362726479 0.968902903652 3000.0 0.612820512821
-689.858117904 -31.697149546 0.954014934313 3400.0 1.22820512821
-1875.8556811 38.6854853393 0.993604788831 3400.0 0.305128205128
-1200.5517619 -44.5895814489 0.994517973005 3000.0 0.869230769231
2297.10742036 -28.4457087491 0.982963746786 3200.0 1.02307692308
-690.577653786 -47.7509624972 0.953340427779 3200.0 0.817948717949
-1037.37032296 -28.5590333147 0.958714575018 3400.0 0.715384615385
3567.1928173 13.1863203252 0.998112858098 3400.0 0.151282051282
3014.16180434 -47.8311753577 0.996180137462 2600.0 0.202564102564
-512.149308683 -18.4298018859 0.972914782925 3400.0 0.817948717949
-1509.14095412 -58.0847928132 0.980203623634 3400.0 0.817948717949
1136.58640727 14.1980091643 0.950639073479 3400.0 0.817948717949
3089.19339808 66.8053265643 0.996033660571 3600.0 0.458974358974
4080.36814384 -3.11041717682 0.984727142557 3000.0 0.612820512821
436.516598642 -1.84690695208 0.960844725309 3400.0 0.766666666667
-717.918117304 -16.8602260987 0.97383058522 3200.0 0.817948717949
1936.949598 27.6764196991 0.984900605732 3000.0 0.458974358974
-465.966561053 74.2573331913 0.982814043968 1200.0 0.664102564103
2668.64822535 20.8603510863 0.981529074537 3400.0 0.458974358974
-290.813593513 -39.7279858138 0.954963855309 3400.0 1.02307692308
-2600.61739722 -26.628460326 0.954474524762 3400.0 0.715384615385
-1484.51293043 24.9239079916 0.96137912588 3400.0 0.869230769231
-3274.74834698 40.5041594122 0.956194917017 3200.0 0.817948717949
3320.26954361 56.758349156 0.9921552996 1000.0 0.458974358974
-104.878462143 52.8480153874 0.993319994953 3000.0 1.07435897436
-1271.516684 -76.5783074675 0.996817988065 3600.0 0.202564102564
-766.115596547 -12.4309120419 0.952210254005 3400.0 0.715384615385
-2815.57429357 -51.0091765695 0.990572174356 3200.0 0.458974358974
1978.85079746 45.1269254497 0.998801905113 3400.0 0.151282051282
-3010.32061524 9.57223347269 0.960595146966 3400.0 0.766666666667
-2005.81985081 23.3591854269 0.970098926763 3400.0 0.766666666667
3027.30657581 -27.1008909884 0.986007885439 3000.0 0.510256410256
-645.809464753 4.20037339101 0.952453967982 3400.0 0.766666666667
-2965.29612986 -51.4713682445 0.987421438094 3400.0 0.612820512821
1014.30955437 0.627753200782 0.956841716185 3400.0 0.715384615385
2571.31952261 17.6927698844 0.993971920129 3200.0 0.407692307692
2872.78558004 12.5618287776 0.995286693572 3000.0 0.35641025641
326.422781644 53.174315328 0.971555859407 3200.0 1.43333333333
49.4349486815 -35.4226678234 0.952678439021 3400.0 0.715384615385
-2776.10839208 -32.9365588764 0.97695638118 3200.0 0.664102564103
1725.33699197 -23.7083380409 0.989258575919 2600.0 0.612820512821
-175.912699882 6.33299746398 0.960416141219 3400.0 0.817948717949
-896.709804697 66.5299714189 0.971405765413 3200.0 0.612820512821
-2655.75881072 35.2422334505 0.955129076741 3200.0 0.869230769231
-1968.91532826 20.57208227 0.968390196282 3400.0 0.715384615385
-2258.59572465 40.2423735413 0.979882606517 3200.0 0.664102564103
3527.84240285 -23.0195541662 0.978349711139 3400.0 0.458974358974
-1173.15617305 -47.4234341278 0.955344384115 3400.0 0.971794871795
-4389.41439994 -30.2197397174 0.990806875133 3400.0 0.510256410256
-2981.02368575 1.14306413881 0.961603631086 3400.0 0.766666666667
-22.3119529973 -13.6379818996 0.964235939353 3400.0 0.612820512821
130.103862521 27.308622586 0.982594023137 3400.0 0.561538461538
-3585.91645514 -10.1633839314 0.977832202968 3200.0 0.664102564103
-2662.98454062 -57.2708665092 0.986247583807 3400.0 0.715384615385
2389.68144893 -14.9283284326 0.999431821924 3400.0 0.1
-2482.1763328 -33.0825562145 0.973247430292 3400.0 0.920512820513
-2261.24178937 -28.7920753632 0.958415296193 3400.0 0.715384615385
-1303.52901084 44.0440962626 0.956764480307 3400.0 0.715384615385
-3802.4749001 41.4588382199 0.968075938231 3200.0 1.02307692308
3147.69473133 17.5172184608 0.998430581415 2400.0 0.151282051282
-3227.14028999 37.084395615 0.973122067535 3400.0 0.920512820513
-1370.12548714 -43.467959949 0.961758067845 3200.0 0.971794871795
-2436.0046221 21.8121523808 0.977343725113 3200.0 0.561538461538
1262.41809497 65.2535656765 0.975291145396 3400.0 0.612820512821
-3940.75022962 -30.707770886 0.959460363068 3400.0 0.817948717949
1080.89740477 27.6719844173 0.968226437886 3400.0 0.920512820513
2064.49912586 -27.9046392401 0.981194572451 3200.0 0.561538461538
1602.97920821 45.0285833185 0.958840849978 3400.0 0.561538461538
1716.33525185 21.5001766414 0.968251355595 3200.0 0.510256410256
-2711.15481258 42.4265824619 0.959712048696 3400.0 0.817948717949
482.452987823 67.79814511 0.989815360112 1200.0 0.869230769231
1872.66672982 38.6037413275 0.971852078255 3200.0 0.561538461538
-3009.35979259 6.1516413206 0.96689335925 3400.0 0.715384615385
-1379.52143782 65.153042389 0.992763801959 1200.0 0.510256410256
-3479.91862438 -34.108451884 0.983450458208 3200.0 0.766666666667
601.405550401 82.6360031482 0.982881397368 1200.0 0.510256410256
1761.88732492 -20.6581849446 0.967608699788 3400.0 0.612820512821
3263.77914097 50.7650501846 0.99165281454 3000.0 0.35641025641
-485.421710591 39.3606678615 0.993927863685 3000.0 0.920512820513
2586.29728381 21.9669210405 0.999218506555 3000.0 0.1
3176.52140143 45.9027712931 0.996384574584 1800.0 0.715384615385
880.312617383 -28.5582457576 0.956476673337 3200.0 0.664102564103
-1507.16777172 10.189070153 0.974840179131 3400.0 0.612820512821
-1153.41075533 -41.6621683194 0.964644525583 3600.0 1.74102564103
2869.53978728 -2.25833058384 0.983124097253 3400.0 0.510256410256
2824.3422072 47.5058825347 0.996079752761 2600.0 0.664102564103
659.376133743 25.8901101933 0.945689452848 3400.0 0.664102564103
-514.739418996 7.92682012869 0.968336812037 3200.0 0.715384615385
-1097.78295476 -4.70677419188 0.974278079012 3200.0 0.715384615385
-329.331209532 -48.8840473139 0.986535270101 3400.0 0.766666666667
-138.101826598 19.8492754961 0.967077194108 3400.0 0.817948717949
417.978860231 70.6221592544 0.955511136757 3400.0 0.612820512821
3459.63663467 66.366240406 0.992579044765 1000.0 0.766666666667
-2563.77654257 37.2690474856 0.95985312768 3200.0 0.971794871795
3594.7719858 -49.4074967006 0.978775299868 3200.0 0.715384615385
-4136.46241197 -36.6495233755 0.969106220191 3400.0 0.766666666667
-2152.75722733 56.9009793817 0.992686713617 3000.0 1.58717948718
208.681615906 -33.3145009579 0.955346286038 3400.0 0.715384615385
-712.994802257 -31.6752540681 0.954618448318 3400.0 0.715384615385
-1399.25593019 38.9591080906 0.959997570931 3400.0 0.664102564103
526.150366946 50.8028125518 0.958876427152 3200.0 0.612820512821
1693.57132602 -16.0431671906 0.981691916081 3200.0 0.561538461538
-210.292742904 3.11385760778 0.967802697752 3600.0 0.715384615385
3472.00452941 -49.2792976861 0.999880394254 3400.0 0.1
-2289.95496643 13.6439650802 0.960842770932 3200.0 0.766666666667
201.510776136 15.4226672613 0.955163998336 3200.0 0.766666666667
67.2176658466 16.4439670712 0.976532744502 3600.0 0.664102564103
-1903.41201342 57.5640165177 0.971813807988 3200.0 0.612820512821
2214.33452009 -26.3014782339 0.976855953961 3400.0 0.766666666667
2246.33884101 -16.6229158816 0.999233487212 3200.0 0.1
-3148.85636998 -21.4511812673 0.96696511699 3200.0 1.02307692308
2812.89790199 -45.370549126 0.987727444799 2800.0 0.458974358974
-2411.10600925 -1.48591222496 0.974368387636 3400.0 0.664102564103
-802.067968136 -33.7749894597 0.977551872733 3600.0 1.17692307692
1184.3320833 5.58135959141 0.96656162605 3000.0 0.664102564103
2839.93714945 34.1784637837 0.998178616549 3200.0 0.202564102564
3091.06901318 -13.7374107167 0.998272236509 3200.0 0.202564102564
3462.22036979 43.1804639883 0.99535451617 3000.0 0.305128205128
-3770.80719207 -30.8953209112 0.973984436695 3200.0 0.664102564103
-1772.94333522 -22.8062950209 0.982222116071 3400.0 0.664102564103
865.506503689 2.4588796295 0.955715798434 3400.0 0.715384615385
-1441.13125521 -4.00874449728 0.961332706509 3400.0 0.715384615385
1687.8383655 55.1831980788 0.995891982547 1000.0 0.458974358974
-2203.3366638 25.1149657721 0.966102233051 3200.0 1.07435897436
738.602816225 11.8407382181 0.962915441927 3400.0 0.817948717949
3712.98577471 -8.48792328852 0.999187453842 3800.0 0.1
31.4368609356 40.6496095793 0.959733033226 3400.0 0.869230769231
509.763197153 4.86665531543 0.958358429814 3400.0 0.766666666667
-3426.19346621 2.97651489891 0.981076182574 3200.0 0.664102564103
-1570.53228154 25.0710835129 0.983783426804 3400.0 0.510256410256
-547.15152219 48.6028619111 0.974044632631 3200.0 0.817948717949
-1720.34652017 4.72180472915 0.958372644901 3400.0 0.817948717949
636.07683575 62.6748361867 0.957506612504 3400.0 0.612820512821
-978.096686261 47.0362551483 0.965574330989 3400.0 0.715384615385
3330.7122542 49.0154139099 0.991704754212 3200.0 0.35641025641
-3245.68644806 -48.4373307308 0.977221537124 3200.0 0.817948717949
-297.026795016 19.5781642984 0.949974529362 3200.0 0.766666666667
-1630.37337878 -48.1723547898 0.970873200455 3200.0 0.715384615385
-1870.16855502 25.8671373659 0.976553668798 3200.0 0.715384615385
1418.36872731 55.5752304318 0.969780717127 3200.0 0.817948717949
635.768517907 10.9350466318 0.953414117718 3400.0 0.766666666667
-3210.58723208 -22.8963395508 0.968515169386 3400.0 0.766666666667
-574.019655384 -20.9211456216 0.968152799202 3400.0 0.664102564103
-2526.54329397 8.83346532772 0.970405110609 3400.0 0.766666666667
1900.23372801 7.34193743653 0.975511208957 3200.0 0.510256410256
-1278.08627991 76.2143424888 0.964958717982 3200.0 0.612820512821
-378.33438152 -16.5263939734 0.965584956731 3400.0 0.766666666667
552.298893548 -42.9714037922 0.968532543716 3400.0 1.63846153846
915.679337503 41.082566175 0.995391356364 3400.0 0.253846153846
-3119.23313116 -32.4955661532 0.961734834292 3400.0 0.869230769231
-2015.10990741 -25.9811192645 0.97145857222 3000.0 0.664102564103
-3711.90120784 16.8865809671 0.957521927175 3400.0 0.869230769231
-2495.82997627 34.0464293382 0.995326510545 3400.0 0.561538461538
-3086.86025456 18.6202529961 0.971623725663 3200.0 0.766666666667
1106.04976942 -32.8204252954 0.958036571512 3200.0 0.664102564103
978.181944364 38.3024295459 0.964028655857 3400.0 0.971794871795
-372.364571377 36.5816070111 0.9787430775 3400.0 0.664102564103
313.126779178 39.7426556001 0.950999771408 3200.0 0.817948717949
-1009.63195528 34.1380749797 0.969359188389 3200.0 1.43333333333
-332.223131195 27.3571363099 0.973191188096 3400.0 1.27948717949
-578.524457906 3.64270156056 0.948768060964 3400.0 0.766666666667
-1521.42406575 52.0759814583 0.988496196975 3400.0 0.561538461538
-3422.87802715 -46.0528484532 0.952956651578 3000.0 1.63846153846
-722.660261282 12.9728621969 0.963246325079 3200.0 0.817948717949
-3409.99520578 78.4259349977 0.987996832256 1200.0 0.458974358974
-462.820914342 -28.5764281013 0.952492253417 3200.0 0.664102564103
-1547.62959075 -4.30572180127 0.97290241956 3400.0 0.612820512821
937.239346534 33.4262169894 0.964863226172 3400.0 1.17692307692
1929.2158951 41.2740815399 0.994249516088 3400.0 0.510256410256
-588.131815643 -46.4354496243 0.970024397377 3200.0 1.07435897436
-94.1549198289 -9.80812536877 0.958823563859 3400.0 0.869230769231
2184.95566645 -37.4206854281 0.997716080001 3200.0 0.202564102564
3310.90594059 -24.8635839951 0.999853137316 3400.0 0.1
553.207582166 39.4051658332 0.998782078805 3200.0 0.151282051282
1842.79914901 -19.1578537508 0.988712416819 3000.0 0.458974358974
