8962.38897942 45.3208876632 0.99465677798 800.0 0.99465677798
572.458403949 47.6073805192 0.981183835931 800.0 0.981183835931
-4239.38569302 -24.5412924827 0.984200763141 2400.0 0.984200763141
905.890806855 7.88291379661 0.97662348216 600.0 0.97662348216
-2692.42287405 55.6518966808 0.989664515635 800.0 0.989664515635
4368.29247839 -29.9989776396 0.969833360909 600.0 0.969833360909
-6992.86799908 26.6502553346 0.996164597 800.0 0.996164597
-6133.91334445 -3.57427639315 0.996566931936 2200.0 0.996566931936
-4953.88218732 20.9112456046 0.99571331039 800.0 0.99571331039
-2092.53340457 -5.42812730331 0.988429487308 2800.0 0.988429487308
1246.12684638 -1.48758684214 0.984720689486 600.0 0.984720689486
-2471.93346659 46.7950461336 0.985072277495 2400.0 0.985072277495
-7300.20653955 28.6789430984 0.995794165717 1200.0 0.995794165717
-6072.38684588 -45.5392452289 0.99651825699 800.0 0.99651825699
970.794901982 42.9399423276 0.978691718593 800.0 0.978691718593
-6907.26630977 35.464072919 0.999477900698 1800.0 0.999477900698
-2467.21973583 -86.9934646655 0.984040601257 600.0 0.984040601257
7942.94445152 -54.42371659 0.990339825808 600.0 0.990339825808
2921.86649653 -49.7533874355 0.987841793915 2200.0 0.987841793915
-5697.19467765 -35.6110244248 0.996102657556 600.0 0.996102657556
-2625.7090856 66.1084176319 0.991964944672 800.0 0.991964944672
6180.17395598 -44.1371390209 0.979996474783 600.0 0.979996474783
7238.71822102 59.8910845874 0.994222687412 600.0 0.994222687412
657.632020116 -35.1651937379 0.972453006049 2600.0 0.972453006049
-4115.28150637 27.4886072203 0.985015039575 2800.0 0.985015039575
8978.83004821 -48.2274440225 0.997824007974 600.0 0.997824007974
4197.33118826 -41.7740424078 0.984461806092 2800.0 0.984461806092
-7260.30338226 -65.9731432111 0.997497887856 1800.0 0.997497887856
-5808.29050377 -28.0550778388 0.998694988616 1800.0 0.998694988616
-1994.30830888 47.794567483 0.985761497396 2000.0 0.985761497396
-980.190007465 31.1471655878 0.973697823194 600.0 0.973697823194
-3965.59587478 -42.3671504003 0.981661683435 1800.0 0.981661683435
1416.28987308 9.07871762756 0.975685450738 2800.0 0.975685450738
-4632.31104444 70.6740701297 0.996904012765 1400.0 0.996904012765
4573.345555 -59.8484995645 0.976801700045 600.0 0.976801700045
3729.30065877 -35.5712417761 0.961960696101 600.0 0.961960696101
-2091.09636038 -16.3350004486 0.969780923672 600.0 0.969780923672
-3192.25698388 47.4963639307 0.99336052584 1000.0 0.99336052584
22.4313886005 -49.9336688861 0.985071995182 600.0 0.985071995182
-3066.55557154 65.9672702223 0.996403285344 600.0 0.996403285344
2767.15010329 -57.9364233741 0.98777618293 800.0 0.98777618293
3038.66071869 -20.4044167928 0.979304514255 2400.0 0.979304514255
430.320739306 23.5061093246 0.982450106772 2600.0 0.982450106772
-4701.25522134 -34.8143268198 0.978212697669 600.0 0.978212697669
2008.40320759 7.29459827707 0.972168145271 600.0 0.972168145271
703.889515534 34.5165079569 0.973225728149 600.0 0.973225728149
-2284.21380166 37.349622751 0.989505676258 2600.0 0.989505676258
3356.35379719 14.7415732922 0.980714159293 600.0 0.980714159293
-2929.31677512 8.56472130731 0.979077502743 2800.0 0.979077502743
6898.85962518 38.8585599469 0.992182912243 800.0 0.992182912243
-1077.51532916 -20.5504557988 0.983573327292 2400.0 0.983573327292
-3601.55079065 72.3436345063 0.98633235644 600.0 0.98633235644
4454.11037224 -57.8287800844 0.990753659073 1800.0 0.990753659073
-1044.52456766 -69.4736522953 0.973036443519 1000.0 0.973036443519
2221.12410131 63.2043970356 0.981615700808 600.0 0.981615700808
-7204.98087696 37.477781084 0.998209881301 1200.0 0.998209881301
5057.48537713 -39.8934058524 0.99140423417 600.0 0.99140423417
576.630521917 77.9440302276 0.993669773578 800.0 0.993669773578
1601.16787782 -52.7809181673 0.968831601569 800.0 0.968831601569
-436.52425096 55.5043504702 0.986318113838 800.0 0.986318113838
1041.35844075 41.7519317908 0.987241515832 3000.0 0.987241515832
-2498.83179804 -15.5155464218 0.98358406182 2800.0 0.98358406182
-6167.70718212 20.3039290939 0.992922139151 600.0 0.992922139151
5010.43719991 26.3718281079 0.989946782356 800.0 0.989946782356
-2258.04193796 -20.7562663305 0.97751309077 2600.0 0.97751309077
-474.323571637 27.0221346626 0.972240159378 2600.0 0.972240159378
2223.02719773 42.8883148869 0.981933173783 800.0 0.981933173783
-5690.1847056 -37.9504837363 0.993416534288 1800.0 0.993416534288
5989.88582366 50.9267625105 0.994498306812 600.0 0.994498306812
2030.12522343 -13.0185086147 0.973119006043 600.0 0.973119006043
6583.490944 72.8631566854 0.977540044032 600.0 0.977540044032
4338.1111336 26.2044183513 0.983426291179 2400.0 0.983426291179
476.846673904 -19.7137380342 0.98619092099 2600.0 0.98619092099
1937.82393983 38.5517989001 0.988285910668 800.0 0.988285910668
-588.365762741 -9.6358179729 0.977643229405 600.0 0.977643229405
5047.27287632 66.3018317721 0.994489252697 1800.0 0.994489252697
4867.59453774 8.07036409357 0.981650606459 600.0 0.981650606459
-8100.17440004 -12.7058175592 0.994668847492 600.0 0.994668847492
2785.48894233 -38.6691796508 0.989259047975 1800.0 0.989259047975
-2219.07649661 71.382566024 0.993887052117 600.0 0.993887052117
-9766.88554695 -81.1827620503 0.996787178006 1200.0 0.996787178006
2070.63238527 -35.5781519668 0.944721157586 600.0 0.944721157586
3884.97152358 34.6525091981 0.992599692616 2600.0 0.992599692616
-1879.71967531 -37.2469998711 0.985081683962 800.0 0.985081683962
5791.32272503 26.7307180278 0.980514978238 600.0 0.980514978238
5079.69002688 -25.011112603 0.970964213883 600.0 0.970964213883
-4442.45098612 -17.4529542746 0.980867539454 600.0 0.980867539454
6894.47291415 -18.7634407764 0.986659089196 600.0 0.986659089196
-5361.76362872 23.0431203033 0.995633801653 1600.0 0.995633801653
-6052.48090583 78.4214059161 0.998772930499 3000.0 0.998772930499
-3809.84056515 -19.9258904075 0.993650165164 2600.0 0.993650165164
-2431.63760342 1.85959876698 0.979938605907 2800.0 0.979938605907
-6293.9917065 -15.4986761816 0.991491299696 1800.0 0.991491299696
4672.23797525 -63.6007636646 0.991495733978 600.0 0.991495733978
2339.54611765 -27.7213898857 0.958396456864 600.0 0.958396456864
-2725.92992797 18.3805609842 0.983524658211 3000.0 0.983524658211
-7678.53126925 -82.0164483143 0.991767964123 1000.0 0.991767964123
-7817.54702019 57.0443458806 0.996752652983 600.0 0.996752652983
279.316078354 -42.5059555535 0.974296955846 1800.0 0.974296955846
2408.73092638 -13.9280681447 0.96311604605 600.0 0.96311604605
-5063.98514473 -51.5485267336 0.97769205579 2000.0 0.97769205579
60.4041592185 84.7834107076 0.984174178368 800.0 0.984174178368
403.038255002 -58.5911853548 0.979768866463 600.0 0.979768866463
3537.20240767 32.9286510797 0.990422958099 2600.0 0.990422958099
5149.69700868 -32.6773520702 0.989605959675 800.0 0.989605959675
-5076.29697221 -50.2642668397 0.980152292595 2400.0 0.980152292595
1249.88339571 -29.9571030199 0.977041131418 2400.0 0.977041131418
-1292.62459801 34.3532165262 0.972467185781 2800.0 0.972467185781
-5981.97813151 54.2427453681 0.9866083578 2400.0 0.9866083578
6900.40062992 -12.195860696 0.978683405609 600.0 0.978683405609
5099.78122325 30.6288160847 0.971261721592 600.0 0.971261721592
4451.91696925 3.82342431708 0.987797882891 600.0 0.987797882891
-6758.3138626 62.5939983566 0.996810004917 1400.0 0.996810004917
-1019.97057595 1.12400018265 0.982599184667 2600.0 0.982599184667
-1769.0569483 2.0741778271 0.988510836083 2600.0 0.988510836083
6207.03961088 -39.4183373486 0.973328897245 600.0 0.973328897245
2834.98983397 56.392740783 0.968157608604 2000.0 0.968157608604
3814.41240544 28.7709658937 0.976980043772 800.0 0.976980043772
-5690.56160763 8.39543680107 0.992348803551 2800.0 0.992348803551
1252.3163083 -2.01121447025 0.975972222859 600.0 0.975972222859
-52.772839447 3.21513797461 0.973607061009 2800.0 0.973607061009
-1040.40242814 33.5782734082 0.975389137275 2600.0 0.975389137275
-5793.53902669 -30.1468528312 0.981350385313 1600.0 0.981350385313
6654.52733671 53.2156910511 0.985813957719 800.0 0.985813957719
5840.43201719 -13.9407262449 0.975019166453 600.0 0.975019166453
2245.47773024 -21.0238436364 0.982563207016 600.0 0.982563207016
-8038.99934058 29.1976062682 0.997855858319 800.0 0.997855858319
6843.47576028 1.93697478382 0.990618745481 3200.0 0.990618745481
-2626.19788687 83.532037299 0.992384961266 2600.0 0.992384961266
-2660.26701957 2.92490376927 0.981952379869 2800.0 0.981952379869
1873.43326595 -47.8222804709 0.989018570135 600.0 0.989018570135
6028.81858909 -54.0895782585 0.978913352343 2200.0 0.978913352343
-7708.06560821 77.0650875456 0.998592317757 5400.0 0.998592317757
-7004.75612782 -19.4807124277 0.999173735319 2200.0 0.999173735319
6809.19765134 49.5412094728 0.991331967445 600.0 0.991331967445
-3075.32430611 -81.3533396761 0.989628784353 2600.0 0.989628784353
-4575.74083312 -29.109151705 0.991969490976 800.0 0.991969490976
2378.32764973 -16.5445900133 0.955564565955 600.0 0.955564565955
6181.22360169 -8.00748425089 0.978830325447 600.0 0.978830325447
6965.50622654 30.6531728639 0.98778072865 2600.0 0.98778072865
-4423.53693857 60.2977392457 0.99056227254 800.0 0.99056227254
2134.45689608 51.4913085373 0.986160752195 1600.0 0.986160752195
-1249.27855002 -44.6263513372 0.978120392904 1800.0 0.978120392904
-437.571686729 6.96632714032 0.978569932667 2600.0 0.978569932667
-99.3672053986 -32.6375239552 0.975158354845 2600.0 0.975158354845
-3409.7696066 79.895977588 0.984422226347 600.0 0.984422226347
-6795.76899027 7.24545496076 0.997283346147 2800.0 0.997283346147
1265.2510312 -1.19977319805 0.97242426251 600.0 0.97242426251
1270.17873833 74.3545775678 0.990417454103 1800.0 0.990417454103
6055.74940034 -5.1678399872 0.981773191101 600.0 0.981773191101
-5370.43303191 -61.1589746511 0.986050104521 600.0 0.986050104521
4634.4676493 -4.22910237809 0.986564947939 2600.0 0.986564947939
6283.90397391 50.9918871708 0.992093261354 600.0 0.992093261354
1126.62073895 78.7478657683 0.973125074053 600.0 0.973125074053
118.523366408 62.3274852842 0.985862237496 800.0 0.985862237496
-6909.74180903 -67.9154546015 0.997646488607 1400.0 0.997646488607
8257.30150075 10.1154713388 0.991797147658 800.0 0.991797147658
-1911.63723472 -12.2333410021 0.986911509788 2600.0 0.986911509788
4483.20380239 87.0000850555 0.982335155947 1000.0 0.982335155947
-5271.29588751 48.601973539 0.993775290384 600.0 0.993775290384
379.604813598 18.1617911584 0.980208985099 2600.0 0.980208985099
2568.73900553 47.1225655343 0.989256904915 800.0 0.989256904915
-5272.2715046 26.6826073395 0.992481974283 2200.0 0.992481974283
-2888.24439133 -68.2147206599 0.988829288481 600.0 0.988829288481
-4521.18088875 67.1808916632 0.988326212237 1800.0 0.988326212237
-6647.1795852 -10.5749047733 0.995995754701 3000.0 0.995995754701
-3194.50470885 -52.1246080438 0.988540908096 2600.0 0.988540908096
-632.110441431 20.9003420589 0.982599358774 2600.0 0.982599358774
-8745.59633927 15.9496035949 0.987836195693 600.0 0.987836195693
5633.10206896 25.2506453925 0.982011533506 600.0 0.982011533506
4409.86349987 -60.7413873994 0.977670313363 600.0 0.977670313363
-2954.54107576 -43.8659432348 0.977004325037 600.0 0.977004325037
1013.96758944 -52.2494566 0.963141690993 600.0 0.963141690993
5806.3207066 -18.4198854939 0.965035491051 600.0 0.965035491051
6721.18382172 -3.45633745793 0.981195748552 2800.0 0.981195748552
-5735.77986127 10.9952541764 0.989736146897 2000.0 0.989736146897
-3479.24369314 48.3225420857 0.991692987934 800.0 0.991692987934
-3626.90289734 -32.9450150221 0.983348716663 2800.0 0.983348716663
-2677.24908556 59.9681521553 0.978021878596 600.0 0.978021878596
2455.37084452 -54.3422950904 0.970674736039 600.0 0.970674736039
3675.33570615 9.38981444886 0.986953661403 600.0 0.986953661403
4549.63540527 59.0508334348 0.977140949246 600.0 0.977140949246
5869.71469402 18.5514591273 0.979939487194 600.0 0.979939487194
-7201.3246239 64.1572592752 0.997001645822 600.0 0.997001645822
3890.01435043 -86.1868232252 0.96540256609 600.0 0.96540256609
3854.58325569 -1.88481812694 0.969256363304 600.0 0.969256363304
988.576092373 -7.87560905383 0.978212767051 600.0 0.978212767051
1462.90134213 37.8549695063 0.988413425375 2400.0 0.988413425375
-6527.79561207 -20.2145972669 0.979922474959 2600.0 0.979922474959
-471.229370662 -48.951698521 0.988388409791 600.0 0.988388409791
-5334.65443921 61.9660485918 0.993655930195 1400.0 0.993655930195
5785.14221869 87.8830727477 0.98792105733 2400.0 0.98792105733
5822.56267026 -72.4588361296 0.974983810831 1600.0 0.974983810831
4638.98257992 -59.0352343705 0.981228437156 2400.0 0.981228437156
1066.20530653 -10.5113338133 0.98470807511 600.0 0.98470807511
8143.63660035 4.24129510657 0.973549247503 600.0 0.973549247503
7945.1933788 67.3875179981 0.99486602028 1000.0 0.99486602028
-6745.65468362 51.3497214923 0.995381641753 1600.0 0.995381641753
91.3735035824 58.9607915626 0.972904777333 2200.0 0.972904777333
-2993.4630648 -43.2051951333 0.980425838618 600.0 0.980425838618
758.359838517 43.6797023523 0.983464448227 800.0 0.983464448227
-7298.19366572 13.7490076756 0.992067216048 2200.0 0.992067216048
89.4411045105 34.5702708008 0.981857360284 2200.0 0.981857360284
3767.6777839 -23.4554484735 0.986322204454 2400.0 0.986322204454
3971.83142459 29.4719279489 0.988365330672 800.0 0.988365330672
-5889.78910081 -4.9157166636 0.988810148899 2400.0 0.988810148899
259.008572071 -57.5694113376 0.97475371661 600.0 0.97475371661
-6158.63523033 -34.2023583451 0.992324301047 2600.0 0.992324301047
6069.21090714 56.5561557168 0.989411282091 600.0 0.989411282091
-4773.40293616 56.3852732444 0.993287063313 1600.0 0.993287063313
2756.18242309 -49.9790929379 0.973168252874 600.0 0.973168252874
-6922.31618206 -35.1751916327 0.997882325167 1800.0 0.997882325167
-3811.5536601 14.8661528813 0.99001025112 800.0 0.99001025112
812.671162371 61.0298118085 0.988399218736 600.0 0.988399218736
-2737.51663989 14.7006100196 0.987281310376 1800.0 0.987281310376
4198.77614078 20.4296883234 0.986521875483 800.0 0.986521875483
-3716.14482165 -8.69023506531 0.988836245206 1600.0 0.988836245206
5936.16833902 24.6116865393 0.998082273112 3600.0 0.998082273112
6340.77732045 -29.0002113897 0.993490073452 800.0 0.993490073452
-1422.65100891 -47.419352164 0.988626972516 600.0 0.988626972516
-7138.96888344 -81.9529762704 0.998371278881 800.0 0.998371278881
-6290.80613189 36.0659250232 0.998227632132 1600.0 0.998227632132
-1437.29243181 16.696337495 0.984700692222 2600.0 0.984700692222
978.18731524 -13.9458467538 0.979124209974 600.0 0.979124209974
-2045.98097856 4.39403427242 0.980650909441 2600.0 0.980650909441
-7520.0085818 -62.3982728668 0.996661770913 600.0 0.996661770913
-5339.75265084 -52.4339339332 0.998456191469 2200.0 0.998456191469
-1646.47835537 35.4707634177 0.983350344565 800.0 0.983350344565
1731.82436089 45.244524046 0.97865851211 600.0 0.97865851211
7399.38778762 -14.6003436843 0.975482704727 600.0 0.975482704727
599.72698233 28.1227777151 0.981067431045 2600.0 0.981067431045
1435.80949951 40.4295299719 0.980544390552 2800.0 0.980544390552
5295.03782936 48.8209855166 0.971446188369 600.0 0.971446188369
1114.42926763 11.7218242708 0.988807560535 600.0 0.988807560535
-374.30853664 1.96403413317 0.969407526025 2600.0 0.969407526025
-5250.17396266 22.9070933579 0.995450361191 800.0 0.995450361191
393.060059091 69.8414621468 0.985447067259 800.0 0.985447067259
-4834.98182911 -13.387869502 0.993163382673 3000.0 0.993163382673
-5492.58190119 24.9034630354 0.994962897284 2200.0 0.994962897284
1148.58453968 -44.3101474242 0.958222508735 600.0 0.958222508735
6340.79454393 60.3755589572 0.98638528886 600.0 0.98638528886
-1927.40421079 33.7715736068 0.985037119053 1800.0 0.985037119053
-652.222393834 32.3099352362 0.978088725111 800.0 0.978088725111
-3421.32496966 6.12901410096 0.983832255571 2400.0 0.983832255571
-1888.6052763 -49.5556195194 0.983449874014 800.0 0.983449874014
-1254.93623225 2.19654610749 0.982890334412 600.0 0.982890334412
-3991.82471237 55.9301572886 0.982925493051 2000.0 0.982925493051
5663.09805533 58.5430874942 0.98922104323 2600.0 0.98922104323
4869.01306692 -86.0857972381 0.99176672916 1000.0 0.99176672916
1215.50822754 -49.9598495642 0.971356202837 800.0 0.971356202837
5111.57917254 6.35592605737 0.988863074809 600.0 0.988863074809
1958.54497895 88.7086066805 0.9913491282 600.0 0.9913491282
-4244.80988835 -75.6267766498 0.994216329148 800.0 0.994216329148
6124.92739069 32.3554830343 0.996838485202 800.0 0.996838485202
-185.115086602 66.2928328862 0.966894054698 600.0 0.966894054698
-6324.39889861 -12.8194092673 0.996978552904 1800.0 0.996978552904
-1483.0761418 -1.47991008302 0.981401336607 2600.0 0.981401336607
6514.04967464 -11.9991955998 0.987988484359 2400.0 0.987988484359
-4677.79707525 -81.8010536536 0.995035879803 1800.0 0.995035879803
-4242.96907861 21.6053970849 0.997407485529 1800.0 0.997407485529
5474.87958087 -29.4969347207 0.974469917199 600.0 0.974469917199
-4156.81271402 62.6257210176 0.997291910738 2200.0 0.997291910738
3062.24390703 -83.9883966512 0.994015198351 2600.0 0.994015198351
-1039.86552079 67.4957110942 0.984023910983 800.0 0.984023910983
5110.52248038 -25.6426479583 0.980358764071 1800.0 0.980358764071
6408.25840664 86.4678574217 0.993896974543 600.0 0.993896974543
-6267.40879839 50.8404501541 0.995592084175 2200.0 0.995592084175
-7113.21482999 -16.9527977954 0.997116219051 2600.0 0.997116219051
-1084.42592803 -68.7188335466 0.985666216307 2800.0 0.985666216307
-6339.65271107 12.0617843913 0.997670533681 1800.0 0.997670533681
-1738.6857247 69.8007675496 0.990160252583 600.0 0.990160252583
-9151.00373974 3.53930757341 0.995857976651 2400.0 0.995857976651
-3841.43179603 11.0494785651 0.994224994612 2600.0 0.994224994612
1189.59181107 3.2538179994 0.975220809782 2600.0 0.975220809782
-7870.14874585 -1.2876080682 0.993513404506 2600.0 0.993513404506
-1146.15350018 -88.041163341 0.985980863076 2200.0 0.985980863076
6130.35282527 -66.9797541816 0.986099802886 600.0 0.986099802886
-2709.24255698 20.2699141673 0.984416980644 2400.0 0.984416980644
-3561.62958276 -40.7425278847 0.986545662174 1800.0 0.986545662174
1563.27638064 31.1495267072 0.978550953703 800.0 0.978550953703
-3109.05818183 68.9303366363 0.989054430146 600.0 0.989054430146
-6011.13494698 73.5767909145 0.993657393356 2600.0 0.993657393356
-3939.79504338 -44.8408388076 0.992933346738 600.0 0.992933346738
2420.45213536 -12.848984227 0.985142990308 2400.0 0.985142990308
-105.172757101 -19.5212329442 0.982052314022 2600.0 0.982052314022
-4256.00763673 48.9758942541 0.981238349609 800.0 0.981238349609
-483.448818578 23.3822634359 0.98218767337 800.0 0.98218767337
-5260.8857711 24.1285943403 0.987183687193 2800.0 0.987183687193
3931.14668215 76.0049239695 0.988829060623 800.0 0.988829060623
5801.90280628 4.65625840295 0.972555442951 600.0 0.972555442951
-1758.13482192 -26.9311312199 0.981506840658 600.0 0.981506840658
3679.09730776 42.3151478362 0.970362094235 600.0 0.970362094235
-4661.15965483 36.0160223321 0.992991424748 2000.0 0.992991424748
167.480099535 84.9058535865 0.98567396855 1800.0 0.98567396855
195.487973536 46.3143743929 0.979784485286 800.0 0.979784485286
-6826.6699802 -16.8487915601 0.994446919798 2600.0 0.994446919798
3842.5371261 -88.3226496783 0.993312559402 800.0 0.993312559402
7447.26178617 51.4899433478 0.992928968797 800.0 0.992928968797
-4126.80000952 -83.0159659974 0.998383635226 2400.0 0.998383635226
-3496.85170335 48.872095191 0.989595042261 2600.0 0.989595042261
6092.58991599 -50.8755357009 0.990504237645 600.0 0.990504237645
2040.99955673 -1.94065239768 0.979534142226 2600.0 0.979534142226
3258.77847047 6.59109262143 0.98571993503 600.0 0.98571993503
-2000.40953973 -47.5818649654 0.993646341894 5800.0 0.993646341894
-3528.10918127 72.2854482411 0.992385080182 800.0 0.992385080182
4263.48073751 45.8076879872 0.980019877278 600.0 0.980019877278
-1620.8761458 35.0037934196 0.981160664968 1800.0 0.981160664968
2018.81181296 33.9110207253 0.969204929243 1800.0 0.969204929243
-4161.84285107 57.629018358 0.997702239163 800.0 0.997702239163
-388.25565649 1.07981283077 0.983047935159 2600.0 0.983047935159
3179.28620888 -43.7588144363 0.983562936405 2400.0 0.983562936405
-3567.24468974 13.512574697 0.987086298708 2600.0 0.987086298708
4369.91500736 42.4293024096 0.990677784228 800.0 0.990677784228
5882.23846646 34.6612441661 0.996498926484 600.0 0.996498926484
-1640.82281818 -46.9583399252 0.988925221997 600.0 0.988925221997
-450.705252254 38.6367732042 0.97983223975 800.0 0.97983223975
4619.71444394 74.8655746814 0.98943700781 600.0 0.98943700781
-5282.88556383 14.6351291307 0.994659641526 2400.0 0.994659641526
4543.59109452 9.0567338681 0.991679892643 600.0 0.991679892643
-2669.24238972 17.3782402707 0.982750110086 600.0 0.982750110086
-5700.54939547 -40.6186565301 0.993946193243 600.0 0.993946193243
2169.13034164 -41.3660988357 0.983019180744 2400.0 0.983019180744
-199.985625775 -80.7110383047 0.982725620413 800.0 0.982725620413
-5940.32571975 -10.0561354289 0.99624412964 1800.0 0.99624412964
932.886654729 50.0200898113 0.987747884896 800.0 0.987747884896
-2228.47557653 -3.28074698155 0.986277990766 2600.0 0.986277990766
5568.48744095 -5.71837244974 0.973126511764 600.0 0.973126511764
-8195.70196474 43.9449446702 0.998458183196 800.0 0.998458183196
-2230.882297 -25.6450062138 0.983897606473 3600.0 0.983897606473
-1472.50513015 -43.4737325499 0.990540731537 7000.0 0.990540731537
-1707.32118428 -51.8716459861 0.957799597585 600.0 0.957799597585
-5571.06866439 51.8564196782 0.997007699608 2400.0 0.997007699608
1133.63303336 32.5304441883 0.983828697392 1800.0 0.983828697392
1058.90949758 -36.1743532811 0.965517784413 800.0 0.965517784413
-7326.3596358 -5.52876391237 0.996635650659 1800.0 0.996635650659
-4504.48032406 -50.4726652083 0.991041289118 600.0 0.991041289118
-7074.63852135 47.6273411456 0.996213374067 1600.0 0.996213374067
7787.84794715 -25.8414161487 0.984062284863 1800.0 0.984062284863
7480.83204 -24.8874239572 0.989223220648 600.0 0.989223220648
-2681.41113192 74.0321276629 0.984717867114 600.0 0.984717867114
-1265.54882689 -56.776339791 0.981896647866 2200.0 0.981896647866
-896.951015298 8.84765382805 0.982769742609 2800.0 0.982769742609
-3052.62333532 34.0028483948 0.991436357897 2600.0 0.991436357897
-908.519979129 20.9232020276 0.981900225937 2800.0 0.981900225937
-5369.88726601 -5.47893682902 0.993256010712 1800.0 0.993256010712
5143.16678721 32.8427856374 0.978855691547 600.0 0.978855691547
-5966.53459099 39.2038857058 0.9935741185 800.0 0.9935741185
-4540.98384354 -1.00705431625 0.994313143125 600.0 0.994313143125
-8056.91197862 -63.9064452469 0.993908424232 1000.0 0.993908424232
3632.72218361 45.2319658088 0.983697302711 600.0 0.983697302711
-4051.62057531 -81.8288707573 0.991987047987 600.0 0.991987047987
5190.45792881 -3.27411490676 0.98772687606 600.0 0.98772687606
6659.30349307 20.1792386152 0.983318644898 600.0 0.983318644898
-7455.85760215 9.21275611821 0.998569285587 2600.0 0.998569285587
3424.70520112 -51.3427941016 0.972705139181 600.0 0.972705139181
8217.58751558 -52.8683143443 0.989268577957 800.0 0.989268577957
-9311.92649892 -52.2153979369 0.999168878194 1000.0 0.999168878194
-980.656979938 17.7213635515 0.983043605754 1800.0 0.983043605754
-6391.98446981 48.7945965873 0.997614528085 1600.0 0.997614528085
9190.39072363 -86.2713152119 0.994912910704 6200.0 0.994912910704
1515.76394505 -45.2392953285 0.981046623813 600.0 0.981046623813
-6450.23557931 59.2761060725 0.998627553539 1400.0 0.998627553539
4435.02877212 11.3589348523 0.992800741198 2600.0 0.992800741198
2100.17232612 11.1650750128 0.985754389132 600.0 0.985754389132
2607.09238716 -71.5148558177 0.987123595276 600.0 0.987123595276
7019.04809843 -30.8183062807 0.970313707382 600.0 0.970313707382
-235.88241454 5.63646018136 0.986673587167 1800.0 0.986673587167
5197.24616657 88.569335508 0.98495783178 600.0 0.98495783178
-5587.64253754 39.4431695428 0.995628197438 1800.0 0.995628197438
-5161.4175172 -28.9417138981 0.992107174597 2400.0 0.992107174597
7927.74356367 -48.6644869201 0.984930969665 600.0 0.984930969665
6681.6827625 23.4254719186 0.993871745874 800.0 0.993871745874
-285.333899816 79.2502387404 0.985627970685 800.0 0.985627970685
-3587.8929853 80.3891245422 0.985487958647 2600.0 0.985487958647
5773.19635457 69.6428707787 0.9944925441 1600.0 0.9944925441
-6569.37807671 -15.981708577 0.995432672611 1600.0 0.995432672611
1294.96796584 68.2741912909 0.982846747787 800.0 0.982846747787
957.178413158 -30.2473568042 0.959108949328 600.0 0.959108949328
-2188.61597204 -63.0943571881 0.985799102673 1800.0 0.985799102673
3990.02211875 46.7415740327 0.987753606266 600.0 0.987753606266
3147.78053134 63.5838277345 0.966094177723 1000.0 0.966094177723
6039.51595258 -22.7773205071 0.986644778397 2000.0 0.986644778397
78.1812539219 -29.7897839465 0.979172026908 2800.0 0.979172026908
-4425.44121348 -72.0240505977 0.987476802528 1200.0 0.987476802528
3865.65495926 27.4840723211 0.988257177049 600.0 0.988257177049
2211.9282234 45.2076555145 0.98357118032 600.0 0.98357118032
-2818.19857849 30.5608164431 0.975964599704 600.0 0.975964599704
-1809.52118931 13.311067656 0.981343340681 2800.0 0.981343340681
-5731.31304291 38.0902074207 0.995584708287 800.0 0.995584708287
-4658.14860623 2.27793968209 0.993745400644 1800.0 0.993745400644
2403.61057937 -68.6095114975 0.992572362157 600.0 0.992572362157
-6239.42673674 27.0742932379 0.991151290267 600.0 0.991151290267
5393.70556199 -47.2996206839 0.981055209244 600.0 0.981055209244
-5356.55352878 -64.3605978133 0.998272279862 800.0 0.998272279862
8615.46257463 -22.4205685127 0.988210268265 600.0 0.988210268265
2508.9865352 -3.59634758092 0.965007767241 600.0 0.965007767241
226.747841612 24.4045291523 0.985866100217 2600.0 0.985866100217
-4574.40816832 20.0392807698 0.992834492416 2600.0 0.992834492416
-9217.82106007 -21.9377115519 0.999379751106 1200.0 0.999379751106
8224.3534169 69.8411687852 0.998144165201 1400.0 0.998144165201
-6992.94182351 -1.49245123303 0.991751847272 800.0 0.991751847272
-4868.81421346 42.0422718074 0.992977753197 600.0 0.992977753197
-3421.8548881 -77.8526580846 0.991553308235 1000.0 0.991553308235
1242.3127151 10.7579342236 0.981764871902 600.0 0.981764871902
-5377.22619417 -22.0177863857 0.994601590691 1800.0 0.994601590691
3580.86041711 -43.5329207991 0.96334138726 600.0 0.96334138726
1286.52420004 -9.99379520435 0.984863723785 600.0 0.984863723785
5319.52096756 -58.0544536295 0.971121876287 600.0 0.971121876287
3651.13627157 33.5068270366 0.988212109447 800.0 0.988212109447
-7045.0353826 39.5844937381 0.997695106542 1000.0 0.997695106542
1217.99676365 -4.1784849311 0.977764980292 600.0 0.977764980292
-6138.82098383 -68.6534580673 0.996529597398 1800.0 0.996529597398
-5658.77146099 71.1318132389 0.993448479819 600.0 0.993448479819
8864.97813732 -17.762677654 0.990018694933 600.0 0.990018694933
-5825.98819035 2.86359480165 0.994247351896 1800.0 0.994247351896
6113.7038499 79.7572133446 0.983831144089 600.0 0.983831144089
-4267.26370886 -18.05661515 0.99108856535 1800.0 0.99108856535
-1141.42103789 86.2925145111 0.987978220441 800.0 0.987978220441
3582.96914243 75.5018853992 0.989687587147 2400.0 0.989687587147
1840.86646602 75.7291898329 0.98803538099 2200.0 0.98803538099
5932.14855325 -73.3151214827 0.986393398366 600.0 0.986393398366
2258.93604246 -34.3978118911 0.961040885802 600.0 0.961040885802
-1370.39932352 28.8909302177 0.981030332477 2000.0 0.981030332477
-2275.9672757 71.5961690078 0.994749591129 600.0 0.994749591129
145.545852511 27.8885817302 0.973933930921 600.0 0.973933930921
5226.48835823 -26.1428272054 0.992399653652 1800.0 0.992399653652
5997.28481327 7.83757122196 0.974528109664 600.0 0.974528109664
1515.19337556 52.7789719232 0.966449876369 2200.0 0.966449876369
4843.89112221 36.3409380752 0.987697085347 2400.0 0.987697085347
6485.51686022 -39.5829109258 0.993364463671 800.0 0.993364463671
-1895.87542254 65.0537870055 0.969670672812 600.0 0.969670672812
488.971303454 -31.9502180105 0.969669806521 600.0 0.969669806521
5274.03067281 -27.9990143836 0.973824372804 600.0 0.973824372804
3773.05947287 -9.50718583063 0.979503672454 600.0 0.979503672454
5034.38122035 38.7929854369 0.983940952579 2000.0 0.983940952579
539.995645521 46.2456855359 0.972352684311 2400.0 0.972352684311
797.503336973 -56.7005202015 0.96734899612 600.0 0.96734899612
-9720.20972955 -6.49469139303 0.995284717575 800.0 0.995284717575
5506.92621938 46.2811024673 0.989420552011 2000.0 0.989420552011
6618.63697515 22.4106971061 0.984305308341 800.0 0.984305308341
6977.14299994 -42.4387262433 0.983925460769 600.0 0.983925460769
-5625.53980823 84.6173706934 0.995493083314 600.0 0.995493083314
-225.05712547 -58.7312217927 0.975060972809 600.0 0.975060972809
3433.87330317 -3.84677507653 0.978782729932 600.0 0.978782729932
3928.77733373 41.0569582698 0.995335664014 600.0 0.995335664014
2424.39047939 -70.4884583388 0.988480067014 600.0 0.988480067014
5056.54555872 -3.37449472517 0.964603324768 600.0 0.964603324768
-6101.95109326 67.912214851 0.998544239604 600.0 0.998544239604
-1021.70069233 -72.2852909854 0.991631529271 800.0 0.991631529271
6112.01226891 -3.70473986728 0.988250793342 600.0 0.988250793342
-593.334922187 -20.7288303672 0.983336354782 2800.0 0.983336354782
379.423498458 27.1291162354 0.986698458722 600.0 0.986698458722
-6096.57784054 18.3863834454 0.999161640042 1800.0 0.999161640042
4852.69774281 58.277733061 0.995335684814 1000.0 0.995335684814
-6893.96138977 71.2330097102 0.999340679919 4600.0 0.999340679919
3830.13989821 34.5904187311 0.980140258823 1800.0 0.980140258823
-6178.10491515 84.3177544091 0.990125082692 600.0 0.990125082692
-337.252062799 -31.6751267 0.978924831965 800.0 0.978924831965
4316.28542915 8.30763157109 0.981358937922 2000.0 0.981358937922
-5624.68529446 -30.3802978469 0.99606129698 2000.0 0.99606129698
-4401.9684792 47.3385622507 0.991238755748 1400.0 0.991238755748
841.452039647 58.1238542473 0.987483341132 2800.0 0.987483341132
3887.09686803 9.64181048808 0.990572049124 800.0 0.990572049124
5773.0577156 -57.4716350443 0.984372986659 600.0 0.984372986659
4321.71667981 80.9916948468 0.985702757439 2000.0 0.985702757439
-4069.98648686 -81.2114125649 0.994746261208 1600.0 0.994746261208
-8682.25119584 39.5218455347 0.988951690938 800.0 0.988951690938
-5405.6393868 -27.161887367 0.991654507245 1800.0 0.991654507245
-5718.21974863 30.1577416373 0.996849576403 1800.0 0.996849576403
-1604.69371443 32.8385559098 0.987668387907 600.0 0.987668387907
-4070.01256535 42.178658175 0.984913969262 600.0 0.984913969262
7115.92246243 55.8721386304 0.984821876101 600.0 0.984821876101
-2779.66409968 -32.78749712 0.987250651391 600.0 0.987250651391
-4543.73019066 -55.1752330677 0.99069231092 2000.0 0.99069231092
4602.81096656 0.99262364778 0.99395420137 600.0 0.99395420137
-4657.3540071 -44.9103207301 0.991637290708 600.0 0.991637290708
-946.818829747 27.0695477616 0.986769910592 600.0 0.986769910592
-6785.86690453 77.2513015485 0.998345675543 600.0 0.998345675543
-2191.29900238 72.8844422935 0.994190283867 800.0 0.994190283867
-5569.45057296 -47.929525946 0.992907770007 2000.0 0.992907770007
6828.05947381 42.6539988864 0.993461457176 600.0 0.993461457176
-2516.37190997 53.8541836413 0.991798515031 1200.0 0.991798515031
3909.16160348 -7.48076788512 0.973067326149 600.0 0.973067326149
3431.47750265 25.3616304123 0.974388431978 800.0 0.974388431978
-7680.49801474 -80.8030424832 0.998325198902 600.0 0.998325198902
-3481.40074969 32.5005126031 0.994172679086 1800.0 0.994172679086
-1662.04635829 33.2888534099 0.991757088775 1600.0 0.991757088775
-1525.41410193 48.1459126876 0.985076841486 800.0 0.985076841486
68.6644939156 32.9987049871 0.98219031292 800.0 0.98219031292
5649.09559564 26.416347484 0.978738023977 600.0 0.978738023977
3474.81952341 -15.5366307316 0.95566865012 600.0 0.95566865012
2283.62709731 -72.2152543574 0.965250568114 600.0 0.965250568114
-787.625309681 -8.75509523913 0.982772938472 2600.0 0.982772938472
3609.53006204 46.9503677789 0.991580330741 2200.0 0.991580330741
272.902041232 73.2192579983 0.980496025296 600.0 0.980496025296
-6912.5649823 -80.9213551423 0.995245022666 800.0 0.995245022666
-745.748583736 33.0934617818 0.977015654607 800.0 0.977015654607
4753.86508805 -15.7984034077 0.967763640715 600.0 0.967763640715
-5434.99676655 -20.6090504402 0.994224295774 1800.0 0.994224295774
6045.70894439 33.0762001414 0.988441959409 800.0 0.988441959409
2887.75411215 21.6797146893 0.980477235048 2400.0 0.980477235048
6198.98373181 -14.3421498475 0.971230264258 600.0 0.971230264258
-3707.49072934 -79.8581084473 0.986447260236 1000.0 0.986447260236
-6063.07488643 -59.1252958552 0.994836505014 1400.0 0.994836505014
-6337.9478769 -51.3246898437 0.984863066141 2200.0 0.984863066141
-159.868228983 -19.6791132521 0.983218332222 600.0 0.983218332222
-621.297280688 -26.1144829547 0.973719069995 600.0 0.973719069995
6258.25820913 -6.16831797434 0.979040953825 600.0 0.979040953825
-5554.91692959 -30.1734649873 0.990843169696 2400.0 0.990843169696
-5853.81550408 10.3235535877 0.994332395095 600.0 0.994332395095
-4593.13444026 -56.7675836671 0.995555525717 1600.0 0.995555525717
5030.94572035 -71.2771174266 0.990377116108 600.0 0.990377116108
1775.91410122 -32.6974205229 0.957459687902 600.0 0.957459687902
-7255.75382256 22.1169273899 0.989498665131 600.0 0.989498665131
-3715.9338097 -68.5659172794 0.99077657714 1200.0 0.99077657714
4848.8380103 21.3620345429 0.977378672172 600.0 0.977378672172
-2191.79491192 31.2500474965 0.982867902098 1800.0 0.982867902098
-6732.67355925 1.13312908489 0.990857304111 2000.0 0.990857304111
-169.502494077 -33.3318435912 0.971771409285 2600.0 0.971771409285
2055.27190607 59.3841734831 0.980049007867 600.0 0.980049007867
-4890.81741472 78.959318295 0.992372187282 600.0 0.992372187282
5859.44840393 82.1914474587 0.989407382694 1600.0 0.989407382694
3260.96959972 60.7303977087 0.977533448482 800.0 0.977533448482
-1177.10598342 12.0441365842 0.983788941453 2600.0 0.983788941453
4745.17443674 42.6220179881 0.988702652961 600.0 0.988702652961
-8216.68043213 42.1639071175 0.991650024948 800.0 0.991650024948
5572.61879901 -6.56218652963 0.989260239719 600.0 0.989260239719
6264.2304444 44.2024169963 0.996591810346 2400.0 0.996591810346
2380.91902523 27.7569833659 0.977267533061 2600.0 0.977267533061
459.615784505 63.4627808259 0.981627672587 800.0 0.981627672587
-214.292925677 71.0911974576 0.983755178122 800.0 0.983755178122
-3943.98981669 -42.373542945 0.994818092245 2400.0 0.994818092245
6086.13233804 -45.0274511532 0.961477959801 600.0 0.961477959801
-7148.52229741 68.7547532035 0.995722992925 1800.0 0.995722992925
2564.35591522 -23.5312345855 0.980294706297 600.0 0.980294706297
4643.77823368 39.4898994973 0.991921920462 600.0 0.991921920462
2359.67634225 34.4447420591 0.986488714042 2800.0 0.986488714042
-3880.8066816 5.73237804727 0.98271020351 600.0 0.98271020351
326.465440229 -21.8153003603 0.976498786579 800.0 0.976498786579
-1816.29611854 -21.4427206152 0.987645615463 2800.0 0.987645615463
-7132.16786359 80.9828219367 0.998629418755 1600.0 0.998629418755
1844.21847576 -82.5201617357 0.990561632639 1800.0 0.990561632639
-9337.73245373 -77.087738339 0.999278509355 1200.0 0.999278509355
8415.87299109 10.3884797031 0.993080662627 600.0 0.993080662627
5708.13560041 -46.2339457652 0.991349785512 600.0 0.991349785512
5369.44523582 38.0080190351 0.99536424323 600.0 0.99536424323
-6341.64029575 -63.1642490927 0.996758667448 6000.0 0.996758667448
6685.73911395 74.5598970926 0.984205484815 600.0 0.984205484815
-3815.7626031 -34.3849796723 0.983403253808 2600.0 0.983403253808
-1850.02074861 -78.8106110731 0.984047788651 1800.0 0.984047788651
2028.65111033 -27.5532905005 0.941350344603 600.0 0.941350344603
6292.28883307 -50.775600853 0.979822031629 2200.0 0.979822031629
8753.65968221 53.4715122031 0.999287368849 1000.0 0.999287368849
4961.57579383 -52.0100545845 0.975518954404 600.0 0.975518954404
-253.329642969 -74.469626939 0.96265308581 1000.0 0.96265308581
-6135.10107079 -13.8342579898 0.992961021845 2400.0 0.992961021845
6945.06460621 37.5604269366 0.989458052752 2600.0 0.989458052752
4070.02653576 40.8380660672 0.992933312292 600.0 0.992933312292
1769.53006399 -75.0856049722 0.97345401345 600.0 0.97345401345
-4711.59172337 63.6404059594 0.987716267305 800.0 0.987716267305
2566.16760365 28.3546570904 0.977494096902 800.0 0.977494096902
5986.87200978 10.0513613919 0.994806244058 600.0 0.994806244058
640.086025199 -23.5737049895 0.980258121801 2600.0 0.980258121801
1171.52889447 -43.5259099729 0.972050869779 2400.0 0.972050869779
-2637.47697953 -3.92259233243 0.984242362097 2800.0 0.984242362097
-4155.95793753 -28.9374086958 0.993522616602 600.0 0.993522616602
929.86734246 71.7294969185 0.986582832528 1600.0 0.986582832528
1933.25823686 -9.09799569076 0.969223993695 2800.0 0.969223993695
-5361.45793404 44.9887052975 0.995085494454 600.0 0.995085494454
2090.05294749 -46.6812615552 0.978671902046 2400.0 0.978671902046
-5017.42138339 -22.1230503984 0.993960818529 2800.0 0.993960818529
-2937.02699753 13.7852110747 0.980607658043 3000.0 0.980607658043
1251.90733422 -31.8387384227 0.970195411635 800.0 0.970195411635
791.192146961 50.3335265288 0.975712148674 800.0 0.975712148674
7082.06954276 54.3299714671 0.992902702162 600.0 0.992902702162
-6924.12358495 -44.3605552625 0.987835075468 600.0 0.987835075468
-182.338443998 49.1653448217 0.979516437033 600.0 0.979516437033
-6179.79529256 5.03714703286 0.993621687567 800.0 0.993621687567
-833.508788972 58.3369292817 0.987036841983 2200.0 0.987036841983
7601.50835117 33.086718748 0.997677165752 5000.0 0.997677165752
2171.91166339 -45.4702819116 0.972297174189 2600.0 0.972297174189
5083.28299034 87.944283131 0.988255838733 600.0 0.988255838733
-1919.36218497 49.2204633726 0.982498107614 2600.0 0.982498107614
5740.36165484 28.0826370552 0.989701356291 600.0 0.989701356291
-6957.15889315 -18.4263803276 0.99733403298 2800.0 0.99733403298
5608.29536301 -62.2719541314 0.985917910608 600.0 0.985917910608
1958.38897032 -2.65173452634 0.98276690512 800.0 0.98276690512
4333.42813956 -0.823806395507 0.964705100467 600.0 0.964705100467
-2829.1544251 -16.1449894928 0.978806310811 600.0 0.978806310811
948.296133595 -20.0048513507 0.982967912831 2600.0 0.982967912831
6981.71077792 -45.7275083821 0.985254841063 600.0 0.985254841063
-1309.29249291 84.8014127273 0.982067886457 600.0 0.982067886457
699.072862725 -1.1028819169 0.967941180126 600.0 0.967941180126
-2920.12894146 -6.935204205 0.981656873249 3000.0 0.981656873249
5576.9734922 -6.41708539842 0.984468849141 600.0 0.984468849141
6911.28595221 55.986764029 0.988981614837 1800.0 0.988981614837
-6370.10113931 -49.8638789562 0.997231318875 1000.0 0.997231318875
-8303.69008676 -37.394359962 0.995129739262 1600.0 0.995129739262
6239.02922156 -60.5919485088 0.989551854669 600.0 0.989551854669
3463.66031657 -49.288849612 0.981421897399 600.0 0.981421897399
7035.46680166 -41.6476680434 0.990169718861 2400.0 0.990169718861
1867.75478952 36.2283962712 0.979777333048 1800.0 0.979777333048
-1962.90591774 -27.4533624383 0.981431446967 2800.0 0.981431446967
1242.26931713 26.6384001474 0.983386010743 2600.0 0.983386010743
-6329.91953346 2.04483148487 0.996765961216 2400.0 0.996765961216
5227.34938458 -41.701370547 0.985125196936 600.0 0.985125196936
892.823091447 -5.64157616653 0.972335587761 2600.0 0.972335587761
1173.37317602 -11.0865077722 0.982084145284 2600.0 0.982084145284
5831.06310462 11.5857667428 0.992132140925 600.0 0.992132140925
-1132.94556955 -57.5260270528 0.982225540193 800.0 0.982225540193
-6820.2118082 -1.77647604162 0.991698942277 2600.0 0.991698942277
596.45467204 -80.8554899585 0.982404947265 1000.0 0.982404947265
-5970.43737635 -29.8345516145 0.987643316028 600.0 0.987643316028
9136.53604122 -39.2161799277 0.982387006559 2400.0 0.982387006559
-4119.14015349 -21.1909981693 0.989146726163 600.0 0.989146726163
6405.12053294 -50.5290154476 0.988728451304 600.0 0.988728451304
-387.710667004 -53.786664342 0.969603047644 600.0 0.969603047644
-6553.68389313 -69.1171870282 0.996268906049 1800.0 0.996268906049
4863.46231165 -4.92943489137 0.978414309033 600.0 0.978414309033
-4667.51080917 28.1713849033 0.995586510048 1600.0 0.995586510048
-1500.53266259 -20.4947606108 0.985098446414 2600.0 0.985098446414
-2300.90746169 -57.4588305777 0.990838002971 800.0 0.990838002971
-7195.59314712 -19.9834480493 0.997376666487 1400.0 0.997376666487
1899.33132861 20.5567684853 0.974264979547 2600.0 0.974264979547
-4817.26336718 58.8135821903 0.995873380306 800.0 0.995873380306
-7122.96032293 -38.2533993595 0.994434111531 1600.0 0.994434111531
1933.69409958 -3.04345642414 0.985350975705 600.0 0.985350975705
-3131.49907133 -16.1943256046 0.97682212357 600.0 0.97682212357
7006.1082141 23.3852688307 0.978471609489 600.0 0.978471609489
4812.29020155 65.0428344156 0.987384407975 1000.0 0.987384407975
5353.21728959 -49.5923015127 0.977032713105 600.0 0.977032713105
-6183.43835421 58.3543521177 0.993261212315 800.0 0.993261212315
-3880.36407434 -19.5819955369 0.985994432517 1800.0 0.985994432517
171.19987779 -56.2506962978 0.980641350033 600.0 0.980641350033
3936.5270457 -22.5757250562 0.991046993146 1800.0 0.991046993146
2313.99356749 9.07604498716 0.976058739341 2600.0 0.976058739341
3688.13641721 -6.24718186027 0.990823064623 3000.0 0.990823064623
6089.58537526 86.8078305328 0.97574129212 800.0 0.97574129212
538.273645261 13.1835985987 0.969798560193 2600.0 0.969798560193
-2045.27783984 9.48286004006 0.985327175346 800.0 0.985327175346
-4471.88953345 73.8194540826 0.994028646349 800.0 0.994028646349
-3260.60555129 -47.4383957036 0.984919945011 1800.0 0.984919945011
-6167.79883639 -30.8118436156 0.996126020539 1600.0 0.996126020539
-1758.78039759 38.86941047 0.992470555619 2800.0 0.992470555619
5765.50282597 17.8103385985 0.996578161296 600.0 0.996578161296
-87.840765493 -27.3342595519 0.985312473712 600.0 0.985312473712
2958.69429634 6.87308838518 0.986935385418 600.0 0.986935385418
4045.81373248 -27.222228546 0.973520682021 600.0 0.973520682021
5115.26407007 -40.3382998251 0.984824397238 600.0 0.984824397238
1012.15531975 -26.8080290703 0.9669303816 2800.0 0.9669303816
-89.0177698745 -18.9449528708 0.980174949193 600.0 0.980174949193
-3279.38460437 7.44681991191 0.984773299106 600.0 0.984773299106
-5382.20243377 -2.62227921117 0.991788692487 2600.0 0.991788692487
3817.15214707 14.7157654945 0.977196728927 600.0 0.977196728927
-5578.00143574 -82.6988313023 0.994855160854 600.0 0.994855160854
-5893.76022168 -35.5588470009 0.995958005855 1600.0 0.995958005855
-1750.73536588 58.7702444212 0.983294664806 2000.0 0.983294664806
-1785.15728015 38.9189429461 0.980275107904 1800.0 0.980275107904
1063.19361448 38.1938549103 0.973989862402 800.0 0.973989862402
460.880872217 10.6573249313 0.973321148009 2600.0 0.973321148009
4505.87159422 -4.61370814315 0.975305611226 600.0 0.975305611226
1516.26149549 -44.8004377591 0.976765166956 2600.0 0.976765166956
-609.28883522 -6.4530907716 0.983786315103 600.0 0.983786315103
-6198.43345026 9.047229029 0.997850126643 1800.0 0.997850126643
-2818.29104068 -18.570442902 0.985994810012 600.0 0.985994810012
-549.629686586 -10.4167942732 0.978833784952 2600.0 0.978833784952
-4429.87961467 67.2950498016 0.990968399519 600.0 0.990968399519
6758.10088857 -66.4887135864 0.986557560972 600.0 0.986557560972
4917.00828568 -41.4948707485 0.988825639102 600.0 0.988825639102
-1049.82691905 -15.5446728185 0.979698783597 600.0 0.979698783597
-6950.26214679 -64.6655663627 0.99490478634 600.0 0.99490478634
5556.25243699 -84.9280612828 0.995486569381 2600.0 0.995486569381
-268.832271509 36.8065890158 0.976338026706 1800.0 0.976338026706
-3033.24857661 -4.84606043713 0.992583651339 3000.0 0.992583651339
-15.6267465431 19.7747209053 0.979326053924 800.0 0.979326053924
-5296.47529427 -7.37345686113 0.989736528575 2600.0 0.989736528575
-640.535657863 20.590327726 0.978815756386 2600.0 0.978815756386
-402.510611986 -3.5057986882 0.983813146043 2600.0 0.983813146043
-7698.80857495 82.9890804086 0.99814891849 600.0 0.99814891849
-6693.72370519 -27.1276516076 0.988035234279 2600.0 0.988035234279
-1914.81753594 -19.2571112426 0.980340811069 2400.0 0.980340811069
-5534.55667073 -13.9548428661 0.995361570028 2600.0 0.995361570028
1802.38205316 -4.55383520256 0.966454123364 600.0 0.966454123364
-7463.77366113 34.2664396277 0.997779421762 600.0 0.997779421762
-4728.49077745 -20.8146454584 0.987774732369 1800.0 0.987774732369
-1740.71734229 -61.9069470001 0.982125717505 2000.0 0.982125717505
4168.47585735 -70.8181968968 0.979901344838 600.0 0.979901344838
256.55564817 -61.4532887185 0.963608783735 600.0 0.963608783735
-408.623440236 10.470771403 0.987342949313 2800.0 0.987342949313
-2843.57633591 -13.6666704913 0.969290919827 600.0 0.969290919827
-1076.58756202 73.8498145316 0.989981665527 2600.0 0.989981665527
-6330.7767954 -33.285985627 0.989236745222 1800.0 0.989236745222
-2277.77250198 -21.5528724284 0.98358499963 2600.0 0.98358499963
204.080268283 21.9472931934 0.986513313598 2600.0 0.986513313598
4562.77589208 -42.8668026087 0.982001833033 1800.0 0.982001833033
-5393.98258055 -31.9915482866 0.992202987761 1600.0 0.992202987761
-787.284479526 17.3875112526 0.976339333012 2600.0 0.976339333012
-394.961178033 25.566864353 0.975836732939 2800.0 0.975836732939
6934.45221882 36.1516284385 0.98755523127 800.0 0.98755523127
3831.81089408 40.9121737687 0.986424387972 600.0 0.986424387972
-5463.20669784 85.5261273638 0.994159408235 3000.0 0.994159408235
-9562.46511248 -39.0875991123 1.00106414149 1800.0 1.00106414149
-6660.72535358 -15.7550042746 0.992438665509 2400.0 0.992438665509
7643.14369274 54.1343855211 0.994471050193 2200.0 0.994471050193
-4355.99659946 31.3950564112 0.985143847802 800.0 0.985143847802
4572.0831877 49.1208500079 0.994906850952 800.0 0.994906850952
7004.91166145 -67.8835569894 0.9860412768 1000.0 0.9860412768
1052.06804374 -8.8450557933 0.975017855561 2600.0 0.975017855561
-666.170707639 58.5714535534 0.988690185613 800.0 0.988690185613
6232.68376343 8.66479844848 0.983638109119 600.0 0.983638109119
1591.60808357 45.8681670219 0.983464208742 2800.0 0.983464208742
-2216.92763032 -6.86651884322 0.97077643847 600.0 0.97077643847
386.445677877 2.4800389215 0.979804856582 2800.0 0.979804856582
-2044.52812959 86.4506865644 0.984895194153 600.0 0.984895194153
4664.06432717 66.4390917971 0.989937998768 800.0 0.989937998768
-7667.59827362 1.43639599511 0.992608283787 600.0 0.992608283787
-2522.19947173 -38.372546735 0.984387837371 800.0 0.984387837371
2070.72598604 -73.7244349142 0.9910533399 800.0 0.9910533399
770.456527501 49.3254936889 0.993404894624 800.0 0.993404894624
7134.96322441 -45.3474401029 0.991932994995 800.0 0.991932994995
6109.76681034 52.2904941297 0.984233695548 800.0 0.984233695548
-3225.07023253 -2.12598692648 0.98511617574 600.0 0.98511617574
-6438.99426319 -5.01209320026 0.997772648276 1800.0 0.997772648276
-1804.6225628 15.3116990479 0.97940445193 2800.0 0.97940445193
4425.96306112 -23.4926029712 0.982162336339 600.0 0.982162336339
-429.274326715 -65.0430515786 0.975519236654 600.0 0.975519236654
293.618797371 -11.826820171 0.976858767344 600.0 0.976858767344
-876.713945901 48.5206529716 0.987115949812 2600.0 0.987115949812
4327.87026096 23.216278775 0.990195946168 600.0 0.990195946168
-7091.19859597 12.1540460362 0.992704967491 800.0 0.992704967491
-2969.47353871 5.49010102584 0.987347916441 2200.0 0.987347916441
2958.51028096 13.9627255132 0.976177522457 2600.0 0.976177522457
-2587.81949812 2.91027734525 0.985501102732 2800.0 0.985501102732
-6328.00194375 -13.6350380538 0.996577732834 3200.0 0.996577732834
-3049.9843389 26.1613452759 0.974620437453 1800.0 0.974620437453
7696.79037302 23.5186155313 0.98995894669 2400.0 0.98995894669
5005.53969472 59.1172586125 0.97942588846 600.0 0.97942588846
6922.58135181 -55.4058436654 0.994294593298 1200.0 0.994294593298
-4802.54662594 -15.2184050138 0.993392644437 2600.0 0.993392644437
-7425.87224679 -42.638010958 0.998707299765 2000.0 0.998707299765
-4350.21797659 15.3098178532 0.98463829299 3000.0 0.98463829299
-6732.27093469 84.4278955566 0.997750441123 600.0 0.997750441123
-230.493364454 -71.1252411654 0.96116879622 800.0 0.96116879622
-5296.72836094 -82.9946144068 0.997602390482 1000.0 0.997602390482
-5843.11069652 -15.3647078775 0.996117179479 1600.0 0.996117179479
-5044.61916687 67.4465230744 0.987180048441 1000.0 0.987180048441
944.754363318 -56.1297326451 0.956379887346 2400.0 0.956379887346
-5471.53783011 -59.8970729503 0.994504513326 1600.0 0.994504513326
7058.80509005 62.7589173695 0.981622528653 600.0 0.981622528653
4809.99054737 38.0612956393 0.978023511102 800.0 0.978023511102
1493.65756284 -28.3977804606 0.982521665021 800.0 0.982521665021
-847.580326405 16.7272394605 0.983805168682 2400.0 0.983805168682
5555.33326443 7.60518406235 0.992811008635 600.0 0.992811008635
5564.48684898 40.3632260101 0.987449428664 2000.0 0.987449428664
7127.80355816 -10.3055584626 0.984288353409 600.0 0.984288353409
-8148.43059822 53.5702089395 0.998849893072 1200.0 0.998849893072
5218.23900202 -12.7757652358 0.986174696413 2400.0 0.986174696413
2710.26957947 -48.1035547442 0.988992766938 800.0 0.988992766938
-2361.84305436 77.9857463316 0.998438429776 2400.0 0.998438429776
3652.41801484 18.5856380183 0.970458063459 800.0 0.970458063459
3730.61522763 -5.25166469771 0.959831969785 600.0 0.959831969785
-5340.2770838 67.7928353801 0.996990172393 2600.0 0.996990172393
1078.62866904 -31.4221234385 0.979801261613 600.0 0.979801261613
-5613.50957849 13.7790277376 0.990345827198 800.0 0.990345827198
884.837815329 77.5913484887 0.989583931201 600.0 0.989583931201
7310.39851909 -16.8314076633 0.996204555067 600.0 0.996204555067
1468.90988626 -18.431128555 0.979279148297 600.0 0.979279148297
-6170.04860375 -65.1965843453 0.992036141053 600.0 0.992036141053
3102.81348326 70.3530813377 0.992320753863 1000.0 0.992320753863
-6216.87863054 80.757261034 0.99803597791 600.0 0.99803597791
5530.80651102 -24.0000854533 0.987378964915 600.0 0.987378964915
-4825.95302724 -43.5808795674 0.9888081598 600.0 0.9888081598
1602.70995112 -54.243253988 0.973745184361 600.0 0.973745184361
-5884.95979387 -42.0884458768 0.993245062225 600.0 0.993245062225
5156.12581268 -74.954377423 0.988377933722 7600.0 0.988377933722
157.489012993 -59.3019154362 0.97763099002 600.0 0.97763099002
-5770.32590023 -75.6397575799 0.997111519733 800.0 0.997111519733
2110.66702028 -59.0038050312 0.958718892849 2400.0 0.958718892849
3720.60316839 -84.1143724341 0.98807926637 600.0 0.98807926637
6100.37473781 26.2849405592 0.988208944475 600.0 0.988208944475
3106.23914648 -26.8119572202 0.96009305739 600.0 0.96009305739
-4307.58281081 61.8580025337 0.996104599775 1000.0 0.996104599775
4406.45716488 5.96374399277 0.96939131755 600.0 0.96939131755
5384.92353921 49.1866345101 0.982062743497 600.0 0.982062743497
6235.73381087 -35.1051126536 0.978072840445 2400.0 0.978072840445
5710.56595336 38.6984979415 0.988557284706 600.0 0.988557284706
-219.366437479 -49.3703689148 0.982321144432 2600.0 0.982321144432
3693.67977905 25.4129453567 0.978797064391 1800.0 0.978797064391
6935.86515315 -83.2098997916 0.994852126027 1400.0 0.994852126027
167.807356755 48.5502101795 0.983062424474 600.0 0.983062424474
4088.59448038 41.5445149392 0.980647484237 1800.0 0.980647484237
-3838.09517204 -18.7128326982 0.985628567032 2800.0 0.985628567032
-4556.13913141 -83.1229195841 0.993876986077 1600.0 0.993876986077
-6543.27645701 55.3022625212 0.995779192412 600.0 0.995779192412
2438.9490357 56.3935970396 0.982965409471 600.0 0.982965409471
2653.36556992 -26.203950726 0.975646157034 600.0 0.975646157034
-3332.22050654 61.4123161514 0.992671316528 800.0 0.992671316528
-7113.62793924 51.5245868606 0.996074177465 1600.0 0.996074177465
-4004.28047648 -48.9816048292 0.992307164546 600.0 0.992307164546
4976.99844731 -17.2571439854 0.989845840052 800.0 0.989845840052
-1201.08536692 51.8660852355 0.96617243507 800.0 0.96617243507
-2231.46781703 15.4245518953 0.990743269213 800.0 0.990743269213
106.160726631 -46.2885963396 0.978730465475 2600.0 0.978730465475
-5980.2863016 53.8628743718 0.991206739329 800.0 0.991206739329
1845.24048847 6.68086940002 0.979925424147 1800.0 0.979925424147
-1097.2917335 -18.6941076453 0.97855557692 2600.0 0.97855557692
-5480.0517602 -52.1995208345 0.985915839352 600.0 0.985915839352
-6721.37724238 25.1944354251 0.999026435574 2200.0 0.999026435574
5525.90182307 24.6297657376 0.98883804505 800.0 0.98883804505
-2278.08418858 21.5201983892 0.990030278449 800.0 0.990030278449
-3098.0170425 -35.0602082147 0.985031956914 2800.0 0.985031956914
-2993.83777343 -3.59092650563 0.977581469202 600.0 0.977581469202
4101.44603143 10.8762463429 0.974996243624 600.0 0.974996243624
-3661.44972287 83.6017941091 0.983008112193 600.0 0.983008112193
-893.646786655 -58.6373816753 0.947485479213 600.0 0.947485479213
4619.94763231 61.8496304588 0.993868055746 1000.0 0.993868055746
875.410239441 41.5380861623 0.960538922142 1800.0 0.960538922142
3933.55665669 32.0512962759 0.986941273853 800.0 0.986941273853
-5842.79075056 -65.0517757732 0.999467674833 1400.0 0.999467674833
4835.31969755 29.3044717117 0.977360330302 2000.0 0.977360330302
3404.42192633 -5.67004094907 0.971565740141 600.0 0.971565740141
-4686.80122273 14.3119515523 0.98196225225 2600.0 0.98196225225
2989.29706889 -76.886939554 0.988824065136 600.0 0.988824065136
1063.44745131 -57.6701221646 0.987617561277 1800.0 0.987617561277
96.4303442589 -45.988436297 0.985033396215 2600.0 0.985033396215
-6295.17143394 -42.1734133457 0.99887322901 600.0 0.99887322901
-7183.22161288 -9.1443728467 0.993196171327 2600.0 0.993196171327
6510.95908255 36.3246279313 0.991628450739 800.0 0.991628450739
-4770.95419353 -82.2629772195 0.994188097317 1000.0 0.994188097317
4933.91025883 68.3539951748 0.998085219277 800.0 0.998085219277
1460.45935256 -74.9458344293 0.988389087738 2800.0 0.988389087738
5305.43828415 48.4070187333 0.997256024626 3200.0 0.997256024626
125.77793297 -5.56110477757 0.980413948458 600.0 0.980413948458
4754.09844605 27.3899787421 0.986992696552 600.0 0.986992696552
-3828.74460705 -61.0462731429 0.988264181688 600.0 0.988264181688
-5651.32691118 15.9562839175 0.995580773145 800.0 0.995580773145
-2728.85871741 -37.8643029318 0.972515154308 600.0 0.972515154308
-1457.61149522 -55.8038160864 0.98015081958 600.0 0.98015081958
6699.28717271 30.2717400666 0.989405255019 600.0 0.989405255019
-5566.71253323 12.0258863391 0.993518446218 600.0 0.993518446218
-3415.45301549 21.4334852856 0.982937581707 2600.0 0.982937581707
7946.31607025 -24.606159182 0.979226868207 600.0 0.979226868207
6411.91765073 -27.4394618647 0.995230399069 600.0 0.995230399069
-424.706094559 12.5138071835 0.972131409141 2600.0 0.972131409141
-1233.60572242 18.6650518076 0.976779065955 600.0 0.976779065955
-4139.25855938 -3.81775366207 0.981012898903 600.0 0.981012898903
4087.07312155 64.5396838494 0.985722858097 600.0 0.985722858097
-7256.7150533 -72.9868051243 0.99572629842 800.0 0.99572629842
-3676.77377084 38.8182904353 0.989441882078 2400.0 0.989441882078
-1878.41535779 -47.8946342111 0.97990635477 600.0 0.97990635477
2242.342519 -61.1048525924 0.993712833486 1600.0 0.993712833486
-4451.42859 75.0645905558 0.995804842535 1400.0 0.995804842535
-5651.78168134 54.1294098938 0.998298119897 1000.0 0.998298119897
4498.51608619 31.3989472906 0.989503624089 3000.0 0.989503624089
-7406.21785982 10.0169973018 0.997962338085 2200.0 0.997962338085
-2238.7328281 -34.2717043358 0.983721196247 2400.0 0.983721196247
2968.08701773 66.5075218931 0.982883459306 600.0 0.982883459306
-8409.29451025 29.8353874922 0.999672514418 1000.0 0.999672514418
-5972.748594 -10.6827432953 0.989408656478 600.0 0.989408656478
7388.03248632 27.2479418843 0.972972193391 600.0 0.972972193391
349.94772608 -8.93316135137 0.980136692313 800.0 0.980136692313
2190.05491538 -42.3925065746 0.956351047452 600.0 0.956351047452
6348.5778292 40.2747716313 0.991588116009 600.0 0.991588116009
5212.75799524 -47.6356968415 0.98727466317 600.0 0.98727466317
-5012.99170998 -21.6256663484 0.997520406061 2600.0 0.997520406061
4374.07494534 -25.1633756946 0.970843280235 600.0 0.970843280235
-6384.81427932 17.4326368092 0.992468222665 800.0 0.992468222665
-4280.2237045 66.0180283558 0.994008964213 600.0 0.994008964213
6469.65188718 -34.1972061446 0.960583162654 600.0 0.960583162654
4747.75415799 -71.0893898091 0.994738696409 1200.0 0.994738696409
-8133.85528101 -85.4197338486 0.99936599133 2200.0 0.99936599133
-2512.9992502 19.4617747791 0.982536189563 600.0 0.982536189563
-4456.21805039 -22.6424021047 0.98652880224 2800.0 0.98652880224
6484.79267287 -62.7277257102 0.988320678258 600.0 0.988320678258
-4692.4561729 -73.2408096325 0.994419066615 1800.0 0.994419066615
2836.87229678 -38.27920689 0.975276498724 1800.0 0.975276498724
523.118720927 56.0944822115 0.978133283989 800.0 0.978133283989
-3565.41472383 69.1014481203 0.993005615063 2200.0 0.993005615063
-3601.81076815 10.8048612739 0.986501431176 600.0 0.986501431176
1892.11413475 6.61926414973 0.984970383933 600.0 0.984970383933
-5407.1858416 -60.7952853792 0.995936531935 1800.0 0.995936531935
-3088.99525872 -18.699599761 0.977202136127 600.0 0.977202136127
-1229.12863985 -20.4881997051 0.970486669399 600.0 0.970486669399
-2031.59035826 57.0681850952 0.985530712549 800.0 0.985530712549
-2234.61976058 46.7289349615 0.984868951363 800.0 0.984868951363
3193.01918412 -36.6953285279 0.962348465474 600.0 0.962348465474
2196.2581537 23.7015660012 0.971122868083 600.0 0.971122868083
6984.8217598 43.7942779662 0.991598444088 600.0 0.991598444088
-6461.26812487 -8.69771019711 0.996087329477 1600.0 0.996087329477
1762.45722503 -58.5675441436 0.967443583925 600.0 0.967443583925
5488.98543626 30.0613579112 0.989632435724 800.0 0.989632435724
1648.11460498 -36.7308331261 0.980831844724 600.0 0.980831844724
-1109.23035363 -50.6632789721 0.964069590446 600.0 0.964069590446
-6627.46890282 39.4765933365 0.99869936207 2800.0 0.99869936207
8601.44659161 43.0080858127 0.9977591135 1800.0 0.9977591135
1421.52594653 11.4278102586 0.98365836946 600.0 0.98365836946
-4796.67432021 -72.0617996478 0.988330618257 600.0 0.988330618257
-2.01112696781 -7.54672722132 0.976764868786 2800.0 0.976764868786
-1503.52992357 -62.8973850635 0.98245516428 800.0 0.98245516428
4478.56453263 53.7600693003 0.995383885038 7600.0 0.995383885038
2319.5629555 52.0442851943 0.981877539298 800.0 0.981877539298
2425.55438771 82.0608185445 0.995953428267 1200.0 0.995953428267
1008.58126262 20.7215206691 0.983254226598 600.0 0.983254226598
-3221.49458421 -14.3681175119 0.984336129741 2800.0 0.984336129741
-2688.18976811 -30.6044404037 0.971055820926 2400.0 0.971055820926
419.41697467 7.02473868299 0.982189241453 2600.0 0.982189241453
-5439.02377033 -10.1631150796 0.996739962005 800.0 0.996739962005
-6780.86961309 2.30927186315 0.996711752252 2600.0 0.996711752252
-5260.20452718 4.45929214885 0.990254010929 600.0 0.990254010929
-3108.10106601 -20.1728582007 0.985211759897 2600.0 0.985211759897
-3820.18341842 51.8166732073 0.993387737479 1800.0 0.993387737479
-1604.28250475 12.297076135 0.976198825034 2600.0 0.976198825034
-2520.88338526 77.1552720308 0.982761007093 800.0 0.982761007093
3105.52018196 -18.9712872125 0.978018682577 600.0 0.978018682577
-2574.82664515 -58.6092971245 0.989030792319 1400.0 0.989030792319
4096.22999912 52.630044689 0.995258431617 600.0 0.995258431617
-5402.03135817 23.8759224966 0.997720842076 3400.0 0.997720842076
5816.09515944 42.612363043 0.979601461435 2400.0 0.979601461435
-5666.93040758 -7.94338068883 0.993122256461 3200.0 0.993122256461
4104.94020226 -10.1299570798 0.97370559996 600.0 0.97370559996
-2763.13507902 -29.4746576409 0.982182652795 2800.0 0.982182652795
3145.61226585 -52.9178161123 0.969095927152 600.0 0.969095927152
-2786.89775496 25.4996137382 0.988750028543 2800.0 0.988750028543
-1035.1867705 -43.4628849062 0.958195014079 600.0 0.958195014079
-6074.1926752 -9.41002461079 0.991085525591 600.0 0.991085525591
-5062.23438487 -18.4641685568 0.974689974836 600.0 0.974689974836
-4252.12356827 -37.8958520073 0.995477416533 600.0 0.995477416533
-4050.03228396 16.0500500662 0.99151241615 2000.0 0.99151241615
-5172.21237565 -57.08625598 0.991743892146 600.0 0.991743892146
4255.88269946 65.209897363 0.985337179518 1000.0 0.985337179518
546.957115936 24.284252734 0.975272292387 2600.0 0.975272292387
6918.419134 -15.5989496078 0.985298729265 600.0 0.985298729265
-2911.35311159 25.558874618 0.99278681588 3000.0 0.99278681588
2116.65820497 54.2284304628 0.973972392721 600.0 0.973972392721
2683.56897432 60.1383052835 0.987235610149 1000.0 0.987235610149
5563.24427054 42.2557444452 0.966911277702 600.0 0.966911277702
-6943.12206024 38.3282704369 0.997443227958 800.0 0.997443227958
-6763.04527126 -38.6709040046 0.998505980896 800.0 0.998505980896
-3176.94323936 -18.8474072772 0.984290582489 2800.0 0.984290582489
3060.18843543 -54.0607231458 0.964685323254 600.0 0.964685323254
6570.10538782 -22.0748770002 0.972173930515 600.0 0.972173930515
6854.97460246 -15.6814955106 0.980685965479 1600.0 0.980685965479
-5624.49942265 -83.3385138345 0.995129225378 1200.0 0.995129225378
-2343.80821415 47.9626011529 0.99179849295 2200.0 0.99179849295
4480.02034544 45.2924541346 0.979971701096 800.0 0.979971701096
-1061.00204884 -34.7819787146 0.95826684519 2600.0 0.95826684519
2025.94685849 13.3313992883 0.983779585776 600.0 0.983779585776
-6830.50728402 56.9392328785 0.996241594717 2600.0 0.996241594717
-3658.47572558 -35.5214579524 0.988837318206 2600.0 0.988837318206
-3536.35658306 -21.8352963726 0.984972682645 600.0 0.984972682645
615.977925774 -17.0881903725 0.975085254017 600.0 0.975085254017
-2438.92024495 -53.8123981143 0.978516720958 600.0 0.978516720958
2740.68855623 23.7505381591 0.988398851958 800.0 0.988398851958
-6142.54044609 -78.805489645 0.998545498381 1000.0 0.998545498381
1188.35048151 -66.3675339657 0.984394205274 600.0 0.984394205274
-7357.29811799 -24.1470177801 0.999013152679 2400.0 0.999013152679
-7488.32767509 -31.9242020027 0.99924687277 1600.0 0.99924687277
2419.58411073 7.62130319858 0.982433641492 600.0 0.982433641492
-204.272347752 50.5598780483 0.992260940157 800.0 0.992260940157
6912.03573114 -61.8243246832 0.983638872843 600.0 0.983638872843
5042.05244378 22.7000510064 0.979922234647 600.0 0.979922234647
-801.868138116 61.3825226454 0.990207167386 600.0 0.990207167386
-6835.47456372 14.6190314256 0.994622241523 1600.0 0.994622241523
-7630.56632495 82.5921990992 0.998461803604 3600.0 0.998461803604
1890.01324165 -74.8295821831 0.981502581308 2000.0 0.981502581308
-2484.43733495 7.60894251018 0.990459959127 2600.0 0.990459959127
-3704.15425497 10.702848631 0.980859766692 600.0 0.980859766692
6395.03483783 -34.5832352234 0.986138697959 2400.0 0.986138697959
-6443.38932279 -9.38429665337 0.997880996677 3400.0 0.997880996677
-1017.80268007 -17.6417316118 0.974143447477 600.0 0.974143447477
-1326.07808053 -17.2422909961 0.98306563216 2600.0 0.98306563216
881.617302082 4.02749312983 0.988609725835 600.0 0.988609725835
1355.28025335 49.484372309 0.993146640989 1600.0 0.993146640989
-2694.94556966 -61.322812495 0.972412688065 2600.0 0.972412688065
-7037.16222999 10.673533846 0.997748168612 2000.0 0.997748168612
1023.17872154 49.8898955823 0.984856153437 800.0 0.984856153437
-5985.29965813 34.3719103986 0.990079445935 1800.0 0.990079445935
-1955.50253103 62.1655620277 0.984482611322 800.0 0.984482611322
5316.74835233 35.6769168982 0.989059789355 600.0 0.989059789355
-3796.87899315 -11.7564521234 0.982521087904 2800.0 0.982521087904
7912.63702298 -43.5024077239 0.998962132553 600.0 0.998962132553
-5564.11385544 -2.03192884524 0.990816931383 2600.0 0.990816931383
-852.498742965 -44.9428319025 0.963781961506 600.0 0.963781961506
7169.55089366 42.4391930902 0.975601521493 600.0 0.975601521493
1983.24555926 86.431989892 0.97832578732 1000.0 0.97832578732
927.452620123 33.7033187889 0.978123241854 600.0 0.978123241854
-5126.2692295 -72.2211031129 0.991195064187 600.0 0.991195064187
-2153.45205822 -18.5218118778 0.979138764507 2800.0 0.979138764507
-696.811806547 -27.3807277308 0.973146068884 2600.0 0.973146068884
2095.50552636 3.09999708151 0.9777474507 600.0 0.9777474507
3531.73220561 27.1669141051 0.986258781643 600.0 0.986258781643
5891.09136107 43.4722221959 0.990082386934 2000.0 0.990082386934
-6190.24522285 27.8353380234 0.996569134953 1800.0 0.996569134953
-6725.91022121 49.4084323478 0.999107743366 1600.0 0.999107743366
5691.09980216 80.2651397992 0.99022801007 2400.0 0.99022801007
1820.83320144 31.4272958251 0.978684570227 600.0 0.978684570227
160.230063448 -40.4576606771 0.989861202463 600.0 0.989861202463
2131.12385322 43.5688636708 0.986621204059 1800.0 0.986621204059
2063.15846962 21.4207173791 0.984512169002 1800.0 0.984512169002
-782.972183172 -76.2579429434 0.990542345661 1800.0 0.990542345661
4493.49495048 13.0814733076 0.98377532221 800.0 0.98377532221
-2833.26886621 -70.8607424425 0.990833018076 2400.0 0.990833018076
-7676.02905394 50.5002522973 0.994982670029 2200.0 0.994982670029
-5534.48871801 -46.4828054478 0.994036417296 1600.0 0.994036417296
5072.19328503 -26.1149472186 0.963982129457 600.0 0.963982129457
1228.00213113 35.9772048182 0.97702134159 2200.0 0.97702134159
1512.96862339 -10.8459279684 0.984326504248 600.0 0.984326504248
-7789.51629179 -27.6886986452 0.997739584368 800.0 0.997739584368
-5549.28286501 -69.8816281995 0.994465213916 600.0 0.994465213916
3419.80679267 -56.7382836993 0.976834177327 2000.0 0.976834177327
-4313.97907536 -25.9803696836 0.992665279318 800.0 0.992665279318
-1560.14444831 44.3150033207 0.970138484806 1800.0 0.970138484806
4215.38449503 25.2296920807 0.991604841153 800.0 0.991604841153
6723.2143617 -10.69135653 0.992888939777 800.0 0.992888939777
5923.74288855 18.4676488643 0.990906679408 1800.0 0.990906679408
2349.58126322 -1.84826852265 0.97330743813 600.0 0.97330743813
4319.03374616 4.27363146455 0.973952833732 2400.0 0.973952833732
-5748.83017042 -5.37544009036 0.994968321233 2400.0 0.994968321233
-7235.25976915 -82.1666592767 0.986818053384 1400.0 0.986818053384
-141.945062046 32.660445735 0.967517361577 2600.0 0.967517361577
-2435.62569717 -37.4268763244 0.975189869333 600.0 0.975189869333
3719.88665287 -6.33997472352 0.984610882761 600.0 0.984610882761
8259.29858975 34.3902563577 0.999530176641 1000.0 0.999530176641
-4219.7253879 80.1336486664 0.987160120793 1800.0 0.987160120793
3542.27163476 24.7089336793 0.986523325873 2400.0 0.986523325873
-3788.51140768 -43.1504526784 0.984811589511 2200.0 0.984811589511
-961.210982961 -24.0723132232 0.970606191485 600.0 0.970606191485
-891.33494435 31.1500787917 0.981681580727 2400.0 0.981681580727
-1349.0384483 -8.90547038161 0.978199472504 2600.0 0.978199472504
2700.86356435 74.9809343714 0.994214135563 2800.0 0.994214135563
6601.36039936 54.042106673 0.99740388809 1200.0 0.99740388809
4860.03750886 -32.8278283484 0.982583409584 600.0 0.982583409584
-5597.13855049 36.6655919048 0.996250071115 600.0 0.996250071115
8000.99833373 42.0916760214 0.994576302292 600.0 0.994576302292
2984.28192629 -12.3994038646 0.978193248491 1800.0 0.978193248491
1670.04922179 -41.0788006017 0.968972398583 600.0 0.968972398583
-4896.48818718 40.8574885827 0.986271135691 800.0 0.986271135691
6618.42949686 39.7503162304 0.993944144275 600.0 0.993944144275
-1055.8213471 19.8978712675 0.981294725447 2600.0 0.981294725447
-9196.44166762 70.1349488489 0.991194450428 1000.0 0.991194450428
3419.24982275 -42.9159774155 0.966137483904 600.0 0.966137483904
2613.60954545 23.3469311428 0.984411389458 800.0 0.984411389458
6964.01255763 -30.9689679069 0.984896300836 600.0 0.984896300836
1663.79305709 86.7325597693 0.987765125344 600.0 0.987765125344
-5631.236707 -1.84180523859 0.993952953489 1800.0 0.993952953489
2645.42797503 7.50998520216 0.970642035411 600.0 0.970642035411
-7605.13911828 -27.0418797048 0.999072857203 1800.0 0.999072857203
-7161.37175014 -9.66657151541 0.998444060058 2600.0 0.998444060058
-6270.64044988 40.3865370162 0.996754696102 1800.0 0.996754696102
-2678.10080612 28.8261664185 0.978413653132 2400.0 0.978413653132
4342.58174667 18.488961651 0.989589400828 800.0 0.989589400828
3598.9220878 -23.7644516526 0.979976885857 600.0 0.979976885857
326.578707606 48.0799279354 0.97347372243 2400.0 0.97347372243
-7600.59292061 33.6552929185 0.996690261123 1400.0 0.996690261123
-3948.4040877 -40.9503225727 0.984520355582 2600.0 0.984520355582
-8079.22586006 -51.5078448528 0.993733400557 800.0 0.993733400557
247.264082245 26.6013624834 0.985644546609 600.0 0.985644546609
2374.47161021 -47.3417421529 0.968456906232 600.0 0.968456906232
-149.356205075 27.6122380744 0.98387393238 2800.0 0.98387393238
-5758.55073858 67.4298263747 0.993099703332 1000.0 0.993099703332
499.120197893 -54.3344888518 0.981149832003 800.0 0.981149832003
5137.24661778 59.7399793545 0.985838629443 600.0 0.985838629443
1000.65536556 -62.5550954683 0.987128144538 2800.0 0.987128144538
3176.61065436 52.7728971827 0.983102593335 800.0 0.983102593335
-6333.13656763 40.8125657019 0.996162152368 1200.0 0.996162152368
-5786.78333174 20.233090859 0.996464918158 1600.0 0.996464918158
-1532.40709429 16.3052222607 0.981574975269 2800.0 0.981574975269
582.058421299 -10.0487752785 0.981709775658 600.0 0.981709775658
188.637555717 -27.9952113837 0.966530681148 600.0 0.966530681148
-7927.38017189 -19.9486178924 0.991740714769 600.0 0.991740714769
-1058.61261275 11.070187818 0.98611034169 2600.0 0.98611034169
5218.27321981 15.4248971813 0.968815567373 600.0 0.968815567373
-6990.08831642 -58.445445846 0.998632263295 1200.0 0.998632263295
1142.52834505 -43.9367355131 0.986376335135 600.0 0.986376335135
3405.15846566 30.7792224033 0.978817968088 1800.0 0.978817968088
-611.430060106 26.0378916903 0.970880587013 800.0 0.970880587013
2873.51724188 84.3729469787 0.983318482961 600.0 0.983318482961
657.293160618 5.20946651978 0.979231870834 600.0 0.979231870834
-743.668388962 44.6103449838 0.992203321852 1800.0 0.992203321852
2607.77531463 42.4656915409 0.977544495764 1800.0 0.977544495764
-5327.2387408 24.1895993628 0.993541019755 1800.0 0.993541019755
-4846.11467781 -26.9280005336 0.996079057575 1800.0 0.996079057575
-3229.38048867 -41.0936471909 0.962559428824 600.0 0.962559428824
6635.19723393 85.2304816884 0.996164467803 600.0 0.996164467803
-6400.89230071 -7.58117762016 0.99823729004 2200.0 0.99823729004
-814.609116945 -72.6087851832 0.985484936904 800.0 0.985484936904
2874.67205008 12.8449803021 0.974011504717 600.0 0.974011504717
-6597.60645915 12.3073901079 0.998404180013 1800.0 0.998404180013
957.712658182 24.8860793809 0.978376310278 1800.0 0.978376310278
4058.97604094 -47.9425334483 0.987881002506 800.0 0.987881002506
-3512.15722952 6.5477001602 0.97953053228 3200.0 0.97953053228
-6035.93719128 -63.3011365853 0.996145304231 3000.0 0.996145304231
-6052.75413474 38.5508376196 0.995535562381 1400.0 0.995535562381
-3273.34203323 -35.1421499237 0.991077791281 600.0 0.991077791281
-3669.15005636 80.6680438372 0.983855464844 600.0 0.983855464844
809.804379002 73.9922993505 0.990235661707 800.0 0.990235661707
119.601155074 21.6222390134 0.979336197598 600.0 0.979336197598
-5486.89640342 -61.8313155528 0.994085096364 600.0 0.994085096364
3673.88858778 -69.0630309979 0.974304424588 1400.0 0.974304424588
-1837.41150067 0.961555214109 0.98544252679 2800.0 0.98544252679
-5810.80558039 20.7987293791 0.998584179953 2200.0 0.998584179953
-6564.94132598 24.2891752772 0.997442421223 2800.0 0.997442421223
2626.7989339 -3.32009042612 0.973296407287 600.0 0.973296407287
-7107.51071842 -24.4184976557 0.991443520519 1800.0 0.991443520519
7302.64133786 -31.8786514343 0.997203914759 1000.0 0.997203914759
5115.58422944 53.7209829419 0.970492426134 2000.0 0.970492426134
7420.88607553 85.0899777483 0.99676085195 600.0 0.99676085195
4271.0349792 -4.17666429183 0.977998005366 2600.0 0.977998005366
7030.86223538 -29.5729553175 0.988078360661 600.0 0.988078360661
3190.76198026 -22.2986767759 0.975502128654 600.0 0.975502128654
4017.26710138 3.01344127114 0.979286385334 600.0 0.979286385334
-7061.19031183 -73.9347012061 0.998309396108 800.0 0.998309396108
3882.80188952 -40.4160111774 0.990925941055 800.0 0.990925941055
-766.947164943 81.0114773012 0.988264003329 800.0 0.988264003329
-3051.24056798 -30.5450145196 0.980928438192 2400.0 0.980928438192
-1994.20330524 -2.51038348974 0.974675956196 2600.0 0.974675956196
-4239.44075251 -30.6106686353 0.989667770337 2600.0 0.989667770337
6237.27145385 -11.7809994698 0.993489713393 600.0 0.993489713393
4214.10197659 44.1767985434 0.98650818845 600.0 0.98650818845
-6519.53097814 25.1097656288 0.988209053794 600.0 0.988209053794
-5607.22852167 46.9336492886 0.998089698669 3200.0 0.998089698669
-54.2471419959 83.8399950382 0.985763109667 800.0 0.985763109667
393.2016453 -12.5654504805 0.982301086576 2600.0 0.982301086576
-6403.29015047 36.5738676022 0.998568918296 800.0 0.998568918296
-3263.16969293 -87.0117498599 0.994055120294 1000.0 0.994055120294
-181.988401546 56.7862569317 0.986760355098 800.0 0.986760355098
1182.07914477 74.9568508514 0.979751559866 600.0 0.979751559866
3921.93923078 84.3674791216 0.98844641363 600.0 0.98844641363
3033.72678531 8.54069627747 0.984133279482 600.0 0.984133279482
2167.99509305 -9.13949249492 0.970741146001 600.0 0.970741146001
-7793.86401847 34.8180534066 0.992669966927 800.0 0.992669966927
-3227.28586552 -31.2983346949 0.983938787405 2800.0 0.983938787405
2889.22575351 42.2907795842 0.986592123507 800.0 0.986592123507
6933.99221459 -45.5668217944 0.980946096081 800.0 0.980946096081
3368.30029656 48.0158907158 0.980906476848 800.0 0.980906476848
-1372.19690617 -77.3178264154 0.983595535813 6800.0 0.983595535813
6174.51248328 -28.7064046009 0.967141809596 600.0 0.967141809596
-1295.38431892 -16.6157131015 0.9857433931 2600.0 0.9857433931
6684.58842095 39.3298721001 0.993971843304 1800.0 0.993971843304
2806.51271143 36.0557730558 0.9823086151 800.0 0.9823086151
-6138.47946047 -17.2164899225 0.997393190603 2000.0 0.997393190603
-5794.74511973 -4.67025089636 0.992577461975 600.0 0.992577461975
3698.93560417 29.1811243148 0.98872212228 800.0 0.98872212228
-7615.64556452 -58.2276020809 0.997583264795 1400.0 0.997583264795
-995.258750473 25.1426579186 0.979242924564 2600.0 0.979242924564
4998.24527914 40.3329714364 0.981708148638 600.0 0.981708148638
8319.11239901 -39.0841232921 0.978980230186 600.0 0.978980230186
-4967.05015375 -61.5105590959 0.994309239958 800.0 0.994309239958
3175.12563869 -0.928228011704 0.987430921169 600.0 0.987430921169
-6035.34392451 49.2726524891 0.998553371373 2400.0 0.998553371373
-8458.70023734 48.5496247979 0.998753420738 1000.0 0.998753420738
-1594.77044151 -37.641939994 0.977769565761 2800.0 0.977769565761
6254.57876183 -13.6115876017 0.986035300908 600.0 0.986035300908
-6076.69130694 13.8096391513 0.99707896049 2400.0 0.99707896049
-8045.27978983 -28.136796729 0.996750810531 600.0 0.996750810531
5402.42263325 22.5994110661 0.990602379713 2200.0 0.990602379713
4773.77948763 -42.6380089227 0.981152695995 2400.0 0.981152695995
-6962.70146246 44.1093171065 0.99748128638 800.0 0.99748128638
-3888.21288182 14.4157361237 0.991394287935 2000.0 0.991394287935
-5069.92122536 -29.7240422204 0.994564584404 2400.0 0.994564584404
7460.99088686 -41.039830267 0.984698454942 1800.0 0.984698454942
-3556.18646102 34.5805897821 0.993997599165 1800.0 0.993997599165
-159.834298193 71.2875291981 0.987992549541 1400.0 0.987992549541
-4449.64285858 33.334486672 0.991792416169 600.0 0.991792416169
1572.44166437 62.7022901954 0.980074772858 800.0 0.980074772858
-4102.23536855 62.4028850879 0.991060834777 800.0 0.991060834777
3601.91021885 15.9451891306 0.984487930701 2800.0 0.984487930701
6694.89600749 -4.8830500018 0.971775830685 600.0 0.971775830685
4515.19400075 -89.9985605905 0.992153807158 600.0 0.992153807158
2533.06017223 -28.9576260036 0.987786054921 2400.0 0.987786054921
-7398.7288092 -5.99409131005 0.991042215033 600.0 0.991042215033
5523.48358676 -38.5440753169 0.984132167804 1800.0 0.984132167804
5506.24386619 -75.5906240372 0.983555907295 600.0 0.983555907295
737.323793638 36.0644262693 0.984421152231 800.0 0.984421152231
-4699.53411481 -30.9087124058 0.993958902069 800.0 0.993958902069
-3851.97513446 -54.1370444806 0.97142289133 600.0 0.97142289133
2534.39663833 49.9010525835 0.986275048509 1800.0 0.986275048509
-2039.95352061 1.19538177378 0.974676280886 600.0 0.974676280886
-4477.63355952 15.3893903741 0.99092021462 2800.0 0.99092021462
6774.37361475 -23.4075960472 0.993487719397 1000.0 0.993487719397
6477.99040164 -9.04543889787 0.988243816767 2600.0 0.988243816767
7586.56650609 53.9548644205 0.99231923285 600.0 0.99231923285
239.809090238 -71.3613558542 0.986354631943 2400.0 0.986354631943
-4955.34146762 10.7579365808 0.989973270904 600.0 0.989973270904
-754.656889071 35.3281442599 0.983036910061 600.0 0.983036910061
-501.333979894 -14.3652314629 0.988339318072 600.0 0.988339318072
7993.48666526 -25.3465908718 0.994974668635 1800.0 0.994974668635
-205.48930648 60.6081253817 0.990392042434 1800.0 0.990392042434
-2577.52016773 21.7394609957 0.97665798266 2200.0 0.97665798266
-4916.97709807 -30.2152648265 0.993220647977 3200.0 0.993220647977
9776.73033665 7.5597574046 0.995950185362 600.0 0.995950185362
2398.2485613 -40.6446594496 0.957344193038 600.0 0.957344193038
-1133.17287118 -24.4862775715 0.977560336693 600.0 0.977560336693
5477.9255862 28.8057894617 0.986167993139 600.0 0.986167993139
4866.63460746 -3.75464980413 0.981425719764 600.0 0.981425719764
3448.21571715 32.1474945567 0.981232748914 2400.0 0.981232748914
-4571.70267058 -29.235493533 0.972872312128 600.0 0.972872312128
6345.64599396 -42.9301175135 0.994275036683 6400.0 0.994275036683
6144.75006709 -49.9162779613 0.969413208141 600.0 0.969413208141
-7090.51901547 -26.7938637751 0.997130685367 800.0 0.997130685367
2942.67647375 18.9194947419 0.982017263675 2400.0 0.982017263675
-2221.69012278 34.3581908858 0.972972029671 2600.0 0.972972029671
-1180.31234137 -14.0170368667 0.980004418063 2800.0 0.980004418063
-5478.921141 65.667573196 0.998188946829 1800.0 0.998188946829
4205.21534764 -1.1847050336 0.979342175046 600.0 0.979342175046
5788.84707972 -28.7103985642 0.990983231584 600.0 0.990983231584
6843.83152484 9.88537917151 0.980814311327 600.0 0.980814311327
-644.32325927 -4.64536049711 0.977869174223 2600.0 0.977869174223
-5807.01379794 -54.1341463487 0.985558249603 2000.0 0.985558249603
-7178.97819357 -67.4854566003 0.998038023524 1600.0 0.998038023524
-5813.08187897 78.986132505 0.997034006217 1000.0 0.997034006217
-828.788519385 67.1595326733 0.988441194259 1200.0 0.988441194259
3020.20489568 51.8659232794 0.975841684573 600.0 0.975841684573
2598.85990261 -38.0984526427 0.976948081945 600.0 0.976948081945
-6845.0081495 4.34079442023 0.997011940505 800.0 0.997011940505
5157.16103043 47.9856037938 0.993558090392 800.0 0.993558090392
-7803.73186863 -28.9557508902 0.974324743376 600.0 0.974324743376
-3524.64608303 -37.9348734717 0.988019424817 1800.0 0.988019424817
-5401.30374143 -9.5170070701 0.992685659306 3400.0 0.992685659306
-3283.41820135 50.8737812785 0.987707853364 2400.0 0.987707853364
2319.08943793 -83.2289139242 0.981360717434 600.0 0.981360717434
3560.20948339 -16.0735130374 0.977147128107 600.0 0.977147128107
-4025.0417079 -66.6708688227 0.990590994544 600.0 0.990590994544
3257.39430923 4.0052418276 0.986569442054 2600.0 0.986569442054
5066.43449901 48.9628131029 0.984713587365 600.0 0.984713587365
1057.39682927 -25.028104024 0.987248011722 600.0 0.987248011722
-7546.55052967 -62.274224676 0.999540317434 1000.0 0.999540317434
1909.25023535 -6.69150816984 0.980345205183 600.0 0.980345205183
3922.38443264 -60.2774581857 0.97228595058 600.0 0.97228595058
1545.67615987 -35.8535084793 0.959385237047 600.0 0.959385237047
7023.30364422 4.75705949259 0.980960938211 600.0 0.980960938211
5558.46264902 39.482654435 0.991174949555 800.0 0.991174949555
-9411.13780818 56.7792023037 0.99442410478 1000.0 0.99442410478
4978.91022391 -16.0515351097 0.985817491516 600.0 0.985817491516
6249.54931795 -31.3166610609 0.986633103323 800.0 0.986633103323
560.878594262 -32.0944208226 0.987370280362 600.0 0.987370280362
-4105.56914749 59.9465730028 0.992474509021 2000.0 0.992474509021
8119.86035438 60.46873069 0.989919894486 600.0 0.989919894486
-408.398174248 12.9370226689 0.983813584255 2400.0 0.983813584255
60.7436807293 -15.3694815466 0.975015914209 2600.0 0.975015914209
-160.020785341 44.4097698475 0.986625549034 600.0 0.986625549034
-3930.82331678 18.5155021428 0.988978442635 3000.0 0.988978442635
2376.82164032 -30.8652802067 0.982935445404 2600.0 0.982935445404
1921.49659175 -17.1564169791 0.973365308958 600.0 0.973365308958
2439.96832018 74.0779338985 0.985775000843 1000.0 0.985775000843
2686.10332303 15.2984364115 0.980077591009 2600.0 0.980077591009
4650.38609294 -12.3991565478 0.967749897598 600.0 0.967749897598
6302.90912135 -1.61782618202 0.97644848017 600.0 0.97644848017
778.266205684 -70.7777781141 0.971901778732 600.0 0.971901778732
-4129.52149678 -49.718015612 0.990922004836 2400.0 0.990922004836
-3327.74065538 -60.281181406 0.986719447842 2600.0 0.986719447842
18.7528836128 -77.4041377173 0.986945595874 800.0 0.986945595874
-3225.04400316 22.1944647022 0.98085668887 1800.0 0.98085668887
-4472.98408893 79.8745825323 0.975200873389 600.0 0.975200873389
-1844.50689281 27.7653508453 0.989928041842 600.0 0.989928041842
-821.516602443 -26.6331791219 0.971570504209 600.0 0.971570504209
2479.90525827 36.795836966 0.983258650599 800.0 0.983258650599
-3687.50976927 -13.3331532382 0.985034332163 600.0 0.985034332163
-3647.05077076 85.6853026985 0.987050299558 600.0 0.987050299558
-350.069289762 -3.26391676541 0.982787592885 600.0 0.982787592885
-6354.46470195 44.8865462235 0.997026525346 1800.0 0.997026525346
-4519.19407198 -37.3538827879 0.988640963544 2800.0 0.988640963544
6118.76500304 -41.2681691799 0.963516109817 600.0 0.963516109817
-3701.55659484 -33.065572705 0.982576748875 2600.0 0.982576748875
-3679.6493892 65.1087808319 0.99299231563 600.0 0.99299231563
-7011.26324826 -17.5144926299 0.998624615086 800.0 0.998624615086
-3993.01482813 -54.8217757503 0.972760736663 600.0 0.972760736663
4925.85310653 -18.2397559411 0.987209574495 600.0 0.987209574495
-6307.97326767 46.0010143571 0.998834937781 1000.0 0.998834937781
-6053.56339041 -18.7762288916 0.995613755805 1600.0 0.995613755805
-2201.59997176 -6.49395738095 0.977043805282 2600.0 0.977043805282
-1762.52322533 -87.5089470386 0.985352458214 5000.0 0.985352458214
-2536.09126555 51.057201262 0.989062554402 800.0 0.989062554402
-1500.9364462 -50.85866451 0.97560457143 1800.0 0.97560457143
2936.93814181 8.15293168738 0.954644294128 600.0 0.954644294128
-91.2539278112 -38.4276517214 0.977671719165 2600.0 0.977671719165
-2345.36565077 70.9481162402 0.991164773139 600.0 0.991164773139
345.400918893 55.8520247389 0.990067744415 800.0 0.990067744415
-2490.48058423 23.1335092568 0.989140379452 800.0 0.989140379452
1258.21656664 -41.1199324297 0.99347484467 2800.0 0.99347484467
6170.78029408 22.1083826483 0.980775446638 600.0 0.980775446638
-6904.35721944 31.0229885947 0.998054591785 1800.0 0.998054591785
399.299138297 3.12859999324 0.977907438847 800.0 0.977907438847
-1731.60436821 7.12595116064 0.989133802382 600.0 0.989133802382
2392.68391813 42.5697281837 0.976949353247 600.0 0.976949353247
6323.06634679 11.5922214418 0.994442410416 800.0 0.994442410416
6470.58466225 84.4892369014 0.992826760739 2000.0 0.992826760739
3881.97206284 36.155389197 0.994849806993 1800.0 0.994849806993
-8201.00677564 29.6736541869 0.998007198434 2400.0 0.998007198434
3015.8420571 50.1911618634 0.978013109682 2200.0 0.978013109682
4656.35235576 -33.0920407334 0.981788506604 600.0 0.981788506604
4309.36155044 14.6997063733 0.972277201424 600.0 0.972277201424
-2543.94986553 -28.4459402047 0.986334868337 2400.0 0.986334868337
-4692.28363024 -39.0417408672 0.989298193964 2800.0 0.989298193964
-4475.771804 28.6837042252 0.993931670025 1800.0 0.993931670025
116.518832443 -11.6851939648 0.984803526655 600.0 0.984803526655
3185.62328427 4.20865034345 0.968820740397 600.0 0.968820740397
6948.900882 -27.0272747768 0.979741323281 1000.0 0.979741323281
-5643.01986883 -52.3798990601 0.996410175481 800.0 0.996410175481
-4182.64432379 28.751287889 0.989650158791 3000.0 0.989650158791
-2321.59891559 29.205945925 0.98340020739 600.0 0.98340020739
-1033.14786588 -71.8957977044 0.992111786859 2800.0 0.992111786859
4636.65923933 -44.8565658254 0.968805564551 600.0 0.968805564551
-673.342679043 -38.6870513931 0.971349795655 600.0 0.971349795655
5876.90907327 39.5368574937 0.985851022033 2000.0 0.985851022033
611.23371674 -12.0041425535 0.984211240474 600.0 0.984211240474
1820.33334895 -69.8524308379 0.966652493133 1400.0 0.966652493133
-8544.41397324 71.3918522759 0.991611358787 800.0 0.991611358787
-5318.81470887 44.9000778539 0.988676426269 800.0 0.988676426269
-1150.89469681 46.7197366696 0.984108707211 800.0 0.984108707211
106.478785623 34.5263428053 0.961226899851 800.0 0.961226899851
4662.14183775 9.72779210239 0.976466534459 600.0 0.976466534459
-6264.75330303 -75.3374449722 0.998578241366 2600.0 0.998578241366
1801.61012968 28.1602495163 0.974944061683 2600.0 0.974944061683
-3230.16763943 41.5313513174 0.993918049901 800.0 0.993918049901
7620.19379013 -53.6852386356 0.99510471137 600.0 0.99510471137
-3811.8991739 -8.11842589524 0.987808531669 3200.0 0.987808531669
1691.45909177 -73.391395204 0.98991726518 2600.0 0.98991726518
8476.65752333 65.9426135702 0.993947495804 3800.0 0.993947495804
-4143.61168615 45.8396180503 0.982301547766 600.0 0.982301547766
-5186.17151568 6.85285546614 0.992288427555 2400.0 0.992288427555
-5242.09031254 45.3868513286 0.997795660481 1800.0 0.997795660481
892.321420253 -74.3903046666 0.987844907207 2400.0 0.987844907207
5206.22308935 32.3243657152 0.993780595102 800.0 0.993780595102
131.709299486 4.20664401963 0.976031562057 2600.0 0.976031562057
-138.496550756 -42.5513061356 0.980466923465 800.0 0.980466923465
-637.63598154 -27.2422692271 0.974793960291 2600.0 0.974793960291
2934.3199612 33.0197740494 0.980373021098 1800.0 0.980373021098
-3132.57591186 63.7571685775 0.990043505957 600.0 0.990043505957
903.344132922 -21.5461311259 0.97578427035 600.0 0.97578427035
8713.51137604 -53.4575309232 0.99644985877 1400.0 0.99644985877
3522.96288261 43.8017397574 0.992722042204 800.0 0.992722042204
5583.27105755 -10.2744214183 0.970393708705 600.0 0.970393708705
1405.86590859 27.5343592085 0.983699826045 600.0 0.983699826045
-6312.41569318 -66.4675360512 0.997120503616 600.0 0.997120503616
-4813.33816513 -3.44274537252 0.985970816159 600.0 0.985970816159
6368.56043155 82.7270436037 0.986900515715 600.0 0.986900515715
-2839.50949097 17.0287896037 0.986735725663 2600.0 0.986735725663
-3364.69992567 74.1803965675 0.995226921147 600.0 0.995226921147
5528.64866823 47.7644306548 0.978997267683 600.0 0.978997267683
-1963.20487132 -9.34780523222 0.973670937228 600.0 0.973670937228
4683.13730041 62.8770085174 0.995671356362 1400.0 0.995671356362
-4634.7301043 34.5035339679 0.992895636905 800.0 0.992895636905
-3916.06415488 23.3219507624 0.991342703236 1800.0 0.991342703236
-3186.48578899 84.5160340839 0.986891392327 1000.0 0.986891392327
7355.18392392 31.1573885257 0.985417214878 800.0 0.985417214878
6460.15989045 -43.3953823849 0.988051000221 2400.0 0.988051000221
4905.54459169 -54.082536086 0.97688874105 600.0 0.97688874105
-4244.60121712 65.9196032414 0.996505687869 2000.0 0.996505687869
4425.55048697 -41.5291815999 0.989560313598 2000.0 0.989560313598
-992.586583325 19.5207347036 0.984764020801 2600.0 0.984764020801
-5958.63958598 -40.3572342528 0.989732086109 600.0 0.989732086109
-6008.86933363 -25.4865265524 0.996544216713 1600.0 0.996544216713
4744.23930556 -88.3320536219 0.991353904523 4600.0 0.991353904523
-7123.2888819 65.3519065524 0.998156499391 1800.0 0.998156499391
3430.38024924 26.4480351833 0.984541462139 600.0 0.984541462139
-6621.06823599 -28.436346704 0.996228825559 2000.0 0.996228825559
-3163.46369489 -27.6188699901 0.976688553778 2600.0 0.976688553778
42.1267231857 51.4260491863 0.996107098301 800.0 0.996107098301
-3352.71572892 4.34649574642 0.98978515609 2800.0 0.98978515609
175.926740903 6.05915905863 0.972874785636 2400.0 0.972874785636
2655.64407282 40.2814134568 0.969862972719 1800.0 0.969862972719
6181.53915243 45.0968518597 0.988235844318 600.0 0.988235844318
-3529.27444536 -57.7082968422 0.995060992303 600.0 0.995060992303
-6913.64925953 -4.35226840163 0.992481346268 800.0 0.992481346268
-5730.02646427 28.9555661801 0.994159441473 800.0 0.994159441473
868.60737511 -14.7292688018 0.965939953897 600.0 0.965939953897
7890.58133623 -18.6352363987 0.993357068113 600.0 0.993357068113
-4259.51671383 36.7996890596 0.988312418252 800.0 0.988312418252
5573.18424793 59.6190208285 0.989755583681 800.0 0.989755583681
-2771.01996613 43.8583887959 0.992924041981 2800.0 0.992924041981
-2607.14694026 70.3530930582 0.990682832653 2200.0 0.990682832653
-5504.57485438 -60.9640276627 0.988424940208 1200.0 0.988424940208
2516.69506388 42.4316583028 0.992327001771 600.0 0.992327001771
5120.66522832 -43.5552187875 0.984972612984 2200.0 0.984972612984
-7609.25130665 69.886217525 0.99873000038 1000.0 0.99873000038
-7778.38448146 -12.1062868249 0.999279437685 3400.0 0.999279437685
5241.13532659 44.4187376318 0.987718603021 800.0 0.987718603021
4012.63884595 -26.0641843108 0.965553726618 600.0 0.965553726618
-4383.05512476 -82.6930465629 0.997144788507 600.0 0.997144788507
-443.943121025 -65.6265543215 0.986532594975 2600.0 0.986532594975
1768.63495672 4.21338702634 0.984861847075 2600.0 0.984861847075
-3574.97449982 -0.835566063947 0.985868123029 800.0 0.985868123029
-5939.30333393 -10.6072475861 0.990539716113 600.0 0.990539716113
-7170.32467831 83.3612905822 0.997964008585 3000.0 0.997964008585
-2488.87953213 -9.90232937783 0.975501665716 600.0 0.975501665716
8163.88501616 -62.9966415536 0.996692917952 800.0 0.996692917952
-280.480264677 -16.1831460951 0.982039410432 2600.0 0.982039410432
2086.91377378 -39.1127206548 0.969689132843 600.0 0.969689132843
-4953.70127365 -38.3670440358 0.986755283305 2600.0 0.986755283305
4713.65707952 -72.3161446105 0.987909322341 600.0 0.987909322341
-4541.8790432 26.5957158056 0.990476824985 2600.0 0.990476824985
-2538.93750122 13.4326099619 0.983498004907 2800.0 0.983498004907
-2868.08634025 -12.247236273 0.983407119658 2600.0 0.983407119658
1131.94656249 -82.8735641015 0.98764151265 600.0 0.98764151265
-1806.85664097 -73.9945725069 0.990903128638 2400.0 0.990903128638
1531.79173128 63.4570902374 0.991491064517 2000.0 0.991491064517
-177.591476458 61.1623914019 0.966439740556 2200.0 0.966439740556
6478.00765693 58.7824388282 0.985566478071 2600.0 0.985566478071
-5504.76098678 -63.8140732944 0.986535899183 1800.0 0.986535899183
-4580.55523346 37.296463302 0.993708447193 800.0 0.993708447193
7898.3958877 -14.3253088622 0.980008181904 600.0 0.980008181904
4964.40246489 -13.4886882865 0.975498866052 600.0 0.975498866052
-5187.67810152 42.2150026105 0.995354991514 1600.0 0.995354991514
-5948.19580169 -31.9390538236 0.985202186957 600.0 0.985202186957
1268.4101878 -86.1083834418 0.968638043176 600.0 0.968638043176
7040.68042492 -12.0634602685 0.989270203754 600.0 0.989270203754
9076.44327782 9.87094245641 0.99404525684 600.0 0.99404525684
-1792.05787133 36.1843578448 0.984112998488 1800.0 0.984112998488
780.483869734 19.9325247603 0.986049051131 2400.0 0.986049051131
775.266497701 16.3184037646 0.985372995594 600.0 0.985372995594
-5987.04751332 -67.4420176717 0.990809857733 600.0 0.990809857733
-4627.84199294 -49.4050068225 0.99289443708 2800.0 0.99289443708
-8704.13203845 -9.83267344888 0.999112890036 1600.0 0.999112890036
-2147.48997006 44.5322370121 0.981501385136 2000.0 0.981501385136
5147.13783151 -47.6664754146 0.977599458171 2400.0 0.977599458171
-5494.14431899 20.6081129083 0.99426231842 1800.0 0.99426231842
-598.800824558 10.3215314244 0.976995644089 2600.0 0.976995644089
-4154.51348035 -57.8550200736 0.988962457038 600.0 0.988962457038
-6848.61000465 37.3401297457 0.995926539436 1800.0 0.995926539436
6217.56080688 25.7092951259 0.990065302943 600.0 0.990065302943
-1658.7126214 -61.6740653824 0.981897718076 1800.0 0.981897718076
-1987.99438486 -9.40908264936 0.978344346688 2600.0 0.978344346688
7338.8273406 22.5214429072 0.99253711071 600.0 0.99253711071
-243.605366381 -9.76164810484 0.988166480043 2600.0 0.988166480043
3646.79369415 -4.2717578639 0.983901112318 600.0 0.983901112318
5668.43844379 -3.6163450225 0.984059622469 600.0 0.984059622469
-5113.40281906 -3.18647343275 0.996036065995 2000.0 0.996036065995
-6594.50767527 9.72262195084 0.9972442031 2000.0 0.9972442031
-1122.23333575 -58.9769283859 0.990760303742 600.0 0.990760303742
3234.46657172 -26.0564826606 0.993120520906 3000.0 0.993120520906
6024.17452616 -22.0272074332 0.988806754902 800.0 0.988806754902
298.841317261 13.845193685 0.965800405321 2800.0 0.965800405321
5519.6153763 -83.971763935 0.991445962919 800.0 0.991445962919
-5932.78009275 30.33195638 0.995516335407 600.0 0.995516335407
-3641.59785434 -20.3525264495 0.983265716626 2400.0 0.983265716626
-436.073510328 -52.588159977 0.965752254171 2000.0 0.965752254171
-27.98681813 6.09497148495 0.985481706853 2800.0 0.985481706853
-1669.79770461 -63.6650392951 0.98700444027 1000.0 0.98700444027
1175.71762052 -60.7127260518 0.964144858517 600.0 0.964144858517
-3332.53574411 17.3251962145 0.98891019531 600.0 0.98891019531
1606.9790746 -52.8781800787 0.988264974218 600.0 0.988264974218
1913.14154168 22.8146011177 0.986682480598 600.0 0.986682480598
-2918.72135978 64.3913974046 0.983271814411 800.0 0.983271814411
-2579.756484 -37.7602184712 0.977738882734 600.0 0.977738882734
3025.4737841 -81.0469746067 0.994094118512 1000.0 0.994094118512
-521.42692582 69.9798315037 0.98745981727 600.0 0.98745981727
-266.748098917 -6.40963123673 0.985339910872 2600.0 0.985339910872
2126.10570291 -29.4841983581 0.978708067437 600.0 0.978708067437
4903.44031527 -62.0639071681 0.984827927778 600.0 0.984827927778
-8365.99164167 33.8930411024 0.998869374636 1200.0 0.998869374636
-3335.34103659 -40.2907474255 0.991135907423 2800.0 0.991135907423
-1538.87894137 -64.6422433144 0.986402821146 1200.0 0.986402821146
6031.92661065 19.0693443412 0.986174788742 600.0 0.986174788742
-1405.65243025 17.9865647401 0.978257464839 1800.0 0.978257464839
-4049.80108511 -17.7644069419 0.991561563765 2800.0 0.991561563765
-4958.10807075 -28.8378642566 0.994809982197 1400.0 0.994809982197
-4296.13715367 -60.7971690132 0.993947391394 1600.0 0.993947391394
6654.49872494 46.5608495684 0.98357283555 600.0 0.98357283555
2112.25173587 43.8884099341 0.978018026459 600.0 0.978018026459
-7429.6142421 35.5039750155 0.997409598083 1400.0 0.997409598083
1606.00888212 37.2001180305 0.975551747987 600.0 0.975551747987
-5082.60391206 -39.7976125647 0.998147863734 600.0 0.998147863734
-1253.93881491 65.8235128448 0.995366074036 600.0 0.995366074036
-857.675572719 -69.8867219885 0.985556113984 1400.0 0.985556113984
-6231.26050653 -75.7804884409 0.994986152981 1200.0 0.994986152981
1980.74744407 -3.71377157835 0.982877864218 2800.0 0.982877864218
-6877.97342645 35.7858443943 0.989220106113 2200.0 0.989220106113
953.026968588 61.8818887361 0.993628317847 800.0 0.993628317847
7887.75039994 -26.9487671385 0.994765051256 600.0 0.994765051256
-300.918433712 65.2835643166 0.985582114134 2600.0 0.985582114134
-4718.07300163 -48.1206892484 0.996938077347 1400.0 0.996938077347
-812.700896876 -29.8614386946 0.982390254152 600.0 0.982390254152
5912.26117014 -19.9026657125 0.979385839086 600.0 0.979385839086
-9240.31381214 47.1448243606 0.995103293975 800.0 0.995103293975
719.111913861 12.6813179012 0.971454520524 2400.0 0.971454520524
6925.69553225 -57.2844097351 0.976949550229 600.0 0.976949550229
2252.48511003 75.0771972463 0.993763592984 2600.0 0.993763592984
-2879.38725623 -56.227073483 0.983180293317 600.0 0.983180293317
3404.02731417 15.303856677 0.987300679697 600.0 0.987300679697
4673.0378081 60.5107753587 0.992848099607 1600.0 0.992848099607
-1482.10114602 52.9890052709 0.994465499482 2200.0 0.994465499482
3491.40630862 52.4963451942 0.991655528757 600.0 0.991655528757
3253.02456418 -89.2391703722 0.983034062359 600.0 0.983034062359
3563.27033736 -54.3325537416 0.992184881648 2400.0 0.992184881648
2713.16642594 72.8293205098 0.983911364228 600.0 0.983911364228
-6856.54750615 49.228509251 0.99933862289 2400.0 0.99933862289
-6320.0674845 -19.4758671853 0.997655199525 3200.0 0.997655199525
-3939.58341582 59.6647610528 0.98930215133 800.0 0.98930215133
5763.50871311 17.7538303233 0.989374301729 2200.0 0.989374301729
-4642.35132186 -19.277449657 0.989591828558 1800.0 0.989591828558
3310.54667472 -55.4405517039 0.981937774091 600.0 0.981937774091
4584.81299741 -49.0887373061 0.963299604631 600.0 0.963299604631
64.1094703619 -58.0784243063 0.95304796802 600.0 0.95304796802
-3275.76493503 76.2099195047 0.995226310997 800.0 0.995226310997
383.335849363 1.03818198341 0.977866068612 2600.0 0.977866068612
1232.46081741 -25.2567120913 0.975148211775 600.0 0.975148211775
-5139.87798002 -19.10911695 0.990077790166 2400.0 0.990077790166
-2315.29434011 59.3361209177 0.995276139686 5000.0 0.995276139686
-7284.80352883 -83.3373852494 0.999046182601 2600.0 0.999046182601
