4906.39905049 58.2370433678 0.940999096009 5200.0 0.940999096009
1141.37724304 10.2890962442 0.867899682319 5000.0 0.867899682319
8479.28973367 86.0682115822 1.10380797634 1200.0 1.10380797634
-6767.46580258 7.10279202587 1.02785506597 5200.0 1.02785506597
-4748.93553744 -60.8249011458 1.0156927622 3800.0 1.0156927622
-2696.86219575 -19.7335275798 0.92586638187 5400.0 0.92586638187
-7815.49848532 80.3421686911 1.02730169743 4000.0 1.02730169743
-7368.37788056 65.1198622719 1.08598434233 4200.0 1.08598434233
4352.28009063 30.8892326565 0.954139093844 3200.0 0.954139093844
4437.30414137 38.4478108647 0.862642419949 5000.0 0.862642419949
4675.07061334 -52.6190761158 0.931177361427 4800.0 0.931177361427
-6537.55965296 21.4124414724 1.05886606243 3200.0 1.05886606243
6032.17018087 -30.0429553261 0.952423014368 4800.0 0.952423014368
-1134.52799111 -27.753683331 0.913509154789 600.0 0.913509154789
1524.52338181 -52.5310909566 0.929287340654 600.0 0.929287340654
1415.59308765 18.0261159739 0.859673086073 5000.0 0.859673086073
-567.26909985 55.6910730263 0.884640433004 5000.0 0.884640433004
7701.02353873 -3.01815292955 1.00877502937 4200.0 1.00877502937
-4047.85662688 11.7526723218 0.836478970097 5000.0 0.836478970097
-1203.28721964 -15.4449272071 0.873691828357 5000.0 0.873691828357
5073.09214314 -36.6392905642 0.905700650528 5000.0 0.905700650528
-5433.4493745 -36.8850624318 0.95892717133 5000.0 0.95892717133
8246.38904983 19.3205050892 0.99805722529 4800.0 0.99805722529
-505.541779602 76.4072421347 0.98624798956 600.0 0.98624798956
-5692.60018504 46.8830932322 0.999398925126 2000.0 0.999398925126
3172.50136614 -16.2446997724 0.873251403101 4800.0 0.873251403101
-5865.84428299 -69.4620547834 0.964138353465 1200.0 0.964138353465
-2565.99107747 -24.0966669547 0.833482512322 5000.0 0.833482512322
-634.690179389 77.6377224735 0.963573878528 7600.0 0.963573878528
7071.23463249 -12.2536550556 1.10478750426 2000.0 1.10478750426
-669.314825818 -10.241836868 0.833839514897 4800.0 0.833839514897
-1895.1651582 52.9199944432 0.892335920232 4800.0 0.892335920232
-5649.17881162 7.74968666526 0.945972419027 4400.0 0.945972419027
-6810.11032895 -74.4241848561 0.991108092041 600.0 0.991108092041
811.137212738 -36.4365903555 0.943522895426 600.0 0.943522895426
-5417.17617014 12.253777251 1.01224823282 4800.0 1.01224823282
-2588.23603204 -30.3477661465 0.822744603669 4800.0 0.822744603669
6859.74852105 -39.42165701 1.01703292883 600.0 1.01703292883
254.399025809 -45.2584382164 0.897839588757 4800.0 0.897839588757
5462.49167412 -29.6272837331 0.99202285881 5800.0 0.99202285881
-5193.34961498 71.8082605602 1.02230078752 5000.0 1.02230078752
-5388.5892051 -13.566526911 0.945061796524 4400.0 0.945061796524
-3016.21428411 44.8479389719 0.978531541527 5800.0 0.978531541527
-2720.55315816 -67.8876851657 0.897376077116 4800.0 0.897376077116
-6895.59442844 -45.4162243278 1.01607968575 2400.0 1.01607968575
4699.32860355 -37.7710771452 0.985254789333 1400.0 0.985254789333
899.916027302 -30.8985171676 0.891693452808 5400.0 0.891693452808
-2519.72466629 40.9441632403 0.989959563344 4200.0 0.989959563344
1790.14703793 -52.4522648114 0.93208038006 5200.0 0.93208038006
5744.81294217 89.8222903002 0.994671631731 7400.0 0.994671631731
-6129.79615475 65.3800167834 0.984667709107 3000.0 0.984667709107
-6519.35269762 81.964785251 1.01619283472 2200.0 1.01619283472
-5169.61407316 -5.74051366511 0.850990050455 5000.0 0.850990050455
-933.639097048 29.6590670992 0.896524467323 4800.0 0.896524467323
6012.52020255 -61.1330145044 1.02323992792 2400.0 1.02323992792
2490.32760138 -24.2900882312 0.936025188393 4600.0 0.936025188393
7248.21399606 87.5436556897 0.988934323882 5000.0 0.988934323882
-2465.89564476 38.5155665051 0.870584460001 4800.0 0.870584460001
5273.08856726 34.9876473992 0.921243898593 6000.0 0.921243898593
-656.966166392 59.0927091565 0.98227597496 5000.0 0.98227597496
-6153.46069835 40.2323481188 1.16883388252 5600.0 1.16883388252
-1840.19269763 -33.9694272823 0.808664019454 5000.0 0.808664019454
379.24362742 -52.4922510348 0.884803562518 5000.0 0.884803562518
-2297.44281753 45.7977942716 0.947999665106 4800.0 0.947999665106
-4113.16456503 -73.4215581158 0.996058859593 1000.0 0.996058859593
5352.57103972 -3.74558762734 0.945310141346 5000.0 0.945310141346
453.222416935 -62.8555145907 0.96953624088 5200.0 0.96953624088
375.5118559 -12.1193829422 0.873983018969 5000.0 0.873983018969
4664.89236413 -41.1617887518 1.00250950202 5200.0 1.00250950202
84.8433515067 3.34054168504 0.871875978326 5200.0 0.871875978326
-1728.45436163 23.5740435216 0.87957043353 5000.0 0.87957043353
-2672.97914493 14.6951654848 0.901649181936 5200.0 0.901649181936
5954.2462731 6.46558465837 1.00561179895 4000.0 1.00561179895
-1624.77539479 45.5739074001 0.948743115475 4800.0 0.948743115475
3183.84023431 32.0418273624 0.888004123193 5000.0 0.888004123193
-4786.92496343 -63.6325150093 1.00525395679 1400.0 1.00525395679
5727.74219042 -4.94617241741 0.954751572793 5200.0 0.954751572793
-7970.53571742 11.8269727322 0.992703322625 5600.0 0.992703322625
6524.04987865 -3.97339956221 1.01240128451 4400.0 1.01240128451
3800.45219041 2.7138415222 0.820567113089 5000.0 0.820567113089
1770.46514332 -71.0522179663 0.91795293558 7400.0 0.91795293558
-5969.70190714 42.127794022 1.01848926161 5000.0 1.01848926161
2748.54950908 45.5266830517 1.00705300831 4800.0 1.00705300831
-7634.74035355 41.8779632541 1.0174208203 4200.0 1.0174208203
-2063.37309123 -38.4009109159 0.83667850035 4800.0 0.83667850035
3038.15286141 2.22958024255 0.921719200707 4800.0 0.921719200707
3331.59523324 69.0355518009 1.01844364769 7800.0 1.01844364769
-1948.9124244 43.1046913189 0.931372399081 5000.0 0.931372399081
-5159.18373258 58.1906549855 1.00178202944 2000.0 1.00178202944
3564.8268334 58.2481943026 1.07955458376 3000.0 1.07955458376
-5579.39815096 -26.0927693065 0.919878488503 5000.0 0.919878488503
3779.89792347 36.3273839755 0.931289556049 2200.0 0.931289556049
-3356.00358866 42.0602237875 0.933138241901 4800.0 0.933138241901
-5440.26298605 -38.0921833565 0.95553562573 5000.0 0.95553562573
-4262.8061215 -50.4871484341 0.967824162153 4800.0 0.967824162153
3741.50625396 4.31248326071 0.900316623851 5400.0 0.900316623851
7241.21147124 -61.20515843 1.06453040353 7200.0 1.06453040353
-325.190926462 -14.0399398946 0.875516440667 4800.0 0.875516440667
-3953.10525069 -19.4651869951 0.850513523018 4800.0 0.850513523018
2332.63188325 55.5710093736 0.955095802436 7800.0 0.955095802436
6682.10363763 -45.7908057567 0.989161239967 5000.0 0.989161239967
-1338.18631131 -51.4153924089 0.897447887358 5000.0 0.897447887358
-34.7046005142 -7.19600877024 0.844358959137 5000.0 0.844358959137
3688.76292119 -33.302473359 0.925840551232 4400.0 0.925840551232
7916.97646397 -12.3538754359 1.01682517882 4800.0 1.01682517882
6912.80089807 57.4049799032 0.975387725795 600.0 0.975387725795
4041.8166889 -64.4912103557 1.01158895066 2200.0 1.01158895066
2715.08157704 65.9311074131 0.998142742502 5000.0 0.998142742502
-915.296412448 -63.5414313934 0.926061865893 5600.0 0.926061865893
7001.08934174 73.0842845371 0.997681501507 3800.0 0.997681501507
5050.06142012 -53.0148596323 0.98097178765 5800.0 0.98097178765
6006.8417861 -47.7208783172 1.00067412814 4400.0 1.00067412814
-6356.43243044 -50.264380764 1.0026161457 5600.0 1.0026161457
344.902570481 19.7557563896 0.888725016588 4800.0 0.888725016588
-4591.58400951 -73.2115774181 0.981390456949 1600.0 0.981390456949
7962.24523284 58.7615578705 1.03882989474 4200.0 1.03882989474
-5257.89597659 29.1184705961 1.02580619914 1200.0 1.02580619914
-6901.41367054 -53.2277105295 1.05039784685 4400.0 1.05039784685
-5643.96671053 6.44071684841 0.961686412708 5000.0 0.961686412708
350.754933271 -46.6359957336 0.945416370274 600.0 0.945416370274
5862.5378595 6.67114908979 0.973446544319 5400.0 0.973446544319
3365.29147888 10.4375127959 0.924516968835 4400.0 0.924516968835
2141.84877536 21.0768689586 0.912546146159 4800.0 0.912546146159
4571.70600431 -34.0689684411 0.895266421621 5200.0 0.895266421621
-368.639706443 -47.6458985205 0.918413039921 5000.0 0.918413039921
-6986.7477451 -81.2070070167 1.04143311404 5000.0 1.04143311404
-649.598209501 -76.1115144751 1.06655947975 7800.0 1.06655947975
-5128.37350172 7.18664416517 0.998186411135 5200.0 0.998186411135
-5246.71651929 -54.9449804354 0.99663917341 2200.0 0.99663917341
-5480.31101003 21.9285608146 1.00917948828 1400.0 1.00917948828
-4967.25459055 66.0538126934 1.0150038011 5200.0 1.0150038011
-6712.98639396 -1.09636003888 1.03781352685 5400.0 1.03781352685
-3813.86486657 50.2508981902 0.999743531449 1400.0 0.999743531449
-3305.70671397 14.6634009419 0.944284405474 5000.0 0.944284405474
-3808.22405604 -7.01853395273 0.927522407974 4800.0 0.927522407974
-7648.9180724 -45.4796057615 1.05877687581 600.0 1.05877687581
-457.202853633 8.85725748254 0.869041597004 5000.0 0.869041597004
-3585.66266168 23.7830716863 0.911661311017 5000.0 0.911661311017
-4470.12758646 -35.0402819569 0.942846670782 5000.0 0.942846670782
5404.16449419 51.3987282351 1.0798712053 4800.0 1.0798712053
-5850.12619933 12.0026932471 0.935692931026 5000.0 0.935692931026
1230.0248246 -54.9758934719 0.932987638888 5000.0 0.932987638888
-1386.37616207 -34.8482944981 0.876142426137 4800.0 0.876142426137
5832.04949547 -63.0064875687 0.955582626899 600.0 0.955582626899
-5544.26176254 -65.823288803 0.996043572069 1200.0 0.996043572069
-8410.66358597 29.4933280392 1.01397988831 5600.0 1.01397988831
359.779454613 -32.9601529845 0.934422296736 4600.0 0.934422296736
3103.22468206 -36.4848211243 0.981460741771 1000.0 0.981460741771
-831.509038703 8.84310300452 0.850809294462 5000.0 0.850809294462
4236.20194639 -59.0893638924 0.985203765017 4600.0 0.985203765017
3559.02335465 49.1703055307 0.992582384958 7600.0 0.992582384958
-507.865901704 5.16219315488 0.868702215108 5000.0 0.868702215108
666.06101971 58.9268772498 0.97913515545 2400.0 0.97913515545
4774.99806597 -60.009639876 1.00165508471 4800.0 1.00165508471
-4928.27390334 4.74677325165 0.937482477768 4200.0 0.937482477768
-867.528967417 -2.88429698204 0.86664355738 4800.0 0.86664355738
1102.07084068 50.0228112733 0.958379281718 6600.0 0.958379281718
3944.0516303 -21.6969524991 0.868930787804 5000.0 0.868930787804
-7302.84846635 84.4125853857 1.04076421679 5400.0 1.04076421679
4150.59568018 8.27344359913 0.900185008451 4000.0 0.900185008451
3788.38868333 49.5004432019 0.922803142155 3000.0 0.922803142155
-2616.22303188 78.4039931242 1.02799079337 7600.0 1.02799079337
-4488.91140485 84.2839275144 1.02824468062 5200.0 1.02824468062
-48.6308625994 -46.1890139928 0.901410050928 5000.0 0.901410050928
-5482.75020053 27.1953542978 0.976893844208 4800.0 0.976893844208
2922.48129855 5.76097589079 0.910008426196 5000.0 0.910008426196
-5044.13732444 -63.1593955858 1.00904007759 1400.0 1.00904007759
-5963.77719572 -68.0546646357 1.00786256899 1600.0 1.00786256899
1691.71472312 -80.3514633468 1.03411503946 800.0 1.03411503946
3048.86053086 -11.2243491882 0.899582358407 5000.0 0.899582358407
6114.55693442 22.3604362634 0.96006363268 1000.0 0.96006363268
3467.88502312 -48.8605812971 0.918634788697 2600.0 0.918634788697
490.591481273 -21.4643667366 0.90893534374 4800.0 0.90893534374
-6716.94973286 -16.9236460894 0.899597541254 4200.0 0.899597541254
3007.47207592 42.214273575 0.954393396323 600.0 0.954393396323
7547.04494975 12.0970377625 0.989424240163 4800.0 0.989424240163
6302.05741372 -19.4807532929 1.00366970551 5400.0 1.00366970551
-3295.4780698 32.0225419272 0.871905523969 5000.0 0.871905523969
-4541.82687829 -28.1108045426 0.981683999722 1000.0 0.981683999722
-7555.55909592 45.8858554264 1.01208509204 2800.0 1.01208509204
-830.023125595 63.2794698983 0.917759926553 4800.0 0.917759926553
6908.38508541 -55.4807228324 1.01864837582 6000.0 1.01864837582
5495.29906172 38.5526722716 0.896392792153 4800.0 0.896392792153
-3359.98782456 66.4713597308 0.973257294646 4800.0 0.973257294646
-6657.74177075 62.7631531999 1.11367235202 2000.0 1.11367235202
3782.12490122 -79.141822704 1.04424768564 7400.0 1.04424768564
6463.14732863 18.3816722514 0.905563181978 5000.0 0.905563181978
3772.50826493 86.8825499879 0.980742044655 4800.0 0.980742044655
2891.39575072 -4.13005344813 0.869469121908 4800.0 0.869469121908
-8201.1059473 64.3435949292 1.02417590489 4400.0 1.02417590489
6700.17406963 -15.9021170757 1.06942976535 1000.0 1.06942976535
-247.809477069 23.4403145997 0.914060112942 5000.0 0.914060112942
-7583.88259499 -10.9421661556 1.026890937 5200.0 1.026890937
-3498.43455298 -46.8540037824 0.913845878803 4800.0 0.913845878803
-2044.97653199 3.65389455042 0.796866972099 5000.0 0.796866972099
-6630.6332427 -71.9570320806 1.23263181819 600.0 1.23263181819
5529.26780172 65.1887954918 0.990991456841 4200.0 0.990991456841
-7289.75143753 40.9347768723 1.08161853756 4200.0 1.08161853756
-3689.65373046 -14.3516838857 0.870239788775 4800.0 0.870239788775
-1403.23245252 -63.0735101729 0.895826200308 5000.0 0.895826200308
-4780.63661717 42.004988198 0.970211907664 600.0 0.970211907664
-2675.53688639 14.4712445946 0.919333185726 5400.0 0.919333185726
-4212.13196518 -36.0122434664 0.960952312458 600.0 0.960952312458
-3060.29016318 10.9660727891 0.862583294987 5000.0 0.862583294987
-7315.87689273 -15.4256298942 1.02032364463 5600.0 1.02032364463
-3484.3486657 10.3129930539 0.853707387008 4800.0 0.853707387008
-3585.50683501 -23.7721579746 0.929348463359 4800.0 0.929348463359
-2001.5226359 -41.7578403712 0.924591511254 5000.0 0.924591511254
1011.50095645 -22.8915539432 0.88200419396 5000.0 0.88200419396
-3812.80043817 73.8508178792 1.01132419348 5800.0 1.01132419348
549.541540727 -4.48938586703 0.892407758894 5000.0 0.892407758894
2557.8928444 -29.5538908349 0.914473506904 4200.0 0.914473506904
-5210.8361158 23.405143333 0.908470167795 5000.0 0.908470167795
-6050.87826608 80.5215670049 1.00481153787 2600.0 1.00481153787
5002.61800809 -87.1970698037 1.00706794547 7800.0 1.00706794547
-5629.04896585 9.76355239744 0.9216396404 4600.0 0.9216396404
-198.679149821 -20.233825211 0.905226330467 5000.0 0.905226330467
-4031.0187519 -76.0230828018 1.02890701067 1600.0 1.02890701067
7594.50909144 4.53902147342 1.01390672176 4600.0 1.01390672176
524.743702566 -68.2043927575 0.895520416406 5200.0 0.895520416406
-5186.03697305 -28.8522863759 0.983979608233 1800.0 0.983979608233
-1565.16519086 38.7986646303 0.944753699774 5000.0 0.944753699774
-1169.46810787 43.4096132619 0.957704789233 600.0 0.957704789233
-5650.47918905 17.3526323824 1.00124300423 5000.0 1.00124300423
4891.53670096 -35.7968829356 0.984293157295 4200.0 0.984293157295
-118.16274491 -14.7875049551 0.891089429586 5200.0 0.891089429586
-3459.20602011 45.4385391299 0.95358051492 5000.0 0.95358051492
-85.2859073087 -27.3143751356 0.91241510916 5200.0 0.91241510916
3054.27324368 -13.9252636718 0.883229777151 5000.0 0.883229777151
-6724.44623348 9.25010753556 1.02573580919 5000.0 1.02573580919
-7194.24577092 -45.2636398845 1.04196567115 3000.0 1.04196567115
7071.40006286 -28.7585619035 1.18180637856 600.0 1.18180637856
-742.734722714 -22.9521767225 0.88320819735 5200.0 0.88320819735
4173.76700357 -57.8009233493 0.947719329605 2200.0 0.947719329605
-6701.53513274 18.1295333229 0.996148701374 5000.0 0.996148701374
-548.88247392 60.9101160165 0.948978882963 7200.0 0.948978882963
-6716.78662079 34.8322819926 0.992219610021 4800.0 0.992219610021
4047.26315756 20.940981439 0.899274070199 5200.0 0.899274070199
-5731.32955691 -39.066196701 0.960400827273 5600.0 0.960400827273
4106.33059277 -44.8716384879 0.93239965068 3800.0 0.93239965068
4550.45298292 9.13156818425 0.872613667236 4800.0 0.872613667236
-481.986403411 77.4048712604 0.979729951536 7800.0 0.979729951536
760.452263375 21.6069219046 0.865171237655 5000.0 0.865171237655
-4815.80879753 -9.89530130563 0.893460226457 4800.0 0.893460226457
366.512373512 -52.4186660802 0.924692265632 5400.0 0.924692265632
-466.234906825 19.3913067363 0.872370317135 5200.0 0.872370317135
7428.12888828 -11.0272437583 1.00612170767 4600.0 1.00612170767
-7333.81884375 34.5863888054 1.01153288423 1200.0 1.01153288423
-4819.0552471 -50.1971678518 0.975903618589 600.0 0.975903618589
-5014.37453583 58.0840172877 1.12819320892 1200.0 1.12819320892
924.442676892 -40.5467588941 0.845085008906 5400.0 0.845085008906
-6960.32237218 -71.9319449258 1.03301697205 1200.0 1.03301697205
-4035.61412563 0.945046456077 0.99206291688 4800.0 0.99206291688
4099.67897033 27.46027461 0.919594219859 5000.0 0.919594219859
-4434.44053643 -47.116472184 0.980846437673 5200.0 0.980846437673
2411.40535698 52.3419488982 0.980515727308 600.0 0.980515727308
-5836.38009531 44.5568720611 0.97437614668 4400.0 0.97437614668
2293.01623287 -1.74440545719 0.8743460446 5000.0 0.8743460446
3715.07346614 -51.1726473858 0.978258575309 5000.0 0.978258575309
2992.10112282 36.341211634 0.94337517886 600.0 0.94337517886
876.766047472 65.2520105612 0.944966947043 1600.0 0.944966947043
-6801.34946458 -47.0865814613 1.05157576882 1200.0 1.05157576882
-3772.49971592 -23.8444642083 0.836209943823 4800.0 0.836209943823
-5815.10866621 -46.7776228266 0.935357782948 4800.0 0.935357782948
138.217798969 13.44206969 0.877709026619 5000.0 0.877709026619
7535.28691466 -21.2704108278 1.00827062789 7800.0 1.00827062789
4211.21109946 7.81432090585 0.907587906441 5200.0 0.907587906441
-5995.29242611 -50.789617467 1.08833742313 7600.0 1.08833742313
-6372.53762211 -43.7687646224 1.03626790997 7000.0 1.03626790997
-6851.1832267 -35.4919583763 0.985727606689 4800.0 0.985727606689
6576.1090106 -50.7819461895 1.32150501192 1800.0 1.32150501192
2537.87311496 -50.56609057 1.02522625622 7800.0 1.02522625622
9086.25427796 37.5343457153 1.01437706985 2200.0 1.01437706985
-4485.10006309 45.6883315561 0.870616654327 5000.0 0.870616654327
118.589563353 31.0924218337 0.886454780826 4800.0 0.886454780826
5999.62830488 -72.0818161111 1.04791982113 1600.0 1.04791982113
-5901.96365247 21.8498281433 1.07368876329 5400.0 1.07368876329
-597.625609791 28.5218533194 0.894528904868 5000.0 0.894528904868
2041.50677495 -36.5428705687 0.938066215887 600.0 0.938066215887
-452.315823953 4.91044786777 0.877897164469 5200.0 0.877897164469
8048.70383245 50.176850948 0.994728606894 5600.0 0.994728606894
2729.68631877 7.48377958681 0.904218590001 5200.0 0.904218590001
3465.89661998 -62.9985386543 1.0141980963 4200.0 1.0141980963
8114.00115621 -28.9670886172 1.14588948725 600.0 1.14588948725
2305.67852398 -55.7919681272 0.917366017994 4800.0 0.917366017994
-2774.72025293 78.1240091198 0.993501767239 600.0 0.993501767239
-5792.27588088 -31.7517516211 1.01784368953 1800.0 1.01784368953
4913.57099303 68.6818015718 0.995292009354 800.0 0.995292009354
1555.16512201 50.5676800253 0.97031537889 7000.0 0.97031537889
4605.03082331 -48.0152260024 0.978863426592 1400.0 0.978863426592
6763.15133959 -26.5616491669 1.11079168828 1200.0 1.11079168828
4186.417692 17.3508196196 0.955755062281 1800.0 0.955755062281
2460.92350286 50.2800641426 1.0909865444 7800.0 1.0909865444
-6403.1692003 -67.7636882595 1.13302586957 2600.0 1.13302586957
-2149.06263959 -7.19329820485 0.809396371417 5000.0 0.809396371417
6772.30644728 -18.6306443017 1.038424689 2000.0 1.038424689
-1834.48254657 61.9870204537 0.920882431171 5000.0 0.920882431171
6393.9420078 10.9580893011 0.97744561737 4800.0 0.97744561737
368.481616923 20.6634891831 0.870346370477 5200.0 0.870346370477
-4469.64974705 -36.0303434521 0.890503761155 5000.0 0.890503761155
-3046.10373664 -63.7117627304 0.893534524215 4800.0 0.893534524215
-2154.99438193 48.5097665143 0.892109352711 4800.0 0.892109352711
3276.55242132 60.5149348835 0.962659475386 6000.0 0.962659475386
4258.49436139 -6.65916885582 0.881545699696 4200.0 0.881545699696
3001.75028914 -39.7760890777 0.923530700474 5000.0 0.923530700474
5492.46482916 -74.8633153235 0.987507548403 5200.0 0.987507548403
-2995.91911118 -36.2318616272 0.907061055898 4800.0 0.907061055898
-67.0865082232 27.3995272366 0.94062761174 5000.0 0.94062761174
8652.81402565 -51.5070111535 1.01245912142 3200.0 1.01245912142
3265.48593399 33.1885948523 0.948478436612 3800.0 0.948478436612
1048.80273291 -41.0138113353 0.954378745314 1400.0 0.954378745314
5109.29875518 -61.7222035887 0.969937432936 4600.0 0.969937432936
355.617509422 -62.8937463774 1.02827009165 1600.0 1.02827009165
-6322.74485844 -4.74058917175 0.98812010286 5000.0 0.98812010286
-6229.82595753 -21.5526796016 0.925332377496 5000.0 0.925332377496
-242.103319512 -4.5008031489 0.865385305275 5200.0 0.865385305275
5985.32914139 -21.5917096124 1.01193731971 1800.0 1.01193731971
-4937.46750706 -28.8786356984 0.936689553924 4800.0 0.936689553924
3999.875501 -64.354554362 0.964697837339 4800.0 0.964697837339
6666.67438827 51.5257942159 0.999549916147 7800.0 0.999549916147
572.108976579 -9.67850216054 0.884632047368 4800.0 0.884632047368
417.13979638 57.3127717266 0.940098199827 4800.0 0.940098199827
4133.4106025 12.2904579368 0.872356604982 5000.0 0.872356604982
-6112.84722424 -46.6513639047 0.98814394635 2200.0 0.98814394635
53.3443390436 -74.5701366858 1.0119699703 7800.0 1.0119699703
589.814187769 48.3105366262 0.985482489887 7800.0 0.985482489887
5942.7461892 -42.7208062363 1.02549904892 3600.0 1.02549904892
4283.35920928 83.3703895505 1.00825907993 600.0 1.00825907993
5263.11539051 24.3827568996 0.919340289931 5200.0 0.919340289931
-6218.12264758 -11.7410063059 0.971584269148 4800.0 0.971584269148
-2054.39422242 -36.4842853633 0.872323349422 4800.0 0.872323349422
-4890.69461073 17.7180881821 0.951601232281 4200.0 0.951601232281
-1870.83481758 56.8581117039 0.9727868506 5000.0 0.9727868506
-5099.49098457 87.731090048 0.99751744629 5200.0 0.99751744629
-724.556490346 -59.8315737548 1.0017928534 600.0 1.0017928534
9.57950018397 -28.1000155988 0.923754657659 5000.0 0.923754657659
3954.20523693 54.4519447115 1.0356686473 4400.0 1.0356686473
6652.17028231 4.69730221057 0.959073659132 3800.0 0.959073659132
-1354.5953938 -63.4097745361 1.0171586566 7800.0 1.0171586566
5510.86455468 17.9315704341 0.893809943866 5000.0 0.893809943866
822.681788841 -26.9323792791 0.904734238426 5400.0 0.904734238426
-530.947977397 75.595898544 1.01093100301 7800.0 1.01093100301
-6774.88602266 -42.4301022471 1.01620745007 2000.0 1.01620745007
2762.2443175 1.37244431044 0.904396381614 5400.0 0.904396381614
4724.04829368 -48.7058568263 0.932118344229 5200.0 0.932118344229
5302.49180859 26.9862138704 0.961775767977 5000.0 0.961775767977
950.527524053 64.2133143628 1.0385045911 7800.0 1.0385045911
-723.541072114 32.2213934571 0.928194497371 5000.0 0.928194497371
4965.41112557 54.5607172084 1.03141741191 1400.0 1.03141741191
-6008.23842631 -18.5822617416 0.98536283749 5000.0 0.98536283749
-5845.59846881 -34.8526742887 0.991606396241 5000.0 0.991606396241
-3553.61035186 -33.9110215394 0.943966665343 5000.0 0.943966665343
-6775.69235798 -44.179642627 0.997813090478 600.0 0.997813090478
640.665921575 21.9005743068 0.917334506915 5000.0 0.917334506915
-2284.23130648 -47.2923702283 0.881769248289 4800.0 0.881769248289
5558.93466212 14.6361420216 0.877044118075 4800.0 0.877044118075
4809.36775706 35.4167622275 0.96311656457 2600.0 0.96311656457
7284.34947089 -23.0810575792 0.950541921881 4800.0 0.950541921881
-2864.59433559 43.0512900713 0.958672716709 600.0 0.958672716709
5130.98159794 33.7962844044 0.986016269242 4000.0 0.986016269242
-1365.31207119 62.8412750163 0.999757467807 600.0 0.999757467807
4624.98943443 -54.0123313978 1.02929385785 1400.0 1.02929385785
2689.36127092 46.202183486 0.977145716072 6000.0 0.977145716072
-861.932795655 15.697824677 0.874021778135 5000.0 0.874021778135
-2306.64261295 22.2449362882 0.852528187226 4800.0 0.852528187226
-2670.9081506 14.2402947468 0.836094897898 4800.0 0.836094897898
-6569.60443232 1.42445919456 1.0174592468 4800.0 1.0174592468
6812.60929335 -70.713974588 0.990630705058 5800.0 0.990630705058
1524.92818751 -2.74138965792 0.847076919148 5000.0 0.847076919148
1275.34779113 -8.6982104362 0.855324853458 5000.0 0.855324853458
-4251.51718377 -3.28442373514 0.858555379485 4800.0 0.858555379485
-5714.04168831 5.54136226269 1.00315282906 5000.0 1.00315282906
-1422.00810814 66.304630678 1.0295777576 5400.0 1.0295777576
2650.26312855 45.9032438652 0.944439400339 5000.0 0.944439400339
-7034.42924444 -31.3177828715 0.97042325813 5000.0 0.97042325813
3356.00959837 73.303247878 0.993674453804 7600.0 0.993674453804
-4314.98040565 15.3657177293 0.885453571222 4600.0 0.885453571222
-1668.31941139 21.6928558811 0.844722654218 5000.0 0.844722654218
-722.182314241 -89.4585071333 1.04269731439 800.0 1.04269731439
6112.70146735 54.6521524204 0.969487039861 600.0 0.969487039861
7389.2537767 -66.5175746569 1.23301733767 2200.0 1.23301733767
4319.37763676 -15.3487811335 0.910369277352 4800.0 0.910369277352
-2637.68669749 -46.8959599642 0.952694438784 5000.0 0.952694438784
3745.97032303 -55.6356376288 0.93326534046 3000.0 0.93326534046
-4382.75546982 58.0352245671 0.990564179508 600.0 0.990564179508
-2589.03457986 22.2700530032 0.837456240361 4800.0 0.837456240361
1565.73396106 -4.429974325 0.857907148058 5200.0 0.857907148058
5903.29235076 31.928258202 1.00730284297 600.0 1.00730284297
-4122.026553 -15.2897122974 0.825884931519 4800.0 0.825884931519
-5145.83326493 -56.578444176 1.02925843592 1000.0 1.02925843592
6539.18439461 -11.1351536999 0.968139547675 4800.0 0.968139547675
-2265.48678126 33.7550215302 0.844814532343 5000.0 0.844814532343
-5975.82811921 -45.3739039642 1.01916330288 4600.0 1.01916330288
-1174.41833477 -17.9883339276 0.889375054008 5000.0 0.889375054008
-1093.32054596 -39.4335585443 0.892330552536 5000.0 0.892330552536
-4916.60926746 -82.9973252903 1.01231035418 1000.0 1.01231035418
5889.99541583 -24.8509676513 0.983913843586 4600.0 0.983913843586
8065.38884828 -6.38235765188 1.13559612736 800.0 1.13559612736
-3425.36779303 -63.8543659885 0.980868678287 4800.0 0.980868678287
-4301.88969497 22.8639086067 0.907446351043 4600.0 0.907446351043
655.297107508 -73.2563538698 0.979048791395 5000.0 0.979048791395
105.792364001 67.0892304862 0.988899676818 600.0 0.988899676818
-5608.97377374 14.9525149151 0.908844295037 5200.0 0.908844295037
-3240.68343974 78.6719162845 0.976215213628 5800.0 0.976215213628
2927.14151516 5.98084025217 0.863368495032 4800.0 0.863368495032
166.554989198 -38.1254956862 0.955370154501 4600.0 0.955370154501
5212.09255445 69.2325574705 0.998071283708 2200.0 0.998071283708
-2874.76681957 -21.2798516601 0.855778629365 5000.0 0.855778629365
-6641.31991871 37.1225066248 1.02278150385 2600.0 1.02278150385
-4979.47900091 5.14772374232 0.981743726068 5000.0 0.981743726068
3101.07749149 -9.77202720297 0.878289812562 4600.0 0.878289812562
-5871.14950774 -78.4702777027 0.996019601727 600.0 0.996019601727
-2918.51008516 13.9293112099 0.817686933665 4800.0 0.817686933665
1085.63387752 -45.3064033239 0.893818386176 4800.0 0.893818386176
-5872.73371733 -11.7320531639 0.904904483305 5400.0 0.904904483305
-3714.29845933 32.058759524 0.923343243275 5200.0 0.923343243275
-2617.95071259 12.9151694809 0.836852994416 4800.0 0.836852994416
246.791112453 -89.8168548533 1.07393661969 7800.0 1.07393661969
-6742.5365236 21.2032440082 1.05387710525 5600.0 1.05387710525
613.058693893 20.3706929867 0.902944335279 5200.0 0.902944335279
4733.88363255 -23.7767754343 0.963340024388 4000.0 0.963340024388
1238.81762449 24.2036650706 0.92865281026 4800.0 0.92865281026
7021.57172128 34.3494090491 1.05638207912 5600.0 1.05638207912
-519.000686879 -66.3075856141 1.07118028188 7800.0 1.07118028188
-4898.43588528 -1.64855430629 0.954782147141 4800.0 0.954782147141
-1138.83888434 55.9682444648 0.868513371517 4800.0 0.868513371517
-1387.37223915 36.8102876916 0.848341694241 5000.0 0.848341694241
-3602.85945553 -2.74158453973 0.85469844966 5000.0 0.85469844966
5106.30186808 -53.3960776485 0.923755561601 4800.0 0.923755561601
-6650.06094734 20.9693771019 0.955943879231 4600.0 0.955943879231
-5147.04290267 71.9968294156 0.98466006907 4200.0 0.98466006907
5035.10325404 87.0800532916 1.11626916915 1000.0 1.11626916915
1742.07941995 45.5978070817 0.909011355145 7200.0 0.909011355145
6769.5328287 79.7859941003 0.938718185931 4800.0 0.938718185931
-312.093816707 69.4736897268 1.04580618516 7800.0 1.04580618516
184.535549928 -9.31938209475 0.856072340095 5000.0 0.856072340095
-1734.11039234 -47.5352159461 0.949203077924 600.0 0.949203077924
-6440.78893712 68.9332723567 0.985909500441 600.0 0.985909500441
5107.37836205 -15.8281461088 0.983016981666 4200.0 0.983016981666
4610.50090172 23.4076273997 0.937785788786 4800.0 0.937785788786
1082.10941441 -68.6859831633 1.02940655762 1600.0 1.02940655762
2453.4868325 -66.7686620919 0.983784900737 7000.0 0.983784900737
846.879285594 37.4265882981 0.913291138645 4800.0 0.913291138645
8546.43402898 -55.2298817186 1.12724465522 4600.0 1.12724465522
200.069901345 -57.032605602 0.911825720498 4800.0 0.911825720498
2705.37145051 -42.4279017934 0.98074337757 5600.0 0.98074337757
2622.36723959 -24.0137626797 0.94378833717 5000.0 0.94378833717
-4391.41361084 5.15286817914 0.837948519271 4800.0 0.837948519271
540.623043569 -70.0680435488 1.03649954509 7800.0 1.03649954509
6264.51089829 77.7953782398 0.98553110759 3600.0 0.98553110759
-1495.40372229 45.7980011455 0.968909636283 4600.0 0.968909636283
4529.8027808 -68.7263365712 0.955209761187 4000.0 0.955209761187
2304.47167688 -39.6237866769 0.945564906756 600.0 0.945564906756
1912.87021622 26.3786006043 0.923633061812 4800.0 0.923633061812
-3009.68274758 -10.5292951432 0.87783309531 5000.0 0.87783309531
-4995.16393359 41.3387943034 0.889546081355 4600.0 0.889546081355
-4008.14924793 -1.1525736713 0.829228203634 4600.0 0.829228203634
7639.99997247 -22.1918476205 1.07005356187 4000.0 1.07005356187
-7283.63492679 -43.7619000662 0.994452468616 4800.0 0.994452468616
-3879.18634989 -68.3466328134 0.903321293661 5000.0 0.903321293661
-5628.27653995 88.255433238 0.996895916071 4400.0 0.996895916071
-3846.29538181 -40.4352621813 0.937469996505 5000.0 0.937469996505
-5867.47042582 58.2308502165 0.991256181831 1000.0 0.991256181831
-3905.73478575 56.2405744259 0.952561271554 5000.0 0.952561271554
1315.55001811 11.327828925 0.8710581469 5200.0 0.8710581469
4142.41369153 80.458087722 1.01863608204 7800.0 1.01863608204
3761.766846 -37.2315440673 0.948582743188 4200.0 0.948582743188
4135.68902917 71.0163230946 1.06408822044 6800.0 1.06408822044
-868.987478353 17.4170295043 0.865351419113 5000.0 0.865351419113
98.4296042366 14.3685135557 0.863719044131 5200.0 0.863719044131
2388.11095173 -53.6726108027 0.991229463975 600.0 0.991229463975
-745.49511491 -3.80479842937 0.882172563537 5000.0 0.882172563537
-638.895301926 -2.18598520633 0.892326256688 5000.0 0.892326256688
-4690.51184055 9.53972397924 0.948612249587 4600.0 0.948612249587
589.882251071 -57.6791286268 0.964629415412 4400.0 0.964629415412
-2122.67026261 50.2611664529 0.962534528547 5000.0 0.962534528547
3482.62496667 -9.10240769091 0.923992747786 5200.0 0.923992747786
-6196.45739038 -37.8988689764 1.01311388783 2600.0 1.01311388783
-4985.54052309 9.21619093399 0.957834135126 5000.0 0.957834135126
-1416.4222064 22.6609145848 0.85780649149 5000.0 0.85780649149
6871.53037075 36.7834182937 0.99255487584 1800.0 0.99255487584
8192.02868684 68.6385156876 0.998383368147 6600.0 0.998383368147
-6359.58025239 -67.1303067136 1.43355726944 2000.0 1.43355726944
-4105.98012301 -20.1708427986 0.950668693878 4600.0 0.950668693878
3917.3993054 -26.9812728505 0.865757885315 5000.0 0.865757885315
6692.34327105 60.1816129309 1.00210639248 2600.0 1.00210639248
-5028.55822054 40.3005189218 0.984939598219 1000.0 0.984939598219
-1516.78349059 60.6676894241 1.00586053727 4600.0 1.00586053727
1239.06827476 42.236660583 0.925172023683 4800.0 0.925172023683
2384.13110316 15.068093353 0.916317555675 5000.0 0.916317555675
-6349.75040496 81.4501678897 1.00732240351 2400.0 1.00732240351
-8366.71287379 37.2104456425 1.06614288062 7800.0 1.06614288062
8814.49041584 27.8509715349 1.01232456815 7400.0 1.01232456815
2238.7575878 -47.044117045 0.986005755406 5000.0 0.986005755406
-145.725178707 66.8013196178 0.951070564753 7400.0 0.951070564753
8365.79587964 21.5995295178 1.02614722395 3800.0 1.02614722395
-5497.97781504 -35.6298143285 0.918653451783 5000.0 0.918653451783
-2760.01042813 -13.8959579596 0.813369608214 5000.0 0.813369608214
2272.14231386 42.8750695275 0.982812059662 5000.0 0.982812059662
4886.09173835 -40.2384208551 1.00689482408 4000.0 1.00689482408
7623.90339061 -47.9602788728 1.05777210875 1400.0 1.05777210875
-5222.40117321 -9.08117846365 0.976327777301 4800.0 0.976327777301
7250.21871977 21.426770453 1.03661702986 6600.0 1.03661702986
-4366.68012212 78.2201832464 0.994309267337 800.0 0.994309267337
4968.75323947 -56.1818663304 0.987518921931 4400.0 0.987518921931
625.433368636 21.9112956852 0.887173332383 5000.0 0.887173332383
-5782.34321527 31.3026756072 1.06276776638 4600.0 1.06276776638
8328.5573009 -63.6914062663 1.02337555866 1600.0 1.02337555866
-6275.35766101 -11.0856388557 0.937073430607 4800.0 0.937073430607
7001.05212552 37.2391015834 0.984730943786 600.0 0.984730943786
-5236.64221547 -21.0092277594 0.918034033097 4800.0 0.918034033097
2737.84875565 -77.500695566 1.00517755743 5000.0 1.00517755743
-3784.3216994 80.0745886774 0.999949234184 5600.0 0.999949234184
-3900.37361767 -42.8421749463 0.95789693347 5000.0 0.95789693347
-1106.9587531 -33.8842694441 0.845264466342 5000.0 0.845264466342
-4281.57587221 50.5542464307 0.945739434808 4800.0 0.945739434808
-1077.73614761 75.3972734979 0.978249075869 7600.0 0.978249075869
-7105.43815906 -11.44982605 0.981674364157 5200.0 0.981674364157
2130.33672246 44.1747926767 0.907094367461 5400.0 0.907094367461
-4416.95470943 68.1642834514 0.974383789965 4600.0 0.974383789965
2478.37098663 35.7891283884 0.932366293703 600.0 0.932366293703
341.681243704 -12.7574788955 0.886283153217 5000.0 0.886283153217
4440.73960959 83.5689732655 0.969466085352 800.0 0.969466085352
1904.44182408 -41.192898166 0.912736650109 4800.0 0.912736650109
2721.35058402 20.2198202344 0.884200032388 5000.0 0.884200032388
5960.54710647 23.5234992773 1.02647506338 3600.0 1.02647506338
2675.70345332 -33.6749039143 0.873648479032 5000.0 0.873648479032
5857.27131063 -52.1060777453 1.01436034028 600.0 1.01436034028
-3719.90743183 -27.6164599787 0.831971563326 4800.0 0.831971563326
951.057457394 -55.7022403257 1.04533293015 5000.0 1.04533293015
3189.57036925 82.0045136195 1.0017912502 5800.0 1.0017912502
5149.83815204 -9.03247223785 0.973775361562 5000.0 0.973775361562
-7623.80017644 -65.7708618234 1.10846688231 2200.0 1.10846688231
5631.1280832 54.0676665869 1.002613646 4400.0 1.002613646
-7552.27091178 9.6063567099 0.99909191725 5800.0 0.99909191725
5585.12862997 54.6983946415 0.997530435372 2200.0 0.997530435372
7663.31416973 28.9010467297 1.03881273521 7800.0 1.03881273521
-5170.00971978 75.4114545265 0.995931316551 1800.0 0.995931316551
-6048.64553859 75.775328665 0.969816665041 5600.0 0.969816665041
565.882403755 -22.4698043483 0.914422170597 4800.0 0.914422170597
1155.38872507 23.5821219223 0.896396615957 4800.0 0.896396615957
-5326.45395961 -32.0905071103 0.981306630469 1600.0 0.981306630469
2535.89222595 46.1768030477 1.04166034014 5000.0 1.04166034014
3967.47431503 40.2602894167 0.940994567594 600.0 0.940994567594
-488.533954905 -35.2147058662 0.872501575031 5200.0 0.872501575031
8438.68943578 -82.4462604538 1.06190254421 6800.0 1.06190254421
2503.07662107 16.600285803 0.884242227399 4800.0 0.884242227399
6520.34558465 -49.0496661069 0.993615598984 5000.0 0.993615598984
73.9139674613 27.2771444032 0.894418408753 4800.0 0.894418408753
5871.90855613 3.65264456525 0.962789217564 4800.0 0.962789217564
6707.21889973 32.8620548964 0.995104063345 4600.0 0.995104063345
1853.19013661 15.4138001431 0.864039699307 5000.0 0.864039699307
-2027.5578463 13.7672720276 0.908322964499 4800.0 0.908322964499
5612.54098473 72.7897097986 0.996647810352 600.0 0.996647810352
-7169.39396699 -51.6839763692 1.05531289526 5000.0 1.05531289526
3493.04574015 68.9447396541 0.982560911833 4800.0 0.982560911833
4073.94049888 68.2667120097 1.09353032368 5800.0 1.09353032368
1357.486444 44.8233323283 0.930406788885 4600.0 0.930406788885
-6932.02246144 -40.1562833221 1.04563566605 4200.0 1.04563566605
4529.68922717 -3.52671492144 0.941428393923 5000.0 0.941428393923
9095.38683519 -23.8634185229 1.183244566 7600.0 1.183244566
5752.84709672 34.1856218418 0.936351995768 4600.0 0.936351995768
-4735.00108747 -8.03734292353 0.887228333722 4800.0 0.887228333722
3126.58494528 -30.2427349598 0.924890470631 5400.0 0.924890470631
-1644.67793738 58.9773157365 1.00247701601 6600.0 1.00247701601
-5309.57841543 10.8033088482 0.923031758568 5600.0 0.923031758568
5236.64775103 -12.9835107358 0.930445713649 5200.0 0.930445713649
-1611.00697969 10.8308619617 0.81163516393 4800.0 0.81163516393
-1824.26607459 -7.07720005774 0.877651993571 5400.0 0.877651993571
-1225.73929024 60.3166904332 0.993403716819 5000.0 0.993403716819
-944.953636923 14.0446425181 0.886559727451 5200.0 0.886559727451
-3152.2259504 -2.19876135841 0.799868625919 4800.0 0.799868625919
2166.85648117 -47.0291932602 0.939653278901 5400.0 0.939653278901
-883.096385031 65.160326872 1.06694971026 4800.0 1.06694971026
-1857.30959684 39.489120583 0.910306455111 5000.0 0.910306455111
2710.3069331 -58.2153935515 0.988418645598 5400.0 0.988418645598
2601.31675536 -21.9007949194 0.880585601185 5200.0 0.880585601185
-2501.42848257 -17.7548507753 0.853827744765 5000.0 0.853827744765
5423.753977 60.850768497 1.00708023042 4800.0 1.00708023042
-3383.21962788 -23.1453059474 0.916739280272 4600.0 0.916739280272
-1601.07143403 20.8316342135 0.857191831508 4800.0 0.857191831508
2981.06534495 13.2315152314 0.894527512744 5400.0 0.894527512744
-1961.33879162 21.3175078622 0.857859346205 4800.0 0.857859346205
2705.74316133 12.9320116537 0.84583250454 5000.0 0.84583250454
-1570.1101096 -24.1032041897 0.870569272601 5000.0 0.870569272601
-568.697287081 49.9928175832 0.905209619843 5000.0 0.905209619843
5369.07862936 -24.4574603504 0.96997652232 5200.0 0.96997652232
2238.6896212 31.6562233568 0.963096336493 600.0 0.963096336493
2463.94661626 19.7933618677 0.873007506166 4800.0 0.873007506166
3405.75667313 12.3575979629 0.939638756257 4200.0 0.939638756257
1701.87900563 -76.9623999455 0.89594748245 5200.0 0.89594748245
994.988864236 1.71535554224 0.854303854368 4800.0 0.854303854368
-6823.95316188 50.8711749728 1.35798373586 7800.0 1.35798373586
-211.61369857 86.6912013832 1.00946944436 7600.0 1.00946944436
6706.78578064 15.5814143793 0.920802380338 5000.0 0.920802380338
-4266.37744971 39.8187223443 0.967275778842 4800.0 0.967275778842
6909.37702704 69.2057100416 0.971019412898 600.0 0.971019412898
1993.13092003 -27.3083239267 0.950619552989 5000.0 0.950619552989
6456.53651756 9.93440953349 1.04662940713 5000.0 1.04662940713
-8048.59006635 -42.310148931 1.05555481316 5400.0 1.05555481316
-4862.85479494 -62.7985126842 1.05669009249 1000.0 1.05669009249
-3202.49190275 -68.9514947533 1.02683838117 1000.0 1.02683838117
-3720.85866197 48.5491991919 0.920239703281 5000.0 0.920239703281
-2366.4048572 -33.3338997891 0.821306434328 5000.0 0.821306434328
947.701238562 39.3929298516 0.946814119596 7600.0 0.946814119596
1301.82640218 35.6828622501 0.918319736565 5000.0 0.918319736565
-6935.69118156 -42.9779523939 1.23527273332 1800.0 1.23527273332
-1666.36736481 -7.87894960344 0.805147266463 5000.0 0.805147266463
-2049.40975314 1.99888066355 0.868692641052 5200.0 0.868692641052
-5650.10024261 -14.7571278792 0.981023559833 5000.0 0.981023559833
-7864.2866362 24.2619354042 1.00827302762 5800.0 1.00827302762
-5125.91717485 17.655782603 0.981180106843 4600.0 0.981180106843
-2068.26885649 10.4362616832 0.84188764045 5000.0 0.84188764045
2767.26705352 49.5171996011 0.967168995343 600.0 0.967168995343
6319.45875159 58.3675305378 0.947819042958 800.0 0.947819042958
-719.04997589 32.6399400361 0.865666092351 4800.0 0.865666092351
2830.40061405 54.4932207094 1.00829680346 4800.0 1.00829680346
3245.7967577 -1.12572338199 0.909859879116 5000.0 0.909859879116
-1942.9660141 -12.1658388294 0.844076155516 5200.0 0.844076155516
507.45506448 29.7012442127 0.886937315948 5000.0 0.886937315948
-2455.75595208 67.3516820451 1.06503583518 7200.0 1.06503583518
3223.00220157 -9.6221060019 0.874897658971 4600.0 0.874897658971
574.934636507 -62.6944443953 0.873655005277 4800.0 0.873655005277
825.413123565 70.4662043577 1.0290971799 7800.0 1.0290971799
6619.02498964 49.8751071765 1.00074320325 600.0 1.00074320325
-8626.48411886 76.5287696589 1.04436098028 2200.0 1.04436098028
3549.18413732 -17.1027138968 0.906965698606 3800.0 0.906965698606
1850.31861074 24.2264602553 0.901122790472 5200.0 0.901122790472
4873.52729144 -18.1896833097 0.935943996354 5000.0 0.935943996354
1839.85297408 -6.59582789017 0.8828104465 5200.0 0.8828104465
47.1222601447 43.6845584271 0.937229717589 5200.0 0.937229717589
-238.50890721 8.31818616165 0.835711872343 5200.0 0.835711872343
-1073.99421628 -35.4316246797 0.926001102256 800.0 0.926001102256
1596.79641357 -6.48518444821 0.866817319084 5000.0 0.866817319084
5672.60583119 35.4801451108 0.978317187299 4200.0 0.978317187299
-9491.59878724 -24.9822701615 1.0352645747 5600.0 1.0352645747
-2255.14365749 24.8389409079 0.885496259167 4800.0 0.885496259167
-2836.75865112 26.0359121424 0.838171718042 5000.0 0.838171718042
4594.41049872 8.43922077976 0.917588301126 5000.0 0.917588301126
5056.71701076 68.5318790552 0.970270841991 5200.0 0.970270841991
-3992.48847655 -38.2010099443 0.96783964956 4800.0 0.96783964956
-6902.93068877 -16.496383189 0.973784674759 5200.0 0.973784674759
1571.21321161 -8.40683358937 0.862926313096 4800.0 0.862926313096
-115.95618106 -1.12745021876 0.822955236466 5200.0 0.822955236466
1215.00642449 26.4251540957 0.928556749047 5000.0 0.928556749047
7890.10896158 -36.2913095947 1.06756710624 1800.0 1.06756710624
-4588.92632893 44.2498261679 1.00373340723 4400.0 1.00373340723
-4671.33064968 -42.2793802656 0.971700713175 5000.0 0.971700713175
5137.30938589 -34.7955870336 0.952051177409 4800.0 0.952051177409
6552.88956675 69.6368587116 0.984764939178 600.0 0.984764939178
4936.90791473 -36.1892478424 0.971100149727 5200.0 0.971100149727
-3925.41472858 7.46665499735 0.857760003261 4800.0 0.857760003261
1332.89404144 4.67292437133 0.894208209232 7200.0 0.894208209232
6911.51400216 -30.2243928128 1.01539011675 4200.0 1.01539011675
-2264.24353531 31.7500888282 0.890602155434 5000.0 0.890602155434
-6961.54248925 -33.8987119462 1.00050904462 5200.0 1.00050904462
3437.62480814 -61.6845254047 1.05095199495 5400.0 1.05095199495
5310.21468096 72.1149205472 1.00276861757 2000.0 1.00276861757
2661.5869769 -43.0420608889 0.993397801286 5200.0 0.993397801286
5495.19398194 -49.1810688604 0.934277566687 800.0 0.934277566687
-6743.37195555 39.4080791795 1.04077864917 5200.0 1.04077864917
-3017.26981661 -51.2358675207 0.994206584344 3600.0 0.994206584344
4291.37212101 -40.384135802 0.994977740505 4600.0 0.994977740505
38.7980497101 8.4845751376 0.873668436774 5200.0 0.873668436774
5552.98648727 -13.4808753113 0.962166765681 7800.0 0.962166765681
-203.180968708 -63.2299821753 0.987003009043 7600.0 0.987003009043
6307.35315435 34.8040464011 1.00195390138 5000.0 1.00195390138
6297.10513047 44.108490258 1.0447227773 5200.0 1.0447227773
2510.00192841 4.74347791649 0.898953161756 5000.0 0.898953161756
-1682.66580015 -21.9920777416 0.876135096009 5000.0 0.876135096009
-1541.42656353 45.1297513172 0.97781166312 600.0 0.97781166312
6281.14305283 33.53592834 1.04130867236 4800.0 1.04130867236
7211.6888913 -16.5610019732 1.04251561645 5000.0 1.04251561645
7776.43894259 82.5033809493 1.04800885795 4800.0 1.04800885795
-5063.87793811 71.2819063744 1.01467609973 4600.0 1.01467609973
8691.78673543 39.7237262322 1.09416399414 1600.0 1.09416399414
4655.17421666 44.8439959706 0.978062212615 2600.0 0.978062212615
-2377.18141114 -35.5467816901 0.806882276546 5000.0 0.806882276546
1023.56542577 66.2119404708 0.981410672361 7800.0 0.981410672361
-659.912911393 -7.66582877846 0.844049456672 5000.0 0.844049456672
4340.07031416 65.1775608225 1.00223396434 4800.0 1.00223396434
3627.84519354 -47.5118325742 0.93181039923 600.0 0.93181039923
-7060.44696301 82.2111188631 1.01266039029 3400.0 1.01266039029
-2867.11849624 -7.55578495485 0.785259744217 5000.0 0.785259744217
3524.62289052 -3.58122678358 0.955267276905 4400.0 0.955267276905
1188.70699473 -41.5194617663 0.976436713131 4800.0 0.976436713131
9636.16048105 58.185024889 1.00645260968 4200.0 1.00645260968
6750.41526468 32.7018177004 1.05020504804 1400.0 1.05020504804
-6597.84549451 23.2945053046 0.972971607181 4400.0 0.972971607181
-2733.05637488 32.8388817721 0.895697234832 4800.0 0.895697234832
-7946.51186569 -11.6608284759 0.975454171288 6000.0 0.975454171288
2925.38302691 41.5599648259 0.954895405697 600.0 0.954895405697
168.454464287 -68.1655550879 0.988614073493 5200.0 0.988614073493
-336.599789531 -60.0246227432 1.03402338916 1000.0 1.03402338916
-2188.83097062 23.6939667895 0.839205879363 5000.0 0.839205879363
-4093.70573438 -33.9071653577 0.862086670222 4600.0 0.862086670222
-7451.29947376 -68.3406445032 1.03960817416 5600.0 1.03960817416
4321.04066266 -13.7192137364 0.903932872919 5000.0 0.903932872919
-2444.35094151 -73.2749630856 0.910198906948 5000.0 0.910198906948
-362.495663 -0.907664956244 0.845272476116 5000.0 0.845272476116
3398.95872448 -41.9537152278 0.98391359675 5400.0 0.98391359675
522.839065597 29.0687054415 0.942116779054 600.0 0.942116779054
-7579.81175127 14.8502736498 1.02912144011 5000.0 1.02912144011
6123.94810516 41.3187566235 0.944528972499 600.0 0.944528972499
4720.7535395 15.9256294112 0.934452027894 5000.0 0.934452027894
-1603.40438862 -37.4893260897 0.903590269975 5000.0 0.903590269975
-5419.74316794 5.17672919827 0.948807651899 4400.0 0.948807651899
3155.12157595 -0.790859471873 0.875590390775 5000.0 0.875590390775
2042.95532495 -79.9103929882 0.990896414893 7600.0 0.990896414893
3700.6168923 -13.4140954172 0.89686441911 3800.0 0.89686441911
-6174.53104452 3.69232937035 1.01477240197 5000.0 1.01477240197
5154.20994191 35.6249643495 0.982186502564 5000.0 0.982186502564
151.516451587 42.3759917387 0.937841719543 5000.0 0.937841719543
6706.6715543 -2.08360011526 0.966810879539 4600.0 0.966810879539
-5815.46830752 -8.06345717126 0.921801550092 5000.0 0.921801550092
-6448.79759165 -9.14746066299 0.98437610342 4800.0 0.98437610342
6525.73042822 -54.8927804032 1.00715251557 1600.0 1.00715251557
6833.45722334 55.919129637 0.987308217703 3200.0 0.987308217703
6289.90884366 -21.1688812353 0.955676382808 4600.0 0.955676382808
4388.61638602 -38.9303621871 0.939981998343 3600.0 0.939981998343
-1054.67710533 -23.6941523179 0.859750022037 5000.0 0.859750022037
-6397.06931129 36.5479481055 1.04212685949 5400.0 1.04212685949
-2582.12155676 -4.31195314311 0.899352431653 5400.0 0.899352431653
1751.97030463 -27.0926878337 0.899173546833 6600.0 0.899173546833
-1067.1399231 -17.730502029 0.856307748142 5000.0 0.856307748142
7964.15788149 -36.0991550481 1.16165583038 1800.0 1.16165583038
-636.84471591 3.06926626251 0.831620596451 5000.0 0.831620596451
-481.732841925 44.2781160414 0.986318101617 800.0 0.986318101617
-4906.93909187 -31.0392176247 0.962489996746 4400.0 0.962489996746
311.008439479 -23.7445306055 0.882789353822 5600.0 0.882789353822
-782.891213906 -30.7649764822 0.870584052664 4800.0 0.870584052664
-5928.52049425 54.9179872472 0.991988803576 5200.0 0.991988803576
9229.43734243 -46.2398882186 1.10781151411 4800.0 1.10781151411
-8402.17706446 72.3881628438 1.10608934645 3000.0 1.10608934645
-6298.833464 19.0191223852 1.06063252361 6000.0 1.06063252361
960.809469569 22.2650583837 0.884219331225 5200.0 0.884219331225
-4741.21749566 -68.7993854984 1.02438830649 800.0 1.02438830649
5111.25582999 52.5286913782 1.16714916407 2800.0 1.16714916407
1583.9802803 -11.6135909297 0.867668597256 5200.0 0.867668597256
3851.20209498 -19.4260365378 0.921751580005 5200.0 0.921751580005
-4024.74183568 -33.0943262057 0.882871218192 4800.0 0.882871218192
-5762.42668044 -43.339551106 0.984506688834 1000.0 0.984506688834
3557.41768998 -83.0536399328 1.06202633162 7200.0 1.06202633162
-1203.11071761 22.0082493722 0.83416211771 5000.0 0.83416211771
-4585.43850032 -75.0760654257 1.02621579165 1000.0 1.02621579165
7060.7470223 -61.8754030281 1.02795430302 7800.0 1.02795430302
-6793.65009396 16.9995730545 1.00644238346 4800.0 1.00644238346
1613.8102107 76.432692488 1.06671288504 7000.0 1.06671288504
-2425.15254667 1.17080398641 0.853327093501 4600.0 0.853327093501
-6901.23623749 61.7807679223 1.01920857421 2800.0 1.01920857421
-7938.23547712 -54.3330278943 1.11838116884 5600.0 1.11838116884
-4710.23254843 38.1367482132 0.906790590716 5000.0 0.906790590716
-1803.65020482 -8.16562601242 0.840602684636 5000.0 0.840602684636
9055.60672449 27.4683464795 0.999954044968 4800.0 0.999954044968
8189.87124805 -46.3537450131 1.01764164531 4000.0 1.01764164531
911.847633935 63.286709584 1.0362984236 6600.0 1.0362984236
-6427.29634565 29.8437477875 1.04265883138 5600.0 1.04265883138
-7367.33746645 -42.9557195661 1.01042716061 2000.0 1.01042716061
-2745.64347807 83.8251391648 1.06390939341 5800.0 1.06390939341
2864.94168746 -4.58309411079 0.87329136753 5200.0 0.87329136753
4420.56955804 -56.0426439821 0.967373491585 2000.0 0.967373491585
1168.7317935 48.8030232037 0.960062738486 5000.0 0.960062738486
4407.81744826 25.7311157013 0.985030686649 2800.0 0.985030686649
2029.45055921 -64.8772913479 1.00928289758 7600.0 1.00928289758
-2651.57859116 -18.1158453778 0.925180328447 5000.0 0.925180328447
-7897.60741401 46.8706443429 0.985374275446 5200.0 0.985374275446
-1666.76836441 32.1658684336 0.89192267221 5000.0 0.89192267221
-4550.44832787 12.0779313845 0.970170055918 4800.0 0.970170055918
-1687.19213505 65.5556710756 0.961657665719 600.0 0.961657665719
-102.470777066 -6.96489404498 0.862160514491 5200.0 0.862160514491
2807.34105886 -18.4686411653 0.908169044421 5000.0 0.908169044421
-4004.64215793 -64.6210210634 0.979796562161 1200.0 0.979796562161
-3765.39102545 52.3673497393 0.988996429064 800.0 0.988996429064
6374.98032856 -30.774896538 0.998999300829 4600.0 0.998999300829
-8.6455555217 37.8335703229 0.92117183368 5000.0 0.92117183368
5280.39613593 -4.68925732363 0.921987981026 5000.0 0.921987981026
4863.40701206 -47.536348515 0.985858672428 600.0 0.985858672428
7147.16059418 -15.2327686696 1.08690348964 1800.0 1.08690348964
3547.97795948 60.0530457545 0.950393771669 600.0 0.950393771669
3608.63030015 -20.2140867574 0.922393578244 4800.0 0.922393578244
-398.11777312 31.3403396369 0.914207447465 5000.0 0.914207447465
4599.45079325 7.38756997467 0.944956841529 3800.0 0.944956841529
2880.19138189 59.0527349181 0.979722456778 4800.0 0.979722456778
-2300.32194472 -34.0882163515 0.892397459431 5000.0 0.892397459431
-5220.49245909 -48.5632746498 0.951384932676 4400.0 0.951384932676
-3915.57674746 27.6271667502 0.855193169893 5000.0 0.855193169893
5893.46131674 13.4375828654 0.969866766941 3600.0 0.969866766941
-5545.53183575 -1.6433623067 0.969213716735 4600.0 0.969213716735
-4625.60295773 24.7896865408 0.997893357804 4600.0 0.997893357804
-8310.68680408 32.9836318371 1.08960467072 4600.0 1.08960467072
-4911.67715884 2.58183711645 1.00086656855 5000.0 1.00086656855
9091.77776277 -24.97730052 1.05588251669 7600.0 1.05588251669
9154.81971233 40.0463046105 0.996263847347 7600.0 0.996263847347
-1540.17031108 -8.74313246606 0.809590502442 5000.0 0.809590502442
-4424.99156889 -51.7941113348 0.976634717875 4400.0 0.976634717875
6750.36061564 -48.7340996094 0.973475273227 2800.0 0.973475273227
1487.57945595 13.8149423215 0.877559626388 5000.0 0.877559626388
-1880.61751565 16.4500048605 0.834996653551 4800.0 0.834996653551
1945.40736626 -42.9655942502 0.934130248737 600.0 0.934130248737
-9155.5182552 -16.5952309474 1.15816579398 4000.0 1.15816579398
-576.993801188 -52.6883224564 0.968438762274 1000.0 0.968438762274
-2737.18054965 71.226092219 0.987850975253 4800.0 0.987850975253
5979.16535628 -23.3189126565 0.992491852177 4600.0 0.992491852177
3430.85252012 20.4958098542 0.9714368027 5000.0 0.9714368027
-3787.00866998 71.9780852654 1.01698151835 6800.0 1.01698151835
3646.43184011 72.6189741231 0.965691119487 1800.0 0.965691119487
-3619.66566671 53.5459069323 0.972217457097 5000.0 0.972217457097
7742.02805006 -47.7819141797 1.31002214284 1000.0 1.31002214284
268.873948919 -59.350724595 0.929595995681 5600.0 0.929595995681
-7232.17375064 -15.909927607 0.980742244089 5600.0 0.980742244089
5849.09667326 51.249857257 1.08082272601 7600.0 1.08082272601
6594.31392652 35.9760156819 0.962944708413 4800.0 0.962944708413
-2227.28006994 -53.5956096968 1.0238035198 7200.0 1.0238035198
-4451.16567283 -39.6561002707 0.882895024757 4800.0 0.882895024757
1267.81362173 26.8725231056 0.902647660495 5000.0 0.902647660495
-4369.60152378 -53.5642825703 0.952165974104 5000.0 0.952165974104
-6447.20721444 55.0073912738 0.973864829209 5000.0 0.973864829209
-1827.38052955 44.7473729203 0.884589001554 5200.0 0.884589001554
3107.04641988 -78.2177577966 1.03681769438 7400.0 1.03681769438
6826.62143955 53.7255215375 0.997679673324 4800.0 0.997679673324
3751.0015988 -79.7271645525 0.981136331574 600.0 0.981136331574
-8562.33388859 55.5623967716 1.37988380527 1400.0 1.37988380527
7157.25465677 -9.03762807743 1.17348407652 4400.0 1.17348407652
4763.99977964 18.5264377661 0.933668488261 5000.0 0.933668488261
-1581.46286896 -82.726936779 0.90121055691 4800.0 0.90121055691
-1544.53806743 13.3947756363 0.831999341695 5000.0 0.831999341695
5725.43985091 -18.1242841031 0.969606626747 5800.0 0.969606626747
1959.58813289 -32.0220665233 0.928379234698 5000.0 0.928379234698
3749.39367552 42.8836793432 0.968593378439 3800.0 0.968593378439
-7022.71946396 -42.8181285388 1.01636787124 3400.0 1.01636787124
-917.667409629 49.7913628521 0.999640858042 4800.0 0.999640858042
6259.89178666 40.1568323226 0.978695382214 3600.0 0.978695382214
3568.49884867 -4.37443463741 0.902922824637 4800.0 0.902922824637
2493.65641712 -72.2315318687 1.10060165829 7600.0 1.10060165829
-2999.80490698 -43.7875487113 0.962282380112 600.0 0.962282380112
2211.40289612 -5.77120104521 0.916650453754 5200.0 0.916650453754
-1718.88553782 58.1760407572 1.01642105113 600.0 1.01642105113
-658.144724969 54.17592786 0.976455358208 5000.0 0.976455358208
-8389.76401638 18.9829318373 1.04124123178 4600.0 1.04124123178
-5925.11442204 -29.8522418448 0.984295101042 5000.0 0.984295101042
-3764.60619892 67.4694172959 0.979144261844 2800.0 0.979144261844
-1892.39574769 12.0640027461 0.834608422076 5200.0 0.834608422076
6617.68341392 30.6615653315 1.05328475092 600.0 1.05328475092
1976.18279711 -29.8180376964 0.933888835643 5200.0 0.933888835643
613.856234964 66.6683888675 1.05043648526 5800.0 1.05043648526
-764.984676409 33.4871993725 0.909384010059 5000.0 0.909384010059
2063.94766347 35.4261624797 0.929764438853 5000.0 0.929764438853
-6769.05713941 -34.9822134843 0.999681545453 1000.0 0.999681545453
-6221.42674703 -24.7031797848 0.986125936441 4000.0 0.986125936441
-992.915793565 -39.0207846659 0.857000120052 5000.0 0.857000120052
2585.21680558 13.6920163512 0.917514585388 5200.0 0.917514585388
-2738.60528075 6.19985567078 0.823644108406 5000.0 0.823644108406
6920.99948082 38.028387926 1.06968632387 600.0 1.06968632387
880.958582734 -63.2772206308 1.03660462962 7800.0 1.03660462962
8453.98458408 58.8974332191 1.00596442208 600.0 1.00596442208
2365.32474249 -28.4785802732 0.904779466035 4800.0 0.904779466035
3131.33968537 50.309246399 0.938683732149 5200.0 0.938683732149
1379.03517167 -59.2759721675 0.986887690136 7800.0 0.986887690136
6044.42136485 9.69337339995 0.92633668519 4800.0 0.92633668519
5134.43148832 87.172040611 0.978520204453 4600.0 0.978520204453
1046.79573852 -29.2138576819 0.941811690328 1800.0 0.941811690328
2589.40894767 -26.5327309904 0.949821894426 800.0 0.949821894426
4882.56925168 -15.9658761565 0.924402377218 5000.0 0.924402377218
-1587.26715412 -24.7738244197 0.841702160169 5000.0 0.841702160169
6840.28741591 0.994641524017 1.02666262928 3600.0 1.02666262928
-5292.85414071 37.5955164321 0.977884383721 4800.0 0.977884383721
-1333.55653331 70.4226070048 1.0009244315 4600.0 1.0009244315
-1477.4429377 -9.42469280154 0.858641479669 5000.0 0.858641479669
-2664.35829987 -52.6790493341 0.978232830769 1000.0 0.978232830769
-5882.50124801 -71.2303923317 1.01728525391 3800.0 1.01728525391
4872.76528639 69.6637850976 0.994901608492 600.0 0.994901608492
-619.837946973 -40.0396474011 0.883439895226 5200.0 0.883439895226
-3119.81680066 -2.63357262623 0.838490160276 5000.0 0.838490160276
691.03369082 -13.0877306674 0.87823685336 5000.0 0.87823685336
4546.72986163 -55.8300316249 0.959853972208 1400.0 0.959853972208
-6500.42072866 -67.8132409765 1.15566887746 1800.0 1.15566887746
2315.83347743 1.59692529937 0.850211931307 5000.0 0.850211931307
5181.04276787 63.2862675893 0.982705301967 5400.0 0.982705301967
239.86040052 -39.8075195056 0.895562653154 5400.0 0.895562653154
6928.29903971 -59.3260221559 0.985341770186 3000.0 0.985341770186
-5077.06242563 5.34920577549 0.930079084745 4800.0 0.930079084745
-2009.66233312 -52.3081321094 0.932653752198 600.0 0.932653752198
4665.60063896 -9.66659019506 0.909827908936 4600.0 0.909827908936
-7191.89618734 -45.3024928896 1.00757406257 4800.0 1.00757406257
-4188.3817541 -52.8415948887 1.00590329285 2800.0 1.00590329285
2949.66282645 52.685840349 0.990419512624 600.0 0.990419512624
103.884605444 30.2421589838 0.958139582381 5000.0 0.958139582381
4975.01257886 -12.12213836 0.986430760885 4800.0 0.986430760885
-6846.84025827 -9.78699349502 0.978518211631 4400.0 0.978518211631
-2825.06821458 36.029741366 0.874102272231 5000.0 0.874102272231
1854.75351153 83.4027452054 1.05085778494 7800.0 1.05085778494
-3508.94391521 16.45931063 0.921911235996 5200.0 0.921911235996
-807.139657719 58.2795916528 0.90877926693 5200.0 0.90877926693
3531.61409286 -29.9856300942 0.897222720161 4400.0 0.897222720161
716.45493857 50.8316933504 0.977976317922 600.0 0.977976317922
-428.158526096 62.9985769583 1.03185602135 5200.0 1.03185602135
-2808.00624616 73.900612587 0.973097126616 4600.0 0.973097126616
-132.950607692 69.2151670595 0.968989706724 800.0 0.968989706724
-271.269636765 25.3168705323 0.894294793709 5200.0 0.894294793709
2038.18628543 -64.6278673121 0.915047517382 5000.0 0.915047517382
-3437.42990453 -46.115816626 0.860123378323 5000.0 0.860123378323
-3007.64982556 50.3399644561 0.92093938936 5000.0 0.92093938936
-7085.52325802 32.8280463527 1.14731904465 5600.0 1.14731904465
3051.39719214 51.2245774936 1.05722415941 7800.0 1.05722415941
4480.34564768 -12.4049132144 0.939556558903 5200.0 0.939556558903
7085.51065108 58.0629965632 1.08473953892 1200.0 1.08473953892
-7258.45426947 -42.0929678751 0.992970918606 600.0 0.992970918606
5866.55551514 18.5359476653 0.9658817862 7800.0 0.9658817862
-627.420157731 -9.89135463281 0.868971395742 5000.0 0.868971395742
5359.30961552 69.1559742367 0.997754979782 7800.0 0.997754979782
-1163.71672711 75.1154659254 0.963120260095 6600.0 0.963120260095
4157.59137496 28.9404169004 0.928537817583 5800.0 0.928537817583
5239.77900284 -79.3439357355 1.05692219282 1800.0 1.05692219282
5224.55573341 -7.4714448103 0.967346703114 800.0 0.967346703114
-7154.18024584 -29.3962832513 0.995563129484 600.0 0.995563129484
-3797.03774253 -45.8091228424 0.965349158445 1000.0 0.965349158445
1607.21720842 -54.2722468559 1.02021003377 7800.0 1.02021003377
1451.1957852 -21.4016720891 0.920589775613 5000.0 0.920589775613
5602.81686806 -73.4349580426 1.16580347712 5200.0 1.16580347712
3170.8058396 -37.6447396317 0.979634373914 1600.0 0.979634373914
-3593.48071604 79.6290688051 1.0053644283 1400.0 1.0053644283
242.479709681 19.142684318 0.880209957764 5000.0 0.880209957764
3555.82671968 -20.6023602799 0.924848521892 5200.0 0.924848521892
-296.036125172 -33.4532442031 0.907535113734 5000.0 0.907535113734
-4966.44732795 23.4305699793 0.963382310976 5200.0 0.963382310976
2041.67165779 35.9915446259 0.962238840888 5000.0 0.962238840888
-4200.12903638 13.5769305135 0.955145735617 5000.0 0.955145735617
6415.05060872 -25.4174325457 0.989056213207 6000.0 0.989056213207
786.325245203 -30.0988629471 0.94256821699 600.0 0.94256821699
-7116.36917956 5.83406847534 0.974946830943 4400.0 0.974946830943
-7087.62930063 -2.34381236936 1.01081205828 5000.0 1.01081205828
-5629.79875887 -71.1039688069 1.00825917611 800.0 1.00825917611
6998.1931447 -25.3190897312 1.00146234683 7800.0 1.00146234683
2599.11827675 49.1513905724 1.00015196223 600.0 1.00015196223
4999.22992753 37.6816471701 1.00076685911 5000.0 1.00076685911
-6928.23275905 18.6622433381 1.00299633797 4800.0 1.00299633797
-7049.60135578 -75.7103077472 1.17205026148 2400.0 1.17205026148
-6943.09078023 52.9483323827 1.02985782867 5600.0 1.02985782867
1529.15233455 -17.3067856246 0.876499281617 5400.0 0.876499281617
6507.40240723 -26.4340774793 0.887462673096 5000.0 0.887462673096
1922.17442788 -59.9133513837 0.957559704473 4800.0 0.957559704473
2931.53729719 31.0784432922 0.952546501986 5000.0 0.952546501986
-218.171094696 -23.9444647684 0.84790052695 5200.0 0.84790052695
1841.22777465 -6.89236089334 0.87030364191 5200.0 0.87030364191
7537.62192661 16.0492761272 1.14592446745 5000.0 1.14592446745
1400.94410825 -55.9920185659 0.926846271979 5400.0 0.926846271979
-3514.58631653 -24.6014568756 0.887821669681 4800.0 0.887821669681
-3782.91348702 25.2747196587 0.961725810318 5000.0 0.961725810318
2050.06813276 35.856535545 0.957544495295 600.0 0.957544495295
5759.51539047 -26.3257297571 0.975804299709 800.0 0.975804299709
-6317.72937934 -17.8634192412 0.989995327123 4200.0 0.989995327123
5621.90431581 -8.70590031477 1.02034054774 5800.0 1.02034054774
6415.64805286 -35.3399954801 0.989528754757 1000.0 0.989528754757
-5561.36082319 40.1911705923 0.989338724004 1000.0 0.989338724004
-5331.63266508 -43.8326810106 0.980219381953 5000.0 0.980219381953
-2188.86724707 57.6246963743 0.951868489359 5200.0 0.951868489359
-4126.80861911 46.2290786472 0.957171231521 4600.0 0.957171231521
5850.49755414 -40.7434312454 0.965908200771 4600.0 0.965908200771
-3452.33735962 74.215263207 1.03403822728 7800.0 1.03403822728
-3026.25901089 -16.5927368163 0.862782162596 4800.0 0.862782162596
317.352057321 -23.3934098508 0.903444510969 5400.0 0.903444510969
-1427.5771299 -19.524189452 0.889538379184 5000.0 0.889538379184
-6433.07808147 72.7681314646 0.974541783767 5200.0 0.974541783767
-3561.06021163 5.27992073175 0.816421700632 4800.0 0.816421700632
2715.40856549 24.1945576888 0.906939305372 4800.0 0.906939305372
-3509.60839953 52.3392057523 0.902857255866 4800.0 0.902857255866
6739.28859442 -9.28460905236 1.01948313463 4000.0 1.01948313463
-3326.80899901 -58.7451272739 0.933479047547 4800.0 0.933479047547
-4986.23183381 66.0502403509 1.00168860837 5600.0 1.00168860837
4191.31399071 -22.3362292305 0.941436423952 3800.0 0.941436423952
4583.33019138 70.9160603399 0.98108481463 600.0 0.98108481463
6966.33039826 -51.5284167463 0.927016676953 4800.0 0.927016676953
-5048.39281448 52.9457910187 1.00944260381 600.0 1.00944260381
-4998.92868426 -14.0779486916 0.94805425168 4600.0 0.94805425168
-2164.13365392 16.5275186202 0.819295371541 5000.0 0.819295371541
209.968195412 17.7436949204 0.907126618146 5600.0 0.907126618146
-2115.07487467 -15.3946125684 0.835157692711 4800.0 0.835157692711
1172.91681625 5.08039916562 0.868379453758 5200.0 0.868379453758
6909.94158601 63.4967519604 0.993858280567 4800.0 0.993858280567
5599.14660699 29.4455204364 0.93656344039 5000.0 0.93656344039
-6560.65378137 -23.559584829 1.0034227002 4600.0 1.0034227002
-6016.76912359 -19.8604873965 0.980168305091 4800.0 0.980168305091
8692.60946559 -58.8053493349 0.999458569958 4800.0 0.999458569958
3474.54880381 -22.116666897 0.911309682564 3800.0 0.911309682564
4692.78553094 -35.572528801 0.949069642472 800.0 0.949069642472
-3958.6706421 -19.8473186932 0.804393558016 5000.0 0.804393558016
3039.28022703 31.599794438 0.921242169271 4400.0 0.921242169271
-6494.68493048 4.80052083082 0.944313565674 4600.0 0.944313565674
2310.80204248 12.3683854634 0.854589940365 5200.0 0.854589940365
-3806.7951385 27.2210445841 0.913786455705 5200.0 0.913786455705
5380.99232995 -7.25150435675 0.937317282691 6200.0 0.937317282691
1325.58502401 22.1085172663 0.923395301477 4800.0 0.923395301477
4748.48138719 47.8434397939 0.958342632331 2600.0 0.958342632331
3220.57084236 46.292124338 0.987998731003 7200.0 0.987998731003
-7198.65567773 18.6857399031 1.05224712361 5600.0 1.05224712361
-7034.4006359 -8.5361554601 1.00650578274 5000.0 1.00650578274
-5448.50257888 -69.4438603712 1.09484441097 1400.0 1.09484441097
1412.16874104 29.2696246744 0.890573294649 5200.0 0.890573294649
5566.63754248 -67.0107800729 0.987163372663 800.0 0.987163372663
2567.46702045 2.15961960327 0.894398196066 5000.0 0.894398196066
-7237.46283627 0.820836232586 1.02755422732 5200.0 1.02755422732
-6202.80282291 -43.7245112876 0.963166204975 5000.0 0.963166204975
339.472097494 20.2745752161 0.902535062405 5200.0 0.902535062405
-6026.11632847 53.7316419234 1.01395689387 7400.0 1.01395689387
-4136.69364686 -89.4038815682 1.084452651 600.0 1.084452651
1329.03270578 7.42722361324 0.888433679961 4800.0 0.888433679961
6017.30480238 25.1104531603 1.00224432561 4800.0 1.00224432561
-3342.57961679 -32.8322301857 0.858084315486 4800.0 0.858084315486
2598.34368533 17.1839575639 0.924781897086 5200.0 0.924781897086
-5790.47324329 24.3672072941 1.04919944103 5600.0 1.04919944103
1636.62505867 31.3613017906 0.895602453216 5000.0 0.895602453216
3094.71335294 -33.3791084731 0.914104982636 5000.0 0.914104982636
-2083.35987103 -39.5554579702 0.915984325408 5000.0 0.915984325408
2136.42822556 -7.00712163313 0.8947759442 5000.0 0.8947759442
-2287.465677 54.4067770326 0.925194085352 5000.0 0.925194085352
-4283.3956496 -24.9645493512 0.970663306474 4800.0 0.970663306474
587.969470396 -59.3033949983 0.966723146016 5000.0 0.966723146016
1777.69912316 -18.0278918049 0.903847295753 5000.0 0.903847295753
-4689.59723506 2.22222087207 0.865228184484 4800.0 0.865228184484
-1239.15558642 64.4041484303 0.995622657658 7400.0 0.995622657658
2116.10028113 42.0424529467 0.905002074032 4600.0 0.905002074032
3635.53763024 28.193946455 1.00179923563 2400.0 1.00179923563
2998.89838713 -58.0735610809 1.02325466036 1600.0 1.02325466036
3236.73843693 -62.6492657499 1.01745089894 7400.0 1.01745089894
1253.9323319 -19.7075614552 0.900001257186 5200.0 0.900001257186
2627.62439257 30.8690378599 0.952991238643 5200.0 0.952991238643
5187.9015227 -70.742019555 1.08572492352 1800.0 1.08572492352
4365.51708437 -3.91523246947 0.886350145765 4800.0 0.886350145765
3919.5387907 -1.66862796985 0.857462064742 4800.0 0.857462064742
732.409929636 54.1686133697 0.916017950567 5000.0 0.916017950567
-5015.73048307 62.7345682889 1.02590336519 600.0 1.02590336519
-3348.91195565 58.279161873 0.91422898095 5000.0 0.91422898095
2251.14331427 26.8076027092 0.887488375661 5200.0 0.887488375661
1618.1225126 -24.9920429804 0.892880561737 5200.0 0.892880561737
-2842.12043673 -8.27631600765 0.842733719879 5000.0 0.842733719879
-4610.2536249 35.989641402 0.982825066242 4800.0 0.982825066242
-2246.02223198 39.4954210959 0.958202738949 800.0 0.958202738949
-4547.06571539 19.803727567 0.901722131488 5000.0 0.901722131488
783.932075723 7.02011903122 0.830928355835 5000.0 0.830928355835
-3231.31819196 40.5657792073 0.930643706308 5200.0 0.930643706308
-1437.05951815 35.7083863305 0.889225930095 5200.0 0.889225930095
-3960.43695042 43.9053029693 0.991781101136 5000.0 0.991781101136
-1950.96271233 -38.2302041833 0.962625953922 600.0 0.962625953922
-1177.89451938 29.2243692287 0.90833219507 5000.0 0.90833219507
219.920744159 -41.7170316287 0.960247364747 1200.0 0.960247364747
-4994.55865733 12.0933690432 0.934509314725 4600.0 0.934509314725
-7477.23880973 45.0464307954 1.00037293147 1600.0 1.00037293147
-1728.92597087 8.61393193525 0.834663321869 5000.0 0.834663321869
-81.7194012348 -11.1050667807 0.887088782533 5000.0 0.887088782533
-5015.23058503 12.1655677325 0.924475772887 4800.0 0.924475772887
-6893.32939503 -52.5945890558 1.19903683906 3000.0 1.19903683906
1967.3674843 62.6068171705 1.00196586251 7800.0 1.00196586251
1702.20702411 -70.3696750023 1.05476994736 7800.0 1.05476994736
-2931.51584887 -28.634888463 0.862536663698 4800.0 0.862536663698
940.216351318 -4.64609335076 0.877027377148 5200.0 0.877027377148
-4037.98013912 48.2744383837 0.984753325875 800.0 0.984753325875
7496.54853089 -43.4450583473 1.10854373136 2000.0 1.10854373136
-1606.7926785 -84.7247876503 1.01380575269 7800.0 1.01380575269
5454.7596942 -35.3975608004 1.01881527471 1800.0 1.01881527471
-5647.1083691 51.8681540787 1.07832605666 5400.0 1.07832605666
-1873.82181148 -53.409882372 0.977568089864 5000.0 0.977568089864
4324.60427717 39.2788043581 0.983786105805 4600.0 0.983786105805
8695.11895543 6.40496124855 1.05064044364 7800.0 1.05064044364
-6035.39403645 37.6240855923 1.03632765095 5600.0 1.03632765095
-5453.94805167 -68.2284419579 1.12915737991 600.0 1.12915737991
-3050.69879156 78.1085203594 0.987430170965 4800.0 0.987430170965
-6664.78839297 -45.5894124782 0.960385866138 5400.0 0.960385866138
6064.50914898 -53.1800917555 1.02559579886 1600.0 1.02559579886
3760.0413826 42.2231094125 0.949378014705 2800.0 0.949378014705
6485.67049765 -19.9126612691 0.939685444111 5000.0 0.939685444111
2712.61368028 24.7248730108 0.916846296323 7400.0 0.916846296323
-4453.73979182 -31.2477196167 0.897561145303 5200.0 0.897561145303
-4057.35462294 24.8338038124 0.995091218282 4600.0 0.995091218282
3687.40338745 -55.9845367419 0.992730361241 1200.0 0.992730361241
6595.08071564 -66.5187049511 0.988614978275 5200.0 0.988614978275
7065.70422613 -46.2991318064 0.989734208377 4600.0 0.989734208377
2449.65265989 2.82161332323 0.869412766018 4800.0 0.869412766018
-277.225176187 -28.0835562349 0.898701183727 5200.0 0.898701183727
-5901.94690718 53.9130888188 1.03980734908 3000.0 1.03980734908
-1288.15155862 35.5647349856 0.944750551253 4800.0 0.944750551253
-238.794809839 -27.3646426579 0.931712975251 5200.0 0.931712975251
-7248.2579824 2.1567563093 1.01366745552 5600.0 1.01366745552
615.54738934 13.4919386411 0.856460641487 5200.0 0.856460641487
1927.31571126 -69.5762256392 1.00052232098 7800.0 1.00052232098
-4301.78034057 37.4945103577 0.956817592819 600.0 0.956817592819
-2542.00311063 -4.06700621209 0.8851459416 4600.0 0.8851459416
-844.167163756 29.9339339615 0.932558920424 4800.0 0.932558920424
-3193.86552556 55.7558512576 0.984569609829 4600.0 0.984569609829
-6732.79242931 -20.3978867905 0.947737691197 4600.0 0.947737691197
-5254.88449935 -65.4516568705 1.0881439543 7800.0 1.0881439543
4679.59624575 9.84432503543 0.94899811781 5000.0 0.94899811781
4524.07332035 34.7259172928 0.941423964653 6800.0 0.941423964653
6892.93889861 -32.5077061786 0.974936516493 5600.0 0.974936516493
-5873.1945675 -50.77428498 0.994485140404 1600.0 0.994485140404
-4843.49622842 -21.925576015 0.981855251377 4800.0 0.981855251377
1658.65647376 -16.1248900567 0.903138596835 5000.0 0.903138596835
-5256.64739126 -61.7728424623 1.0633091775 3000.0 1.0633091775
2467.84003765 13.9988102793 0.887254740024 5000.0 0.887254740024
-3300.33924626 56.2105020868 0.998250788156 3400.0 0.998250788156
527.027402195 24.5384970477 0.875853871046 5000.0 0.875853871046
7436.9727833 69.2227420112 1.01764644822 3800.0 1.01764644822
-2570.64278613 -7.79530447185 0.904153677644 4600.0 0.904153677644
3823.01954147 -21.8327502836 0.91434672576 6800.0 0.91434672576
5229.58007341 -32.4770727848 0.969710063264 5600.0 0.969710063264
5116.46362228 -14.1934375324 0.887897093139 5000.0 0.887897093139
7124.23142167 39.0116718382 0.989842140065 3200.0 0.989842140065
-4474.19132931 2.11993783295 0.929114988223 4800.0 0.929114988223
2173.5804108 62.9828146153 1.02613182354 7800.0 1.02613182354
405.646361486 5.15281979686 0.85397345863 4800.0 0.85397345863
-6139.0193405 66.5476326717 0.982686552015 600.0 0.982686552015
6760.69203529 -26.3127296802 0.91770575408 4800.0 0.91770575408
4666.38708194 -49.3842782431 0.995360416248 1400.0 0.995360416248
-548.947987601 43.5177968806 0.889932545956 5000.0 0.889932545956
7256.29422412 36.0562500026 1.01817172807 5200.0 1.01817172807
-6120.11439632 12.5346866009 1.01620633353 5400.0 1.01620633353
4918.93896948 75.3897872078 1.02047939549 7800.0 1.02047939549
-2418.82381645 30.2055451467 0.893952116125 5000.0 0.893952116125
-186.901545698 66.0661337468 0.942135353995 5400.0 0.942135353995
1682.46076326 80.0587193427 0.961834934005 600.0 0.961834934005
-7173.31558349 -21.1624376204 0.984889590702 4400.0 0.984889590702
3113.70010085 1.17900403542 0.907713766259 6200.0 0.907713766259
1551.35279659 -40.2146865539 0.942741862626 5200.0 0.942741862626
1970.96744692 39.1974608236 0.980581608426 5000.0 0.980581608426
7253.45135917 -13.472694581 1.05277501735 4000.0 1.05277501735
-4418.05108061 -42.0727435027 0.910716128287 5800.0 0.910716128287
-4730.9629724 -31.5203123968 0.913825332626 5000.0 0.913825332626
6292.37845983 13.0858032368 0.901458202422 4800.0 0.901458202422
-6697.58862783 -24.4521423456 0.978597569506 4800.0 0.978597569506
-5168.3309283 39.8506896508 1.06723897614 2200.0 1.06723897614
784.533452909 -49.9958284613 0.937963888749 5000.0 0.937963888749
-5468.93199781 78.0967776043 0.970761270517 600.0 0.970761270517
2439.87982912 4.0028809096 0.838634056693 5000.0 0.838634056693
-4484.86970188 -38.0712770865 0.88040417741 5000.0 0.88040417741
-2508.51611456 -55.9822853467 0.906612691112 4800.0 0.906612691112
-5333.09247951 -69.6121228146 1.10883110582 7800.0 1.10883110582
-1566.07792359 35.5047518354 0.914434890807 5000.0 0.914434890807
-5423.0972752 -39.9894140622 1.00630153965 4600.0 1.00630153965
-3873.91652133 51.4367365714 0.996557950916 1000.0 0.996557950916
-4418.52509718 -85.3006276994 1.00279829027 5600.0 1.00279829027
2310.40410384 77.6625132302 1.03337622737 7800.0 1.03337622737
-2449.29031513 24.031892477 0.889805288382 4600.0 0.889805288382
2357.87426468 -75.4043160631 1.03747514625 1400.0 1.03747514625
5715.51353513 36.4703783366 0.96200470018 4800.0 0.96200470018
2500.89672692 81.0702453854 0.978896186628 600.0 0.978896186628
3494.68415271 31.7440559663 0.955339179737 4600.0 0.955339179737
-558.912614178 10.0080153779 0.812828111801 5000.0 0.812828111801
5581.86475811 -26.1967455871 0.99132273907 7800.0 0.99132273907
-4108.68871876 -9.87432788703 0.89472103785 4400.0 0.89472103785
-2422.70035206 26.3054971566 0.853194452685 5000.0 0.853194452685
1239.21064532 26.1018153904 0.877319438929 4800.0 0.877319438929
-1531.45036807 34.7280560936 0.919720845919 5000.0 0.919720845919
126.715859453 21.5217282777 0.868185368166 5000.0 0.868185368166
-5206.13873266 48.4670748493 1.01252841737 7800.0 1.01252841737
1666.23343341 54.9404846242 0.931739427614 5000.0 0.931739427614
-4673.79242786 31.474051767 0.98846798588 600.0 0.98846798588
2552.22036568 -30.8036973444 0.953266409688 5600.0 0.953266409688
-3211.57440388 73.3637790093 0.991731584799 5000.0 0.991731584799
-5790.98931076 39.0659927046 1.1044706021 2800.0 1.1044706021
-4470.25644122 51.6336937918 0.965812801369 4000.0 0.965812801369
4642.27300699 -32.9907899509 0.966420982444 3800.0 0.966420982444
3684.26575991 44.6053588607 0.905505740231 4200.0 0.905505740231
-1828.58605102 -73.0590409287 0.970255449471 5000.0 0.970255449471
2539.20531418 -19.63413588 0.925943084825 4600.0 0.925943084825
-3491.54361246 -31.8672303763 0.923416974889 4800.0 0.923416974889
8035.33344228 -24.5395887835 1.0415202062 4800.0 1.0415202062
-3520.41001121 -46.2380756389 0.911642606682 4800.0 0.911642606682
-4086.9640296 -35.9949314171 0.854442704078 4800.0 0.854442704078
8764.93680019 1.85586732195 1.05808819268 7400.0 1.05808819268
2242.81494148 -69.1584165909 1.05027675575 1600.0 1.05027675575
1584.16447802 -31.0134799712 0.879809344939 5000.0 0.879809344939
-4100.54894541 -48.2196261703 0.918218805359 4800.0 0.918218805359
4372.06479186 -43.0461403269 1.00269514465 4400.0 1.00269514465
2025.94306948 71.8501793405 0.989723515626 600.0 0.989723515626
-1554.1727408 47.9180209695 0.917842569953 4800.0 0.917842569953
-1886.68963706 23.3047876567 0.915820431289 5200.0 0.915820431289
-5766.79609229 -2.85879831369 0.9262199832 4800.0 0.9262199832
-5314.5460796 23.6422446026 1.00923294682 5200.0 1.00923294682
-2572.29596066 -35.0374717898 0.843220233343 5000.0 0.843220233343
2279.42591549 49.3890436624 0.997605609372 5000.0 0.997605609372
2486.78382457 78.0685140142 0.996334316322 600.0 0.996334316322
-4345.58453176 89.9681243669 1.09857281378 5400.0 1.09857281378
-2315.11343745 73.94300894 0.95983263559 7400.0 0.95983263559
1459.65868938 54.3502418037 0.921476716254 5200.0 0.921476716254
-25.7025905708 58.3964519343 0.989537308797 5000.0 0.989537308797
-6329.20698662 -38.120151263 1.03337086211 5600.0 1.03337086211
-5503.8527124 14.3222656343 0.940051159992 4600.0 0.940051159992
5306.71801882 75.7875653329 0.991726454929 5200.0 0.991726454929
-4871.35430584 19.3597973211 0.969058477618 5000.0 0.969058477618
1579.77221921 58.2962772116 0.948955900309 5200.0 0.948955900309
6566.02829525 -24.5500708109 0.963026567814 5000.0 0.963026567814
-3590.17123481 33.0201082237 0.945303960661 4800.0 0.945303960661
-5911.62963386 11.4706337148 1.00815723695 5600.0 1.00815723695
1289.97054873 56.1744147507 1.01376839537 800.0 1.01376839537
3530.40817646 57.1886904508 0.912342460848 6600.0 0.912342460848
-2214.01800844 -17.3814736508 0.82649937118 5000.0 0.82649937118
-5217.20142743 20.5298551371 0.951331545777 600.0 0.951331545777
1019.86145341 -11.1381882805 0.867655992392 5000.0 0.867655992392
753.889957671 40.8726674807 0.982549847624 5000.0 0.982549847624
-9604.38317884 43.0399658114 1.24513667147 1200.0 1.24513667147
-2943.40131075 -29.9213547098 0.964676516562 4800.0 0.964676516562
-5883.25952162 47.4757448636 1.03806725695 4400.0 1.03806725695
3374.52573688 -44.870289814 0.943298401892 5800.0 0.943298401892
3356.1668602 14.2232152836 0.877733469942 5200.0 0.877733469942
-3136.63463185 22.0458722736 0.875895353702 5000.0 0.875895353702
4178.41942268 -89.3861091262 1.06585319214 5800.0 1.06585319214
3200.06855321 16.7607258706 0.905515778081 4800.0 0.905515778081
-3253.57126896 -43.5139005483 0.974901662872 600.0 0.974901662872
-6802.3134338 -53.9530522999 0.994430128615 5000.0 0.994430128615
2905.01429932 -19.16834146 0.923621348946 5200.0 0.923621348946
1315.63231084 2.58547425419 0.8996755022 5000.0 0.8996755022
-5754.00478575 39.2761656763 1.01458274188 4400.0 1.01458274188
6508.4027427 -12.2005683352 1.02338902208 4000.0 1.02338902208
1106.69332146 36.7691577301 0.935668071088 5000.0 0.935668071088
2230.17346245 -3.64205878026 0.871557084223 5000.0 0.871557084223
-7490.91094094 28.0889254466 1.03956513959 5600.0 1.03956513959
-3948.06885694 -11.3430736837 0.823531655482 4800.0 0.823531655482
1983.97264715 26.5463697799 0.888555900628 4800.0 0.888555900628
-7659.54191375 -49.9536157013 1.02182186923 600.0 1.02182186923
2487.45813648 -18.5148459363 0.895893315011 4600.0 0.895893315011
-5543.61752709 21.318756958 1.01500410121 5000.0 1.01500410121
4957.54153722 11.9261706789 0.915449491944 5000.0 0.915449491944
4517.66445509 12.8075868935 0.932187238161 3800.0 0.932187238161
801.44092021 34.5667723776 0.938437106589 6600.0 0.938437106589
-1251.46113432 -33.7491277109 0.87650053894 5000.0 0.87650053894
-7068.51768131 6.46716427798 0.998037488988 5400.0 0.998037488988
-2663.38671228 71.7969847672 0.941968637596 4800.0 0.941968637596
-5515.15027672 -57.2911486015 0.998624077909 1400.0 0.998624077909
-4901.58301616 34.0372334418 0.898200830952 4800.0 0.898200830952
-2525.34053497 3.71536953292 0.915002838077 4800.0 0.915002838077
4259.58246802 -22.3901464258 0.899150538227 5600.0 0.899150538227
-5398.35358215 -70.3532550175 0.993720980632 3000.0 0.993720980632
-6059.57669075 -10.1759015081 0.989831476646 5000.0 0.989831476646
2151.93763144 -9.09617325142 0.886063269818 4800.0 0.886063269818
-1567.78472385 -63.2642993132 0.996496422715 7600.0 0.996496422715
-7238.43187916 1.95585239396 1.04027619428 5200.0 1.04027619428
4854.9178468 73.450238807 1.01598566522 600.0 1.01598566522
6882.60076718 -32.4592569376 1.00045957949 4000.0 1.00045957949
-3948.1441093 17.6874951782 0.983472298187 4800.0 0.983472298187
547.388106953 -76.2754465263 1.09901376556 7800.0 1.09901376556
-8379.51951327 -61.7378083023 1.07739756659 5200.0 1.07739756659
-1028.73320221 -67.7705043562 0.90081194012 5000.0 0.90081194012
-3730.43201035 30.0621384905 0.901417738809 4800.0 0.901417738809
4957.57595511 -38.4863628418 0.973213303285 5600.0 0.973213303285
1187.23460141 11.3525249884 0.901425000147 5000.0 0.901425000147
2684.97942834 73.3999185063 1.00543896231 7600.0 1.00543896231
281.422380029 41.7718660598 0.933175860441 5200.0 0.933175860441
2021.41744244 22.0602923358 0.935659962889 5000.0 0.935659962889
4777.48383266 -10.578979383 0.903783326209 4600.0 0.903783326209
4530.58016316 7.47630841605 0.885862773 5800.0 0.885862773
-2185.24970226 -38.8638681221 0.947837714743 600.0 0.947837714743
-5808.22493707 26.6612214768 0.841017035003 4800.0 0.841017035003
1543.53057619 -33.304142973 0.879376065035 5200.0 0.879376065035
2835.71855355 5.38611388054 0.914748497862 5200.0 0.914748497862
9089.75621228 -70.5557557687 1.08399433685 4000.0 1.08399433685
-4712.59842104 -44.3254550487 0.981194135456 1600.0 0.981194135456
2956.31548984 -21.3000270768 0.878519161069 4800.0 0.878519161069
2536.58052231 62.3253080088 0.947098852803 6000.0 0.947098852803
-5561.10986293 36.2349622048 0.947392086611 600.0 0.947392086611
1450.3601349 -13.1217728695 0.888640247996 5200.0 0.888640247996
1344.73695303 42.9801024089 0.997425323523 7400.0 0.997425323523
6668.98825315 77.2031000447 1.14861809411 4800.0 1.14861809411
4350.84776421 73.7510234852 1.06287291948 5800.0 1.06287291948
8116.87236938 22.5736119497 1.0333126206 7600.0 1.0333126206
-644.252101745 61.1012897912 0.924562418838 5000.0 0.924562418838
3848.44012942 -67.739357509 1.00135204099 6800.0 1.00135204099
-5983.84543947 -3.25099541901 0.995562291465 5200.0 0.995562291465
6322.44247852 14.3038603483 1.01583394373 5400.0 1.01583394373
-5446.86097663 -6.33485202304 0.933213281723 4600.0 0.933213281723
-961.268869084 -47.6821199385 0.891394242166 4800.0 0.891394242166
3028.14025513 84.6203349945 1.06951311295 6000.0 1.06951311295
-64.2022698858 -14.3365610651 0.891503698064 5200.0 0.891503698064
4988.1006399 75.0058997743 0.967147905246 4800.0 0.967147905246
-843.30971596 -58.9479171414 0.98096873355 4600.0 0.98096873355
5932.80555708 36.0612893294 1.05748899471 4800.0 1.05748899471
-7066.79776694 87.4419087758 1.01029306252 5600.0 1.01029306252
2167.04296089 68.807454399 0.99010771554 3000.0 0.99010771554
-6236.36205604 21.2376262257 1.03205858135 5000.0 1.03205858135
5111.40263613 27.9022420268 0.867758853179 5000.0 0.867758853179
2512.56538405 -17.993859029 0.90150857534 5000.0 0.90150857534
-4778.35846941 -36.3462637008 0.859931996953 4800.0 0.859931996953
-7257.25869638 -17.6936865242 0.926635302638 5200.0 0.926635302638
2825.82380101 -87.9797905634 1.01705151981 1800.0 1.01705151981
509.221265439 -21.3242696268 0.918859486133 4600.0 0.918859486133
-3042.76995101 7.1106326707 0.834666077118 5000.0 0.834666077118
3889.80652429 64.0018369143 0.996393891642 600.0 0.996393891642
-1937.38372899 -71.087921535 0.934928993582 4800.0 0.934928993582
820.201476459 46.0313050258 0.925345457732 6800.0 0.925345457732
2441.20347699 29.4656019706 0.981219883606 5000.0 0.981219883606
-4350.93729569 73.1462600782 0.970456932647 600.0 0.970456932647
-882.970933434 3.58871516482 0.834477650429 5000.0 0.834477650429
-2874.25471353 1.3743613814 0.829248724874 5000.0 0.829248724874
5981.49596371 40.935079151 0.99396757385 7400.0 0.99396757385
2246.35069755 -75.1911033095 1.0189008134 7200.0 1.0189008134
-5258.93368758 60.7979223161 0.99524323176 4600.0 0.99524323176
-5367.33299494 -11.5837944754 0.915333464688 5400.0 0.915333464688
5491.23788566 21.0739639887 0.933067676426 4800.0 0.933067676426
-6014.39934863 57.6724267191 0.992882317783 4800.0 0.992882317783
-6503.21133008 12.0542144378 0.970195354822 4400.0 0.970195354822
1859.0596883 32.1072889123 0.900171136315 5000.0 0.900171136315
-6495.3466985 69.1234329861 1.01078055953 4000.0 1.01078055953
-4890.77853709 -10.959809117 0.94805285912 5000.0 0.94805285912
-3733.72513621 -50.8184134297 0.838995892683 4800.0 0.838995892683
-6509.99946036 -18.0199004575 0.922786327005 5000.0 0.922786327005
1436.54083216 6.27760451818 0.860374491307 5200.0 0.860374491307
-3267.58404239 24.2514198345 0.968543377061 4000.0 0.968543377061
7674.11412224 -24.5350062403 1.10608420359 600.0 1.10608420359
4952.85116775 -39.1976323095 0.968106913127 5600.0 0.968106913127
-737.513871368 11.3394194688 0.88777495867 5000.0 0.88777495867
-4063.75457542 14.9877050495 0.84575940775 4800.0 0.84575940775
-7018.71158286 24.132773527 1.02005764943 4600.0 1.02005764943
2051.18543242 16.8251742919 0.896261599214 5400.0 0.896261599214
-4493.72429526 84.1519932289 1.00714201373 5000.0 1.00714201373
7200.85408805 32.5153549035 0.93106071913 4800.0 0.93106071913
-78.0110912889 80.2886987158 1.03668995423 7600.0 1.03668995423
-3162.28575648 -60.3332852439 0.998140545151 2000.0 0.998140545151
-3931.16008409 2.52759403067 0.94902416852 5000.0 0.94902416852
636.083261548 65.8526176213 1.02174285185 7800.0 1.02174285185
5968.49475572 -84.0683503526 0.999518598965 800.0 0.999518598965
6156.86823031 -39.25879361 1.06475895717 2000.0 1.06475895717
-3169.89341876 21.9339455597 0.85720826068 5000.0 0.85720826068
2386.88716618 -54.9303292389 0.940820115815 4400.0 0.940820115815
-4825.90770075 -27.6253102226 0.969893795756 5000.0 0.969893795756
786.329588353 48.7446324071 0.958556117966 600.0 0.958556117966
-5780.82048914 -59.8339674034 0.997993882684 4600.0 0.997993882684
1996.52526204 -45.2916074918 0.899493839715 5200.0 0.899493839715
4703.87530378 25.6959070452 0.97863554848 4800.0 0.97863554848
-6236.48203473 24.8919869803 1.10647129626 5800.0 1.10647129626
-574.569918375 -40.2143720442 0.895826084747 4800.0 0.895826084747
-3270.73849287 71.4717248252 0.98032231381 4800.0 0.98032231381
3311.31303634 -60.0611302506 0.976951869434 4400.0 0.976951869434
-1832.30963824 13.0939497679 0.856257222657 5000.0 0.856257222657
-1368.44665876 -42.4885062524 0.837547928583 5000.0 0.837547928583
2372.33125331 53.2289478484 0.936373974829 5200.0 0.936373974829
6550.09663553 -53.2492450154 0.992134350038 4000.0 0.992134350038
2724.59116901 -19.5149213451 0.904513216517 5200.0 0.904513216517
2581.16383626 38.9233729769 0.901203103048 4000.0 0.901203103048
2859.02326998 -77.3413082069 1.01757289468 7600.0 1.01757289468
-6323.28252486 38.8469892299 0.976792263589 4800.0 0.976792263589
4793.89864161 18.9177172675 0.966093247748 5400.0 0.966093247748
-3982.82953786 -49.8209529522 0.956426223883 4800.0 0.956426223883
-1736.64127863 33.060782407 0.867784630609 5000.0 0.867784630609
-52.7173908185 -7.51242971236 0.82103223109 5000.0 0.82103223109
-5230.62665253 -43.9492998101 0.945444233655 5000.0 0.945444233655
6379.73443636 41.4787872677 1.0176901804 1800.0 1.0176901804
-7624.13310607 -85.1461983678 1.26695403425 7800.0 1.26695403425
5050.19183234 89.4213689443 0.980995077952 4200.0 0.980995077952
-1347.80806543 9.10531487872 0.823335718542 5000.0 0.823335718542
-5408.14191354 18.9324542549 1.01601926237 1000.0 1.01601926237
-3047.72618603 -88.4060020977 1.06811156578 7800.0 1.06811156578
-2699.46872344 -52.622311189 0.808331553057 5000.0 0.808331553057
-1597.09440143 24.8004574953 0.896674556011 5400.0 0.896674556011
-4387.400376 -27.5451899821 0.90470967306 5000.0 0.90470967306
1182.25964095 -70.1790899738 0.889391750438 5000.0 0.889391750438
-1686.60743421 -65.9121770107 0.934619373569 4800.0 0.934619373569
1992.65455918 80.1250187475 1.02336521939 7600.0 1.02336521939
7190.6595 -20.6321499154 0.965657846323 5000.0 0.965657846323
-1003.79526409 -61.2260981886 1.00602109536 7800.0 1.00602109536
5381.11588786 14.8524648963 0.933658070962 5000.0 0.933658070962
-1631.09120464 -15.2492151559 0.865334469325 5000.0 0.865334469325
-394.41497114 -16.2223884725 0.850057644392 5000.0 0.850057644392
6460.40647056 11.0386096816 0.943008909399 5200.0 0.943008909399
745.409945607 -43.7600523809 0.908292998456 5000.0 0.908292998456
5470.77803006 7.28381116366 0.962319236614 5000.0 0.962319236614
5839.73709259 75.635779619 0.97152160887 4800.0 0.97152160887
-3549.2901674 36.2447749808 0.891085608531 4800.0 0.891085608531
3966.61279612 -32.9506930678 0.962375476408 3600.0 0.962375476408
-1731.26878944 11.2645384029 0.82577382401 5000.0 0.82577382401
2882.87572799 -26.0167592413 0.925270220173 4600.0 0.925270220173
3021.53998778 -74.6439226593 1.0589773756 7600.0 1.0589773756
7084.39542393 43.3026760682 0.980235835082 2400.0 0.980235835082
2204.78254045 5.07194971116 0.845413024388 4800.0 0.845413024388
-2811.42764024 -47.2872954036 0.966376005179 4800.0 0.966376005179
-3661.56979557 -12.1689226505 0.846463991498 5000.0 0.846463991498
1046.7198373 40.085225912 0.903477783526 6600.0 0.903477783526
12.2417821098 -22.4117755113 0.916422041234 5000.0 0.916422041234
1624.23747613 40.9423786616 0.911569955862 4800.0 0.911569955862
-4318.90673147 -30.8402281609 0.878799572068 4600.0 0.878799572068
8702.15556261 10.8456806791 1.06752213242 600.0 1.06752213242
3399.66171884 -4.42566653042 0.892964050459 5200.0 0.892964050459
2344.65349832 -17.835029934 0.864057132678 5200.0 0.864057132678
3868.60912604 1.92092677121 0.898381945786 4200.0 0.898381945786
-741.079475546 -44.7913705816 0.836772791106 5000.0 0.836772791106
5241.21877224 -11.1521488699 0.956787289374 4000.0 0.956787289374
-5349.31158877 -25.4114782773 0.884479752666 4600.0 0.884479752666
6183.30996322 18.6417887752 1.01583408217 5400.0 1.01583408217
6481.85531518 -47.8153803667 1.03772865359 1400.0 1.03772865359
-1326.81212671 31.6205608915 0.90366330896 4800.0 0.90366330896
-7796.55125974 -73.3760863884 1.09240464159 5000.0 1.09240464159
-2664.69494447 -29.6368264525 0.892012590349 4800.0 0.892012590349
1248.48048091 -3.35562979698 0.863804172858 4800.0 0.863804172858
-2625.97442678 76.4223391822 0.994999076989 5600.0 0.994999076989
3859.42543192 5.14996154729 0.872479428088 5200.0 0.872479428088
-5841.75294259 41.2383885707 1.10877572204 4400.0 1.10877572204
-162.661467982 -77.7988219882 0.975146928704 5000.0 0.975146928704
617.811056488 -34.5205926465 0.905815898717 600.0 0.905815898717
-1972.72191822 -52.9770933271 0.942761582449 5000.0 0.942761582449
-4354.22723111 -20.8436636307 0.956196049337 5200.0 0.956196049337
1933.5048712 -25.1122115763 0.864297285903 5000.0 0.864297285903
6464.58555512 24.0887767122 1.03787310297 2200.0 1.03787310297
-4994.75466807 -32.4437648163 0.947131574656 4600.0 0.947131574656
-6452.75722233 33.7249860391 1.01541825812 4200.0 1.01541825812
-1688.69991165 41.9275822816 0.891734759215 5000.0 0.891734759215
1785.50153817 -65.4802826151 0.938552384289 4800.0 0.938552384289
-3346.1206253 -53.5400233451 0.97447018618 600.0 0.97447018618
-7089.36698812 28.8542055601 1.03810099115 5000.0 1.03810099115
-6354.54748962 -25.3745691503 0.964472633546 4400.0 0.964472633546
-6174.18014396 -60.4198445047 1.2023518117 600.0 1.2023518117
-7265.91186282 53.1932359774 1.00667114942 1200.0 1.00667114942
-5171.04178024 -47.4224568053 0.963827386066 600.0 0.963827386066
2062.40013857 31.5030301505 0.930465542761 5000.0 0.930465542761
340.756778333 17.6881638427 0.907762451905 4800.0 0.907762451905
-8606.27023968 -45.9057058674 1.0760733179 7200.0 1.0760733179
243.866803284 34.0436581507 0.970020710682 5200.0 0.970020710682
-1371.71436045 36.2444228211 0.912048030921 5000.0 0.912048030921
-5337.80415108 -29.4235837851 0.958634946962 5000.0 0.958634946962
5724.88282357 -49.0645175084 1.00910396619 2200.0 1.00910396619
-7506.92627049 -3.84323550795 0.96405059263 5400.0 0.96405059263
4984.25549958 -43.2206368096 0.973120192149 4800.0 0.973120192149
5536.76912444 -57.3489903887 0.946270805507 600.0 0.946270805507
4837.87446054 30.7482543172 0.936405462482 5200.0 0.936405462482
8961.07566021 -47.7864219816 1.09758884098 2000.0 1.09758884098
-3800.05908354 -57.2287187319 0.980524117526 1600.0 0.980524117526
6778.20016059 -26.5043807806 1.00397272053 4400.0 1.00397272053
2069.52290492 -36.9839056335 0.91655807167 4800.0 0.91655807167
-3583.19039301 2.84718618474 0.818954872005 4800.0 0.818954872005
4126.32167705 -38.6509793172 0.955896114495 600.0 0.955896114495
3136.99081169 25.1843521374 0.943174989629 4600.0 0.943174989629
-5253.22099487 -63.8033333983 0.980927960647 600.0 0.980927960647
-588.405108159 -26.2995592842 0.874322905892 5000.0 0.874322905892
5901.88393337 13.3595559684 1.03564743181 3800.0 1.03564743181
-1000.87432057 59.9438386722 0.951554297678 4800.0 0.951554297678
-1685.81700849 -32.2396541199 0.849220510584 5000.0 0.849220510584
-284.912607131 -85.8093247367 1.03896441112 7800.0 1.03896441112
-3412.12952583 -78.4399323042 1.00986674878 5600.0 1.00986674878
1695.85794865 12.5744221665 0.897924208776 5200.0 0.897924208776
-191.681637943 35.4782505601 0.929314929447 5200.0 0.929314929447
211.792798145 -23.6287484775 0.897740213901 5200.0 0.897740213901
3768.18087347 -21.8739117325 0.913436153991 2400.0 0.913436153991
-7024.13358777 -46.6186525657 1.00893475815 600.0 1.00893475815
5419.79838553 -84.0378270958 0.986952155246 600.0 0.986952155246
3999.64342734 2.12941334356 0.896456719499 4600.0 0.896456719499
-2925.30515737 48.9458831452 0.934243064209 4800.0 0.934243064209
-292.119441153 30.1877402643 0.890596717792 5200.0 0.890596717792
-1451.89598842 -52.7740404042 0.871639708606 4800.0 0.871639708606
1493.66297725 32.4703077594 0.925749945962 5200.0 0.925749945962
-3283.41788347 22.8972641888 0.87469340004 5200.0 0.87469340004
5246.40898905 -11.8924031871 1.00346700792 4400.0 1.00346700792
-174.992756338 -51.4192956573 1.00841175112 1400.0 1.00841175112
2460.60326721 53.9095670093 1.02740374881 6400.0 1.02740374881
3086.32414544 -76.3504043027 1.06098991446 7800.0 1.06098991446
896.547203563 -9.71823422519 0.883922790569 5200.0 0.883922790569
6691.84967782 69.9838255549 1.05778732314 1800.0 1.05778732314
-865.207835104 -19.3454710291 0.884476759275 4800.0 0.884476759275
-1841.26984459 30.1045763386 0.911831523473 4800.0 0.911831523473
6108.48935535 -69.24306261 1.02182806444 1800.0 1.02182806444
-2575.05422046 59.4926033129 0.912754244271 5000.0 0.912754244271
6197.55158529 7.71229147186 1.02684983384 5000.0 1.02684983384
-490.881392189 -88.1190719645 1.08014400223 7800.0 1.08014400223
2671.00774421 78.7955571928 1.00300685724 4800.0 1.00300685724
-54.5437742674 -58.9235763272 1.03367137062 5000.0 1.03367137062
-7773.58284513 2.11578361024 1.04804638895 5200.0 1.04804638895
-3406.63583299 14.3271028704 0.857303088731 5000.0 0.857303088731
204.15285495 68.6863074465 0.929476088795 6600.0 0.929476088795
-810.049938155 38.9688701103 0.88432042316 5000.0 0.88432042316
3033.81482994 30.6262367824 0.960212760284 5000.0 0.960212760284
-1141.05206896 -76.5135945478 1.00189485574 5200.0 1.00189485574
-2774.15733358 25.2940572536 0.829819808373 5000.0 0.829819808373
618.576343297 57.0948351234 1.02443556801 600.0 1.02443556801
1480.55441111 75.1647789225 1.11040518946 2200.0 1.11040518946
-5109.35074214 -47.1837835165 1.03629805571 1400.0 1.03629805571
991.343129145 -23.5765478862 0.920928951004 4800.0 0.920928951004
-329.987932434 54.810684831 1.00808263812 600.0 1.00808263812
6911.2266441 -55.3329056733 0.968848694911 600.0 0.968848694911
-2078.04713174 4.04266299987 0.799530092853 5000.0 0.799530092853
659.406943182 15.336432364 0.874885369338 5000.0 0.874885369338
7060.18606609 -58.5818299016 1.0547042352 800.0 1.0547042352
-5397.39073544 -20.9325021725 0.87663219382 4600.0 0.87663219382
586.720866762 80.7084554651 1.02996197526 7800.0 1.02996197526
3078.8050512 -7.52469725256 0.908832048387 4800.0 0.908832048387
-1620.62674073 -50.5596292211 0.985523301228 4800.0 0.985523301228
-4445.52055824 15.4754091464 1.00514934765 4800.0 1.00514934765
-2835.50649107 49.3434673199 0.920082445116 5000.0 0.920082445116
2885.72658667 69.4801239891 1.0432026445 1600.0 1.0432026445
746.020405484 29.2816408961 0.928139789197 5000.0 0.928139789197
-1445.20036233 -10.2466389135 0.866617991613 4800.0 0.866617991613
-4405.56706495 19.0338972144 1.02366981528 5200.0 1.02366981528
5819.29758456 -41.5017931228 0.980770085466 2400.0 0.980770085466
-3230.22593218 36.0194075032 0.914735732817 4800.0 0.914735732817
-589.925019389 45.0231069321 0.910309536096 5000.0 0.910309536096
1680.3928301 68.2277175632 1.01442256054 1800.0 1.01442256054
-2441.95102932 53.0698885062 0.939914468264 5000.0 0.939914468264
-5698.36051351 -56.9496474686 1.07322698461 7600.0 1.07322698461
141.779062085 11.3134415296 0.896001056624 5800.0 0.896001056624
4289.95372567 -11.7213508647 0.926522546467 4800.0 0.926522546467
-6709.57154271 -33.2113250556 1.0409336096 600.0 1.0409336096
6828.70648027 -49.5016342853 0.993519834382 3200.0 0.993519834382
-2118.95814216 19.1587884031 0.856216850505 4800.0 0.856216850505
-4863.76881998 -60.2732585423 0.999468750834 1600.0 0.999468750834
1860.70194557 -63.6635883948 0.952404523085 4800.0 0.952404523085
5392.06588239 69.2525327847 1.02915195499 4800.0 1.02915195499
