279.651733826 26.3101899569 0.857469067407 5400.0 1.58717948718
-611.940137492 -48.2739216343 0.904378040383 5000.0 1.58717948718
-1398.55888371 -26.9388024902 0.90959176258 4800.0 2.1
-3641.97690759 1.23237501627 0.95963462027 4800.0 1.07435897436
-2685.68519613 5.87013658927 0.839277315884 4800.0 2.1
-2912.14246603 -7.19083549167 0.864434078178 5000.0 2.04871794872
701.368834104 43.4473058962 0.890103641672 5400.0 1.27948717949
2157.63327116 70.8308662208 0.992865749352 8000.0 0.510256410256
1385.67425384 -19.1694332805 0.883102822208 5200.0 1.79230769231
-3817.09679512 -31.4921590206 0.950869853812 1000.0 1.22820512821
538.574251855 -3.47546867079 0.837505562638 5000.0 1.94615384615
81.2534404776 24.1033660872 0.862795915044 5000.0 2.1
86.1567990509 -17.2851295934 0.846819798825 5000.0 1.84358974359
2341.29012352 -12.1949423227 0.896176158362 5200.0 1.48461538462
-1338.48964705 16.3804897125 0.889266953722 4600.0 1.79230769231
-2840.6774749 -44.0892661819 0.931122220444 1000.0 2.1
-1467.73326371 25.4404740444 0.886430543493 4800.0 1.89487179487
1441.76587364 10.0414414224 0.860535089884 4800.0 1.68974358974
-786.521118369 25.0224779284 0.887073405344 4600.0 2.1
917.432005552 0.820210994923 0.850365360059 5400.0 1.89487179487
3343.33974256 -28.0198137405 0.960691408121 3800.0 1.79230769231
810.455678952 -23.1835618823 0.847111902303 5400.0 1.58717948718
3799.42068778 8.40047970829 0.895671005462 4600.0 1.63846153846
172.667848076 36.3046600389 0.941198265137 1000.0 1.48461538462
4.88672082308 -31.4371830734 0.860379995003 5000.0 1.68974358974
2167.07566939 39.2364079489 0.938394198892 1000.0 1.07435897436
-491.100807987 31.0034142838 0.897122654185 3200.0 2.1
1722.53828951 -10.8151806826 0.883318047168 5200.0 1.63846153846
-787.574851747 11.0569453743 0.86434757005 4800.0 1.89487179487
3158.64249317 44.6416271448 0.941799427315 1000.0 2.04871794872
3881.32627686 -13.4433524617 0.896460035038 5000.0 1.22820512821
1715.19153905 -15.0084373774 0.847640306906 5000.0 1.68974358974
2363.77371537 13.1129931312 0.884585296257 4800.0 1.74102564103
3437.65762701 48.7659590961 0.941356595577 5400.0 1.48461538462
-846.923512226 -39.175064601 0.958686863578 1000.0 1.07435897436
-85.0112897424 12.5118501594 0.861038273041 5000.0 2.1
-1705.71645038 13.3230396149 0.897231367869 4800.0 1.94615384615
-2113.3876942 20.5584758478 0.884196449921 4800.0 1.89487179487
-224.723184304 64.8432227986 0.992812738241 6000.0 0.407692307692
1545.81415433 6.23747121043 0.883699921702 5200.0 1.58717948718
2636.15038764 15.3137058737 0.885420159986 4800.0 1.63846153846
-1337.55778142 -27.9674619872 0.889394029872 5000.0 1.43333333333
3517.32833074 31.2168812754 0.920529881138 5000.0 1.12564102564
-1931.72160381 -38.7544411616 0.848234576638 5000.0 1.99743589744
1001.35082379 28.4884760922 0.853958686206 5000.0 1.79230769231
2449.657629 84.4832314609 0.995891277416 7400.0 0.35641025641
350.39684202 -2.42068074641 0.888583716539 5400.0 1.94615384615
-1922.65779497 12.0518785586 0.902551383348 5000.0 1.68974358974
-2925.31806369 31.4681358688 0.912808897534 4800.0 1.79230769231
-3153.29819185 40.1249629775 0.941728704568 4800.0 1.94615384615
3031.32157114 -11.5690956342 0.870027184241 4800.0 1.68974358974
1697.20741678 4.06706549175 0.842512890138 4800.0 1.94615384615
-1898.03067453 82.1899903496 1.00140817547 1000.0 0.1
1440.03092882 11.2427052747 0.873275619017 4800.0 1.68974358974
1720.67526256 64.8959925845 0.986473742582 5000.0 0.612820512821
859.869780217 -18.7384875777 0.88177263416 5000.0 2.1
-2768.9754443 12.9795294162 0.911033783554 4800.0 1.68974358974
-3468.91208676 45.5891183654 0.954776336663 1200.0 1.79230769231
2216.75744485 -0.588236943669 0.892065778706 5200.0 1.63846153846
-3765.36457124 57.6175712731 0.988679395363 1200.0 0.407692307692
-1502.72971257 -36.2389306149 0.925031949129 1000.0 1.63846153846
3402.10719528 37.7397139324 0.963683655082 1000.0 1.07435897436
4099.23323256 -40.478159776 0.944738004034 4800.0 1.22820512821
1224.73621898 13.4254593028 0.877418895172 5000.0 1.74102564103
-3261.49390772 34.6038583651 0.96028106567 4800.0 1.12564102564
-1005.78881876 -14.8364407743 0.85234542636 5000.0 1.94615384615
2704.16536003 52.5771187369 0.975137926985 1000.0 0.817948717949
-240.280804191 58.7701632638 0.971437297412 5000.0 0.869230769231
2229.94926745 -29.4166429364 0.919763964349 1200.0 1.22820512821
542.292028157 21.7896376032 0.87989742899 4800.0 1.63846153846
-1894.19661023 29.5737667953 0.873058320879 4800.0 2.1
1341.93799691 53.4005185922 0.983846034094 1000.0 1.22820512821
-307.284045207 -2.45623600421 0.843150769138 5400.0 1.94615384615
2218.20032825 -9.11686173127 0.877373929677 5200.0 1.68974358974
-1994.50110969 -9.09734100806 0.869730977857 4800.0 1.94615384615
-210.860007447 45.1806081765 0.924485771603 4800.0 1.38205128205
3325.35755216 -6.67825604722 0.863524409612 5000.0 1.58717948718
-1995.17642945 53.2320036609 0.90834097361 5800.0 2.1
-3217.40745331 36.4760118534 0.927740393921 4800.0 1.68974358974
-2956.32383347 21.742596554 0.921245785211 5000.0 1.68974358974
-2404.78346061 41.4084691938 0.971731458035 1200.0 0.971794871795
1561.96165742 16.0280355672 0.84722938861 5000.0 1.68974358974
366.121760359 -14.0398265467 0.882735867913 4600.0 2.1
1724.39297211 -49.4333917723 0.974374806418 1000.0 1.33076923077
-3927.4999245 -9.08990334099 0.917568293693 4600.0 1.68974358974
-2904.53428669 19.7344887542 0.86849233981 5000.0 1.84358974359
2268.51979257 -12.4256265051 0.912451940908 4800.0 1.48461538462
3230.09056609 9.59559306072 0.911544512852 1000.0 1.38205128205
1671.35564922 -61.7804283539 0.942532911004 5200.0 1.33076923077
211.582886254 -51.1495898753 0.940000696872 1000.0 1.07435897436
-3336.51082698 20.5734118557 0.926219325005 1200.0 1.48461538462
1200.94586089 -12.2043654801 0.873445976325 4800.0 1.58717948718
1997.11960008 31.1830932709 0.903276215168 3800.0 1.89487179487
2232.04756093 -10.0015652695 0.924851013524 5000.0 1.5358974359
-2698.02180447 7.57459685828 0.936179158596 4800.0 1.38205128205
184.553422272 -54.1682406363 0.950239647033 1000.0 1.27948717949
245.129786555 -9.1500723653 0.895500794264 5000.0 1.89487179487
3008.86051234 54.8704770593 0.943050383481 8000.0 0.920512820513
-1757.35186949 31.163512306 0.897763049311 5400.0 1.74102564103
2189.72957383 33.7197455764 0.957198729452 3200.0 1.12564102564
-2514.32308328 2.2830654724 0.882124283231 4600.0 2.1
-2836.18724621 -35.5360158826 0.914296478418 4800.0 1.89487179487
-3494.78628851 -22.6930753379 0.920693465437 5200.0 1.63846153846
2038.76225226 -57.5713892766 0.982431699839 1000.0 1.38205128205
2315.26933202 -8.32759137185 0.916813443723 5200.0 1.63846153846
3771.95875621 -14.8868212557 0.872392235393 5200.0 1.33076923077
-574.122161943 14.1276560611 0.878555374719 5000.0 2.1
-1879.53399873 65.9084098613 0.999781560087 7600.0 0.1
-332.399712401 65.0126200603 0.98902648786 1000.0 0.458974358974
-3011.32564523 33.6432499725 0.946297738963 5000.0 1.58717948718
3616.734493 -50.0355560073 0.914213165988 1000.0 1.79230769231
-3290.98072218 31.8920712912 0.948075578906 1200.0 1.12564102564
3510.49094861 73.837131352 0.984799786058 1200.0 0.510256410256
-2203.03702793 -19.1024115073 0.908259654206 5000.0 1.79230769231
328.675982083 -47.0094325453 0.868155210529 5000.0 2.04871794872
-257.607672455 35.978935434 0.919584716152 4800.0 1.63846153846
-1772.844554 -3.70427315275 0.868157022724 4800.0 1.94615384615
-1249.06758511 84.1601357816 1.00074651933 7800.0 0.1
-3551.41658234 34.4355308183 0.94900056563 3600.0 1.22820512821
1903.61365644 -9.33289758885 0.88076420078 5000.0 1.58717948718
1842.82277257 -9.37423043002 0.845959395118 5200.0 1.68974358974
225.645048823 -36.2847118292 0.940113068259 4600.0 1.17692307692
-46.8883250748 38.2475917274 0.943321844724 5000.0 1.38205128205
2171.57833955 7.40001812907 0.849200353266 4800.0 1.79230769231
-536.137751854 9.13089812824 0.842493035666 5000.0 1.99743589744
-928.95492549 -49.8726253325 0.956198379014 1000.0 2.1
1267.33128367 33.6783792702 0.888958413962 5200.0 1.79230769231
-764.614808626 41.4721918788 0.926541573768 4600.0 1.63846153846
-3445.9762322 56.4948833217 0.988469425135 6600.0 0.612820512821
2382.91717425 18.607558504 0.891590381659 5000.0 1.74102564103
-2073.34370573 -27.4672539144 0.867086317279 4800.0 1.63846153846
2147.87047963 -25.3717069936 0.940387205512 4800.0 2.1
52.9160833505 4.73469006725 0.814221086309 5000.0 2.1
428.560666272 4.02964326543 0.87271956677 4800.0 1.99743589744
2467.54549414 18.3652927285 0.913770317687 4800.0 1.43333333333
1787.92366184 26.5508203391 0.920876611231 1000.0 1.38205128205
2436.96944278 62.9395890312 0.989725678482 1000.0 0.561538461538
138.985887756 -58.6532814255 0.972840156501 1000.0 1.02307692308
650.23250816 72.9217007032 0.990024806482 1200.0 0.407692307692
227.857607478 -42.5035789879 0.879428556821 4800.0 1.68974358974
-554.318969783 25.1541588087 0.882798812782 5000.0 1.74102564103
1962.30545272 -18.1408317632 0.88607922563 4800.0 1.63846153846
-1380.39794996 16.9998762472 0.859074681759 5000.0 1.99743589744
3350.22289693 -4.46753008421 0.917000598628 5000.0 1.43333333333
2704.35474399 4.82266249531 0.88061857935 5000.0 1.63846153846
-925.348842857 -13.0053367883 0.880801249296 5200.0 1.68974358974
-538.768000755 72.7897036683 1.00077806664 1000.0 0.1
-4150.76744118 -51.2476901866 0.924997902042 5000.0 1.68974358974
-2988.90218693 12.7235095817 0.944821010248 4800.0 1.38205128205
3520.6435056 41.5699959664 0.918904941137 1000.0 1.79230769231
-1001.6646697 49.8040390783 0.869194762867 5200.0 2.1
1131.95617568 -10.6276225789 0.873051877933 5000.0 1.99743589744
-2380.88218199 -16.2490013627 0.89361607496 4800.0 1.63846153846
3068.30289601 -37.6741491789 0.926416228266 1200.0 1.63846153846
238.788549456 31.7169267087 0.907343782701 5000.0 1.68974358974
-2478.08403634 34.0197675476 0.96343669084 5000.0 1.22820512821
879.993700594 40.185522801 0.87488827062 4800.0 1.99743589744
-1854.63329077 -14.1978421569 0.898859529191 5000.0 1.63846153846
3415.86349126 35.096278055 0.923733718661 1000.0 1.38205128205
720.947377372 51.8332041968 0.956618810789 5000.0 1.07435897436
1868.94320211 -12.3975691468 0.903753549685 4800.0 1.58717948718
-2782.09707158 32.0393861695 0.933395234637 5000.0 1.27948717949
-3968.75028535 -18.6279561598 0.930382118092 1200.0 1.38205128205
-4423.30422194 33.0496885649 0.967743786708 4800.0 1.12564102564
-1294.7123226 23.7446278212 0.933871351925 5000.0 2.04871794872
2527.62307525 -53.3590818861 0.969944165529 1000.0 0.766666666667
2125.15307865 -7.87540441946 0.852584849695 5200.0 1.63846153846
4154.59197949 -25.5404613658 0.952658766441 1000.0 1.27948717949
2934.53414467 52.4996232855 0.965781609765 5000.0 0.715384615385
-1591.89190716 -29.263119263 0.930976214748 4600.0 1.58717948718
2659.42686078 35.677719941 0.939620786687 4800.0 1.27948717949
2753.15182829 1.76925707026 0.863849510624 5000.0 1.63846153846
1649.22263785 -1.50548500984 0.883418135254 5000.0 1.89487179487
-3055.88082929 35.0373328407 0.905283094197 4800.0 2.1
1740.16160314 -18.0986151229 0.873858245416 4800.0 1.63846153846
1190.07018976 -6.19030720776 0.863442808418 5000.0 1.84358974359
-3329.78143662 -1.11887896302 0.923630245374 4800.0 1.74102564103
-1965.11821119 33.9404519709 0.951217785519 4800.0 1.33076923077
807.371650499 -22.8001640206 0.870476525479 4800.0 1.63846153846
118.716261149 11.8726083757 0.845171327671 5000.0 1.84358974359
-462.915700805 -34.8041669007 0.943743700971 1600.0 1.58717948718
-1916.05203789 8.84673846688 0.897566817637 5000.0 1.74102564103
900.250764509 -20.0870945133 0.8573992352 5200.0 1.63846153846
-1074.50646846 1.97217959991 0.834563665727 5000.0 2.1
-181.568372924 82.7569686044 1.00122090184 3600.0 0.1
1916.09448896 -14.2931045593 0.851748279565 5000.0 1.68974358974
1973.27322786 -38.0768615753 0.912518952932 5000.0 1.43333333333
-1759.36447618 64.1587736963 0.994333539295 1200.0 0.35641025641
-3795.89597091 -39.2960061356 0.928822730967 1200.0 1.48461538462
45.0161043589 19.5205660788 0.853740276499 5000.0 1.84358974359
2241.89268317 25.9767239714 0.939635676364 1000.0 1.48461538462
-139.931619186 34.298259208 0.898739241028 5200.0 1.63846153846
2511.47896318 40.3730695682 0.957419519867 4800.0 0.869230769231
345.624959789 42.5608859686 0.956822064137 5600.0 1.12564102564
695.85329019 31.4275707744 0.902939696305 5000.0 1.84358974359
2959.61004733 17.1436511468 0.932001282272 1200.0 1.27948717949
2797.04934347 -35.8159724157 0.9123019674 1000.0 1.68974358974
3272.84643596 -24.313458021 0.896012198573 1000.0 1.12564102564
23.6042893445 5.13459762779 0.861333074743 5000.0 1.89487179487
-619.945239293 -46.830744714 0.919216864031 5200.0 1.63846153846
-2287.65272992 70.5111439262 0.99002358118 7800.0 0.561538461538
1224.93916112 13.2136461964 0.843055953948 5200.0 1.68974358974
-1333.88362347 25.1694631285 0.874788473122 5000.0 1.89487179487
1005.97579096 -36.0910165423 0.879479860809 5200.0 1.5358974359
-631.014722366 52.5508138476 0.898164793678 6600.0 1.89487179487
3279.53572288 18.9471426618 0.885207357426 1000.0 1.74102564103
1804.86929147 4.29795031283 0.871156807493 4800.0 1.74102564103
-2949.82717215 -53.1881066655 0.964503709626 1000.0 1.38205128205
-3503.46241856 56.2820443843 0.985104035898 4200.0 0.664102564103
-572.837055959 -6.27462507398 0.86077094926 4800.0 1.99743589744
-3354.7959437 18.0533512414 0.921148845631 4600.0 1.79230769231
3157.07212721 -16.6315359044 0.899806158922 4600.0 1.5358974359
-1510.84930412 -33.9199097255 0.954049752799 5800.0 1.33076923077
3468.11621874 -50.8415061907 0.97149228396 3600.0 1.33076923077
-1862.53974579 -62.1734837985 0.922700644656 5000.0 2.04871794872
2950.50600866 -1.053161436 0.880110189824 5200.0 1.68974358974
-224.519812934 -45.2802047791 0.92835663288 4600.0 1.63846153846
-2239.82035515 -24.6525064524 0.903036261904 5000.0 1.33076923077
1605.55193786 -27.4738764332 0.910265395465 4800.0 1.48461538462
1360.59929997 -15.9924190697 0.871801055007 4800.0 1.68974358974
-1395.8475732 -37.8889976787 0.902602787279 4600.0 1.63846153846
-3178.62322258 -11.9658944701 0.872552418811 4800.0 2.1
-3435.26750318 30.5353207121 0.970601226882 1000.0 1.12564102564
-2119.58272336 -9.48753541307 0.869680138045 4800.0 2.1
3825.836951 -58.5534748045 0.931169945936 5200.0 1.17692307692
-601.057580245 19.2555714296 0.869415944382 5000.0 1.94615384615
3125.85505618 81.0002479652 1.00255155111 1000.0 0.1
1414.74209757 -40.3060967575 0.937522409445 1000.0 1.07435897436
351.172884893 -30.8389070962 0.906704465775 5400.0 1.58717948718
-1978.18625713 19.9698438738 0.898695249953 4800.0 1.79230769231
593.555646311 -9.05627921575 0.890630479932 5000.0 2.1
842.245647535 47.0052525527 0.977149756326 1200.0 0.766666666667
-295.832711281 20.6770473881 0.889506297699 4600.0 2.1
1396.09347847 7.039380139 0.884716259071 5000.0 1.84358974359
3799.88241565 12.7140685942 0.936345215187 1000.0 1.48461538462
3598.9512099 17.2319389163 0.895412691675 4600.0 1.48461538462
2967.13620711 15.3318600672 0.883446987984 5000.0 1.48461538462
2895.93747746 3.51312732146 0.879442323229 5200.0 1.5358974359
-1398.83692202 -18.1512484523 0.874224576617 4800.0 1.74102564103
1531.89724032 -21.4601410153 0.900764116713 5000.0 2.1
-2013.11443791 9.28570180794 0.890452366777 4800.0 1.89487179487
-2232.1069989 -16.2349249791 0.886645977664 4800.0 2.1
-3859.57477447 -70.1215818427 0.994890612957 8000.0 0.35641025641
-2416.7556414 -20.6007807336 0.925387899524 1000.0 1.5358974359
-2495.72851294 51.0487444987 0.991518127533 5000.0 0.561538461538
-621.674050677 33.7478062856 0.949397758943 5000.0 1.38205128205
3603.35204952 57.8284288929 0.97158176177 7600.0 0.766666666667
409.00157631 42.6816304037 0.91756930048 5000.0 1.5358974359
-4346.1443376 -42.2291723612 0.920338006183 5000.0 1.43333333333
-2861.26346605 -11.6997479066 0.908325735191 4600.0 1.99743589744
-1385.14099861 39.8523572762 0.921511148617 4600.0 1.17692307692
-563.674928367 -31.5648077562 0.899963220035 1000.0 1.58717948718
744.628329505 31.9122211689 0.908868709781 5000.0 1.5358974359
-586.26024174 -28.7230191929 0.879443322545 5000.0 1.74102564103
-406.043944214 -24.1962466901 0.850155501499 5200.0 1.94615384615
-950.544393245 24.9639747635 0.88356937235 4800.0 1.89487179487
3181.35675377 77.4778771609 0.99990525346 8000.0 0.1
496.151105186 53.0304446372 0.941101986726 5600.0 1.27948717949
-2078.7111764 3.99390444305 0.906924648746 4800.0 1.84358974359
-1146.38511868 -53.0198068609 0.907975658628 5000.0 1.74102564103
-2655.41288922 82.2461748939 1.00078855289 8000.0 0.1
-492.036745711 -23.7387212089 0.873507149134 5200.0 2.1
3077.82861713 -27.3733738197 0.893472611758 4800.0 1.5358974359
3956.88190145 -28.4069373045 0.9351025321 4800.0 1.63846153846
1175.76127655 25.8223698899 0.877816101347 5000.0 1.89487179487
-2502.52345509 -8.5283510018 0.856088421595 5000.0 1.79230769231
1222.88921331 73.5206113129 0.987764839822 1000.0 0.510256410256
-2159.07448316 -43.500783483 0.962463388203 1000.0 1.43333333333
1671.77304528 35.8033570413 0.944782864825 1600.0 1.07435897436
1204.62627817 -17.3618975497 0.907585682299 4800.0 1.5358974359
-3300.42299746 -12.594481853 0.900588493533 4800.0 1.84358974359
-541.792296862 -4.07339317719 0.896821939595 5000.0 1.79230769231
-3371.80029961 28.2654856494 0.920901989838 4800.0 1.84358974359
1880.651027 -15.5555740682 0.868655433169 4800.0 2.1
3087.27331147 20.4661082514 0.88975950853 4800.0 1.38205128205
4055.6518958 34.9155411035 0.901055130693 5400.0 1.27948717949
2417.53985678 -33.9464196947 0.897651149742 5200.0 1.27948717949
795.618752154 68.4611912724 0.992728803074 8000.0 0.458974358974
-2543.66176141 59.4738534266 0.979352434461 4600.0 0.612820512821
2799.33813117 -22.7040152798 0.924069645138 5000.0 1.68974358974
3051.00518392 -30.8499765197 0.928558139242 1400.0 1.5358974359
3557.50061565 -21.0634175708 0.911345880885 3600.0 2.1
-546.96344096 30.9642144314 0.884815869877 4600.0 1.99743589744
500.409440657 -51.0026147286 0.949938989221 1000.0 1.17692307692
-948.165470232 54.3237882167 0.948851345956 4800.0 1.43333333333
3020.52157791 -29.9466164298 0.915642100789 4800.0 1.94615384615
-624.590423378 41.9730984472 0.939998726596 4800.0 1.33076923077
-2300.81031148 -1.2550620596 0.867072032318 5000.0 1.89487179487
-992.309867759 59.6993304014 0.989676858949 1000.0 0.458974358974
-271.902940772 54.0217281042 0.954820522448 8000.0 1.12564102564
2503.63870605 3.52973300876 0.873714607091 4800.0 1.68974358974
-4508.47067342 39.857131451 0.979974821495 4800.0 1.02307692308
3460.85157552 -31.4593372017 0.910731884992 5200.0 1.48461538462
1666.11513977 9.07506032558 0.866361746265 4800.0 1.68974358974
2539.72130813 41.8388315505 0.939373646646 5000.0 1.33076923077
-855.62673321 28.9586349205 0.891205336789 5200.0 1.58717948718
-2317.45400653 -25.1065056251 0.93508222982 2600.0 1.99743589744
-1672.47241138 55.7426323993 0.994757799517 7800.0 0.458974358974
-1959.55055221 -27.9011551764 0.863694217008 4800.0 2.04871794872
-506.469813828 31.6873587781 0.86179193653 5000.0 1.74102564103
3373.5967429 12.3019878152 0.870479565868 5000.0 1.38205128205
-3064.38721659 -7.22589434581 0.916055677892 4600.0 1.63846153846
1706.09369787 0.994586578125 0.86360833532 4800.0 1.68974358974
1670.60846966 -50.2574535107 0.891909367774 5200.0 1.27948717949
-3840.73961692 24.3856949861 0.971975281276 1000.0 1.07435897436
1182.99158106 -29.844354228 0.912017347997 4800.0 1.74102564103
-1624.71652188 25.5853748467 0.902813032122 4800.0 2.04871794872
1595.19485927 28.1191736909 0.877918736853 5400.0 1.5358974359
-2808.88797571 -60.1694475788 0.963673458362 6800.0 0.715384615385
-54.0294005939 -5.43832042749 0.814318469043 5000.0 1.94615384615
3181.96510443 19.9442477606 0.865115164069 5200.0 1.38205128205
1415.07804587 -9.21887492919 0.88277808024 5000.0 1.99743589744
682.279303778 -29.5461340823 0.931333656166 4800.0 1.63846153846
1266.57015612 15.9413876113 0.882292166864 4800.0 1.63846153846
-628.914585418 -9.99294618153 0.876461480647 4800.0 1.84358974359
-55.3380386091 -46.7776391628 0.847129177468 5000.0 2.1
1636.46752013 65.084501479 0.997950494373 7400.0 0.253846153846
2797.29621209 9.34690850436 0.894565911115 4800.0 1.58717948718
-4046.12249368 -34.8886976771 0.931250343607 4800.0 1.74102564103
1203.95309207 54.0271900531 0.971668896238 5000.0 0.869230769231
1247.30291242 24.2091219489 0.912185007201 5200.0 2.1
3852.33744145 26.404903918 0.962041039416 5000.0 0.971794871795
-186.575445161 12.4917463813 0.867000028877 5400.0 1.84358974359
-882.080532138 5.92217684388 0.830055107838 5000.0 2.04871794872
1252.13676054 48.9731451353 0.972097032899 7200.0 0.920512820513
1266.78099316 50.5219691497 0.97548781667 1200.0 0.664102564103
-770.990571016 -24.2371471162 0.853838072681 4800.0 1.74102564103
1907.23043946 27.2932890338 0.879801856345 4800.0 1.43333333333
646.164800677 -23.7426971358 0.911332082907 4800.0 2.1
-974.026326169 -55.1219724671 0.953244494386 4800.0 1.33076923077
1629.084269 50.1861491348 0.922163067587 5200.0 1.27948717949
226.553657055 -2.17453764042 0.830680136331 5000.0 1.79230769231
-1296.89967138 -24.6125791165 0.860620041426 5000.0 1.84358974359
720.98459262 3.17104664503 0.882065748577 5200.0 1.74102564103
-1576.29403026 -18.0551089084 0.880057871491 5000.0 2.1
-3395.18937891 -32.3556345628 0.890228596799 4800.0 1.79230769231
-279.742743094 -16.3715405098 0.870083844845 4800.0 1.79230769231
64.4812321472 32.8110896886 0.896992423731 5000.0 1.5358974359
695.387185301 -46.5774624849 0.964487340581 1000.0 1.12564102564
-2794.59796332 -78.2525374449 0.946399975449 7000.0 1.02307692308
1856.14664268 -34.1197281103 0.857757033959 4800.0 1.58717948718
-3296.65856904 -52.8663686753 0.93072745244 4600.0 1.89487179487
426.553609222 -35.3418622629 0.932018652813 3600.0 1.33076923077
3798.28432012 41.875941168 0.97111881928 4400.0 0.920512820513
-1470.96743613 62.5277352177 0.983901981248 4800.0 0.664102564103
636.281929755 -40.7350153959 0.942333569662 4200.0 1.17692307692
-2851.57992176 17.1055370271 0.898245875105 4600.0 2.1
-1194.15227218 33.8579803718 0.925064153253 4600.0 2.1
-3083.88251162 -5.06613463597 0.872544877212 4800.0 1.89487179487
-3209.36053418 6.0478284645 0.90921575236 4800.0 1.79230769231
4158.64288764 34.000032871 0.97901059597 1200.0 0.817948717949
3420.44746929 -7.15131701924 0.908739930983 5200.0 1.38205128205
-1701.49744482 -61.987263275 0.953419681675 3800.0 1.12564102564
-2731.48897807 -14.3847511795 0.901178493204 4600.0 1.89487179487
3131.73074585 -28.9821896735 0.926219893249 1000.0 1.17692307692
-280.562078862 -32.956693565 0.900862969138 5200.0 1.63846153846
-3830.75848113 -14.325759054 0.935601801679 5000.0 1.48461538462
-3482.66872638 5.33249233797 0.926801998084 4600.0 1.58717948718
-35.7026051036 -7.45540812205 0.8252069643 5000.0 1.94615384615
-2881.5308399 -19.0176512494 0.904486427959 4600.0 2.1
3972.81131089 16.5386485922 0.873123739965 5000.0 1.22820512821
-2455.28403777 11.1049015273 0.880093049853 4800.0 2.1
-1846.62393078 -11.306630476 0.897256477127 5000.0 1.68974358974
-3042.73961346 1.99640158031 0.937793370185 1000.0 1.38205128205
-3374.11533883 13.7423677261 0.958172864075 1000.0 1.33076923077
-3714.52331447 9.82317897563 0.88875165439 4800.0 1.94615384615
314.516857781 11.7692620291 0.877365428344 5000.0 1.89487179487
4199.17196761 9.07055956215 0.891757799889 5000.0 1.5358974359
-1599.31275058 47.3336816736 0.950312471615 5000.0 1.12564102564
769.238229613 23.3004096281 0.891785118631 4800.0 1.68974358974
2447.09836679 11.1303224385 0.895210386992 5000.0 1.68974358974
1831.42432577 22.4812288568 0.862137182628 4800.0 1.79230769231
-3500.37114987 25.8709905317 0.925460029651 4800.0 1.5358974359
248.935089713 -12.4387345476 0.883694671574 5000.0 1.84358974359
-125.330612661 17.7736715569 0.881992698615 5000.0 2.1
2955.19644174 -31.7820113036 0.897445248723 5000.0 1.22820512821
1541.73333287 -8.8428974112 0.86140539517 5000.0 1.63846153846
562.619200623 -16.0092121623 0.875954740161 4800.0 1.74102564103
-2254.33760591 -48.4635869351 0.957717179536 1200.0 1.27948717949
2733.11108629 -4.21700216026 0.90010916735 5200.0 1.74102564103
2791.44979348 5.42368944728 0.860238542225 4800.0 1.68974358974
-3331.58268217 -18.3514733274 0.930524638788 1000.0 1.38205128205
494.528644918 57.6971545061 0.957557331081 4800.0 1.58717948718
-3527.16489625 -61.7421046003 0.957451590783 4600.0 1.02307692308
-3519.6626417 -36.4018137508 0.927679723383 1000.0 2.1
1097.72968313 26.9415419903 0.922528062239 5200.0 1.43333333333
-3632.43879717 27.2423185398 0.901439397676 4600.0 1.94615384615
-2714.26580774 -10.8400725481 0.869257769769 4800.0 2.04871794872
-589.504584819 15.6618152442 0.84366288839 5000.0 2.1
-976.933659373 16.5314877564 0.860865443066 4800.0 2.04871794872
-2750.44230121 75.4934415627 0.999769739783 7800.0 0.1
-3710.41114949 -26.4258347952 0.903986842992 5200.0 1.79230769231
1299.31282948 12.2577756224 0.896836232605 5000.0 1.99743589744
2688.40658621 45.9778177609 0.885855902635 5000.0 1.48461538462
2739.06586714 7.15859465499 0.871874874793 4800.0 1.63846153846
3610.68895528 -63.4668620182 0.996132507673 4400.0 0.561538461538
1830.28967756 56.6363416588 0.98442124493 1000.0 1.43333333333
3317.70312925 6.63834970731 0.875238924812 5200.0 1.63846153846
-2946.13761256 2.97925746004 0.836070240641 4800.0 2.1
1537.03621867 20.2809028839 0.912065503114 5000.0 1.63846153846
2600.12508556 -5.0570269365 0.884158643002 5000.0 1.74102564103
294.019875617 28.4749163586 0.887068770696 5000.0 1.84358974359
-2053.53998967 -36.6476196185 0.924295235498 5000.0 1.33076923077
1948.98675738 -19.7418490628 0.903097325731 5000.0 1.74102564103
2672.61944156 46.6610834534 0.969656175607 4800.0 0.766666666667
1676.55886049 8.29842546417 0.885302285452 5200.0 1.84358974359
2164.20142417 -24.6076446754 0.880951402092 4800.0 1.48461538462
558.304381807 33.884573717 0.884104612034 5000.0 1.38205128205
-1313.88623121 56.2456327773 0.92112376956 4800.0 1.43333333333
674.852025489 -15.1568981301 0.936909554278 5000.0 1.63846153846
-2135.13858722 28.3582592282 0.925124752478 4800.0 1.94615384615
1181.68834786 -16.4934263597 0.861540609192 4600.0 1.63846153846
-468.247962359 39.3409451395 0.944324787506 1000.0 1.84358974359
-558.644805721 11.564994466 0.837056361646 5000.0 2.1
2663.3615337 18.9326975629 0.911227324948 5400.0 1.33076923077
-638.117451754 13.3359810125 0.83374353826 5000.0 1.89487179487
-1497.38858769 14.5913696282 0.877443952686 4800.0 2.04871794872
4213.93773431 32.306977675 0.931932376239 5200.0 1.22820512821
-1612.79894673 -33.080273071 0.92879041955 5000.0 2.1
1576.67295467 42.2492855274 0.897830736766 5000.0 1.84358974359
-622.853500753 -26.0896002114 0.891226594857 5000.0 1.74102564103
184.921791156 10.0573195471 0.843650460716 5000.0 1.84358974359
-3609.5802411 -46.3114782297 0.932201171407 4400.0 1.84358974359
-856.796288648 49.1777187327 0.977838129521 1000.0 0.971794871795
1374.03763708 -40.8669411202 0.871227026105 5600.0 1.48461538462
4702.88046578 40.9630897663 0.950700080286 1000.0 0.920512820513
-2239.80714518 21.8232395977 0.902310314667 4800.0 2.1
182.591230986 -53.2198782864 0.901874080827 4800.0 1.79230769231
-1545.43002864 31.4301971467 0.891075444859 5200.0 1.89487179487
1554.68656706 -15.9343058667 0.875459606506 5000.0 1.79230769231
66.17981235 35.1747244578 0.842727183739 5000.0 1.89487179487
3804.13247859 -1.42922440654 0.935160952327 1000.0 1.38205128205
-1139.2399349 -51.5778954673 0.90018662041 4800.0 1.89487179487
1364.13058235 44.3329135451 0.915577072654 7800.0 1.48461538462
1083.48966312 -61.608750774 0.921078445357 5400.0 1.58717948718
3112.95833924 -39.676336375 0.888608847617 5000.0 1.68974358974
-3132.36636049 9.13044480186 0.930832017251 4600.0 1.33076923077
2557.89076792 66.478069064 0.981996496352 1200.0 0.407692307692
-3008.54897324 -9.67076098556 0.928885007927 4800.0 1.63846153846
2418.22283652 2.6827939787 0.863686659204 5000.0 1.74102564103
-2579.82688429 20.5610070296 0.898070394963 4800.0 1.68974358974
-3274.61789433 -25.9228053578 0.922494180559 4600.0 1.58717948718
-2588.83238725 -9.39215412064 0.867663279457 5000.0 1.79230769231
3814.07332541 -11.0620649883 0.950534169064 1200.0 1.27948717949
-1786.28448033 -18.7901316615 0.869284473073 5000.0 1.94615384615
920.25751259 -15.7055349091 0.880403661798 5400.0 1.63846153846
2274.49515885 -20.5469963487 0.890299522807 5400.0 1.38205128205
-2380.34829282 -59.4341110864 0.927294233081 5000.0 1.79230769231
-1976.38846348 -5.88601532846 0.909890641064 5000.0 1.63846153846
-1669.96571988 -38.423377772 0.944133196233 4400.0 1.12564102564
517.8879155 3.72511190015 0.879699669617 5000.0 1.79230769231
-2605.13526268 -40.3751722461 0.888021013383 4800.0 1.99743589744
-1998.99198542 39.4665933497 0.960414043722 1200.0 1.68974358974
1151.76114088 23.7066134305 0.897461220525 5200.0 1.5358974359
1879.93469731 44.1256074691 0.902884929276 5200.0 1.12564102564
-603.890146546 -4.10004822446 0.869519634588 4800.0 1.94615384615
2616.76099458 86.1978462521 0.997506458014 8000.0 0.253846153846
-445.706578495 61.5882938271 0.981309670199 8000.0 0.817948717949
-561.471605597 21.033151305 0.888459576783 5200.0 1.68974358974
-1320.95451575 -37.2642886898 0.919011760655 4800.0 2.1
2550.37918223 -12.0784599365 0.893096159413 4800.0 1.63846153846
2054.97839224 32.5358353909 0.94427780533 1200.0 1.5358974359
3324.58192494 -10.4842035352 0.888104615529 4800.0 1.63846153846
3496.06436775 5.70586207572 0.893356921215 5000.0 1.63846153846
-2934.88927907 28.4720401627 0.953259283294 1000.0 1.22820512821
24.9545739733 26.2953086352 0.871406962497 5000.0 1.74102564103
-3260.3895022 41.1688169837 0.935953785125 4400.0 1.58717948718
-300.409841097 -49.0981732242 0.910277700759 5000.0 1.68974358974
-2387.61182704 8.35374214301 0.892240247172 4800.0 1.94615384615
3374.30877952 41.5998840666 0.954107003468 5000.0 1.17692307692
3689.49918625 -1.15130570374 0.928570199274 1000.0 1.48461538462
-2460.81891396 -36.6913805332 0.955317281465 3200.0 1.74102564103
-1385.97947831 74.4633451037 0.999737152957 7800.0 0.1
-3651.56275866 -12.4204794143 0.939302094656 4600.0 1.58717948718
1093.51807299 -24.3451963836 0.937207908492 1200.0 1.58717948718
-1387.5530902 -38.0011246335 0.894790828191 4800.0 1.58717948718
591.415610323 -54.950658651 0.948233366374 1000.0 1.02307692308
-3470.56362074 75.0443766158 0.994265007814 1000.0 0.305128205128
1021.44447112 -32.9081199523 0.890593123577 5200.0 1.74102564103
1559.37322191 -41.9775837343 0.97479745607 2800.0 0.817948717949
3198.18463441 -25.5807150088 0.935552708831 3600.0 1.74102564103
596.137967532 36.2241369028 0.890585907046 5400.0 1.27948717949
-2918.53401238 34.5300485566 0.905944061218 5200.0 1.38205128205
-1309.6727302 6.97996516865 0.827641761701 5200.0 2.04871794872
-2741.59941325 -26.9706874489 0.931643702746 1000.0 1.27948717949
-1664.70340969 -5.72357608893 0.841412002238 5000.0 2.1
-2773.53254317 56.4829782228 0.988545093299 4600.0 0.817948717949
-1129.30354231 -23.7414138224 0.842229981358 4800.0 1.84358974359
2723.29052635 -10.5883725711 0.83191937404 5000.0 1.84358974359
312.452529626 80.6843621199 1.00262374965 5200.0 0.1
2787.21512462 16.07516358 0.924860187851 4800.0 1.38205128205
-1283.65212205 -42.8798426547 0.921204884544 1000.0 1.48461538462
876.472328488 66.6567814505 0.996453298566 6200.0 0.305128205128
1369.5769502 30.026079255 0.901614428022 1200.0 1.74102564103
1227.91132693 -29.678219272 0.866078955721 4800.0 1.5358974359
-3761.04575178 -45.5010109801 0.973447916638 1000.0 1.68974358974
238.111839292 15.6752701825 0.900154625089 5000.0 1.94615384615
2366.92718029 63.0429421654 0.981171731929 4800.0 0.612820512821
1064.39170834 35.7043308179 0.940222171396 1000.0 1.63846153846
131.546121503 -33.1720679097 0.865045235356 5000.0 1.63846153846
-2896.53966135 44.7752496164 0.957775896397 4600.0 1.17692307692
1777.8221362 -20.648745088 0.895143428058 5000.0 1.68974358974
756.538199126 60.2871496015 1.00100437668 5200.0 0.1
3106.89738427 16.819941594 0.957521149444 1000.0 1.27948717949
1710.9803639 -46.073714261 0.94369633027 1000.0 2.1
-2727.31925455 3.2857957257 0.873493209313 4800.0 2.04871794872
-3768.82339056 -1.24941171004 0.920592954157 4800.0 1.74102564103
-3167.08431559 18.2099478521 0.929729927392 4800.0 1.84358974359
3572.12632654 47.3946472411 0.948552646939 1200.0 2.04871794872
3057.06815084 24.3637462128 0.90912784618 5400.0 1.5358974359
842.065018287 -9.7912523283 0.845774012494 5000.0 2.1
2808.2304516 -23.011139937 0.908379350137 2600.0 2.1
-3460.00932311 37.5525925605 0.977204325011 4600.0 0.971794871795
-1240.99693305 61.9816169049 0.968232439177 5400.0 1.27948717949
-1783.44356348 22.7246681907 0.922145069286 4800.0 2.04871794872
2700.57659 49.2906941657 0.966188594922 1000.0 1.02307692308
-1686.78159382 -42.2263895096 0.968055483295 1000.0 1.22820512821
-2861.34158042 -46.776711199 0.918314917071 4800.0 1.84358974359
-2825.68906094 10.4725455486 0.856094220004 4600.0 2.1
2813.53569807 65.6570010069 0.997865164436 7000.0 0.202564102564
-161.812525247 -27.5600910059 0.885383965659 4600.0 1.74102564103
3016.65159866 -45.7635015751 0.993183464888 1000.0 0.407692307692
3852.53250135 -45.080267563 0.906603218365 5200.0 1.17692307692
-3098.57175798 37.9735129376 0.957140394478 4600.0 0.971794871795
-1592.21352886 35.0581334128 0.935279605324 2400.0 2.04871794872
-3548.35165244 15.3759755838 0.884850414398 4800.0 1.94615384615
-3607.87000865 -2.05261395497 0.94073791585 5000.0 1.63846153846
-1476.19062489 -32.2742707197 0.887320634121 5000.0 1.84358974359
2688.89203012 4.04148826839 0.856313839293 5200.0 1.74102564103
3389.54464974 30.5580266612 0.95094472886 5000.0 1.12564102564
-3342.06533108 -23.7212777156 0.924948390174 2400.0 1.99743589744
-3412.61250951 -51.6459073837 0.969099756165 1200.0 0.971794871795
1307.54336455 7.49768659225 0.883026900913 5000.0 1.99743589744
3357.61558088 -13.0674373343 0.905998009701 1000.0 1.33076923077
2729.81692223 13.9848809645 0.937179847505 4600.0 1.43333333333
2742.91602931 -32.8924283635 0.869937621106 5200.0 1.48461538462
526.632675958 -2.14939223804 0.872580028935 5200.0 1.99743589744
-4394.19778832 20.9387895837 0.931586570604 4800.0 1.38205128205
520.682094627 -4.78835273145 0.897073012558 4800.0 1.89487179487
-1972.38864668 -4.2918211274 0.901759162688 5000.0 1.63846153846
-926.179386735 -28.725449869 0.910356898333 3600.0 2.1
3004.63562103 -7.61969613264 0.878184315284 5200.0 1.68974358974
-963.106926356 -30.1807068517 0.864796134966 5000.0 1.68974358974
-1371.38389356 54.7090008675 0.989457275573 1200.0 0.458974358974
2221.37538978 42.5267477164 0.962917596055 5000.0 0.920512820513
-1346.00990968 -21.4876802293 0.88476902308 5000.0 1.5358974359
1122.46729846 2.64509961035 0.866110892493 5200.0 1.74102564103
-948.015828798 10.3543897508 0.883254122424 5000.0 1.99743589744
2114.83478746 18.8852745746 0.898345410536 4800.0 1.63846153846
2045.80072386 49.0553622391 0.967673349239 1000.0 1.22820512821
2574.22802063 71.824080651 0.964063042488 5200.0 0.920512820513
1442.66862323 -5.33938327573 0.836715610147 5400.0 1.89487179487
-3046.97416234 -16.7784406427 0.904705328367 4600.0 1.84358974359
30.2340924599 2.18920314015 0.87903628711 5000.0 1.89487179487
2638.24398819 -9.21659971531 0.921956703768 5000.0 1.48461538462
-1978.27735812 9.21167777313 0.866196002745 5000.0 1.89487179487
2720.42232216 -47.5053649552 0.952900303282 3600.0 1.07435897436
2264.84999938 -4.82156252705 0.858255262915 5200.0 1.74102564103
836.624101685 22.1276458041 0.859847013434 5000.0 1.63846153846
1736.04138413 52.8646862043 0.932797961019 4400.0 1.07435897436
-1638.57200259 -5.97475720511 0.855117038202 4800.0 2.1
2286.54078161 -53.54895822 0.940864083768 6200.0 1.17692307692
-3492.7787637 -31.2627297994 0.948842888921 1000.0 1.33076923077
3088.19791346 24.4404392275 0.934891673878 5000.0 1.17692307692
2848.64489737 11.3418529811 0.872581267146 4800.0 1.68974358974
3161.76124409 29.6354329715 0.914845492096 5200.0 1.48461538462
-3277.14952406 -56.4078283026 0.946528896843 6600.0 1.22820512821
-1801.15548574 -18.6076257134 0.905060441768 5000.0 1.48461538462
3451.40363235 -1.69833040805 0.906067679372 5000.0 1.48461538462
-2674.16801316 -0.999628445616 0.896033775308 4800.0 1.89487179487
-1843.45612573 -17.88141108 0.868877053067 4800.0 1.79230769231
-2359.4190568 19.7583595294 0.893146564852 4800.0 1.68974358974
-3068.57111049 50.1311064529 0.951027795056 6200.0 1.22820512821
-2360.78610361 -41.9985945754 0.931385050824 4800.0 1.74102564103
1711.45246699 9.93052568201 0.881641689221 4800.0 1.79230769231
3240.36800882 -41.1483549279 0.955147767647 5400.0 1.07435897436
-878.391094964 -17.4161834356 0.844008954352 5000.0 2.1
-2820.64012894 31.4275176108 0.917792420164 4600.0 2.04871794872
1690.25772424 -26.6840331258 0.899049747237 5200.0 1.48461538462
767.002883153 -6.37138336358 0.888280437421 5400.0 1.63846153846
1610.85646034 32.0991298069 0.904309063337 4400.0 1.68974358974
3317.31631698 -21.9642753262 0.913763877221 1000.0 1.22820512821
-819.323858695 41.0647712047 0.883371791442 4600.0 2.1
-241.810614519 -35.2514742886 0.86285102695 5200.0 1.84358974359
-1444.91334116 -43.3832628584 0.947081534434 1000.0 1.38205128205
1374.87443627 -19.488100533 0.8758519243 5000.0 1.58717948718
-1065.79285633 22.5530402323 0.810630055215 5000.0 1.79230769231
-29.5535311 41.6356835019 0.915462585106 5000.0 1.68974358974
145.750492857 -13.5418520047 0.867655329042 5000.0 2.1
-1629.38478595 -36.890649951 0.872780013867 5200.0 1.68974358974
3319.79648377 -56.7056679131 0.953362774678 4800.0 0.869230769231
2713.17396503 32.6204815494 0.91507908258 4800.0 1.89487179487
665.354520924 -7.6771139607 0.850398434924 5000.0 1.84358974359
1766.87410089 -35.7070977246 0.915931166253 4800.0 1.27948717949
1098.98922114 -37.7974978646 0.968538394046 1200.0 1.02307692308
-2900.09308416 -8.24899863023 0.909684562973 5000.0 1.63846153846
448.788381734 29.5828592984 0.948692588259 1000.0 1.27948717949
-481.226400564 22.0771072997 0.88645127163 4800.0 1.74102564103
2905.60629284 -29.0076936592 0.932457272335 4600.0 1.5358974359
2492.72251644 18.5060122744 0.909476243145 5000.0 1.58717948718
450.576349237 21.7400724422 0.833905458137 5200.0 1.58717948718
1457.05581312 33.0532683808 0.941137693067 5000.0 1.22820512821
-3056.83723665 3.70757077104 0.893430394968 5000.0 1.94615384615
2300.82283238 36.8672005724 0.946187038388 1000.0 0.869230769231
-3272.90847445 -36.5243683075 0.955804163128 1200.0 1.33076923077
-963.516340433 21.5692928826 0.884919947029 5000.0 1.89487179487
3914.99850399 -42.7941943531 0.899901305894 5000.0 1.74102564103
-2285.93843919 26.8678031321 0.869418194578 4800.0 1.99743589744
1959.83589392 -22.5704448768 0.859247421652 5000.0 1.68974358974
1806.79547571 15.425572913 0.867325648061 4800.0 1.74102564103
-3484.40767807 24.6990908476 0.928871265589 4600.0 1.99743589744
1688.28008305 -58.5153939423 0.93690767676 5000.0 1.43333333333
-3028.57852292 8.93671394904 0.891963829028 4800.0 2.04871794872
2344.02874971 -38.3789120472 0.889643794983 4600.0 1.89487179487
3267.099209 3.47325704061 0.857555244303 5200.0 1.58717948718
-1006.67695063 -20.6287947399 0.875339173392 5000.0 2.1
940.182733746 14.6615304603 0.874082083727 4800.0 1.99743589744
-3445.31336548 -32.3247626995 0.908916406922 1000.0 1.33076923077
2689.67842124 1.21584709038 0.873909824255 5000.0 1.89487179487
-2187.39165502 -1.47699542553 0.886160998442 4600.0 2.1
-2139.01445167 8.53669019498 0.873390913644 4800.0 1.84358974359
91.583070439 -42.1060107108 0.858764884532 5000.0 2.1
-2922.27797058 17.709598657 0.882841254785 5000.0 2.04871794872
-2.41160091412 19.0881495557 0.832793097799 5000.0 1.79230769231
2443.25942347 -45.892586463 0.908396429446 1000.0 2.1
-2096.08640239 13.3580661388 0.84492872037 5200.0 1.68974358974
-4584.76957116 12.0090553241 0.934557161413 4800.0 1.38205128205
1109.22244584 -9.66726630798 0.864870802405 5400.0 1.74102564103
-2408.41527441 10.8813843575 0.919293000267 4800.0 1.89487179487
-1782.32674606 -2.2363003266 0.856932575304 5000.0 2.04871794872
-1584.05052572 -49.0042020102 0.958601632097 1000.0 1.12564102564
204.334024371 53.1504557727 0.973297733957 1000.0 1.17692307692
1857.76134565 -9.96023217675 0.860793846035 5000.0 2.04871794872
2752.67312158 -22.4857057311 0.887005296001 5000.0 1.38205128205
-4328.84403163 -2.17022537836 0.932221305393 5000.0 1.48461538462
-3523.12969698 2.52740521912 0.920451816174 4800.0 1.68974358974
-4612.27341301 52.2361774672 0.985409308021 5000.0 0.612820512821
1788.15858662 4.5094621434 0.881589258073 5200.0 1.68974358974
3294.02539688 19.4266068954 0.914633109786 5000.0 1.38205128205
271.461393165 -38.1576206349 0.943005957534 5000.0 1.22820512821
-2421.67747951 -49.5191426132 0.92349151664 4800.0 1.33076923077
-2664.02365869 -44.7674423947 0.959346286075 1000.0 1.38205128205
-959.446459952 -23.6004038505 0.892053703247 5000.0 2.1
-1922.72993516 21.6637693048 0.889931002756 5000.0 1.79230769231
-1424.46570244 14.1379087785 0.921690201081 4600.0 1.94615384615
-1518.10868323 -10.0122636283 0.894713709694 4600.0 2.1
-2988.25964921 -56.3640593087 0.967215702094 4800.0 1.07435897436
-3440.04505559 -61.1416770544 0.962653635954 5000.0 0.920512820513
-3574.7900619 77.0145401428 0.999628337255 7800.0 0.1
903.386516439 19.8789630893 0.848948617559 4800.0 1.63846153846
-2321.34934007 6.30179661038 0.890264764672 4800.0 2.04871794872
-318.610267314 11.1168460461 0.863572069943 4800.0 1.89487179487
2032.58515564 77.4256052994 1.0011197252 7200.0 0.1
610.232867649 62.9675801545 0.989693960038 5000.0 0.458974358974
-527.134330678 -13.9045673493 0.880648331975 4800.0 1.84358974359
1828.24165671 42.1020491206 0.921502048508 1000.0 2.1
-36.8635557837 -38.675874735 0.951394917274 5000.0 1.22820512821
-2749.68739381 21.2929021621 0.950323548863 1000.0 1.38205128205
133.458349513 45.5949606024 0.973203449034 5000.0 0.817948717949
-1337.6707264 16.1558981905 0.860423837856 5200.0 1.89487179487
-1872.65015717 5.94209462745 0.851082159548 4600.0 2.1
2661.33952174 68.8891070995 0.998584855798 7400.0 0.202564102564
292.997956412 57.0630743472 0.940585002462 5200.0 1.68974358974
696.252524045 5.50869807309 0.870040464151 5000.0 1.79230769231
2988.91831278 24.3180924085 0.919041132605 5000.0 1.33076923077
3983.60799138 -4.79095380143 0.908786546292 5000.0 1.38205128205
-2318.95796726 -3.18306398165 0.909633495282 5000.0 1.79230769231
-222.140000405 -31.4250225395 0.874531128694 5000.0 1.63846153846
-363.987791874 58.4908298391 0.977760024017 8000.0 0.664102564103
-1035.92986443 -41.6136752583 0.876992686562 5000.0 1.84358974359
-2077.89540428 -16.1346775283 0.905065467064 4600.0 1.68974358974
-2212.26611938 -37.3317221766 0.875137098692 5000.0 1.89487179487
-103.279880397 -32.1408570915 0.852319123493 5000.0 1.79230769231
1749.76415701 -4.23899098638 0.859210917294 5000.0 1.79230769231
-1132.02010135 36.2902273117 0.93522135146 4800.0 1.58717948718
-851.083729127 16.0209565783 0.870206049033 4600.0 1.89487179487
2200.53287053 22.7650898809 0.930776775739 5000.0 1.27948717949
3193.12763656 20.0910806107 0.923843202682 1000.0 1.02307692308
-1445.39733834 9.27798220166 0.845260725685 4800.0 2.1
3180.64854214 51.5346484987 0.939551143421 6400.0 1.02307692308
-433.960513831 -15.5739720524 0.833936717638 5000.0 1.89487179487
-648.468979092 69.6720045478 0.99722995019 1600.0 0.305128205128
2232.23593022 -77.1643349897 0.979260958212 7800.0 1.22820512821
1659.49786806 34.6320006866 0.955833415554 5000.0 1.17692307692
3632.76858599 44.5917233415 0.960185830367 5000.0 0.817948717949
-3210.99211831 -5.79598375576 0.880932052285 4800.0 1.94615384615
3776.87535727 -11.6349363489 0.945604677996 1200.0 1.22820512821
-2823.643044 23.3413787597 0.89120832245 4600.0 1.94615384615
-1220.06505886 -11.6375088091 0.888895967433 5200.0 1.99743589744
-2046.04443211 -43.0010290152 0.936994270437 4600.0 1.27948717949
-389.401258567 28.0397224407 0.898470372138 4800.0 2.1
761.652058486 -32.5123141997 0.954124963845 4800.0 1.27948717949
-2986.89391523 31.8751395226 0.950750859246 1000.0 1.22820512821
3209.27451994 24.1035742967 0.900858192875 4800.0 1.43333333333
3600.21558231 -6.89031990802 0.930716356057 4800.0 1.33076923077
-1933.22804193 44.1406898698 0.911275784836 5000.0 2.1
2308.53054772 -50.0885876281 0.962660960386 4600.0 1.02307692308
-1833.46358576 12.7708770551 0.877157316716 4800.0 1.84358974359
841.316322628 -46.5058629916 0.915595132897 4800.0 1.22820512821
392.145581874 -14.4561035885 0.834976813546 5000.0 1.68974358974
-784.245478137 -17.061019983 0.878339287204 5200.0 1.84358974359
-2136.35068122 -14.0432975697 0.875887871229 4800.0 1.99743589744
-79.1207238361 25.773091916 0.920690649037 5000.0 1.48461538462
-1422.78097131 -51.9707070864 0.947990145255 1000.0 1.33076923077
3539.87574365 -36.8336503355 0.942080070027 2600.0 0.920512820513
-2942.16929051 24.6362132031 0.942896272935 4600.0 1.48461538462
2093.41451824 -24.9038042506 0.897257030012 5200.0 1.5358974359
590.75039248 60.1380891041 0.970592900805 7200.0 0.920512820513
-638.557969467 -21.9723076789 0.916450784315 4800.0 1.99743589744
-2752.98700407 -21.7228467665 0.913246847845 4800.0 1.74102564103
79.1870213567 -35.4100764152 0.83829157105 5000.0 1.84358974359
-2852.24331249 34.8612408547 0.966988222785 1000.0 1.38205128205
-2363.27342481 -2.02227689954 0.880508043254 4600.0 2.1
-1990.25161212 -6.33839917827 0.891652150806 4600.0 2.04871794872
1769.58672522 -19.5978520993 0.881202855988 5400.0 1.63846153846
606.175374894 30.2041956427 0.905203990194 5000.0 1.79230769231
-931.22380746 -55.8934303004 0.886381201025 5000.0 1.94615384615
3057.92377284 43.3069155291 0.915017803367 4800.0 1.58717948718
-779.448027292 40.7796960684 0.932537669147 5200.0 1.38205128205
-2888.22755543 -17.8075579574 0.916567435672 4600.0 1.58717948718
-2090.64954463 40.1209612095 0.94475251184 4800.0 1.38205128205
15.3978975414 16.5026024391 0.84549067478 5000.0 1.89487179487
3593.64867669 -23.6972290882 0.913565444235 5000.0 1.5358974359
-2080.84070885 61.3440564473 0.981578936721 4600.0 0.664102564103
-4624.54910738 18.2124791025 0.988191866078 1200.0 0.766666666667
1524.27739623 -14.8540318683 0.903341413203 5000.0 2.04871794872
2730.86897446 51.1990859617 0.939497828593 4600.0 1.43333333333
3523.11860628 35.2545975259 0.956932695642 4600.0 1.07435897436
955.280176333 44.7479225251 0.918799416116 5000.0 1.43333333333
2375.64045094 58.0089123877 0.983498784102 1000.0 0.715384615385
3973.67210121 20.8869170485 0.877801264212 5000.0 1.27948717949
-3369.10392479 -8.96727272177 0.896180784803 4800.0 1.89487179487
-1659.03753981 18.7000218621 0.866929414373 4800.0 1.84358974359
3422.0267761 -13.7624370984 0.920083138017 5200.0 1.94615384615
3156.31935906 -2.95882176044 0.852604547534 5200.0 1.5358974359
-2952.93773165 -7.94794748243 0.898731645317 4800.0 1.79230769231
-1333.37229384 11.3438430516 0.882831953866 5200.0 1.74102564103
1226.52364354 24.2917071201 0.902112436053 4800.0 1.58717948718
-3078.08906183 14.3614587079 0.879801611174 5000.0 1.99743589744
-3235.22060939 20.4177247821 0.956451183354 1000.0 1.33076923077
-783.009660851 -19.8343779692 0.921123668278 4800.0 1.94615384615
-74.0102996442 -28.9169527139 0.864943392358 5000.0 1.84358974359
3296.24826237 -28.6909435416 0.876871404819 5200.0 1.22820512821
-588.358146987 44.4994599097 0.922235716715 5200.0 1.58717948718
828.143814854 -40.282020678 0.935411779097 4800.0 1.33076923077
-1548.31937771 -28.0506125032 0.867155701494 4800.0 1.68974358974
-1063.93328667 -24.7553102691 0.86250040148 4800.0 1.84358974359
-415.716290318 -15.3817055141 0.898123434893 5000.0 2.1
363.986378969 -19.772860979 0.898660508445 5000.0 2.1
-4006.3567254 -24.6467767235 0.930995108769 1200.0 1.74102564103
-3483.57896804 6.70778419829 0.940914720339 4600.0 1.5358974359
2452.61851373 57.6881205519 0.976410187202 4800.0 0.971794871795
2191.02965771 -17.9486967912 0.897234391842 5000.0 1.38205128205
-641.463155223 11.0770756714 0.822851224633 5000.0 1.94615384615
3507.64551931 45.5178728396 0.977100852568 5200.0 0.715384615385
2214.26163668 28.1121769361 0.889067311989 5000.0 1.5358974359
1023.51494647 15.829073552 0.875253610685 5000.0 1.58717948718
2923.89569242 15.2283476324 0.841506196667 5000.0 1.68974358974
2808.07162194 12.5350253903 0.862708770122 4600.0 1.63846153846
-152.029935595 53.7786053953 0.930782747997 5000.0 1.68974358974
-1021.58655744 -22.7634218196 0.908262375484 5000.0 2.1
1875.79095171 -45.8830649544 0.853802154462 5400.0 1.5358974359
1366.73372327 7.00071323684 0.881387113845 5400.0 1.79230769231
-2874.61445348 8.39473622624 0.915374805895 4800.0 1.63846153846
-672.719910443 29.3150370737 0.927812324167 5000.0 1.48461538462
-4349.13736129 -18.4279716605 0.956087831762 1200.0 1.48461538462
-2892.7021654 13.3380435844 0.852175150134 4800.0 2.1
3341.33778 -51.8587630191 0.967626117453 2200.0 0.920512820513
2968.31665653 -17.0571466482 0.908128541142 1000.0 1.22820512821
2580.50675722 -39.0035437121 0.970557659171 1200.0 0.869230769231
3225.49932035 -21.4349844503 0.88142784681 4800.0 1.48461538462
1634.68753531 -12.528221616 0.881017339032 5200.0 2.1
3991.97580382 80.964031328 0.999130669948 8000.0 0.1
3713.13209675 -39.7981538267 0.986854341051 1000.0 0.664102564103
2342.42711565 -20.1959219301 0.903724260977 5000.0 2.1
-3315.53979549 -4.58838120114 0.904764580736 5000.0 1.84358974359
-3681.74021048 56.4181540714 0.987312401968 4400.0 0.664102564103
2456.3255443 19.6636979953 0.855421219567 4800.0 1.63846153846
1776.41828405 3.97505072226 0.843955690785 5200.0 1.84358974359
996.563810111 -3.68250615366 0.858897421805 5400.0 1.89487179487
1959.63135796 -15.5472633905 0.897270467199 4600.0 1.94615384615
813.08959816 -44.3684511348 0.887378478275 5000.0 1.79230769231
2669.85167087 -38.1853419224 0.915827855335 4800.0 1.43333333333
-3325.04481533 7.1881419176 0.893828574526 4800.0 1.99743589744
1746.59147956 -0.887884608768 0.865829310352 5000.0 1.79230769231
130.162034948 -10.4632042417 0.837026468468 5000.0 2.1
-277.626656128 -2.35516478263 0.810669237889 5000.0 2.04871794872
2869.19123247 52.5007189656 0.987956386165 1200.0 0.407692307692
-1017.94834478 9.60462403563 0.819010998952 4800.0 2.1
3176.46705592 55.8809180276 0.980846937245 1000.0 0.715384615385
-1414.53039474 12.3301042983 0.866858961051 4800.0 1.84358974359
2796.66007998 -48.5943802488 0.922812859751 5000.0 1.12564102564
-2700.0808192 -2.30574480111 0.925090661547 5000.0 1.63846153846
1926.67594976 19.1606372129 0.911208395283 5200.0 1.43333333333
958.099654916 -10.608826545 0.889145150631 5000.0 2.1
-2028.38801627 27.6276898878 0.920867039012 4800.0 1.74102564103
2853.88323817 -3.23090517402 0.915051581527 4600.0 1.43333333333
249.39611923 12.4587769572 0.853812082677 5000.0 1.84358974359
1284.39591941 -11.3816252656 0.852775877763 5000.0 2.1
-1661.61156365 -48.9610952453 0.935807399181 5000.0 1.74102564103
-4196.61271672 35.4745043499 0.937950385942 4200.0 1.33076923077
-2009.2184302 30.2722499769 0.822228717762 4800.0 1.94615384615
-1273.03256311 37.1370736303 0.921770131873 5000.0 1.38205128205
-2283.19707085 31.2222899819 0.961562271394 5000.0 1.07435897436
1099.74637344 -52.2061430988 0.986801809341 1000.0 1.07435897436
1914.04271924 41.2739510587 0.91493705186 4800.0 1.74102564103
-3615.95267147 82.9447919608 1.00218690361 7200.0 0.1
621.722081366 28.0793033979 0.901075024541 4800.0 1.5358974359
-824.662006138 28.7078208672 0.855566305145 4600.0 1.74102564103
-1001.04830911 -34.6392635359 0.863630820344 5000.0 1.74102564103
789.176461819 -28.1064367176 0.903044185888 1200.0 1.5358974359
-3932.39540951 60.8963934853 0.998746543981 7200.0 0.151282051282
2619.17137275 -3.84455472585 0.866005299587 5400.0 1.63846153846
-3016.55333856 30.9492910751 0.904994524997 4600.0 1.99743589744
3172.29700237 24.9576436884 0.946266498144 4800.0 1.17692307692
2378.29382013 -13.9261911487 0.832972981467 4800.0 2.1
1884.1230451 11.2311548406 0.870602208196 4800.0 1.89487179487
-3336.16169848 58.1938788646 0.993241802957 1000.0 0.612820512821
-3.7597560916 24.3070297565 0.851967368061 5000.0 1.79230769231
-373.31700866 -28.0952933621 0.877607398912 5000.0 1.68974358974
-3023.23077391 -4.24347781473 0.936570639048 4800.0 1.48461538462
3373.81064663 13.614482239 0.90606958203 4800.0 1.43333333333
1141.97566332 -42.3358092255 0.91382561709 4800.0 1.63846153846
711.412412107 -56.0243813483 0.918755100219 5200.0 1.79230769231
-696.289433756 -36.4245862522 0.883028043386 4600.0 1.79230769231
-2968.38720205 13.4142898545 0.893196641654 5000.0 2.04871794872
559.792590387 12.0025941931 0.916082969187 5400.0 1.48461538462
-2700.28866506 -27.090194251 0.932825983389 1000.0 1.68974358974
1973.53738569 34.8076518042 0.91231468379 5400.0 1.22820512821
1420.70922453 40.4622300852 0.913442787807 4800.0 1.33076923077
4653.3681727 35.7904782594 0.947384336402 1000.0 1.5358974359
-2409.22493949 29.6280883457 0.90368264344 5200.0 1.33076923077
2823.36819704 43.194197179 0.89918060403 7000.0 1.74102564103
-2294.17165398 17.0053178686 0.886481204999 4800.0 1.94615384615
3271.27287313 -78.2346536775 0.994963377145 8000.0 0.510256410256
-3069.87409017 -70.7201208696 0.98675864847 1200.0 0.715384615385
-2733.52922179 20.2849410364 0.890718314256 4600.0 2.1
2188.28376782 -18.8356601327 0.909738895756 4800.0 2.1
-3668.06711582 55.9070143987 0.985703632724 5400.0 0.766666666667
3031.3232588 16.6083137889 0.908086134067 4800.0 1.74102564103
410.881489843 -22.4713923119 0.8674558434 5000.0 1.58717948718
-926.824185397 -44.3320533603 0.880774343944 5200.0 1.99743589744
-2773.68828694 36.2046061223 0.884332625583 4800.0 1.84358974359
-3461.39600315 64.757811761 1.00187117832 7600.0 0.1
-3218.39435402 18.4476231815 0.952885985761 1200.0 1.43333333333
-1880.63692797 -1.67413111857 0.879236426349 4800.0 1.89487179487
2132.49568419 -40.0786829118 0.920716045023 1000.0 2.1
194.80141464 5.18674603157 0.835255507782 5000.0 1.99743589744
-2847.49752799 28.7896197845 0.968824956673 1000.0 1.22820512821
2465.18050771 -2.74862059495 0.889990439693 5000.0 1.63846153846
935.034204712 -29.7430805889 0.899023657859 5000.0 1.68974358974
3111.451573 -38.0872608287 0.923064970538 1000.0 1.02307692308
-665.623159107 70.1834795969 1.00088293868 7800.0 0.1
-569.511698547 79.6565629535 1.00072600965 7800.0 0.1
2345.61573619 3.30153370157 0.869129973534 5000.0 1.84358974359
-2852.92102128 -51.6852523729 0.97603853564 1000.0 1.79230769231
288.191285092 13.8421603095 0.869294919523 5400.0 1.68974358974
-1291.74064023 7.74025191211 0.830383755416 4800.0 1.94615384615
3280.77416681 58.6996047728 0.943254344414 4600.0 1.74102564103
721.941506335 -43.4624288446 0.953900646587 1000.0 1.07435897436
-1545.95453258 -4.48281956948 0.885891181599 4800.0 1.89487179487
-3152.47423495 6.22123959835 0.912992408938 4800.0 1.74102564103
-3211.14676006 54.8249976273 0.984518325979 1600.0 0.971794871795
-3006.95784275 -4.94585210608 0.894064334487 5000.0 1.84358974359
236.542910201 -59.7903133754 0.964942593891 5400.0 0.869230769231
2431.22091443 46.3873841759 0.96801788365 1200.0 0.817948717949
-3190.9791967 -16.5821520499 0.915865244726 4400.0 1.63846153846
-2639.70501792 15.6528766862 0.881456234752 4800.0 1.94615384615
3022.56386381 -2.52435889096 0.917085377867 4800.0 1.5358974359
-2801.58669601 -19.3441345915 0.885516620315 5000.0 1.79230769231
-555.558317495 12.0065947636 0.860202897022 4800.0 1.84358974359
657.059287451 30.0065162664 0.927095494438 4000.0 2.1
-2698.97725287 -30.3534158542 0.931845361122 1000.0 1.74102564103
-620.216056168 -38.5071791074 0.909298857775 1200.0 2.1
-3431.00947008 -34.4762206446 0.946993543845 1000.0 1.89487179487
92.7251027347 32.5269548647 0.9424452473 5000.0 1.38205128205
-2664.81659659 3.523128475 0.920018939765 4800.0 1.58717948718
4223.61676279 -13.7036755851 0.902244473631 4400.0 1.68974358974
3066.83139018 -1.6226471052 0.909436334642 5200.0 1.68974358974
-2833.31686921 12.5125270212 0.93604932423 1000.0 1.38205128205
2826.26022722 -53.9110702415 0.972850252647 1000.0 0.664102564103
1932.36476634 -3.87260169988 0.884664141341 4800.0 1.79230769231
-1584.71471202 -56.4998806303 0.977826615306 1000.0 1.07435897436
-2194.67264241 9.7648544958 0.906385431317 4600.0 1.63846153846
-1179.71932819 18.8407329032 0.875800130008 4800.0 1.94615384615
-1628.91515566 -7.39023107564 0.847745185705 5000.0 2.1
762.190574341 -43.2694098324 0.951947856113 1200.0 1.33076923077
3004.76926361 -5.97601162769 0.887373807693 5000.0 1.63846153846
1305.14977442 16.9143771483 0.869152095268 5200.0 1.63846153846
-555.511391468 -36.2962497869 0.884825426242 5200.0 1.68974358974
2676.7134446 8.55494716423 0.876498889994 5200.0 1.63846153846
-3904.4927153 -72.275020415 0.996626941826 1000.0 0.407692307692
-1025.85096036 -53.1882960611 0.885347525444 4800.0 1.84358974359
-2188.59735336 9.30999191796 0.920781701664 5200.0 1.74102564103
-910.411479939 -23.2145802456 0.848831799215 5000.0 1.79230769231
-882.074478141 -8.5205524776 0.854817374553 5000.0 2.1
1431.36928558 31.5782037544 0.934207651368 4800.0 1.38205128205
-481.044480117 -3.18884430632 0.854315379517 5000.0 1.99743589744
63.1972137299 -61.4569264336 0.892262607781 5000.0 1.99743589744
2489.52239876 -35.9256002171 0.928952544131 1000.0 1.02307692308
981.560259224 -39.1491468067 0.909887214608 1200.0 1.58717948718
-1829.51374186 29.0617210151 0.900802583022 5000.0 1.89487179487
-2667.28760943 61.2619785491 0.985357779462 7400.0 0.561538461538
-1291.07795603 29.226041744 0.90450085688 5000.0 1.79230769231
-2462.30196921 36.0958739796 0.934611827148 5000.0 1.12564102564
3424.43201076 -8.86676710496 0.885465173552 5200.0 1.48461538462
2355.61908762 -52.4830226391 0.990392129716 3800.0 0.715384615385
3217.47665932 -24.2519574087 0.879490736118 4800.0 1.33076923077
1284.56311247 -38.7140135842 0.917928914071 5000.0 1.43333333333
2357.736347 6.68173485509 0.851540777836 4800.0 1.68974358974
-231.483673605 54.2859928423 0.965514689046 5200.0 0.920512820513
2048.35708826 -32.8757037882 0.894265715642 4800.0 1.48461538462
292.983924831 -15.9839502019 0.841944711343 4800.0 1.74102564103
-427.570082969 11.7948365556 0.834076254003 5000.0 2.1
2862.45035556 -47.7055201809 0.974687544265 4800.0 0.869230769231
257.542526473 54.8581175652 0.963612407687 5400.0 1.07435897436
-1093.46485875 -2.64087276909 0.870352294316 4800.0 2.04871794872
2012.42415253 2.11843374953 0.861285599359 5200.0 1.84358974359
-654.185720099 31.3106930079 0.9047696091 5000.0 1.84358974359
-932.172673459 36.7901406734 0.909309959332 5000.0 1.5358974359
-2199.77058733 32.2949506613 0.938569246834 5000.0 1.27948717949
1505.01743875 -21.7955185318 0.919560795952 1000.0 1.5358974359
2069.0519166 46.1524702115 0.948438384058 5000.0 1.02307692308
-92.2573750872 -19.8439453195 0.844828400381 4800.0 2.1
-3364.37189671 -18.6331383211 0.883283973635 4800.0 1.94615384615
3718.86020306 14.0757530821 0.897450664647 5000.0 1.63846153846
-612.0614516 23.833421773 0.874091616912 5000.0 1.79230769231
476.556656278 18.8727751824 0.857153132257 5000.0 1.68974358974
1793.94343657 17.8005393311 0.882210842909 5400.0 1.48461538462
-2096.46182195 5.02690371076 0.877727228021 4600.0 1.99743589744
2847.67566655 15.6760358737 0.915341942782 4800.0 1.63846153846
3248.75880208 47.2464895684 0.971355908871 4600.0 0.715384615385
2982.91103703 23.8470826864 0.914951696276 1000.0 1.33076923077
-1081.76259237 5.00449864695 0.844380427561 5000.0 1.94615384615
-2534.68799509 -46.2510111262 0.883513245688 4600.0 2.1
1409.9959325 -4.37868668399 0.863325588965 4800.0 1.89487179487
1197.36775123 3.5544946134 0.884854753915 5000.0 1.89487179487
4102.41489633 17.4318329604 0.906894215228 4800.0 1.68974358974
-771.214467679 53.6217285532 0.965370733256 8000.0 1.02307692308
3390.97106431 21.4822350065 0.879287202365 5000.0 1.48461538462
3175.50448609 30.8084312268 0.912435039919 5000.0 1.58717948718
200.932762408 29.1156297619 0.879959181263 5000.0 1.74102564103
-2916.95272343 21.0253677405 0.896636879918 4600.0 1.89487179487
-1039.22556114 -60.0562644369 0.908836853251 4800.0 1.84358974359
-3437.29163925 -53.9728570346 0.960059370911 1000.0 1.63846153846
984.384216361 -8.5000677069 0.826582238531 4800.0 2.1
1206.2479383 -44.9564746201 0.89387442578 5200.0 1.74102564103
-3597.33726547 4.66496021228 0.88349561486 4600.0 1.89487179487
891.713228519 -11.2875539997 0.864965403521 5200.0 2.1
4466.11830909 -25.2890443162 0.946218424779 1200.0 1.63846153846
-1363.01523287 36.9729254944 0.93826965396 4800.0 1.38205128205
437.018918394 54.2304700354 0.967867522769 1200.0 1.74102564103
-2268.5673412 33.1876919396 0.962108435177 1200.0 1.22820512821
-1453.24627151 31.1231405161 0.855353435604 4800.0 2.04871794872
3493.10031331 -18.5030550024 0.941981005307 4800.0 1.17692307692
-3102.34458468 83.6050666469 0.996287637529 8000.0 0.253846153846
1059.65300157 7.55510846289 0.807647347901 5000.0 2.1
409.473831079 -58.2288436968 0.898838042436 4800.0 1.68974358974
-2313.47241453 -2.42368825281 0.846148675376 4800.0 1.99743589744
-2575.34969332 58.076349242 0.968040794519 4800.0 1.17692307692
-952.018139414 47.4234405408 0.963284700227 1200.0 2.1
-1865.8328308 51.3992270503 0.977719745892 4800.0 0.971794871795
2742.35538974 -34.4167934981 0.918269589583 1200.0 1.33076923077
3185.79907131 -36.303315076 0.897414598921 4800.0 1.48461538462
-1808.32441819 -58.2341284945 0.92662449929 5000.0 1.33076923077
291.361266173 69.3598519707 0.938594083203 8000.0 1.58717948718
-2000.7276854 1.31338493349 0.85775829421 4800.0 2.1
-3212.97955279 -61.4268107745 0.950576918283 6000.0 1.17692307692
203.262577917 -27.7000552851 0.838005539985 5000.0 1.68974358974
-617.395249872 -16.7876850014 0.828723720315 5000.0 1.74102564103
-991.506035862 -48.4056571699 0.957688812597 1000.0 1.22820512821
2131.75674012 49.8550751876 0.953445872391 1000.0 1.84358974359
1678.01466485 -11.6277730822 0.867458285123 5200.0 1.74102564103
1201.82114252 28.5574188966 0.907937635154 4800.0 1.48461538462
-3502.64635228 -40.4155593577 0.897086989759 4800.0 1.63846153846
-139.110464766 14.0333234499 0.839423974856 5000.0 2.1
3139.22106028 17.3470649555 0.913737191753 1000.0 1.17692307692
1757.82826226 -43.4630742269 0.962975297629 1000.0 0.817948717949
4673.30915535 -29.5453353747 0.937724907342 5000.0 1.33076923077
2017.12428598 27.597300022 0.942277472798 4800.0 1.12564102564
-2328.32184788 73.6546327845 1.000476069 8000.0 0.1
1077.78739526 -54.447425665 0.904645557527 5000.0 1.43333333333
-3619.61751655 64.7431865898 0.999783163039 7600.0 0.1
2603.04701563 21.1090499482 0.923253158358 5000.0 1.5358974359
3027.1238834 -27.4769324389 0.92130501245 1000.0 1.58717948718
-1404.51240434 -43.3996689699 0.951566561297 1000.0 1.5358974359
3054.53653671 14.2577972052 0.925987037413 4800.0 1.5358974359
-1569.29128553 33.723392148 0.879080328105 4800.0 1.74102564103
3494.89788407 65.650772438 0.988780214356 7800.0 0.35641025641
3779.24602833 -13.2720612832 0.86984246516 4800.0 1.79230769231
-3455.10615099 -16.0218467326 0.909951838237 3000.0 2.1
-1385.34218706 -11.1809464586 0.873940437542 5000.0 1.84358974359
-1034.88703018 -15.9220079872 0.861741372105 5000.0 1.74102564103
-4342.45342546 75.1955388862 0.999187507706 7200.0 0.1
-2007.63416715 -5.88374908797 0.868948264945 4800.0 1.89487179487
-2395.26333167 -6.1894974688 0.88631699197 4600.0 1.79230769231
-2574.69937944 53.1471828211 0.975082261582 5000.0 0.817948717949
411.867838913 37.3807473935 0.893076289184 4800.0 1.5358974359
-3943.31781984 23.8867221608 0.947646464575 4800.0 1.12564102564
-3224.56193176 10.9058563007 0.90953408061 4800.0 1.89487179487
-2072.86881425 22.7320959335 0.872917845666 4800.0 1.99743589744
649.819559917 41.4465463183 0.929330304055 5000.0 1.33076923077
1409.23348366 -38.9148607405 0.931871242361 1200.0 1.48461538462
-3095.96084887 -35.4150544083 0.958402279518 1000.0 1.22820512821
-2224.5535079 -1.0677177651 0.870644019404 5000.0 1.99743589744
2149.35424307 -8.49494706583 0.867907151562 4800.0 1.94615384615
-1118.99661328 -25.3726810641 0.904255619512 4800.0 1.5358974359
3267.12092582 -22.3567538111 0.8814818576 5200.0 1.33076923077
3709.09540119 -45.3991769524 0.936955594035 4800.0 1.5358974359
-4402.6843893 -40.0543521401 0.955572230768 1000.0 2.1
-3235.53816752 -21.3147481584 0.890143727551 4800.0 1.74102564103
998.934415506 49.2605507266 0.917743013557 7200.0 1.02307692308
3695.49231537 21.8715038692 0.899626790676 4400.0 1.58717948718
-145.716241659 -17.684340639 0.90726194375 4800.0 2.1
-2686.22274995 -18.9720722254 0.890151461985 4600.0 1.63846153846
1200.22542611 27.6070765109 0.943763774817 4400.0 2.1
-2643.64043091 -66.322442875 0.961427917942 4600.0 1.38205128205
285.064752514 -1.93799261002 0.849849806054 4800.0 1.89487179487
-729.867708763 21.2002904359 0.888065422384 5000.0 1.63846153846
1224.82839344 33.481797214 0.919846908328 4800.0 1.5358974359
1235.82682978 26.1015049594 0.916293553049 5000.0 1.48461538462
2870.9454391 28.7341365538 0.892038976052 4800.0 1.5358974359
-3096.68291559 -40.2820305704 0.944581307549 1000.0 2.04871794872
944.072343829 28.1461863027 0.867974568779 4800.0 1.74102564103
2942.80002872 -5.59753711194 0.916527636413 5200.0 1.63846153846
-2140.14433869 27.3534196591 0.899534847649 4800.0 1.99743589744
3936.62876607 -21.3967752081 0.913150609581 4800.0 1.48461538462
2134.3907097 -15.36332191 0.886243908094 4800.0 1.43333333333
-811.524924537 -36.3338039216 0.945812257308 1000.0 1.12564102564
203.042417822 -5.41075593944 0.857760956505 5000.0 1.89487179487
-3156.74841952 -36.4245312932 0.935422022027 4600.0 1.33076923077
-1685.3748015 3.3382919812 0.872429828039 5000.0 1.94615384615
2973.21742587 33.4703073692 0.926814168546 1000.0 1.48461538462
-2041.60202853 68.3157010804 0.982264733787 1000.0 0.664102564103
2480.76278233 69.1059676533 1.0009006464 7800.0 0.1
528.059264704 56.1914350267 0.969343761605 1000.0 0.715384615385
3084.21027901 -21.7102432566 0.902448350573 4600.0 1.43333333333
-2387.66385716 17.726064364 0.936094679514 1000.0 1.5358974359
-719.28685183 29.0165778053 0.848068643254 5200.0 1.84358974359
-2301.66379805 47.9831597991 0.922465243919 5000.0 1.58717948718
3198.97483326 -45.6718213818 0.902528321276 4600.0 1.63846153846
3485.47289376 -39.8314115338 0.94592991 1200.0 0.920512820513
-3054.61686224 6.86235281253 0.851817724266 4800.0 1.84358974359
-3348.24773283 27.0132385059 0.935250982529 1000.0 1.74102564103
1172.92464503 65.9620835815 0.998520592999 7400.0 0.202564102564
-2371.30156375 22.3455813864 0.896371767289 4800.0 2.04871794872
3277.10046953 45.2888396282 0.952499331427 4600.0 1.02307692308
1180.0767073 -9.0911852331 0.819412537529 4800.0 1.89487179487
-2058.46300147 -37.9057661061 0.916549581944 4800.0 1.5358974359
-1299.11343486 9.17393613005 0.887494652343 4800.0 1.94615384615
1280.18209391 -9.5372549077 0.881189522433 4600.0 1.84358974359
-1173.19713162 -13.4858384362 0.845415025902 5200.0 2.1
-1943.74995079 18.6642154304 0.830977554535 5000.0 1.99743589744
-2841.13112784 -54.1885229047 0.917723934889 5000.0 1.94615384615
3314.17687251 48.079758692 0.975892443757 4600.0 0.664102564103
-603.987159605 46.3162697018 0.975310653242 1000.0 1.02307692308
-843.211311975 61.0069788316 0.99758102568 6800.0 0.253846153846
1481.36939591 -8.82191507227 0.870057052233 5000.0 1.94615384615
-2566.75120087 -28.2562645254 0.893211139347 4800.0 1.84358974359
-973.024616166 60.0177388949 0.964314719566 4800.0 1.12564102564
3385.85025869 -38.1421854952 0.961536770188 1200.0 0.817948717949
-759.260484725 8.61996272743 0.842677870565 4800.0 1.89487179487
934.175371505 -31.1473068156 0.941345480945 5200.0 1.22820512821
-3041.94064172 -27.7874277138 0.890312523658 4800.0 1.94615384615
2561.93220236 13.902007437 0.864258729297 5400.0 1.48461538462
436.792409345 -35.5605258277 0.898001685862 5000.0 2.04871794872
631.544906228 -24.3612857259 0.915855045708 5000.0 1.89487179487
-2622.1314476 -17.4469174256 0.888076410309 4800.0 1.74102564103
-2577.29291287 47.1442626126 0.980275625102 1400.0 1.5358974359
1488.41285627 1.28949512551 0.889724401652 5200.0 1.74102564103
-3183.49880469 -63.4257466754 0.952694533611 4600.0 1.63846153846
4547.30619065 26.8873306828 0.873359023028 4800.0 1.48461538462
2456.25100728 45.838849911 0.954228293696 4800.0 0.971794871795
2470.90920192 26.1283823198 0.905072399536 4800.0 1.48461538462
1687.56234979 -15.9153351432 0.883317407121 4800.0 1.63846153846
2954.62243869 -29.1537858419 0.894980290838 4600.0 1.43333333333
3069.00019571 -36.4338702248 0.922515368412 1000.0 1.68974358974
641.404500435 63.196062815 0.979869815994 1000.0 0.612820512821
905.472775 -30.3496248735 0.918748923153 1200.0 1.89487179487
-332.53322067 23.3080744953 0.879681251109 4600.0 1.84358974359
-120.004930264 -25.6809140389 0.889651445702 5200.0 1.58717948718
-3171.55501324 -26.5591121702 0.912531902926 4800.0 1.63846153846
2887.09901315 53.1158861583 0.958047150507 4600.0 0.869230769231
-2645.44685435 -8.49832597212 0.872358461485 4800.0 1.89487179487
-2976.39240157 30.3393670277 0.943121155478 4600.0 1.33076923077
340.516818724 2.48435768833 0.873537179403 5400.0 1.79230769231
3299.83265061 -42.1326635448 0.865247888625 5000.0 1.63846153846
-1040.94264701 9.04008427084 0.846527569795 5000.0 2.04871794872
-1853.87274651 -12.3068782551 0.903186911847 4600.0 1.84358974359
-2028.92236553 -12.0129580943 0.886856265858 5000.0 1.89487179487
-3531.58231682 -15.1630874251 0.951604848829 1200.0 1.48461538462
1115.1278384 11.9046413229 0.841235827402 5000.0 1.74102564103
-1625.86314115 8.70203193051 0.860410190245 5000.0 2.1
-1726.37050385 58.2317336445 0.984395451041 5400.0 0.664102564103
-3417.02511167 -24.2871092507 0.908297713835 4600.0 1.79230769231
1602.51966417 -47.2447923162 0.942734987927 1000.0 2.1
-2001.74732479 -36.4620731173 0.961946928645 1000.0 1.02307692308
2831.68564277 -50.7424191358 0.919140123715 5400.0 1.17692307692
-3097.55655914 -27.8698378044 0.895792780541 4600.0 1.63846153846
707.367383148 -2.76874712119 0.826355661536 5000.0 1.84358974359
93.586873073 -18.4061969042 0.85277299461 5000.0 1.63846153846
-2985.48528501 -23.7591753137 0.897458793125 4800.0 1.74102564103
-1577.20337577 66.4985783024 0.999045372749 7600.0 0.151282051282
-1003.33836952 -3.62116963972 0.861284656035 5000.0 1.89487179487
-3259.97300816 45.0871626116 0.989751419534 6000.0 0.561538461538
48.3732405123 -14.0214196846 0.844967467945 5000.0 1.99743589744
652.450555868 11.1762880633 0.873891635905 5000.0 1.99743589744
-1108.68987056 -17.5223463077 0.871391691695 5000.0 1.99743589744
3232.61924067 -45.2701736577 0.930099812751 4600.0 1.79230769231
-2453.64921122 30.1355396515 0.962001398654 1000.0 1.38205128205
-2611.0424211 -7.38493233163 0.933697927507 5000.0 1.68974358974
806.680071221 42.9514699645 0.968043008842 5200.0 0.869230769231
3205.868737 16.4235400936 0.909547862157 5000.0 1.33076923077
3490.04286357 15.3323263965 0.903455640203 5000.0 1.63846153846
-793.693384194 30.1797692827 0.906002131801 4800.0 1.68974358974
4109.83840613 -46.9324766777 0.933694832509 5000.0 1.43333333333
2654.77826054 -38.0923160727 0.889401758628 1200.0 1.38205128205
-2522.49674068 -58.6288436977 0.959204923985 8000.0 0.920512820513
1337.72104129 -41.4140909547 0.947538408386 2200.0 1.22820512821
3533.54502111 56.0219486845 0.914547975469 5000.0 1.74102564103
-2516.27343718 66.0833849189 1.00082137043 1000.0 0.1
3287.0195733 56.5940108756 0.969263720668 5000.0 0.612820512821
1102.61846351 51.6634704048 0.937788800101 8000.0 1.43333333333
-2151.01345121 21.7441140257 0.884095159025 4800.0 2.1
-2048.88790616 12.3819639601 0.869881615578 4800.0 1.89487179487
-1506.29302784 -30.6250944525 0.897189388745 4800.0 1.94615384615
2173.85144709 43.189821665 0.957071788643 1000.0 1.43333333333
3664.44237434 56.0501953583 0.991016572268 6800.0 0.458974358974
-2636.98323355 -61.4358290379 0.937571159018 6200.0 1.38205128205
1802.52032747 -9.34464354907 0.84456626168 4800.0 1.84358974359
-713.330382475 -68.2797372711 0.940828493738 6800.0 0.971794871795
-290.381482364 -57.5775316599 0.891925117828 5600.0 1.38205128205
-1188.14466347 25.2850802838 0.905636296034 4800.0 1.63846153846
-4128.37870977 -10.9810920526 0.920145530302 5200.0 1.74102564103
1266.24288524 -7.67750602471 0.868128523828 5000.0 2.1
-2154.19395993 32.9620308844 0.939420437784 5000.0 1.12564102564
-2478.48728529 11.7730902209 0.90035021931 5000.0 1.94615384615
1501.58445031 -16.091135522 0.894006400267 5200.0 1.84358974359
-194.447161056 3.57606444385 0.850805533644 5200.0 1.99743589744
-3088.26055002 -2.77688147576 0.916377109906 4800.0 1.63846153846
-321.3469267 31.9993521887 0.93013047161 4800.0 1.58717948718
247.98000395 40.7577259129 0.918328355068 5000.0 1.48461538462
-1138.70755938 -3.77915629454 0.86680244185 5000.0 1.94615384615
-2218.95342464 59.0408770612 0.989121693486 4800.0 0.561538461538
1947.80952206 41.266151257 0.933393541746 4600.0 1.07435897436
999.258401538 -11.4404540594 0.864893949467 5200.0 1.99743589744
-70.8635936499 25.0058023556 0.86606628016 5000.0 1.58717948718
2869.76780011 -45.6708459412 0.934065781836 5000.0 1.33076923077
-2644.85231113 10.9527918787 0.910473675579 4600.0 1.99743589744
1354.70864044 54.6459843449 0.928377542116 4800.0 1.43333333333
-374.277041711 19.4783493562 0.876679567471 4800.0 2.1
-2149.25841526 49.8168039568 0.974494684565 4800.0 0.715384615385
863.306826495 -14.1269660333 0.841664375287 5200.0 1.68974358974
396.625882688 -9.77936531755 0.870717234325 4800.0 2.04871794872
-2348.83185996 -8.87910799978 0.820185740027 5000.0 1.89487179487
-1926.61901938 -5.44383216154 0.920584829625 5200.0 1.63846153846
-187.202130128 6.15751225421 0.837999686712 5000.0 2.04871794872
165.79166846 57.587286036 0.958611280741 4800.0 1.48461538462
211.86085991 -1.0678266551 0.819230235968 5000.0 2.1
-2039.60189771 47.5288340803 0.972972165342 4600.0 0.869230769231
1040.43830363 28.3565497727 0.901800405638 5000.0 1.48461538462
2388.79731654 -40.3682807728 0.903937163853 1000.0 2.1
-1715.74500593 18.1547699573 0.880345104778 4800.0 2.1
140.395003106 -4.89570796378 0.845852700114 5200.0 1.94615384615
2017.96489582 -38.1210332784 0.920318899203 1000.0 1.43333333333
-2986.78069248 -30.3573728221 0.919427594468 4600.0 1.63846153846
-1047.55711348 82.8013414491 1.00092966481 1000.0 0.1
1706.85183764 -3.69440048961 0.883733927218 5000.0 1.84358974359
3063.54654519 13.8675003589 0.916211809885 1000.0 1.38205128205
292.003426591 33.4376506506 0.945936723259 3600.0 2.1
-1345.20507342 -2.45831131614 0.872817325102 5000.0 1.84358974359
-1944.9035098 30.091962018 0.91507005028 5000.0 1.74102564103
3401.12088881 11.6393128968 0.883348555202 5200.0 1.27948717949
3118.26306277 -29.2884893382 0.888734607784 1000.0 1.58717948718
-1062.11641015 72.2400067979 0.986323206258 1000.0 0.612820512821
-3237.5775755 28.5530792677 0.901782699647 4800.0 1.89487179487
-1292.83399419 -59.0203815782 0.91469357296 4800.0 1.58717948718
-2179.1402012 -24.6000695246 0.924773801129 5000.0 1.48461538462
-1819.10620847 4.96376283845 0.878877918689 4800.0 1.99743589744
1224.57308381 14.0758966425 0.860896149532 5200.0 1.74102564103
-1518.35015609 -34.1036421015 0.883102524793 5000.0 1.58717948718
-1993.99926528 2.45806686747 0.851927353858 4800.0 1.99743589744
-2938.32100522 -2.70545300001 0.948571657617 5000.0 1.48461538462
-1720.167912 -13.60879432 0.846455855552 4800.0 1.79230769231
2020.52798839 -56.8215535313 0.963536909216 1200.0 1.12564102564
-639.190818616 31.1581380777 0.848510020117 5000.0 1.84358974359
181.475552815 -24.1639800774 0.925208977547 4800.0 2.1
-246.647909756 -15.3148072557 0.855671892628 5200.0 1.63846153846
-1438.43365218 34.5698626431 0.932274488976 5200.0 1.58717948718
2084.27998934 35.8641889248 0.927469311836 5400.0 1.27948717949
2974.82297163 -4.80229541614 0.868059397331 5000.0 1.89487179487
1085.93531339 -39.5347631041 0.936360514609 1200.0 2.1
-3143.00711338 22.341378603 0.909722227018 5000.0 1.79230769231
-146.106857667 10.4263735062 0.881005395831 5200.0 1.68974358974
-2267.71386253 79.049962584 1.00077786892 8000.0 0.1
2219.69185168 31.3623311965 0.967637217768 5000.0 1.02307692308
2617.38692455 28.9319207392 0.943216927089 5200.0 1.02307692308
1380.89456 -39.7426817497 0.913649728 1000.0 1.07435897436
1299.01824708 -31.7192854736 0.931206849172 1200.0 1.68974358974
-2362.63295011 -2.21844514892 0.917209909505 4600.0 1.79230769231
-1001.72808596 5.95666066654 0.850492903348 4800.0 1.94615384615
-2612.87565855 -7.12688393506 0.864224469022 4800.0 1.84358974359
-1410.77243884 -23.8312685779 0.902085941107 5000.0 2.1
2445.44761002 19.2181443108 0.904090756382 5000.0 1.5358974359
2188.01240772 61.6335081344 0.964510747488 3600.0 1.43333333333
-2944.90269554 50.8362758694 0.983260783188 4600.0 0.766666666667
113.24592633 -60.8195616731 0.887695851841 5000.0 1.94615384615
471.827179765 -32.4825890092 0.885664170025 5200.0 1.58717948718
-282.345874484 31.1949509407 0.880302019513 5000.0 1.79230769231
739.202367285 58.5565901918 0.986963339776 3200.0 1.07435897436
-1709.15481342 -46.1367035979 0.87428586289 4800.0 2.1
2120.01529849 -14.3667512805 0.905913948802 5200.0 1.94615384615
-271.168001008 7.36846797475 0.86408076913 5000.0 1.79230769231
-2724.7082566 -35.0590745392 0.897016366686 4800.0 1.89487179487
-1198.60239971 8.89847357641 0.903867603041 5000.0 2.1
-64.1711829865 16.8944893453 0.872336611842 5000.0 1.79230769231
734.204248279 -16.8142470408 0.860554797024 5000.0 1.58717948718
3253.16618999 -38.0959529489 0.87554555335 5200.0 1.38205128205
-2012.86584978 34.3402824342 0.914290657132 4800.0 1.79230769231
2838.09961669 -5.65384524635 0.897016804853 5200.0 1.38205128205
176.071998915 -20.5539043067 0.852512883817 5000.0 1.79230769231
1002.52315376 40.5648513255 0.946268118724 1200.0 1.84358974359
-2416.12379876 -53.5286158214 0.93685292608 4600.0 1.94615384615
-83.5810631813 -45.0504337186 0.926094684443 1000.0 1.99743589744
360.528744483 -58.1740409381 0.888418617782 5000.0 1.89487179487
-2076.63019723 -24.568644942 0.885492884179 4800.0 1.79230769231
-1465.94849987 -52.9866229113 0.897430013649 4600.0 1.74102564103
-1276.64248246 23.6659043658 0.857579156651 5000.0 1.94615384615
175.859239669 -49.571696098 0.947625331016 1000.0 1.12564102564
1255.4463686 11.9936631072 0.842174982839 4800.0 1.74102564103
-1570.09903083 84.6325767839 0.999347371039 6600.0 0.1
-2221.32439676 -12.5157074597 0.905997582103 4600.0 2.04871794872
2689.50762229 -74.6612867354 0.998306782534 5600.0 0.253846153846
-2413.13878645 -27.6363802243 0.922895612633 4600.0 1.33076923077
-736.359329267 -39.2324060733 0.894799547869 4800.0 1.99743589744
-1525.32485139 -9.84222757229 0.863764868063 4800.0 1.99743589744
-733.366136362 -14.3367058958 0.854606541863 5000.0 1.79230769231
2196.55009551 6.71242976186 0.894733705678 4800.0 1.63846153846
1777.42553458 -11.4152394891 0.858859844231 5200.0 1.94615384615
-763.45693716 -15.0042516067 0.887063490458 5200.0 2.1
-3485.26544443 -55.1001776143 0.952605390624 1000.0 1.33076923077
-1889.48123078 31.7873484363 0.941647060443 4600.0 2.04871794872
-1210.1072101 -29.2457658111 0.885332624886 5000.0 1.63846153846
-2418.71412497 -21.7200035179 0.929078719914 1200.0 1.5358974359
-2241.60419971 -15.0031655839 0.889916285632 4800.0 2.1
-2671.08704245 7.65584448458 0.88144863236 4800.0 1.99743589744
-1326.13270318 66.7201255143 0.982106353683 8000.0 0.971794871795
-3051.58436934 30.3035495061 0.969739347152 4600.0 1.22820512821
2066.87337146 -16.5194552779 0.871056876672 5200.0 1.63846153846
-2202.51100643 23.6989244911 0.892387732267 4800.0 1.99743589744
651.756588728 -13.8226688137 0.843256664337 5000.0 1.68974358974
-709.62282988 7.57641253155 0.897740212752 5000.0 1.84358974359
273.628658868 -47.7133293766 0.90303386547 1000.0 1.63846153846
2254.98243436 -57.7322599917 0.993339009819 1000.0 0.510256410256
304.195031112 4.52074339187 0.795976860807 5200.0 1.94615384615
2455.6010031 47.4111466763 0.905391977689 5200.0 1.27948717949
1744.28780228 58.524208889 0.957907429504 5600.0 1.17692307692
-1719.403836 -45.2647897279 0.955101660342 1600.0 1.12564102564
-3552.19182086 59.0220755948 0.979781425199 7600.0 0.715384615385
3588.95721493 -45.8107709521 0.950389462312 4400.0 0.869230769231
3181.91827208 -50.160843452 0.944277890185 1000.0 1.48461538462
-2866.59570123 31.6971473825 0.956048736063 1200.0 1.12564102564
105.806908154 -34.1720212052 0.915209857321 1200.0 1.74102564103
2311.13860282 31.9203974351 0.932263595511 5600.0 1.17692307692
614.131432805 -21.8561237676 0.885962732054 5000.0 1.74102564103
849.92011171 -62.6135764328 0.982236091013 1000.0 0.817948717949
-777.878483822 -22.3703139572 0.838837476458 5000.0 1.74102564103
-568.212580804 70.3652817743 1.00140637108 7600.0 0.1
-381.850555789 60.7499624482 0.990405671852 1000.0 0.766666666667
-2331.11097794 -20.383699112 0.883584971748 5200.0 1.63846153846
2018.15301469 -37.5249208353 0.913890977505 3200.0 2.1
2195.28779983 -30.9996340209 0.914765493294 1000.0 1.5358974359
-386.312818488 12.5306590772 0.877577115339 5000.0 1.79230769231
-2097.44326818 -10.2606940397 0.878366371121 4800.0 1.94615384615
3203.64743234 -33.4597429293 0.916312438474 1000.0 1.27948717949
-204.097741627 -55.2979475628 0.982704137581 1000.0 0.715384615385
913.911104763 21.0314683316 0.901601506545 4800.0 1.68974358974
1388.6102087 -14.1547509141 0.887049863684 5200.0 1.79230769231
-3180.04788371 -52.7171181347 0.959640243432 1200.0 1.48461538462
-2057.06873322 -26.7398546025 0.875026981097 5000.0 1.74102564103
-1408.67810389 -38.5840909961 0.890595089523 5000.0 1.79230769231
-1274.19512189 21.1030091484 0.899712252397 5000.0 1.84358974359
2111.56903167 -55.5671820195 0.936972222936 4800.0 1.07435897436
-1611.25884546 16.8978058723 0.854570702745 4800.0 1.79230769231
3536.57645453 11.2026383146 0.891856152806 5000.0 1.38205128205
-1373.24293127 -53.1905380586 0.92036948507 5000.0 1.43333333333
2541.52972503 -23.9585404323 0.886373653439 4800.0 1.38205128205
123.400871734 -3.98125525114 0.832236731034 5000.0 2.04871794872
-1503.38446444 24.0535250202 0.894048217573 5200.0 1.68974358974
620.892010362 21.5058133225 0.923358753501 4600.0 1.99743589744
85.9902154276 30.7031000746 0.926157668831 5000.0 1.33076923077
-819.759275477 25.7391284072 0.87510437288 5000.0 1.79230769231
-2678.84114981 -2.01031835651 0.908236747625 5000.0 1.68974358974
619.844793847 51.1361274841 0.968548723601 5200.0 0.971794871795
1185.02452492 -24.6846210482 0.934425769362 1200.0 1.33076923077
-4498.88345811 21.5628713429 0.968979402926 1200.0 1.22820512821
3712.50996819 32.9315869552 0.921656528152 5200.0 1.17692307692
3597.35518697 -13.5369889316 0.920160231874 5000.0 1.33076923077
-1239.67918926 40.5259579078 0.946898794352 7600.0 1.22820512821
1692.84400133 -2.70442547743 0.901505873344 4800.0 1.68974358974
-3815.36508982 -22.0996994788 0.897594378245 4600.0 1.79230769231
1870.30803805 45.8572372616 0.928982808253 7800.0 1.48461538462
1790.55056719 39.214840622 0.939147551936 5000.0 1.22820512821
3241.04919943 -2.41160423638 0.913858875668 5000.0 1.43333333333
495.727129485 -20.9205484933 0.875744946357 5000.0 1.5358974359
2616.0852339 -45.4734525154 0.933355596653 1000.0 1.84358974359
1520.85825052 -52.9427280568 0.973109998821 6800.0 0.664102564103
-1684.56995788 -66.7469674409 0.954883319996 4800.0 1.12564102564
771.120562186 -46.0202338228 0.91308987853 5000.0 1.43333333333
2953.60137218 33.8861271101 0.960790236212 1000.0 1.02307692308
3188.565465 37.6026023405 0.931669364456 4800.0 1.17692307692
-2296.03005589 -53.7502073467 0.929087202698 5400.0 1.22820512821
-813.246370426 -48.4870316197 0.97103808879 1000.0 1.27948717949
3334.47038559 33.220002213 0.888265555686 5000.0 1.74102564103
-1270.63842516 44.2815631628 0.942858033373 5000.0 1.17692307692
-850.149301678 -39.9138430946 0.960734327395 1000.0 0.920512820513
1747.31767183 55.8715976581 0.98433941969 7800.0 0.561538461538
-3722.36226048 35.2683700765 0.966160224119 5000.0 0.766666666667
-435.930770171 -7.20247516003 0.86723786863 5000.0 1.94615384615
3157.91894047 -67.1978275641 0.972722000858 1200.0 0.612820512821
-501.084526287 -10.5208974689 0.842963971286 5200.0 2.1
1849.91508836 -29.4393723242 0.96602767675 1200.0 1.33076923077
-234.744851718 -22.6622760652 0.863187135037 5200.0 2.04871794872
-2151.73540538 52.6785370201 0.998428016512 8000.0 0.202564102564
1881.87151538 -3.68542942488 0.897652353105 5000.0 1.68974358974
2622.19290955 9.94760897419 0.884416139269 5200.0 1.5358974359
3196.73525103 -37.5963442692 0.886566693607 5000.0 1.68974358974
2446.25876494 44.0562264684 0.950069262425 1000.0 1.58717948718
-2774.51873379 -16.8453892519 0.872903345895 4800.0 1.84358974359
277.999484582 45.3907468036 0.962185930718 5000.0 1.07435897436
2203.36319362 2.58118043408 0.886088740287 5200.0 1.74102564103
4310.21935873 67.7332178419 0.993638552462 1000.0 0.510256410256
-1864.17423356 0.893790905532 0.852185714129 4800.0 2.04871794872
1527.48673317 48.0747998474 0.93834697019 4600.0 1.22820512821
-2394.37697243 -36.3441980188 0.915481260123 4800.0 1.33076923077
1597.33169321 -5.96316279812 0.866376629421 4800.0 1.94615384615
-1263.76169986 -4.65792286153 0.834206636933 4800.0 1.99743589744
-3073.63208327 -11.0740359836 0.876510560569 4800.0 1.94615384615
2749.66908186 -64.0561308578 0.990498454499 2400.0 0.561538461538
369.318847741 13.2299686616 0.855187550882 5000.0 1.74102564103
2585.57902424 -33.2092975544 0.894520616826 5400.0 1.33076923077
-79.0859009943 -22.2788430082 0.892099243516 5000.0 2.1
207.213268921 -1.04106840787 0.889119824131 5000.0 1.79230769231
1691.15681363 17.3462883557 0.900202878061 5200.0 1.5358974359
-2988.37665504 -31.4822991191 0.912131819372 4800.0 1.74102564103
1570.7823898 74.2648874278 1.00146822331 6600.0 0.1
-2225.05685229 54.5759249141 0.994892169826 4200.0 0.407692307692
2865.56614685 75.0621031682 0.998251695754 1200.0 0.151282051282
-2987.45287058 31.6413995262 0.916090250185 4800.0 1.94615384615
-3552.63853093 18.9508045934 0.92075263857 4600.0 1.84358974359
3020.30646779 -15.9869639462 0.892527052106 5200.0 1.48461538462
1765.9674387 -37.3401221576 0.967757564473 1200.0 0.817948717949
1853.3976893 11.6360402531 0.887719380118 4600.0 1.79230769231
-2537.4891768 -30.8681225179 0.881807952734 5000.0 1.89487179487
1665.44076713 -29.2169380569 0.895012373787 3200.0 2.1
115.31585947 -38.4427779415 0.896745499784 5000.0 1.74102564103
2981.52207081 71.2564733686 0.990408772399 1400.0 0.407692307692
-2365.71783045 2.29373898361 0.896805734206 5000.0 1.94615384615
-1569.29544061 -62.7492194542 0.925795825607 5200.0 1.33076923077
91.6575919107 -18.9682636909 0.824051350786 5000.0 1.79230769231
3401.60048756 5.6084650787 0.895542188332 5000.0 1.58717948718
-1339.69841285 36.4185001716 0.92275954525 5000.0 1.79230769231
611.848189049 4.11381113225 0.869000932586 5000.0 2.04871794872
-1726.74314315 -49.3561406407 0.913737974587 4800.0 1.43333333333
1207.78115348 -24.3812260647 0.884199459539 1200.0 1.63846153846
-2817.47457637 33.9845605472 0.937069345446 4800.0 1.58717948718
-3965.618418 17.4209267359 0.934480916586 4800.0 1.58717948718
-1381.36319396 -8.24678724806 0.870084861565 5000.0 2.1
-2871.22558606 -6.68555450981 0.916816083557 5000.0 1.79230769231
1180.34380152 -26.1697636144 0.855975880238 5200.0 1.38205128205
4333.31932221 -15.2878321234 0.898846336991 5200.0 1.27948717949
-2168.51721494 50.0754817506 0.967910047656 6200.0 1.17692307692
-3639.88722887 -26.8827156438 0.951677056715 2800.0 1.63846153846
-245.745409578 35.8454957282 0.935148346034 1200.0 1.94615384615
-954.039900958 43.4087663843 0.897872686484 5000.0 2.1
-1387.83548689 -38.2427500015 0.899534635784 4600.0 1.79230769231
3184.14279343 13.8285477118 0.872404292155 4800.0 1.5358974359
2139.44741381 13.5018530357 0.889868192605 5200.0 1.58717948718
-3683.49219075 37.7089454352 0.963094549835 1200.0 1.07435897436
-697.259145588 -55.0537489891 0.977643873839 1000.0 1.12564102564
-3881.60893799 40.6485078398 0.951235808737 4800.0 1.27948717949
-2762.50253329 49.7387494888 0.969686931887 1000.0 1.5358974359
-405.666958497 18.5965089947 0.858261407881 5000.0 2.1
-204.644666383 32.215154436 0.870969004559 5400.0 1.79230769231
-1281.3685204 -36.3009285817 0.948673412212 3800.0 1.33076923077
1669.88027611 28.2720807607 0.909517790209 5000.0 1.5358974359
-1289.86844482 -64.9992789563 0.968396852698 6600.0 0.971794871795
1714.91075432 24.2376892392 0.899858726326 4800.0 1.79230769231
3695.23100158 4.06396942628 0.935483842975 1000.0 1.43333333333
2525.44060691 -36.0048349374 0.916057747187 4400.0 1.43333333333
3277.31024213 -40.2830811231 0.921469030215 1000.0 1.48461538462
-960.920874818 41.814323409 0.864756674075 5000.0 2.1
-882.832383975 -28.3696176712 0.884715599612 5000.0 1.74102564103
2419.54726234 31.3325398801 0.961584754378 4800.0 1.02307692308
-937.350730009 35.8665761459 0.907703431852 4600.0 1.5358974359
24.4105078777 -39.3097978736 0.927139173126 1000.0 2.1
-909.455390066 -0.914983434091 0.895986156475 5000.0 2.04871794872
-3094.06776522 25.3824276689 0.922741792446 4800.0 1.84358974359
610.561772867 -22.4236061628 0.897013895138 5000.0 2.1
1451.47656982 -14.3657874342 0.881092108333 4800.0 1.94615384615
1020.71888775 -43.8514804392 0.885750647863 7600.0 1.38205128205
3680.01076148 -22.3989747556 0.884612784465 5200.0 1.27948717949
3092.43382548 46.8928435257 0.910810393778 4600.0 1.5358974359
-2432.73429248 -51.1989365882 0.978722472983 1000.0 1.63846153846
-1072.26038034 -50.4797111793 0.94336994217 5000.0 1.02307692308
1804.4504096 35.7476277072 0.869841907072 6000.0 1.27948717949
-1809.44612242 18.2526817799 0.871399957261 4800.0 1.94615384615
3847.76099753 -39.6531693756 0.958667255782 1400.0 1.02307692308
3713.24512238 4.18176026682 0.848584063287 5200.0 1.48461538462
3083.9335419 -14.9674496264 0.879356817587 4600.0 2.1
-3808.34480233 44.4886086314 0.973596384881 4400.0 1.07435897436
-1382.27735356 52.2560979617 0.93478516299 6000.0 1.02307692308
805.559116865 19.6256070288 0.881325151315 4800.0 2.04871794872
1277.25035242 59.4950046842 0.965469202466 8000.0 1.38205128205
3600.98423449 42.4277911401 0.902149349653 5000.0 1.43333333333
1245.74101227 7.28564832048 0.875905351479 4600.0 1.79230769231
-2328.72711886 -7.48108245546 0.852157943726 5200.0 1.84358974359
-3656.18566159 -16.4505631441 0.928875175642 4400.0 1.68974358974
-2972.52951252 -19.0000213461 0.916908679986 4600.0 2.04871794872
-909.192976689 -43.845929909 0.943016994493 5200.0 1.22820512821
-3028.23261949 -1.05408594281 0.892011885787 5000.0 1.84358974359
3696.12688811 34.0365687136 0.922086106443 5200.0 1.22820512821
-1187.43279191 -40.8201411047 0.909533634927 5000.0 1.63846153846
2307.06499394 40.6427584145 0.906389021962 5400.0 1.38205128205
-2011.70511468 -16.1737075599 0.888643308717 5000.0 1.84358974359
-3243.12263566 26.6007931335 0.962267464599 1000.0 1.33076923077
-1867.49523915 -47.8261596924 0.951038692516 3000.0 1.38205128205
-2518.189865 -31.9414528457 0.93402549856 1000.0 1.63846153846
3569.97634864 68.4102994233 0.987882998618 5000.0 0.510256410256
37.0077520932 -37.1828604872 0.848608165906 5000.0 1.84358974359
-2268.6004263 -25.6895059383 0.857119962088 5000.0 2.04871794872
-691.843183892 66.2368836582 0.999524317184 8000.0 0.151282051282
-1998.359577 -45.3103622703 0.874247999624 5200.0 1.94615384615
2745.92512935 22.9750836523 0.930284007835 1000.0 1.5358974359
-1838.41099702 19.7632236205 0.924667661514 3000.0 1.68974358974
-139.256775831 19.1434336041 0.834029836986 5000.0 1.74102564103
-780.429045929 -34.1425741969 0.866681210094 4800.0 1.79230769231
894.557802558 -36.5920803556 0.943653192671 1400.0 2.1
-2144.59239934 -3.28087005719 0.854632353826 5000.0 1.89487179487
-993.714452369 42.623832918 0.895397777855 5200.0 2.1
3319.5064255 -14.6076414394 0.876598175077 5200.0 1.84358974359
-2624.851434 9.11566106837 0.903447563832 4800.0 1.94615384615
3222.06801568 53.1119090392 0.946812071623 4800.0 1.43333333333
-595.842884056 25.7137818743 0.922368585112 5000.0 1.74102564103
401.018520972 10.5143946237 0.847602758329 4800.0 1.99743589744
128.450393638 -27.019231034 0.907543959694 5000.0 1.74102564103
1248.20591983 -16.8652453993 0.854858810924 5400.0 1.68974358974
-3019.71285969 -13.7510960926 0.896420374215 4800.0 1.74102564103
2544.99921128 18.8904938984 0.873375685757 5200.0 1.48461538462
3235.49263311 11.1081000013 0.921381572821 4800.0 1.63846153846
3016.6019666 14.2666339752 0.894170338297 4800.0 1.43333333333
236.517142928 -23.6518865226 0.878562093664 5000.0 1.68974358974
3519.47946805 31.4605175796 0.885296560544 5400.0 1.48461538462
-2352.20355979 -28.8293963636 0.935048020787 1000.0 1.38205128205
-1700.08996863 -30.6866843507 0.916624649324 4600.0 1.68974358974
-1668.8772243 3.79190809947 0.865944761926 5000.0 1.84358974359
-1716.31522542 22.1731183638 0.927611827205 1000.0 1.5358974359
3207.33254732 -42.2554949596 0.955755521102 4000.0 1.22820512821
-428.832279628 9.56903593834 0.862747236507 5000.0 1.79230769231
-1987.68070508 -29.1850186119 0.916857037543 4800.0 1.22820512821
2425.93569161 47.339130781 0.902120872202 5000.0 1.38205128205
-2122.14947199 -11.3039758245 0.885719551783 5000.0 1.84358974359
-728.158749308 -18.7166238439 0.893732995883 4800.0 2.1
-1029.12884036 50.5635408137 0.987362225457 4800.0 0.561538461538
3703.08320972 -4.93844127376 0.951071991354 1200.0 1.27948717949
-819.597633887 -43.0608189518 0.952429758097 3800.0 1.12564102564
3450.00376278 -11.6207633034 0.894077341289 5000.0 1.84358974359
-12.6437868651 -10.5414367188 0.845506216304 5000.0 1.84358974359
870.013464441 65.1527318273 0.968522258738 1400.0 0.664102564103
1536.79954584 30.4044303107 0.91848151775 4800.0 1.38205128205
2226.38379807 -18.6278355646 0.915977042259 4600.0 1.74102564103
264.597650735 68.2211886072 0.999638468333 8000.0 0.151282051282
-773.957571994 -38.8075062744 0.907795771697 4600.0 1.94615384615
-2658.86131325 -3.78146017829 0.893014784327 5000.0 1.84358974359
-1336.3472969 -18.2889252977 0.876414237156 4600.0 1.84358974359
-354.785509438 40.1246948982 0.932589833301 4400.0 1.89487179487
-2584.48374548 69.4919298195 0.994428648527 1000.0 0.305128205128
950.894214776 -13.5675473737 0.874553273024 5000.0 2.1
-367.777596728 52.6721322253 0.954565256267 8000.0 1.02307692308
2335.65112766 -8.57579990095 0.86452302351 4800.0 1.68974358974
-586.124651646 54.8545264886 0.977688175598 1200.0 0.612820512821
1067.66146808 -28.2824832772 0.907222878562 4800.0 1.43333333333
320.177656099 -26.0592354683 0.905319099898 3200.0 2.1
1738.91537111 38.8230956321 0.876043467558 5000.0 1.5358974359
-704.095752589 -34.8029021949 0.91143562497 5000.0 2.04871794872
-3051.11938483 28.9072246644 0.941353106117 4400.0 1.58717948718
2374.82006976 46.9853299898 0.936952367681 7400.0 1.27948717949
-583.426516492 -32.9633989701 0.915805303859 1200.0 1.99743589744
-3556.74944871 -42.1955207536 0.910363698774 5000.0 1.58717948718
2996.04205664 -18.9212702397 0.945275213748 1000.0 1.12564102564
2978.15523238 77.0008557136 1.00204409803 4200.0 0.1
-299.129134906 20.913914772 0.864504689023 5200.0 1.58717948718
1612.84566458 7.92472567519 0.903524745722 5200.0 1.99743589744
-2906.10307095 -58.4796015125 0.947275114901 5000.0 1.27948717949
1120.85888347 2.08000578984 0.843425469386 5000.0 1.89487179487
2590.53982546 -36.7694013747 0.924498734075 5000.0 1.38205128205
3154.34837162 61.042695037 0.991730564733 5000.0 0.407692307692
923.575460317 -57.5908928493 0.910826114524 4800.0 1.63846153846
-2321.68104498 -40.7791642752 0.917521181376 4800.0 1.27948717949
2205.74570368 -37.5892755204 0.908917299702 1000.0 1.58717948718
