-2413.88331599 -2.30059333142 0.884725778469 4800.0 1.38205128205
379.285840437 40.3035819716 0.924511316022 4800.0 1.02307692308
-1543.62272153 -20.1159705233 0.888242090847 4600.0 1.38205128205
3131.24913246 51.2779156687 0.980588261626 1000.0 0.407692307692
-3187.35519584 67.5949824296 0.993579287427 6800.0 0.253846153846
1912.6694393 3.54003610715 0.874482023883 4800.0 1.22820512821
-1643.54503548 15.7239944465 0.892249090821 4800.0 1.58717948718
-1043.17284718 89.3631071421 1.00564937221 7400.0 0.1
-2497.04827441 18.0431616647 0.892411299001 4800.0 1.22820512821
-302.122486858 -47.8921010854 0.960900148565 4600.0 0.971794871795
1412.73897482 34.5613775182 0.920705071448 5400.0 0.920512820513
-399.452189664 -15.6952536465 0.822147693222 5000.0 1.79230769231
2762.41710354 -8.11687095632 0.892531852936 5000.0 1.38205128205
-200.693473044 14.3454534226 0.848046052419 5000.0 1.43333333333
3178.15917723 -49.7927628977 0.969958052439 1000.0 0.612820512821
498.573362962 40.9034969489 0.919254537815 7200.0 0.766666666667
3337.69904415 -62.654059122 0.951493843591 5200.0 0.664102564103
-1366.27652954 -30.851961993 0.918150857845 1000.0 1.33076923077
3179.77940155 -24.595101264 0.919749038085 4800.0 1.02307692308
-433.485031601 -60.9121844361 0.985390827966 1000.0 0.561538461538
1797.49116857 -49.818615546 0.947309695751 4600.0 0.664102564103
-3158.31831335 -12.0689833115 0.870631333542 4800.0 1.5358974359
-2483.534328 21.3225272896 0.88863607704 4800.0 1.27948717949
-2014.31067036 10.153354375 0.859393531038 4800.0 1.38205128205
-1920.74206669 -38.2456392309 0.906169595117 5000.0 0.869230769231
2395.11249605 78.292102032 1.00337423216 4200.0 0.1
-1284.03120976 -32.7239065481 0.942214092196 3600.0 1.12564102564
-2556.62246326 -14.3498335251 0.922663534099 1000.0 0.920512820513
2002.68620438 -36.1703826696 0.878195737748 5200.0 1.07435897436
-2708.22280574 47.8137983019 0.978457330936 1000.0 0.561538461538
-505.282525599 -39.0805588628 0.91870282383 1200.0 1.22820512821
4173.64392963 8.12373816108 0.891344218842 4800.0 1.12564102564
-2534.67000845 13.3765931151 0.875415673336 5000.0 1.38205128205
-347.779364803 -17.9922570328 0.852959513456 4800.0 1.33076923077
1493.20249548 10.8352565809 0.894188489312 4800.0 1.07435897436
149.389214829 52.6341531805 0.984230616056 1200.0 0.766666666667
546.082413589 -20.2563860916 0.876018030172 5000.0 1.22820512821
-725.233983744 7.45066943922 0.824351920512 5000.0 1.27948717949
-759.537255204 -21.2857380099 0.851750956015 5000.0 1.17692307692
-2964.75242976 16.790788479 0.875739524112 5000.0 1.43333333333
-1290.99257667 25.6482177846 0.878070180732 5000.0 1.22820512821
3687.30283894 28.586204967 0.901788946466 5200.0 0.817948717949
401.804433284 40.4461888005 0.948330113464 1000.0 0.715384615385
-2321.29292179 -1.77669078292 0.919560104041 5200.0 1.27948717949
537.740114027 -7.70633494192 0.86715897773 5200.0 1.27948717949
954.094001091 -29.3241670448 0.872345937651 4800.0 1.17692307692
3834.52669254 -15.8872343267 0.878510838162 5000.0 1.02307692308
-890.58861748 2.85847238773 0.865183841809 5000.0 1.38205128205
687.411574159 16.6634295627 0.864228809522 5000.0 1.27948717949
-1705.19242204 29.7787489593 0.915533369895 4800.0 1.27948717949
815.088595997 -6.22925587143 0.842180873129 4800.0 1.27948717949
-2369.05069669 40.2661506075 0.952781187772 4400.0 0.664102564103
2870.19619152 -35.1195912702 0.96031863347 1000.0 0.612820512821
-2505.35257588 27.4970439621 0.93683733081 4800.0 0.817948717949
-3232.28572852 34.9154153643 0.925463069945 3400.0 1.84358974359
-585.610397103 -29.47135318 0.905013369159 3400.0 2.1
-525.267724156 22.7442595996 0.911597063134 5000.0 1.17692307692
3035.55524011 -53.3988654742 0.945615556636 1000.0 0.664102564103
1082.89756401 16.8145398351 0.892486101569 4800.0 1.43333333333
2366.68737844 -6.37125439881 0.895479646712 5200.0 1.17692307692
-1766.98348633 -18.1268879632 0.907058918039 4800.0 1.43333333333
-2341.40751224 2.34695637419 0.874537421376 5000.0 1.27948717949
3192.49348584 -32.0509243607 0.934047399522 2400.0 1.68974358974
3090.26017358 -39.1846186156 0.92101919558 1200.0 1.63846153846
1063.33486162 28.6097192882 0.899056663196 5000.0 1.02307692308
-2244.89674241 -13.9985860979 0.86051962138 4800.0 1.43333333333
-2010.84525984 -47.0107217617 0.881103131097 5000.0 1.33076923077
2167.17354507 -22.5819383665 0.916818230474 4800.0 0.971794871795
-1433.1494914 41.9056050889 0.945383977488 5000.0 1.07435897436
-2469.68181072 34.0939686621 0.947930650809 5000.0 1.12564102564
-1850.98568677 -9.57032827606 0.855168814051 4800.0 1.33076923077
2989.85509752 33.9482345717 0.896885396872 5000.0 0.920512820513
-2062.1587636 -7.09514685574 0.887982691177 5000.0 1.33076923077
3345.47019477 -16.7798425773 0.898769997963 5200.0 1.38205128205
-1904.28202101 -55.4511578121 0.935133318692 6200.0 1.27948717949
1550.81933639 -33.5934835515 0.881041680337 5400.0 0.971794871795
-3054.53532069 29.3088394515 0.930709007392 4800.0 1.22820512821
2173.63644793 -11.5795234331 0.876965034615 5000.0 1.43333333333
2685.03206594 56.5956177131 0.947685185827 8000.0 0.612820512821
-1319.01728713 -6.47273234225 0.824063478055 5000.0 1.43333333333
-1270.14534227 -8.16621962948 0.875672915517 4800.0 1.33076923077
-465.041298367 -18.4011634259 0.884803030521 4600.0 1.99743589744
-1754.0787495 -21.7640613391 0.865094958974 4800.0 1.33076923077
-379.884059062 -9.01299521236 0.876779688961 5200.0 1.33076923077
1241.09204171 -42.6056882495 0.944492601093 1000.0 1.43333333333
-3845.02061219 29.5689422467 0.945403866273 4400.0 0.920512820513
-465.086658132 7.93424626917 0.87053678668 5000.0 1.27948717949
1506.11566193 51.0659256315 0.992834170758 7800.0 0.305128205128
2935.67564486 45.3713311093 0.955527751121 5000.0 0.664102564103
-88.2547538392 53.4676843816 0.961256033848 4800.0 0.869230769231
-2238.26739194 30.8445682438 0.915569366035 4800.0 1.17692307692
-3437.6757697 -33.7851495785 0.942771774271 1200.0 1.58717948718
1328.55198433 37.5857010464 0.940976194365 3600.0 1.5358974359
-1315.4676749 -40.1651220405 0.918713318707 1400.0 1.58717948718
696.015091341 -1.52133512665 0.834301672341 5200.0 1.33076923077
-2424.33651889 -28.9220435505 0.893034522077 5000.0 1.12564102564
-521.956394736 -35.5322047622 0.877582991301 5000.0 1.33076923077
2487.07420576 -26.708111236 0.902210756456 1000.0 1.02307692308
622.007821712 -17.6486647043 0.900581782333 4800.0 1.07435897436
2348.17623962 -10.4983551156 0.864099111099 5000.0 1.43333333333
57.879275436 -32.8478380118 0.950993708296 2200.0 1.07435897436
-1036.14607239 84.3465489966 1.00171453695 6200.0 0.1
637.344506484 -2.18515689242 0.860095067216 5000.0 1.43333333333
-527.950650867 -3.32685568219 0.842695438217 5000.0 1.5358974359
-1795.63183399 67.552336471 0.999566402696 7600.0 0.1
1240.25914681 -26.3248770987 0.904543767256 2800.0 1.63846153846
-119.272968484 46.4729234155 0.934134678674 5200.0 0.869230769231
-3003.24886181 49.4307612876 0.976803763526 1200.0 1.07435897436
1624.32984772 -9.00185837014 0.902450490555 5400.0 1.12564102564
913.079768509 -28.2382881574 0.88870549568 5000.0 1.12564102564
-164.876028089 34.6590658297 0.908620280625 4800.0 1.07435897436
2394.98770715 6.54647908291 0.89876940393 4800.0 1.22820512821
445.538350025 12.5830432095 0.862011609018 5000.0 1.27948717949
-340.857228877 -6.23528091098 0.858167336869 5200.0 1.22820512821
-400.087296822 52.6743747081 0.969019650804 5000.0 0.715384615385
-2100.28511606 8.49335488122 0.87487442555 4800.0 1.58717948718
-2595.32761616 -20.8209140944 0.884290850258 4600.0 1.38205128205
-1945.70938056 43.1179485514 0.980497110026 6600.0 0.561538461538
-1266.34051377 40.116549934 0.917667800423 5200.0 0.869230769231
-3469.69355551 38.6832811639 0.955946173964 3000.0 1.89487179487
3579.66755795 8.28973144804 0.937472302297 5000.0 0.920512820513
2094.7217655 31.9888490466 0.876307006259 4800.0 1.02307692308
2154.35132829 -16.6112650443 0.946433765489 1000.0 0.766666666667
-535.315593329 -34.0789084757 0.921968705715 4800.0 1.02307692308
4040.42101938 26.2455176054 0.958990876347 1200.0 0.971794871795
3435.87759688 -4.6814443465 0.889256925564 5000.0 1.48461538462
-311.36657433 -31.366114424 0.850210845033 5200.0 1.38205128205
2415.96851832 54.2579455651 0.993160099483 5000.0 0.305128205128
-1304.04351588 -1.83429309453 0.88337888214 5400.0 1.22820512821
-69.7185184635 58.359108865 0.979016639262 4600.0 0.561538461538
1613.8248436 49.7994450991 0.892329222034 6600.0 0.869230769231
-2888.1201324 -49.4127930997 0.978600163089 1000.0 0.561538461538
629.147135387 37.3520244562 0.92953534352 1000.0 1.33076923077
-3280.06807583 12.1645783291 0.905609499803 4800.0 1.43333333333
3768.23199388 -41.9100373616 0.932469770608 5200.0 0.971794871795
156.46309797 25.3080933712 0.915918237106 5000.0 1.12564102564
-398.490351402 37.4879344752 0.943872379875 4800.0 0.869230769231
2477.409692 13.6828621674 0.857536591857 4800.0 1.02307692308
339.349286345 -60.965908254 0.959783591676 5000.0 0.817948717949
2953.72413874 -37.5615076862 0.928610300214 5000.0 0.869230769231
1336.08756494 -61.7304747475 0.885576040738 5200.0 1.27948717949
-1135.84061668 21.9658348097 0.906235896806 4600.0 1.22820512821
-1739.7179997 44.9396776917 0.956278703999 5000.0 0.766666666667
-1617.95912801 -15.4807533299 0.849212323815 5200.0 1.22820512821
2484.38433625 -2.41374847639 0.868515018982 5200.0 1.22820512821
2835.96543649 18.0758300577 0.884461953436 5000.0 1.07435897436
-595.257927189 64.1885455106 0.989377042229 1000.0 0.407692307692
-4349.65483175 -21.2302326562 0.932373885775 5000.0 1.02307692308
-1802.17390223 -2.5821096777 0.860221704105 5200.0 1.27948717949
3684.6809309 7.82414496023 0.881618324143 5200.0 0.920512820513
1860.0614927 48.2391545894 0.953473511509 4800.0 0.664102564103
862.736537401 14.5274926716 0.894348040168 5000.0 1.17692307692
-2429.9440588 -30.5187799491 0.888388090412 5000.0 1.27948717949
1041.21854224 -36.6207211002 0.877574715029 5000.0 1.22820512821
-1221.43865124 13.9292547092 0.895278739258 4800.0 1.43333333333
-1288.92280288 -37.2839747536 0.938051731003 1000.0 1.33076923077
1912.51423283 37.6774934631 0.945031976506 5200.0 0.920512820513
-782.276129925 10.9487927937 0.897586870569 5000.0 1.22820512821
-3455.93917408 -19.9857928896 0.918114153616 4800.0 1.07435897436
-2919.86426015 -3.385759351 0.870966429054 4800.0 1.38205128205
3339.25038884 44.1921763737 0.980030838935 1000.0 0.458974358974
-305.110844213 40.1856503158 0.936507474257 1000.0 0.869230769231
-4295.28470024 -18.2523920295 0.934163541626 3000.0 1.27948717949
-2733.6960187 -37.1174020837 0.956778270886 1400.0 0.766666666667
-3402.09395921 31.1037949999 0.98072576488 4400.0 0.664102564103
3899.72552191 -4.048985483 0.873630376562 5200.0 1.02307692308
1387.48340023 33.4311269509 0.949938172583 4800.0 0.766666666667
-18.4285430795 33.649624872 0.932862548382 5000.0 1.22820512821
2872.90749901 -53.2972464096 0.96897426656 1000.0 0.664102564103
-285.341350204 37.9296618047 0.871896443612 4800.0 1.33076923077
-357.802077856 16.303285466 0.827908209772 4800.0 1.38205128205
-1805.7716079 -5.88249596904 0.881360615255 4800.0 1.43333333333
-3423.30275913 -17.0737749556 0.913928029679 3200.0 1.43333333333
2426.97521091 -32.9263530605 0.861161272556 4800.0 1.17692307692
758.609520011 67.5857470919 0.983741413072 1200.0 0.305128205128
1839.62975751 28.1741598239 0.945873178491 5400.0 0.817948717949
-830.493131136 24.8232114543 0.888563547213 5000.0 1.22820512821
-2803.2063903 -28.0590571472 0.89512608864 4800.0 1.43333333333
1622.09993595 72.6202177649 0.997334973553 7200.0 0.151282051282
-3164.67959189 59.8484312878 0.98509514142 7800.0 0.407692307692
-1708.86614295 -21.1027107532 0.889572624371 4800.0 1.22820512821
1265.80020087 6.44634015905 0.859789244296 5000.0 1.38205128205
-2608.09067882 44.0226377054 0.975219844789 1200.0 0.971794871795
881.845274465 15.1563242316 0.882768357929 4800.0 1.27948717949
2787.99438205 -27.4842716477 0.877959861936 1200.0 1.17692307692
-410.206164344 -39.7598327078 0.926951103307 1000.0 1.12564102564
-2561.4032613 -33.5143723667 0.89843465155 5000.0 1.48461538462
1760.84248311 0.899128379174 0.851954649059 5000.0 1.33076923077
-638.917308 -19.4707632329 0.88273554925 4600.0 1.89487179487
3583.5977775 54.6379578291 0.933581392825 5000.0 1.33076923077
2886.43989803 -19.7141104167 0.904339261881 5000.0 1.07435897436
2954.53326408 -56.6470217791 0.996306248135 1000.0 0.202564102564
-127.963818401 -7.85549052848 0.865033452827 5000.0 1.27948717949
-3428.55833805 43.5132207194 0.956045410242 4800.0 1.27948717949
234.997527927 -46.4828230488 0.970245066062 4600.0 0.664102564103
2576.37590254 -56.9550591255 0.996829605189 1000.0 0.253846153846
1666.16387834 -24.2321061517 0.902655230051 4800.0 1.12564102564
-2688.87027843 -51.1027965851 0.965207978914 1000.0 0.766666666667
-2638.17231694 50.9669207761 0.964621803528 4800.0 0.920512820513
3307.83831877 14.7825885002 0.966069545643 4800.0 0.920512820513
2976.38436129 60.4444588139 0.950471775662 5600.0 0.869230769231
-1858.17867801 -31.5102015356 0.946376986315 4600.0 1.07435897436
-3526.93544677 -63.8475341266 0.963472084916 4600.0 0.920512820513
-1180.69390596 -21.3590411627 0.877674392658 4800.0 1.22820512821
-2417.2186197 6.0578625311 0.922851347342 4800.0 1.17692307692
455.867096122 -22.919325001 0.870980540872 4800.0 1.12564102564
-1464.26377522 20.7041203051 0.86087419226 4800.0 1.43333333333
-2582.28743269 -21.1726875295 0.936508237507 4600.0 1.33076923077
2777.29608304 -64.6910692089 0.930120335755 4600.0 0.664102564103
3792.3472558 12.7791558751 0.929689690521 1000.0 1.02307692308
3012.02566128 26.5054222157 0.903026986944 5200.0 0.971794871795
2982.07412712 14.8293736409 0.872815925292 4800.0 1.38205128205
-4675.159831 71.750355063 0.987388463669 1200.0 0.458974358974
-1972.18376108 28.5688683712 0.945928466242 1200.0 1.07435897436
-539.531793131 -19.7503618168 0.864174352205 5400.0 1.17692307692
-941.061279611 16.4857654456 0.914091655365 5000.0 1.22820512821
-380.891502629 -22.9222027981 0.912774878265 4600.0 2.1
-544.290190376 -9.9026643911 0.852636753034 5000.0 1.5358974359
-1114.08589824 -9.76310114808 0.838713152075 4800.0 1.58717948718
-2101.09955556 54.0188802162 0.971900001415 8000.0 0.766666666667
2809.16972383 32.2966177678 0.927347742059 4600.0 1.07435897436
-3263.77253095 -47.67246582 0.937504851243 3000.0 1.22820512821
4324.2379114 21.7829830767 0.97426081015 1200.0 0.715384615385
-2522.76732083 26.4225506108 0.953392936611 4600.0 1.02307692308
3187.3567064 -26.6186070749 0.872977774461 5400.0 0.920512820513
1242.2920023 69.579312952 0.992509966247 1400.0 0.202564102564
1643.08127419 -15.0543017748 0.86079076863 5200.0 1.63846153846
3297.83779316 -25.067412131 0.872208528328 5200.0 0.869230769231
-2312.89569603 62.5036041157 0.954638272713 5000.0 0.766666666667
2479.71787475 -47.8586961052 0.934073313794 4600.0 0.971794871795
1526.27221243 -71.6139998586 0.991642783924 3000.0 0.510256410256
3594.35712572 37.5172805149 0.885670819625 4400.0 1.12564102564
-3490.03993447 -28.3321636434 0.926776241501 1200.0 0.869230769231
4376.1708361 23.278867585 0.948902284135 1000.0 0.715384615385
-1471.85070274 65.0214345156 1.00204655887 7800.0 0.1
3523.37342124 12.5931785481 0.905297927313 5000.0 1.12564102564
-125.657214769 24.105253424 0.876310356601 5000.0 1.22820512821
-604.080883072 43.0394633336 0.946145260317 4800.0 0.971794871795
-2878.33080527 -13.3109019989 0.909980246457 4800.0 1.17692307692
3283.18044161 40.2922534032 0.937110252982 2200.0 1.79230769231
2281.30459724 12.4340216864 0.894444750285 5000.0 1.27948717949
-4681.86490032 21.7248538327 0.932386364854 4800.0 1.02307692308
2231.07629903 37.0709579506 0.924650142445 1000.0 1.22820512821
-565.931141338 -31.2516196505 0.857103859162 5000.0 1.12564102564
2134.04676544 -44.2872875817 0.910955807417 5400.0 1.02307692308
320.587277054 32.8779234596 0.932650393187 5200.0 0.971794871795
3008.16108736 -27.2934211156 0.900288280427 1000.0 0.766666666667
3061.60341236 33.3065563066 0.922464618838 1000.0 1.17692307692
-2648.14420335 20.7278790781 0.914623224292 5000.0 1.17692307692
1697.59518852 43.0892468915 0.92781572684 5200.0 1.12564102564
-2830.00775382 -30.3475979692 0.88054976698 4800.0 1.43333333333
-3499.66859495 12.9961723666 0.953581997905 5000.0 0.869230769231
623.128275029 -19.2874365051 0.903203913999 4800.0 1.68974358974
1968.12899317 17.8329702307 0.881093768878 4600.0 1.27948717949
-2856.85538817 -26.7286463099 0.888848875813 4800.0 1.33076923077
-2228.34104353 -54.222617577 0.962327377491 4600.0 0.817948717949
3180.51165502 -23.9943421124 0.912119697602 5000.0 0.920512820513
925.079568709 80.6497553229 1.00197613592 1800.0 0.1
3024.18515683 -16.8596633445 0.888961645556 5000.0 1.33076923077
-966.861079726 28.4886517794 0.838611710649 4800.0 1.43333333333
-3611.89301224 14.1750179878 0.921945384688 4400.0 1.38205128205
-2415.20815182 7.32408982161 0.843609924544 5000.0 1.38205128205
-1567.33610398 -43.2153450004 0.967762455093 4000.0 0.664102564103
1539.62102211 9.32155133564 0.870509392558 5000.0 1.12564102564
3469.0306283 -35.193074325 0.887630236693 4800.0 1.12564102564
-1328.72545738 -17.3130892386 0.851896821117 5000.0 1.12564102564
-432.000567705 34.8414551011 0.892891107252 5400.0 1.27948717949
2375.90359996 -33.0805235549 0.868348673498 5000.0 0.971794871795
-1720.75218537 63.9566662198 0.976083545156 1000.0 0.612820512821
3279.05434787 10.9693617257 0.900431537111 4600.0 1.22820512821
2679.64524521 14.4770165788 0.89799265735 5200.0 0.971794871795
-2634.04598881 -6.19744769712 0.879812596255 4800.0 1.5358974359
-2423.57280513 -49.0491830776 0.972182785461 1000.0 0.971794871795
2036.05643786 37.1098209299 0.928284106054 5200.0 0.766666666667
-1423.00109398 20.1164631535 0.905453589434 4800.0 1.48461538462
1060.36166533 -29.8295255108 0.893844412663 5200.0 1.07435897436
-1386.9068913 46.9694680664 0.913579774973 4600.0 1.17692307692
-684.811357803 -3.93094799312 0.816640622302 5000.0 1.43333333333
-2648.18023157 8.63879223563 0.949867673694 4800.0 0.971794871795
-2671.91315564 -17.9608473477 0.906662504735 3000.0 1.63846153846
-978.162599409 -8.0870902433 0.886501276732 4800.0 1.33076923077
-1591.60113001 43.3659004626 0.915272010392 4800.0 1.17692307692
-2284.77216082 -29.144439452 0.907963109577 5000.0 0.971794871795
-12.74559484 86.9607977139 1.00421592085 4000.0 0.1
-967.843424725 22.5517509832 0.844037361288 5000.0 1.33076923077
239.660911804 48.307304983 0.997330695201 7600.0 0.202564102564
-2464.29372384 -43.7281041261 0.895386348725 4600.0 1.5358974359
773.52401495 26.2721017092 0.892581478998 5600.0 1.12564102564
-317.791004413 -47.6366419331 0.977972666711 3800.0 0.817948717949
-1985.02883164 46.0681553094 0.97307534354 4800.0 0.664102564103
3372.87457487 18.1710251062 0.897245620535 4800.0 1.12564102564
-15.875607947 25.7572235522 0.886416311629 5000.0 1.12564102564
2434.95122656 -25.3235241324 0.868628210746 5200.0 0.971794871795
-264.964320923 -31.9116240085 0.917268477818 4200.0 1.07435897436
-3274.82612312 -65.4884515454 0.980496336694 1000.0 0.561538461538
-1885.92128026 49.2762207731 0.886628222354 5200.0 1.48461538462
-3712.12057979 43.3016574607 0.988504767392 1200.0 0.612820512821
-1308.92261061 52.6815838488 0.975503439011 1000.0 1.07435897436
-3024.97226825 -10.0998105586 0.89258549605 4600.0 1.22820512821
-4067.96663392 17.3841914637 0.897495871262 4800.0 1.38205128205
-1603.0164219 52.2286940296 0.957616157632 4600.0 0.971794871795
-751.796259653 -31.9668716748 0.830738831305 5200.0 1.22820512821
616.835282394 -23.6248914265 0.905826137134 4800.0 1.22820512821
165.632008184 -41.6154619771 0.924244004368 1200.0 2.1
-658.813896268 43.1161189621 0.945324090302 1200.0 1.43333333333
4160.30891593 18.976846251 0.923730918467 3400.0 0.869230769231
3733.79553975 60.7363793009 0.991349559133 7600.0 0.458974358974
-2479.8067675 46.4342792039 0.965050742119 1400.0 1.38205128205
-2426.93834475 -4.33786347099 0.892668481335 4800.0 1.43333333333
-2010.90708793 48.6697239478 0.969763819363 5000.0 0.766666666667
-2373.92745616 -21.4945210862 0.879341031368 4800.0 1.38205128205
-1143.56554402 -42.7741021913 0.858121302499 4800.0 1.58717948718
2675.40826703 -44.5623571378 0.918092217778 5000.0 1.22820512821
2342.11576013 -60.8971272424 0.93581063146 5000.0 1.07435897436
54.5548115563 -18.0810553284 0.823420744683 5000.0 1.89487179487
3924.02984562 -43.8666514442 0.974826659369 6400.0 0.612820512821
3339.92540132 10.5452160412 0.913476445528 1000.0 1.02307692308
3741.09164955 -61.2268359583 0.95365468696 6200.0 0.869230769231
-2672.8889374 6.81671092812 0.881052772156 4800.0 1.38205128205
-3457.02614774 -36.7009065651 0.937471200254 4800.0 1.07435897436
-420.888252817 14.6304055928 0.861672456777 4800.0 1.38205128205
-822.030677233 33.4531793264 0.939552494922 5000.0 1.07435897436
-135.815111379 9.91400110152 0.858518314629 5000.0 1.27948717949
178.156474677 -36.5739754077 0.890694010762 4800.0 1.27948717949
598.230498408 15.7435124915 0.847948913148 5000.0 1.33076923077
3351.2330701 33.2760477108 0.908095641131 4800.0 1.07435897436
-263.271912588 26.8414330385 0.858050771328 4800.0 1.12564102564
-1165.15128058 7.50346513115 0.88058861197 5000.0 1.33076923077
-3326.76407601 -35.1365849234 0.933731224471 1200.0 1.27948717949
3170.70273933 3.08456022244 0.900709417175 4800.0 1.07435897436
-3038.03001536 60.2547797341 0.980890358979 7800.0 0.407692307692
-1364.59424457 -11.6785057616 0.836806941564 5000.0 1.33076923077
3639.9533263 12.8410944447 0.911154622071 5200.0 0.869230769231
271.513119917 16.820025847 0.889054668314 5000.0 1.17692307692
-2598.2569993 -32.5864357405 0.888286317488 5000.0 1.22820512821
-2391.24706024 11.2902841326 0.891840512605 4800.0 1.43333333333
427.869721275 14.1711250217 0.844546500687 5000.0 1.22820512821
-2726.29304015 53.1446068746 0.944527092897 4600.0 0.920512820513
2107.85613423 2.98051402036 0.902100352244 4800.0 1.22820512821
-2488.60440547 -11.3914801299 0.89868243571 4800.0 1.38205128205
-606.178830395 13.1414973523 0.817793730255 5000.0 1.27948717949
-3127.25009798 16.2996235773 0.904604358942 4600.0 1.17692307692
2831.48185078 -18.684185125 0.889310753621 5200.0 1.22820512821
-1164.34069542 -59.3544616502 0.985783946678 1000.0 0.612820512821
-2257.20333475 -18.9073061321 0.913475437098 4600.0 1.22820512821
-3410.32487952 -3.61327447675 0.934604975421 4800.0 1.07435897436
1176.22762777 27.0630655158 0.883900490901 4800.0 1.22820512821
716.768071341 10.2567650688 0.862086074161 5400.0 1.33076923077
-1437.7216242 -30.2114807371 0.874073788404 5000.0 1.17692307692
-2308.80616034 -48.2376543255 0.905362177731 4800.0 1.17692307692
-3307.72125092 -39.4523743938 0.943650692416 1000.0 1.43333333333
-3635.81471661 -25.2021130325 0.949334825921 2000.0 1.33076923077
2541.21802066 33.319239016 0.909313798541 5000.0 1.22820512821
-3030.39675962 -29.6849647899 0.885074383996 5000.0 1.17692307692
2819.78354229 42.4477035918 0.936609375666 5200.0 0.869230769231
1510.72098147 15.4350697278 0.854431268772 5200.0 1.12564102564
-2802.15979179 -28.3414451515 0.93459134224 2200.0 1.33076923077
-3176.71734172 16.4078801466 0.915222150659 4600.0 1.22820512821
-4253.73006403 6.92221549501 0.955257229049 1200.0 0.920512820513
94.9529923665 8.18972981665 0.869909713175 5000.0 1.22820512821
3394.52524303 -16.0335121317 0.894396536324 4600.0 0.869230769231
-53.8082309822 40.5819684631 0.955124481459 5400.0 0.664102564103
1690.21512989 -3.7005543152 0.865753884965 5200.0 1.27948717949
3748.79470942 -31.3250303302 0.932256297463 4800.0 0.817948717949
3185.76897334 7.33390387876 0.864646012047 1000.0 1.07435897436
-1692.84985671 5.15140029766 0.877639082848 4800.0 1.38205128205
-766.957255783 -11.1571922479 0.886672670937 4800.0 1.33076923077
3340.05711073 49.9473590095 0.952479943898 1200.0 1.74102564103
-820.750963074 45.3453779106 0.967378063679 5200.0 0.664102564103
-876.404143202 -22.0254496153 0.877445076229 4800.0 1.99743589744
-166.494380535 -16.6021687143 0.851417195451 5000.0 1.84358974359
-283.788616513 39.9129860149 0.893493304173 4800.0 1.48461538462
744.789570697 -29.6087172566 0.886930336776 5000.0 1.5358974359
1374.79190985 -17.2887032078 0.895470733501 4800.0 1.48461538462
-944.957966283 -46.6996847313 0.966900028188 1000.0 0.715384615385
2045.32865195 22.1579615902 0.853218179801 5000.0 1.17692307692
-327.170661646 45.9921255164 0.926139097856 4200.0 1.38205128205
3078.16103217 -7.67848129864 0.875878828554 4600.0 1.38205128205
2038.34508881 44.1407241289 0.953295512504 5400.0 0.869230769231
-654.917919834 -44.7359136797 0.901643956889 5000.0 1.12564102564
393.366852741 24.3200299961 0.914472747427 4800.0 1.38205128205
1049.31998187 10.8533069312 0.851322358431 5000.0 1.22820512821
-122.470407154 -55.901170883 0.88719908836 4600.0 1.58717948718
-4409.97321566 -4.06959766071 0.938362113169 4400.0 1.12564102564
-3396.54849309 55.3089941083 0.981439099862 1000.0 0.407692307692
849.178305556 16.4540268779 0.894164638819 5000.0 1.48461538462
1133.81346667 -8.10536065206 0.885365213821 4800.0 1.33076923077
50.3719116311 11.9293336816 0.851809147536 5000.0 1.38205128205
377.09671492 -42.1773913726 0.904117989787 5400.0 1.07435897436
258.466069046 19.283760017 0.850967289569 5000.0 1.07435897436
80.5743823053 -13.7474089772 0.841497802479 5000.0 1.22820512821
2451.82340958 6.0140050608 0.877083163805 4800.0 1.17692307692
1726.96263958 8.91766138825 0.870154994359 5400.0 1.12564102564
1696.45301199 -1.47005875905 0.877383617532 4800.0 1.22820512821
2075.04480843 -49.2304046535 0.917016910599 4600.0 0.920512820513
3409.45637037 -18.2136447732 0.903343807006 5000.0 1.07435897436
-4461.67181351 -12.1755308776 0.956036775678 1200.0 0.869230769231
-1226.80634971 -50.9369115925 0.919979538397 5200.0 1.22820512821
-2187.63614994 28.3316986743 0.915114962436 4600.0 1.33076923077
-2557.09137037 45.6459690246 0.96824122972 1000.0 0.869230769231
-1933.32470921 31.205139906 0.882988959333 4800.0 1.38205128205
-1387.48830644 -12.2482757637 0.898021772322 4800.0 1.5358974359
1871.97290586 4.75149751001 0.881539498817 4800.0 1.22820512821
1109.60098773 -4.70437572341 0.874420748081 4800.0 1.33076923077
603.281191668 5.68929628298 0.827793076172 5000.0 1.33076923077
2998.15077267 -14.2693567566 0.906121115055 5200.0 1.17692307692
2428.36681834 22.1391606 0.913715299113 1000.0 0.920512820513
-1677.88991879 -34.9300517747 0.93956554309 4000.0 1.02307692308
-1148.27449192 -51.5270558626 0.955948625995 1000.0 1.27948717949
1934.87136761 -32.8823665759 0.891496251854 4800.0 0.971794871795
1566.87125669 -66.6069035445 0.967168400015 5200.0 0.817948717949
-3835.60842807 27.976333622 0.952947972157 5000.0 1.12564102564
-4237.19174768 54.7643288015 0.981065095406 1000.0 1.12564102564
-750.217371462 30.1881458938 0.927917158573 5000.0 1.12564102564
-741.68267175 -36.4208424133 0.9291289288 5200.0 0.920512820513
3748.43439484 -44.3336340294 0.958437329944 1000.0 0.612820512821
-3013.07487012 2.65165899109 0.918770617282 4600.0 1.17692307692
358.721512509 -35.1175149085 0.863568659221 5000.0 1.27948717949
929.962732296 23.0679627626 0.894056897119 5400.0 1.07435897436
3137.37390223 -20.1989817484 0.935843374956 1000.0 0.869230769231
-2778.96136894 33.8961535245 0.955754672742 4400.0 0.817948717949
3640.11440704 45.030138136 0.918867182831 5200.0 0.766666666667
1870.74485357 14.3383989473 0.88287596029 5200.0 1.17692307692
-4241.58115643 49.0960448665 0.986186254698 5600.0 0.35641025641
113.114638467 48.0345534498 0.93000325432 5000.0 1.02307692308
1479.46498937 30.857862943 0.917196904255 5200.0 1.02307692308
903.114851222 -59.3688280957 0.959580626709 1000.0 0.715384615385
1040.17330296 4.17177328159 0.861753220752 5200.0 1.22820512821
1882.79857988 10.15726296 0.890099451618 4800.0 1.27948717949
-2121.49573197 11.459163022 0.922735998114 4600.0 1.27948717949
1081.33271835 -31.1674084301 0.876576299489 5200.0 1.12564102564
3089.85746193 14.4363460089 0.875670463282 4600.0 1.48461538462
-437.976165129 19.7661132148 0.895957757406 4800.0 1.12564102564
-3068.13945467 27.1195267045 0.919269011775 3000.0 1.68974358974
-162.236247275 6.14769817607 0.847477588204 5200.0 1.43333333333
544.659939577 69.0719502371 0.980586194479 1200.0 0.458974358974
3486.88034995 49.0712929096 0.91416202432 5200.0 1.02307692308
-2453.2040667 9.78041029452 0.900747296556 4800.0 1.43333333333
3240.73416618 27.1533996791 0.912514231639 1200.0 1.12564102564
1775.58653797 -52.0469927165 0.892515663675 4800.0 1.58717948718
3262.14704473 -14.0582239991 0.931292991034 4800.0 1.02307692308
-4341.62192718 -26.1662981024 0.925310056956 1000.0 1.17692307692
-2982.8138046 -3.87018934042 0.914887872752 5000.0 1.12564102564
2837.53019884 -1.01320288154 0.853086846163 4800.0 1.12564102564
2240.83972785 47.6758289711 0.95463727953 4800.0 0.664102564103
-1363.56456326 -66.3175396745 0.929636784482 4800.0 1.17692307692
-3297.05272327 -17.2293400129 0.899824960921 4800.0 1.17692307692
2760.4224165 25.7890977435 0.914931217537 4800.0 0.920512820513
-95.229781964 -41.9586096527 0.860347258347 5200.0 1.48461538462
-695.73734161 2.89096824485 0.815356149092 5200.0 1.43333333333
-442.051022276 -16.83235473 0.830176990501 4800.0 1.27948717949
1033.96390095 -29.7711078348 0.915406246082 5000.0 1.58717948718
-3224.3565616 42.7621506861 0.958775881791 4800.0 0.920512820513
-2654.47965221 -22.5864898775 0.9321579992 1000.0 0.869230769231
-3339.12673988 77.869727891 1.00577893393 7800.0 0.1
-1041.29077885 51.8759628794 0.937269413078 4800.0 1.33076923077
-3229.44477614 28.5980251818 0.948157373292 1000.0 1.07435897436
-3556.52523724 57.5594518309 0.983506350064 1000.0 0.869230769231
2435.75482638 49.3091430697 0.930785153302 5000.0 0.817948717949
-101.841301528 28.189566313 0.906490853955 5000.0 1.33076923077
-237.363325028 75.7314370774 1.00359871651 4200.0 0.1
4100.10833984 -52.0622731258 0.911180814857 5400.0 0.766666666667
-1614.92663066 32.3653481869 0.922339843815 1000.0 0.971794871795
-3503.5005401 -20.7955236071 0.914474408901 4600.0 1.22820512821
-176.280959056 -13.2959268029 0.859990556517 4800.0 1.27948717949
-3037.54193481 64.093990807 1.00060890497 6200.0 0.1
-1279.67434884 -10.7228001826 0.870848361103 5000.0 1.63846153846
142.427775596 -24.9476716844 0.874719358307 5000.0 1.33076923077
-2101.12149226 -38.3679633169 0.876475065996 5000.0 1.43333333333
-3390.27768969 42.1555673597 0.955609971048 4600.0 1.07435897436
-304.408767059 55.7053363437 0.971326598104 4000.0 0.817948717949
-228.447030109 -2.10730843987 0.871597383083 5000.0 1.38205128205
-138.386872793 -0.688897614674 0.792416090133 5000.0 1.48461538462
-3578.88518463 21.9454212741 0.914905942589 4800.0 1.17692307692
1268.00932645 33.100531923 0.912007374948 5400.0 0.869230769231
237.188612104 34.3647548888 0.908213023551 5000.0 1.12564102564
1269.19033239 10.9623239038 0.829663404889 5000.0 1.17692307692
1370.39622819 -31.209014286 0.883092405962 4800.0 1.02307692308
3406.18437824 -14.2637443606 0.894510979266 5200.0 0.971794871795
-907.070847492 10.0416905243 0.86209438642 5000.0 1.38205128205
-186.636008615 -60.8377544452 0.883050964078 5000.0 1.38205128205
-3171.41061534 -20.056338193 0.902005201545 4800.0 1.17692307692
2372.96722319 -22.0854664882 0.869664244085 5200.0 1.17692307692
-745.318993489 -38.2055522676 0.911417595476 4800.0 1.07435897436
3137.30401774 -16.7744385068 0.926516017724 1000.0 0.920512820513
-684.918317075 5.37355640609 0.830875397936 5000.0 1.5358974359
327.696778473 -4.84213620561 0.876555535884 4600.0 1.33076923077
1466.24179348 -14.2855115859 0.887503113607 5400.0 1.33076923077
1703.03743271 -5.68412964084 0.876304506589 5000.0 1.38205128205
-3634.18666686 32.3807500288 0.926882687872 4400.0 1.22820512821
3473.95325898 -57.9327269438 0.969043435033 4600.0 0.817948717949
-2269.86128438 -28.7432062524 0.893712316657 5200.0 1.12564102564
3254.41411663 19.0527443177 0.85469441764 5200.0 0.971794871795
598.838719579 -3.29810992676 0.864385785621 4600.0 1.33076923077
-181.595166808 18.1662265727 0.895072031596 4800.0 1.89487179487
-332.085394184 -17.5245474658 0.867570477269 4600.0 1.43333333333
-4242.18562523 52.0309693681 0.998976310425 6600.0 0.151282051282
-2947.08856545 -10.7115996004 0.911914474088 4400.0 1.27948717949
-547.313495045 -2.75075796541 0.848482943716 4800.0 1.38205128205
3040.91621577 23.7480087801 0.892030270917 1200.0 1.02307692308
2842.00166121 6.06442765553 0.876365158677 5000.0 1.17692307692
-1005.34206344 -34.7725342436 0.887390562542 5000.0 1.27948717949
-2691.84566781 -37.8742820582 0.954524439852 2600.0 0.817948717949
-3464.20597423 14.7710917645 0.902000257343 4800.0 1.38205128205
3235.21019331 33.4767500268 0.91208726914 4800.0 1.12564102564
-2451.87740368 -38.8857796155 0.916811550484 4400.0 1.38205128205
-1689.0415603 -1.08416014483 0.875904353662 4800.0 1.43333333333
729.530486086 55.5375022712 0.976658109312 1000.0 0.458974358974
-1696.26756629 18.3722900133 0.851852058236 4800.0 1.38205128205
1760.24558455 -19.7364107298 0.883423685887 4800.0 1.12564102564
-1934.58606215 -27.0278620712 0.885641787467 5000.0 1.17692307692
-2465.97037435 18.0276535592 0.918846478037 4600.0 1.22820512821
-1390.58954575 5.02196703363 0.859436123205 4800.0 1.38205128205
-2378.42837114 -41.0754204371 0.905829433479 1200.0 1.33076923077
-1255.17823296 44.7435985637 0.911591269331 5000.0 1.43333333333
-179.729452159 14.1513660597 0.862875019154 4800.0 1.22820512821
-1082.62697752 2.88806877374 0.837880371531 4800.0 1.48461538462
-2031.30468762 44.727398063 0.964977966135 5000.0 0.510256410256
-2622.85347847 4.17988830376 0.914972503194 4800.0 1.07435897436
-289.607499938 28.7048661484 0.880514606985 5000.0 1.43333333333
-1915.8275618 -11.0310375516 0.891433214085 4600.0 1.43333333333
-4188.16278349 30.8691858497 0.903072454788 4800.0 1.38205128205
-26.2687334192 26.644341658 0.861433418528 5000.0 1.38205128205
-2733.58792949 4.75513342028 0.912162240061 4400.0 1.38205128205
-3534.44378327 -20.5488576373 0.930497673444 1200.0 1.07435897436
-1922.61361633 -68.8223497152 0.982995227063 4800.0 0.510256410256
527.514636013 -31.0235004338 0.934751293045 4800.0 1.02307692308
280.247331296 12.5281249798 0.858552325788 5000.0 1.22820512821
-786.805817755 39.3491411086 0.947178570106 4800.0 1.02307692308
2213.33233556 31.3900133413 0.891221057492 5000.0 1.12564102564
-1755.82806341 -16.1949954395 0.879711570215 4600.0 1.68974358974
-417.117573582 76.8940116824 1.00231299464 3800.0 0.1
-492.917482442 31.4284507535 0.900764910616 5000.0 1.33076923077
-467.253252235 -38.5389570386 0.895023124277 4800.0 1.17692307692
3117.33303846 52.457558434 0.955413732028 1000.0 0.817948717949
4485.85052345 44.4793495796 0.989044805622 1200.0 0.407692307692
-2458.9230401 18.6144347875 0.953136667836 1000.0 0.920512820513
1292.7890005 -5.86977982425 0.864525123148 5000.0 1.22820512821
1639.97869262 -13.3675349897 0.855016958721 5200.0 1.5358974359
-3844.89252755 53.1996311863 0.987894947947 1000.0 0.561538461538
789.253646266 1.70976001634 0.881389626443 4600.0 1.27948717949
-3239.07385953 -50.7580343186 0.941243025743 6200.0 0.971794871795
260.521353002 -3.79290021421 0.853724487436 5000.0 1.48461538462
-1413.19281181 -34.976866687 0.910520145395 3400.0 1.89487179487
3434.77696276 -68.9656012136 0.972463345951 4600.0 0.561538461538
-2513.73887401 -12.1225169738 0.891237966149 4800.0 1.27948717949
1722.68740245 60.9318111753 0.980721300229 1000.0 0.510256410256
-3129.29782399 32.3155035363 0.942444328141 4800.0 1.17692307692
1662.45935774 57.2084322961 0.955191920341 4600.0 1.12564102564
-3293.20707916 9.24585040775 0.941400367614 1200.0 1.02307692308
1814.63008636 14.0284374688 0.838606570228 5000.0 1.22820512821
-1606.72511456 -39.7093486356 0.9522221348 1200.0 0.869230769231
1523.89524946 18.8820847112 0.917188024603 5000.0 1.48461538462
504.70635331 35.0605834273 0.886904727997 4800.0 1.27948717949
167.535528923 18.8867207249 0.893312920333 4800.0 1.17692307692
-2646.09096021 -10.2820141983 0.877134676811 5000.0 1.38205128205
-2573.02133136 48.8323539392 0.97101847185 5000.0 0.510256410256
-818.596246503 -7.79824352279 0.880074609282 5000.0 1.22820512821
-2187.93788029 32.830177349 0.954803207505 4800.0 0.664102564103
-2275.939719 49.3360932676 0.990062167793 1000.0 0.664102564103
723.757679267 -30.9914313022 0.86711615722 4800.0 1.12564102564
2086.93906225 -13.5753253644 0.874751288518 4600.0 1.17692307692
3211.04392643 72.2597136652 0.986582548868 1000.0 0.305128205128
7.73477263609 -63.9874238356 0.986034131839 1000.0 0.664102564103
2221.896159 28.7102073688 0.890812269739 5400.0 1.02307692308
571.181061588 55.472784757 0.966687979377 8000.0 0.766666666667
3543.66135097 74.7224703557 0.932946819372 6400.0 0.612820512821
-3734.15005521 -5.83383869019 0.895091271768 4600.0 1.33076923077
-620.686916692 29.7602384581 0.879857087938 5000.0 1.17692307692
2870.42604622 27.2501382373 0.904964530765 4600.0 1.07435897436
-2232.22894381 -39.3728896569 0.895264574652 4800.0 1.27948717949
744.77566742 55.330195965 0.99935689006 7000.0 0.1
330.678475011 24.9756891658 0.878979034435 4800.0 1.22820512821
-3091.26147836 1.00653942397 0.937104908884 4800.0 1.02307692308
-74.3052730902 -28.8378667236 0.87061328338 5000.0 1.27948717949
1727.99218663 47.1639270187 0.943170944633 5000.0 0.715384615385
-2337.47061749 13.7814571183 0.930008370239 4400.0 1.17692307692
-2109.77909704 38.5518198119 0.974247812229 5000.0 0.715384615385
-3059.04133355 -36.9688206389 0.904341833565 4800.0 1.22820512821
1762.042723 -28.5038657666 0.946418765007 4600.0 0.971794871795
895.882160093 -50.1951381939 0.895778749434 5400.0 1.12564102564
1115.08962048 53.1248394763 0.970366597835 4800.0 0.612820512821
3052.00802142 16.2153715483 0.883573026389 5000.0 0.971794871795
-3501.39280725 -36.4133266873 0.887146974784 5000.0 1.38205128205
1129.96137887 32.8015655785 0.868294967163 5000.0 1.17692307692
3419.2354665 16.1657282188 0.889755834388 4800.0 1.02307692308
929.246774811 10.2288850912 0.87197000626 5000.0 1.33076923077
3922.43843503 -56.8353677829 0.901554380573 5200.0 0.869230769231
-588.612218921 4.64835588609 0.842461136645 5000.0 1.38205128205
-1342.15641622 -36.3835655935 0.890155173118 5000.0 1.17692307692
1720.99911499 11.3907954501 0.840554679125 5000.0 1.38205128205
-1100.31558087 -4.48958102879 0.882439110656 4800.0 1.38205128205
2511.44291386 22.8316880789 0.898312838126 5200.0 1.02307692308
495.590346172 -21.4080000562 0.887189562716 4600.0 1.58717948718
3178.21671302 16.4317493254 0.859663971155 4800.0 1.17692307692
-3244.96484843 -33.3898295511 0.870293174263 4800.0 1.43333333333
3616.77886914 -25.3091294039 0.935509118767 5400.0 0.817948717949
-353.300656723 62.0849506492 0.986261694539 1200.0 0.35641025641
849.608228732 -1.90412791947 0.868173093565 4800.0 1.27948717949
-3251.82350414 45.3553397441 0.979304459724 7800.0 0.407692307692
-2920.53307583 30.6197827699 0.919608041732 4800.0 1.07435897436
724.872372074 54.9083895042 0.98364538509 1000.0 0.458974358974
-2225.25281262 -36.7156952904 0.892217732077 5000.0 1.38205128205
-342.804593437 31.181956708 0.920593683807 4000.0 1.33076923077
-520.716956014 23.6272833089 0.935450914228 5400.0 1.17692307692
-2797.3700613 24.6041873604 0.907564808017 4600.0 1.33076923077
1092.66231609 -52.2538931746 0.977565302263 1000.0 0.817948717949
4875.18601308 21.8263819694 0.933007050328 1200.0 0.971794871795
-1157.12683486 -2.18670593059 0.891073098412 5000.0 1.38205128205
2833.89872117 -11.3594890718 0.871585929481 5000.0 1.22820512821
3763.11933864 49.398759586 0.948072542939 1000.0 0.869230769231
2292.58607264 -26.7416228578 0.863528452782 5200.0 1.02307692308
-2057.51597514 -41.3778367714 0.919207102698 5000.0 1.02307692308
-748.337676526 22.1845792417 0.90787099983 5000.0 1.12564102564
1629.74019404 17.1482562139 0.890592553886 3800.0 1.5358974359
-1684.46776753 -33.3904557685 0.931831664994 4600.0 1.07435897436
-900.454489372 -40.6235540516 0.917088303165 1000.0 1.43333333333
-2040.46790926 -18.5007683309 0.925086719012 4600.0 1.43333333333
-1001.59363672 -35.4986454046 0.91509920664 1000.0 1.07435897436
928.623954386 14.7912459206 0.872768701677 4800.0 1.74102564103
3764.14780043 -41.9593491492 0.949824679597 1000.0 0.920512820513
-2487.41468893 5.73252203903 0.888668148647 4800.0 1.33076923077
-1437.06279293 40.8888391585 0.943131186701 5600.0 0.817948717949
-328.798349937 15.9901970528 0.882377805456 4800.0 1.38205128205
-1903.73391395 -21.0574456678 0.885596067376 4800.0 1.12564102564
-2113.78103125 -36.7196129004 0.89725667014 4800.0 1.27948717949
-2498.21709836 -9.85208831103 0.896352357662 5000.0 1.33076923077
3077.73678375 44.4218141388 0.8762756335 4400.0 1.48461538462
4456.47775113 -52.6307534463 0.983826623035 7400.0 0.305128205128
-933.899668634 8.08267549512 0.850764438938 4800.0 1.43333333333
2777.33036224 19.7762995534 0.915912214073 4800.0 0.971794871795
1393.31114517 67.4514340087 0.935407440266 7800.0 1.17692307692
2275.84193707 -33.7187959522 0.938319969159 1200.0 1.33076923077
-1640.26599678 -56.4826482984 0.920349620881 4800.0 1.27948717949
-1524.98403551 -29.5319218618 0.877607818383 4800.0 1.17692307692
-108.322009702 41.5934311592 0.822290401945 5200.0 1.5358974359
154.683534074 15.8574211066 0.853439942303 5000.0 1.63846153846
302.731212219 16.2342080166 0.878206163288 4600.0 1.33076923077
934.302203311 34.6353801133 0.930249620467 1000.0 0.971794871795
2364.25791621 4.49056510708 0.871094934162 5200.0 1.17692307692
1468.82430132 -2.62697818704 0.871551243662 4800.0 1.33076923077
-2272.95711805 -22.1279299749 0.924243625517 1200.0 1.07435897436
81.0062121311 11.9528543919 0.874281194204 5000.0 1.58717948718
2034.22846044 -34.5088036117 0.872864164946 5200.0 0.920512820513
2505.32490597 -56.6011356475 0.957263382184 5400.0 0.715384615385
3572.16530866 7.72136188503 0.896270393462 5000.0 1.07435897436
1670.28079338 -27.7779457869 0.88923021415 5000.0 1.33076923077
-2684.57371375 -38.4165081157 0.935278715092 1000.0 1.58717948718
-2628.18224189 15.2784889045 0.875967860759 5000.0 1.33076923077
1239.41256524 -52.9259183014 0.864356096891 7400.0 1.07435897436
-3987.26237619 -20.8590519604 0.932500038618 3800.0 1.58717948718
1323.21302009 -55.0693326182 0.917094841936 6800.0 0.715384615385
1977.104394 10.419192004 0.85964720397 5400.0 1.12564102564
1795.35085864 6.44909118663 0.887741790602 5200.0 1.27948717949
2973.16321786 16.1212039274 0.840230175857 5000.0 0.971794871795
96.0471736558 -19.6121020889 0.864811717229 5000.0 1.43333333333
-1460.86380402 6.34656714183 0.850783614295 4800.0 1.43333333333
2283.99351826 4.09900712132 0.862842743095 4800.0 1.27948717949
2937.44960211 22.1245125696 0.875463729216 5200.0 1.12564102564
-3606.28363057 -15.2340475767 0.936024953318 4800.0 0.971794871795
1886.9893 -3.47754224954 0.863180777854 5200.0 1.38205128205
3410.62408725 32.7947064815 0.93715052544 2800.0 1.02307692308
3180.76370847 14.5479697389 0.890396756624 4600.0 0.920512820513
724.437794772 51.2204055127 0.986364112398 5000.0 0.35641025641
2845.70704966 -32.2907082764 0.87808037015 5000.0 0.920512820513
1693.37553411 -31.4834154035 0.920524280327 5200.0 0.920512820513
2496.83473952 -48.547754697 0.945766540668 4600.0 0.715384615385
-416.675033003 -2.74803001924 0.846937958244 5000.0 1.48461538462
1903.46988863 9.88357267177 0.898186908889 5000.0 1.12564102564
-3563.66825171 36.7774706954 0.959191968874 4800.0 0.920512820513
-2735.60901418 -53.712540991 0.947970915053 1200.0 1.02307692308
4298.71283204 77.2161102876 1.00232182554 8000.0 0.1
-1043.54352045 -28.3468907528 0.89297927988 5000.0 1.02307692308
-1630.67719861 -26.0290472499 0.899942821656 4800.0 1.43333333333
-1078.30653588 -16.0036866711 0.868051069593 4800.0 1.84358974359
595.928358001 -3.6438762028 0.871461377215 5000.0 1.38205128205
3116.83072414 40.8353834376 0.954947225057 4800.0 0.612820512821
2066.31959982 -12.5886351723 0.882085799416 5200.0 1.12564102564
2196.72592129 -20.4910525742 0.876672179864 4800.0 1.17692307692
3472.62250851 -57.8375354281 0.962845981697 1000.0 0.664102564103
-284.15373243 -75.1261246974 0.982974557685 5400.0 0.510256410256
-1642.76141021 31.5166805104 0.889510320007 4800.0 1.5358974359
1746.38396217 -10.7006262679 0.862708907348 4800.0 1.22820512821
-3479.04281111 -51.0628792321 0.977320676259 1000.0 0.869230769231
-2905.03685432 53.0953516358 0.93145740488 5000.0 1.27948717949
3274.54369938 -1.41818832853 0.901690909918 4800.0 1.33076923077
2996.58842961 -40.9943465691 0.93015460927 1000.0 1.58717948718
3658.85773674 -4.05398066924 0.864060405996 5000.0 1.17692307692
-578.262363187 78.7386770018 1.00069944706 1000.0 0.1
-625.23641318 54.2630920821 0.938456688701 8000.0 1.02307692308
-3188.02986447 7.97323769703 0.882161247552 4800.0 1.33076923077
-473.26353427 -19.8215740296 0.879365688292 4800.0 1.58717948718
1389.43571253 17.3969567227 0.877913273804 4800.0 1.07435897436
358.943563561 -4.72966267541 0.859211921436 4800.0 1.38205128205
-116.649828476 -25.1064972784 0.890626966904 5200.0 1.07435897436
-3654.50444982 -58.0409287175 0.911319751754 4800.0 1.33076923077
-1052.31816703 34.2339981371 0.930000987099 4800.0 0.971794871795
-1866.50043141 24.8892901593 0.924777128136 4800.0 1.48461538462
-1960.62131869 21.0927551712 0.956305491513 3000.0 0.971794871795
2247.01580858 73.5427427162 1.00124288674 8000.0 0.1
174.349254122 11.2242557599 0.83573387857 5000.0 1.43333333333
-259.209812837 -36.2459976532 0.875073673 5400.0 1.17692307692
-2986.54436033 -0.558441230223 0.888077605505 4600.0 1.33076923077
-2347.90482183 28.6773005846 0.929780446365 1200.0 1.27948717949
-936.08229661 -32.407007172 0.829854502034 4800.0 1.33076923077
-255.101921829 12.775402067 0.881109485292 5200.0 1.27948717949
-2776.79623445 57.3423210935 0.980436969909 1000.0 0.458974358974
-391.586430004 -5.56522670214 0.915666319393 5000.0 1.43333333333
-370.354003662 58.6260293378 0.988863345388 5200.0 0.407692307692
-1361.88176337 -12.8298409913 0.844380058355 5000.0 1.58717948718
3221.76936953 -26.6973072959 0.901778995166 4800.0 1.07435897436
2725.2881172 -27.9400992622 0.939431885755 4000.0 0.971794871795
-963.442883161 -23.0838123643 0.891958191615 4800.0 2.1
-589.611100028 -23.8413126134 0.837462547362 5000.0 1.38205128205
451.585682456 3.88569695001 0.852833025544 5000.0 1.38205128205
2451.05534164 -45.1227155383 0.919869312813 1000.0 1.58717948718
-205.756082446 48.8784652932 0.968228542242 1200.0 1.63846153846
3342.4614098 -63.5557144661 0.990744959248 1200.0 0.35641025641
-1554.987308 -1.79221396759 0.849174900582 5000.0 1.48461538462
3077.70264551 44.1715906765 0.923655013887 4800.0 0.971794871795
3239.04309848 -49.3280707027 0.943758716749 1000.0 0.869230769231
-1762.76586899 33.3902381934 0.916722311286 4800.0 1.22820512821
3303.28727547 -17.8687129353 0.899001587712 4400.0 1.27948717949
463.080024794 0.730992628442 0.818435441774 5000.0 1.38205128205
2734.78309105 -27.6828382585 0.894689920759 5200.0 0.869230769231
-1059.80216698 79.8804057418 1.00054706406 7400.0 0.1
1217.13718834 30.6531284035 0.87962617879 4600.0 1.22820512821
-387.267778882 32.8661571132 0.909399861004 3000.0 1.63846153846
160.734993748 -28.3132415717 0.933682211177 1000.0 0.971794871795
473.081131623 -15.0213088718 0.861741434721 5200.0 1.33076923077
-3740.53054565 -3.40674401035 0.944852564846 4600.0 1.02307692308
3.16108101175 -21.5537044042 0.888280907943 4800.0 1.94615384615
-2276.54229814 21.9029041199 0.918611800447 5000.0 1.07435897436
-2700.7445524 -27.7361496453 0.889896186108 4800.0 1.38205128205
341.554621501 -21.0996788723 0.915532442301 5000.0 1.02307692308
-2624.17845914 -5.92781298396 0.877577872408 4800.0 1.43333333333
1950.22669974 38.5784367578 0.947872589264 1000.0 0.715384615385
2035.0871902 -36.9431262753 0.918079575917 1200.0 1.17692307692
932.074990385 14.393144016 0.878269546958 5000.0 1.38205128205
1658.77922747 2.34258020255 0.884165593304 5000.0 1.27948717949
-3429.40593626 35.6218707058 0.943182293484 1200.0 1.12564102564
-2825.16335234 4.62762149336 0.917557413314 4600.0 1.12564102564
1771.42679026 -14.9383319432 0.856927885746 5400.0 1.07435897436
1021.77948399 -48.3514733299 0.888236975315 5400.0 1.12564102564
-4128.98634864 8.91875586391 0.95451379793 1200.0 1.02307692308
-2039.21235838 22.9109583311 0.920397614655 5000.0 1.12564102564
-1909.11482135 -9.08921352542 0.894879195497 4800.0 1.43333333333
3256.86970525 -2.91058258663 0.84258629987 4800.0 1.5358974359
2722.63594247 21.8716664521 0.917975187857 5000.0 1.02307692308
-907.666421396 -37.8740949649 0.888547378537 5200.0 1.12564102564
2649.80218347 28.0479598396 0.894637737422 4800.0 1.02307692308
2796.90136402 19.2927421514 0.903309248296 4800.0 1.02307692308
4007.68257055 -46.4172495154 0.932120678613 4800.0 1.33076923077
2306.39556049 37.9390343109 0.959586856742 5000.0 0.561538461538
1276.76385277 -45.3767737808 0.927339537303 4200.0 0.869230769231
1080.41313326 -14.2327671969 0.896061531524 5000.0 1.17692307692
3227.01508829 -40.9817398866 0.934229002499 1200.0 1.07435897436
-2384.29661634 18.2382789652 0.949050452946 1000.0 1.02307692308
4186.44713339 41.5114660042 0.983485541195 1200.0 0.664102564103
861.375121143 -6.44984441445 0.870933197981 4800.0 1.43333333333
712.583081122 -48.7188381901 0.876481606588 5000.0 1.38205128205
1718.45601558 -34.7702998982 0.949997457752 1600.0 1.17692307692
648.311335277 12.8477758035 0.862838922043 5000.0 1.27948717949
-1599.29112183 -7.84659546049 0.846551345257 4800.0 1.43333333333
-2519.59883975 9.45831043754 0.926473418762 4800.0 1.22820512821
4722.2511884 -34.378440163 0.915871767169 4400.0 1.22820512821
-572.846273645 -18.2823023636 0.930373407559 5000.0 1.79230769231
2074.62574177 -45.8901152746 0.913831290415 5200.0 1.02307692308
1110.09432254 -8.88047467842 0.884517335401 5200.0 1.27948717949
1272.56283862 51.9848420602 0.94968536806 5000.0 0.869230769231
1574.01200627 64.4094888274 0.999042699841 8000.0 0.1
-103.534080641 10.5160364545 0.863884449139 5000.0 1.27948717949
1841.62496124 33.5313211664 0.935559313764 1200.0 1.12564102564
-1747.3237717 -35.6429410095 0.944850428772 1200.0 1.48461538462
-3587.09311464 14.5762166762 0.93282406457 4600.0 1.02307692308
879.710276958 -44.2309894184 0.950966849605 4800.0 0.715384615385
2070.54049522 -48.8439471136 0.913590209998 6000.0 1.17692307692
91.2495897167 33.4681189285 0.901041077135 5000.0 0.920512820513
2154.07828715 44.3110748597 0.9237886255 5600.0 0.817948717949
-1579.87265517 -29.9757868932 0.906849764984 4800.0 1.22820512821
-39.5026499307 -7.17010392744 0.894705183942 5000.0 1.43333333333
-1782.92005804 -34.38394329 0.928805682769 4400.0 1.22820512821
-288.776479176 -47.7899790299 0.945415633015 4200.0 0.715384615385
-2782.0828125 -6.11210315482 0.897955497684 4800.0 1.38205128205
-2531.49691118 30.457949008 0.942298366318 4800.0 1.12564102564
-3139.82038495 -3.02925669469 0.899198937094 4800.0 1.33076923077
3132.50317885 34.3441479753 0.915048445104 5000.0 0.920512820513
-2445.13657421 34.8571126311 0.917311105172 5000.0 1.27948717949
2143.02930913 28.8297057796 0.912224974619 5200.0 0.920512820513
-803.249788504 4.67993423548 0.850334259531 4800.0 1.33076923077
-1086.417633 12.0655989482 0.896554992756 4800.0 1.33076923077
-3244.26960439 29.4022546601 0.936175851647 4600.0 1.27948717949
1883.73562737 54.498984392 0.911607164711 6200.0 0.664102564103
-1849.50757009 -30.4108467738 0.891442596426 5000.0 1.22820512821
560.281136027 78.7454080528 0.994805032121 1000.0 0.253846153846
-646.540917422 34.4926706909 0.903850148832 5000.0 1.33076923077
221.247767057 -32.979680753 0.896633809846 5200.0 1.5358974359
-3864.88114261 -14.3223245908 0.947537392808 3200.0 1.27948717949
2128.57781661 -40.3477316787 0.912217652595 5200.0 0.920512820513
-1919.78591397 -42.8777696202 0.856100928025 5000.0 1.5358974359
3427.35423203 -22.1777983036 0.876298577006 4800.0 0.920512820513
2547.29393663 -63.8818743274 0.949119190002 1000.0 0.715384615385
2970.52285002 14.3518535833 0.871434558612 4800.0 0.971794871795
123.880220497 22.554884 0.85223388072 5000.0 1.27948717949
2038.47237434 25.9359932054 0.913639592629 3400.0 1.07435897436
1229.93268295 -38.4179289341 0.880440920852 4400.0 1.22820512821
2132.97741456 34.4112759242 0.886942521041 5000.0 1.17692307692
-617.343442896 52.7463773994 0.939994966769 7600.0 1.02307692308
2317.15678821 -42.3123974403 0.905738523113 5000.0 0.920512820513
2670.51898615 36.2774152552 0.944561494157 3000.0 0.971794871795
1119.16295323 6.29687198682 0.859707391637 5000.0 1.38205128205
-4062.93340388 -49.6710972478 0.945789516389 4800.0 1.07435897436
3077.66543884 -6.22174405159 0.890100684524 1000.0 1.02307692308
1538.93366038 42.1241768974 0.960924130609 4800.0 0.715384615385
-3408.34767066 42.1955489539 0.962021420293 1000.0 0.920512820513
-1089.46164932 -6.7995577546 0.837065495821 5000.0 1.48461538462
1647.67703172 -39.3439710656 0.886542561956 5200.0 0.920512820513
553.945893176 15.8210122903 0.83290941897 5000.0 1.27948717949
2444.75897669 27.995310265 0.928652814127 5000.0 0.869230769231
1092.80503907 42.4139961135 0.893765751548 5200.0 1.07435897436
-2577.96672704 -36.765764681 0.887756775542 4600.0 1.48461538462
4326.63849606 18.2850720751 0.918572222262 3200.0 1.07435897436
-1180.19185578 -1.4681370928 0.862232251502 4800.0 1.33076923077
-107.959141228 19.1978382383 0.852717418713 5000.0 1.27948717949
-1840.64516235 -31.4238411612 0.880773627795 5000.0 1.07435897436
-1863.64874219 15.7122067344 0.893617009108 5000.0 1.48461538462
756.867914317 -34.919537261 0.904525134453 1000.0 1.12564102564
1338.90005122 -2.80963349126 0.826899894887 5000.0 1.33076923077
-84.9749657433 -40.3327119404 0.953440814464 1000.0 1.17692307692
-2638.94525196 83.1307134003 0.998214591521 8000.0 0.151282051282
-1509.19307345 -49.0344413377 0.938392966197 4800.0 0.869230769231
-3148.81527104 8.58790174664 0.950230102622 1200.0 0.920512820513
-879.383485028 80.9791370758 1.00431185325 1200.0 0.1
-3211.52323329 -32.3380641328 0.93592432843 1000.0 0.817948717949
2376.78368244 28.4911122406 0.908696904857 3600.0 1.58717948718
2823.17650402 -14.1894596005 0.912359860113 1000.0 0.971794871795
1781.52733065 9.60499975228 0.915065149133 5200.0 1.07435897436
-2736.78573455 24.8293469584 0.900235371579 4600.0 1.27948717949
1438.6983693 30.1253123156 0.897952067979 5400.0 1.17692307692
-2134.08155354 74.6458037528 0.997294634673 7800.0 0.151282051282
-1854.89511539 5.94440944833 0.866281836793 4800.0 1.58717948718
4405.23804986 18.8798732261 0.906254000201 5400.0 0.766666666667
-836.444337332 -57.9281570823 0.910218363197 5800.0 1.68974358974
-224.727619259 41.1838786503 0.957297297403 5000.0 0.715384615385
3586.53554905 9.49571363824 0.93611044626 4400.0 1.07435897436
2525.62012828 29.1858686075 0.91436282066 5000.0 0.869230769231
-2766.76901721 24.0720265165 0.913050264825 4800.0 1.12564102564
-309.701529438 20.3718697328 0.888604004374 5000.0 1.17692307692
-1285.66352271 -22.3134533554 0.902973253966 4600.0 1.63846153846
-1503.33639031 -72.106784051 0.987735110121 1000.0 0.561538461538
523.888442582 -34.5407663161 0.880907039562 5600.0 1.02307692308
3317.44455925 21.4622267743 0.916994596064 4800.0 0.817948717949
-1156.87778825 14.711669216 0.865716781996 4800.0 1.68974358974
-2708.11215556 38.4707567287 0.948413429732 4600.0 1.33076923077
3037.13340412 51.816632504 0.989566995413 1200.0 0.407692307692
2746.95267296 22.3101704974 0.890854673458 5400.0 1.17692307692
-1012.94522247 -52.5075432048 0.907321939859 5000.0 1.07435897436
4248.3054084 27.8609692656 0.914416680642 5400.0 0.817948717949
-1530.24914815 0.895247773301 0.877863155635 5000.0 1.43333333333
3467.09239061 -37.9805054495 0.926424474495 5000.0 0.971794871795
1759.73655903 23.556023478 0.923410606513 4600.0 1.22820512821
3494.84762559 23.0673592872 0.945864971973 1000.0 0.664102564103
-162.079030691 27.2615247311 0.902176857821 4800.0 1.58717948718
2603.12400908 54.4341351171 0.921020610141 8000.0 0.817948717949
-1168.38298849 17.974803453 0.867120802741 4600.0 1.27948717949
-2416.15935626 31.4570882736 0.890467794936 5000.0 1.43333333333
3269.98875253 -32.3999171093 0.908815282661 5200.0 0.920512820513
-3564.17911562 -19.9310179553 0.922856181248 3000.0 1.27948717949
1019.13657464 15.3075021449 0.878242930765 5000.0 1.27948717949
-2967.56011497 -51.6414362389 0.891839383967 4400.0 1.63846153846
-1641.7321337 47.2432322947 0.985366790597 7400.0 0.510256410256
1673.15740393 -18.6524446811 0.860942235715 5000.0 1.07435897436
2646.01292961 4.06595387846 0.880759857683 5000.0 1.12564102564
-3373.83663258 21.7565067506 0.950546918078 4800.0 1.12564102564
-1208.45528474 -33.4273317427 0.940965171759 4600.0 1.02307692308
2101.47912455 -32.2678431481 0.94569845685 3600.0 1.12564102564
2251.64015083 13.7224561996 0.899698784414 4800.0 1.12564102564
2294.57961939 20.674219146 0.948282546776 1000.0 0.817948717949
-2795.92574499 -45.5893448078 0.928154967331 4800.0 1.22820512821
-2325.11713501 40.6810653258 0.959792950468 1200.0 0.817948717949
-3090.95894571 -3.56422267213 0.90756856144 4600.0 1.17692307692
4047.61676374 -23.4346759658 0.891133159664 4600.0 1.22820512821
-327.901787709 70.4735536051 0.995878433677 1200.0 0.202564102564
3153.06107959 3.81632678532 0.891669308038 5000.0 1.27948717949
2294.51081392 69.4470616607 0.992902254833 1200.0 0.202564102564
926.237370101 50.7047564677 0.948359669057 4800.0 1.02307692308
-377.178189722 -9.81020557449 0.850365863421 5200.0 1.27948717949
2774.20698798 30.3543705737 0.952779855275 5000.0 0.715384615385
-1136.81984616 -46.455655069 0.960084789928 2600.0 0.817948717949
1287.63197035 84.8404484015 1.00382008317 6600.0 0.1
3134.25847432 52.5352032869 0.935090250061 5000.0 1.17692307692
982.855669206 -41.3012564441 0.959768852433 1000.0 1.17692307692
-1243.41478536 -45.9312951862 0.943800958905 1000.0 2.04871794872
2083.30817408 33.9617061875 0.900077293371 5200.0 1.07435897436
654.640238329 -35.3714336037 0.922464117544 5000.0 1.17692307692
-2350.58956981 1.46031968771 0.895375181611 5000.0 1.27948717949
646.891515293 -21.4997480273 0.814407533622 5200.0 1.17692307692
3616.24312519 -18.335836177 0.922710604327 1200.0 0.817948717949
-2902.54433217 53.4345098203 0.951758805024 3400.0 0.766666666667
3466.40637489 34.2765098319 0.914201587218 4600.0 1.12564102564
165.230414443 8.03615619128 0.822467088394 4800.0 1.5358974359
3812.8935924 47.167271162 0.968582810534 1000.0 0.612820512821
1701.56756519 -25.0260051592 0.922356054054 5600.0 1.07435897436
1639.81496012 36.6732386883 0.950815732352 3000.0 0.971794871795
174.532763654 -58.6991018132 0.966117812513 1000.0 0.715384615385
2165.97931091 -18.1603798429 0.892936102477 1000.0 1.07435897436
-2336.01005743 -36.6239963544 0.912820104828 4600.0 1.17692307692
4480.47759799 -30.2829010609 0.93582184906 3600.0 1.74102564103
2296.09337128 16.8579741005 0.863604638641 5000.0 1.33076923077
2878.99591695 65.6699924207 0.980493713286 1200.0 0.407692307692
800.087494441 18.720790006 0.889413361069 5200.0 1.17692307692
2167.12886177 17.2628873733 0.89131324857 4800.0 1.02307692308
615.678819898 -7.37402249536 0.828325209855 5200.0 1.43333333333
-3421.5682916 -48.1672827175 0.962876678259 1000.0 1.02307692308
1675.0181627 5.34166769686 0.859262470992 5000.0 1.22820512821
-2418.03111011 -19.7827432648 0.915418262997 4600.0 1.17692307692
-1271.644862 -8.51607138201 0.851350973601 4800.0 1.38205128205
-2559.3052768 15.0349902681 0.885159533317 4800.0 1.27948717949
-3451.93598832 39.2567942706 0.965947663653 1200.0 1.12564102564
-891.85246717 -15.990510385 0.865314416912 5000.0 1.22820512821
-381.092021208 -10.1555847199 0.866281910531 4800.0 1.17692307692
-3429.93627739 -26.5565043445 0.914217070134 4400.0 1.27948717949
2101.59019507 -24.2982820644 0.862458853209 5400.0 1.07435897436
1729.84191049 -34.6751323844 0.936136177573 4800.0 0.920512820513
2517.82417675 -51.5372719538 0.942993831956 7400.0 0.664102564103
-3517.17844194 20.1354796886 0.94645456426 1000.0 1.02307692308
-2866.80732256 -4.27023888292 0.882308177545 4600.0 1.33076923077
-3579.87587939 78.2559938701 0.999880028514 7800.0 0.1
2200.81334399 35.5742274924 0.944755945591 5000.0 0.766666666667
3571.16220305 25.315553849 0.886617930917 5000.0 0.971794871795
-291.526783855 -17.4935709217 0.867154385013 5200.0 1.27948717949
-445.993567037 -29.5479606177 0.861238748153 5000.0 1.17692307692
2389.60350077 -28.6047984744 0.936724494353 3800.0 1.17692307692
-155.527262228 34.1630245446 0.946563384177 1000.0 0.817948717949
-1015.87794321 -18.9215776972 0.851841685761 5000.0 1.43333333333
-3482.90811501 -24.0214827787 0.936398315729 1200.0 0.920512820513
1292.96187128 45.3616341026 0.959723406545 4800.0 0.664102564103
1948.15601392 10.7971009021 0.869918945942 5400.0 1.33076923077
-1865.58543975 19.1999802953 0.906547259277 4600.0 1.38205128205
25.8870727991 -22.1357143988 0.876244616389 5000.0 1.22820512821
853.101503557 -16.2938972635 0.875948390993 4800.0 1.22820512821
3961.46109326 -25.7300748283 0.887973876167 5400.0 0.869230769231
4064.2121164 -15.1079402837 0.878482007029 3400.0 1.74102564103
1916.7556453 32.3643764191 0.921936298694 5000.0 0.971794871795
-124.85345902 -15.0303203443 0.860336357499 5000.0 1.33076923077
-1876.47083381 -23.468047587 0.892672452186 4800.0 1.33076923077
-1739.99275562 -34.7789509414 0.923243517609 1400.0 1.12564102564
-1785.05059033 -24.1282770555 0.904289354386 5000.0 1.07435897436
-1793.8454193 -59.9989792081 0.9558404615 5000.0 0.971794871795
-2816.04222736 -10.0534065331 0.90148709313 4800.0 1.27948717949
1683.47536315 27.5316719482 0.934173070471 4600.0 0.971794871795
-272.15288437 -18.662903842 0.908441463831 5000.0 1.22820512821
76.350829547 -26.0254859598 0.850660151122 5000.0 1.12564102564
-1309.77417312 10.1863894252 0.877090216535 4800.0 1.5358974359
4235.83381834 40.9258132779 0.927187826718 5200.0 0.971794871795
-1033.54462507 18.1103900267 0.863634440717 5000.0 1.27948717949
3096.94949756 -40.8473754789 0.896324170872 4600.0 1.12564102564
893.841289539 -11.3168615566 0.91849321674 5000.0 1.43333333333
2203.4473387 14.0445120913 0.891159411281 5000.0 1.12564102564
2455.52531592 -34.0727312894 0.950368981378 3000.0 1.02307692308
780.765328434 18.9195112845 0.888940228831 4800.0 1.12564102564
2517.29351157 36.8066137924 0.945588031247 1200.0 0.561538461538
1767.86981619 -48.3451031795 0.941893992187 5000.0 0.971794871795
546.449480183 70.2962037858 0.99886165262 8000.0 0.202564102564
-1339.63278475 -4.99371949557 0.83091425439 5000.0 1.48461538462
-7.29107060909 51.7637520524 0.986280355586 5000.0 0.407692307692
3230.99573351 -70.4174896498 0.959958066023 1200.0 0.510256410256
-3472.49431079 -55.5631426917 0.918970740181 4400.0 1.43333333333
-2050.37035281 14.0526304753 0.911375017797 3200.0 1.12564102564
2809.49462564 -34.1868560932 0.932192434 1000.0 0.664102564103
410.966303886 -18.3347172303 0.841594135937 5000.0 1.22820512821
2967.04752215 6.98396265058 0.87010016346 4600.0 1.48461538462
2977.98026419 23.1622850377 0.872281875368 4800.0 1.12564102564
-2519.25920101 10.4904382957 0.859851981358 4800.0 1.5358974359
-3150.9816153 -61.5592703171 0.963198344499 1000.0 0.971794871795
-640.206193068 -19.9214242689 0.889448078636 4800.0 1.94615384615
4108.01825444 47.5205936857 0.971652238264 8000.0 0.510256410256
3885.03850926 -36.6178516152 0.916290805976 5000.0 0.766666666667
224.861900369 -13.6424673506 0.826373939091 4800.0 1.63846153846
-1076.57080116 47.0257685159 0.908001176028 5000.0 1.74102564103
2747.32056793 0.761185264511 0.884760384386 5000.0 1.38205128205
-387.993701063 15.3404650588 0.859525741813 5000.0 1.12564102564
778.176760537 18.4481070658 0.875276063553 5200.0 1.27948717949
3043.37912272 12.8892270022 0.87353514307 5000.0 1.07435897436
744.768499589 -7.33371847767 0.827991955262 5000.0 1.22820512821
1224.35636079 15.1814619155 0.851732990868 5200.0 1.12564102564
-3416.96780676 -27.9675890588 0.934266360951 1000.0 1.12564102564
-1179.05981016 -27.6094790256 0.892469538459 4800.0 1.17692307692
-2439.55960672 -12.5536502645 0.914657186662 5200.0 1.07435897436
3331.29762781 -45.0269049048 0.905025820683 1200.0 1.94615384615
-3774.15755751 19.2635903283 0.912040030674 4400.0 1.48461538462
-1108.33290162 -47.1403425111 0.912324906763 4600.0 1.27948717949
2321.4731861 36.7589463233 0.94246313707 5000.0 0.715384615385
391.741332889 -1.57212714012 0.854184922288 4600.0 1.38205128205
1065.67526592 30.9977705397 0.837628041748 5200.0 1.12564102564
1318.64244117 -5.02211561157 0.827622367607 5000.0 1.33076923077
104.627577874 61.1914736426 0.998337631827 8000.0 0.151282051282
1982.05608037 33.8984093282 0.932672582227 5000.0 0.920512820513
3021.07090726 -25.8788386898 0.897382720008 5200.0 1.12564102564
-830.202517065 25.1561492505 0.847781635923 5200.0 1.5358974359
-3253.5208094 6.53522071948 0.914927882016 5000.0 1.12564102564
2596.0045738 -15.0427310868 0.894439436443 5200.0 1.17692307692
736.375460989 61.3407637377 0.965281473719 5000.0 1.02307692308
-2197.94224609 6.06414405019 0.874269680558 4800.0 1.48461538462
239.569870072 -28.1671017674 0.900420881036 3000.0 2.04871794872
1533.56898398 -13.2845851855 0.88886371937 5200.0 1.17692307692
961.526484839 -10.7071645686 0.890764244406 5200.0 1.22820512821
1645.80695487 40.1049282741 0.914153362229 5200.0 0.971794871795
-722.495899175 11.6198772139 0.841229233088 4800.0 1.48461538462
-1316.55956763 -66.6977783858 0.931261039889 4800.0 0.766666666667
95.199124772 -14.0803256475 0.82319111544 5000.0 1.33076923077
1294.28721346 -28.3841238362 0.928487129172 1000.0 0.971794871795
2809.09890604 26.7564939715 0.916020288646 4600.0 1.02307692308
-1749.77281546 16.9299261336 0.857618865161 4800.0 1.43333333333
-2038.55573459 -23.605727041 0.923342828516 4600.0 0.971794871795
-2784.85112262 -45.1202815426 0.897007887451 4800.0 1.5358974359
-4161.99683511 27.4577461437 0.95883931432 5000.0 0.869230769231
-841.082280797 24.6316022865 0.900672447186 4600.0 1.43333333333
-13.3039396134 -9.7329956728 0.815738410976 5000.0 1.74102564103
2664.07007979 28.4927866649 0.915918902041 1000.0 1.12564102564
-1519.5787564 -24.3123922035 0.885723173472 4800.0 1.33076923077
-2418.53326897 -33.8060372924 0.915932893181 1000.0 1.33076923077
-1803.38553112 -21.1984681462 0.931394570516 4800.0 1.58717948718
704.474081324 52.4175455473 0.971240766338 5000.0 0.612820512821
-3901.99474668 -25.1700676199 0.908013407371 4600.0 1.22820512821
-693.069522638 5.35461132246 0.847932013406 5000.0 1.43333333333
-439.214365636 6.53203686368 0.856397100035 4800.0 1.38205128205
-2501.38279786 -10.2660433528 0.860883961977 4800.0 1.43333333333
-1993.68688681 20.46100034 0.91087343224 4800.0 1.43333333333
1580.40102277 -24.4785530353 0.887391457127 1000.0 1.02307692308
-3430.11111385 37.7657185703 0.943368218347 4400.0 1.33076923077
-3996.07475559 -21.2097196373 0.955801136741 1000.0 0.817948717949
-4602.36895137 -7.05547999013 0.963780887004 1200.0 0.869230769231
1187.28346352 -9.03814795089 0.879681295768 4800.0 1.38205128205
2315.10754597 -27.6495233347 0.915984115845 4800.0 1.48461538462
-2126.4474221 -32.4675676802 0.934856221569 4800.0 1.17692307692
2389.45426624 -55.0319153308 0.919232731028 4800.0 1.02307692308
3078.47080896 58.9648257059 0.926753980082 7800.0 1.17692307692
234.966176667 31.1027555515 0.9263454812 5200.0 0.971794871795
-1534.9250806 18.3593623788 0.880606325726 5000.0 1.33076923077
1586.54938313 25.7075971269 0.882003248047 4800.0 1.12564102564
1130.9455017 33.9594663936 0.957702447457 4800.0 0.766666666667
-2898.92298736 16.0259335503 0.892160409725 4400.0 1.38205128205
-1308.21159679 -18.4507118155 0.843117249246 5200.0 1.63846153846
1898.08696637 -31.4600952283 0.897032233071 4800.0 1.02307692308
-80.0177419873 16.5224131583 0.879232787437 5200.0 1.22820512821
1634.63973593 54.3012701091 0.980442295213 1000.0 0.407692307692
-454.890422419 25.5511238836 0.91183194909 4800.0 1.79230769231
2840.35676321 66.0530806372 0.965312240481 7800.0 0.612820512821
375.75389096 -49.1592384823 0.959444412533 2200.0 0.766666666667
1979.20526159 31.0100917414 0.915227834562 4800.0 0.971794871795
2046.41429001 10.4590185742 0.901136478541 5200.0 1.33076923077
-2184.83942979 44.4380689111 0.924623125689 1000.0 1.89487179487
-3257.55326653 -8.55510000851 0.899131320384 4800.0 1.43333333333
3206.54435341 34.0707125212 0.927394609088 2800.0 1.02307692308
-2382.89073879 2.96061116893 0.893784231826 4800.0 1.48461538462
52.3705094775 -44.9436882822 0.940057375293 3000.0 1.22820512821
712.231287409 -27.9400570049 0.909886076585 4800.0 1.12564102564
1951.92774467 38.1395852786 0.911150857756 4800.0 1.07435897436
197.486541829 -13.3328285575 0.920975974043 4800.0 1.58717948718
-1073.65696509 -39.0170308659 0.899576503007 5200.0 1.27948717949
-3088.93974657 -23.5122684564 0.867980567312 5000.0 1.43333333333
444.143653685 49.2478666169 0.934873730551 5000.0 1.27948717949
4654.48882718 -17.8744330844 0.952482703872 1200.0 0.920512820513
-1530.8407895 -10.9627510705 0.852530192641 5000.0 1.33076923077
1651.44087122 46.2816423122 0.914665128132 5200.0 0.869230769231
3948.90828751 29.8829556668 0.931046442695 4000.0 1.5358974359
988.388064245 -16.4825846813 0.862215209475 4800.0 1.43333333333
2470.3606102 -66.4301828945 0.924914889024 6800.0 1.27948717949
-588.958685684 66.9669771102 0.996466245227 5400.0 0.202564102564
-1683.775496 -28.1496184375 0.856188794016 4800.0 1.38205128205
1434.37401326 44.2276272241 0.964742593178 5000.0 0.664102564103
3535.78210626 78.3491609177 0.974789781921 1000.0 0.612820512821
390.461033851 42.6959688109 0.909421368175 5000.0 1.12564102564
-1851.52747531 28.6952083229 0.913558026835 5000.0 1.27948717949
709.446885666 76.3428222956 0.991432992585 1200.0 0.305128205128
802.565985003 13.9812056067 0.878955212749 5000.0 1.22820512821
-3319.65030441 -7.8468961995 0.908845594302 4600.0 1.12564102564
-117.874215984 62.8236645254 0.978224316367 4800.0 0.561538461538
-706.736262425 -19.8069712628 0.872442009461 5200.0 1.22820512821
879.290621967 8.52566253957 0.873957720096 4800.0 1.27948717949
3197.17904893 32.7099267777 0.921881663883 3400.0 1.22820512821
2784.74721641 32.9077008676 0.876909758588 5400.0 0.920512820513
-1654.32520785 -31.5380968828 0.877470506964 5000.0 1.07435897436
-803.760838321 -38.6805059938 0.951955408038 1000.0 0.715384615385
-1474.78224659 -22.2423428264 0.917811650798 4600.0 1.22820512821
1372.0866172 17.4972904966 0.896189233555 5000.0 1.17692307692
-2500.10926775 -21.1643268272 0.897582522344 4600.0 1.33076923077
-1606.91847753 44.4879629176 0.892524607591 4800.0 1.63846153846
2820.16492477 48.3163162423 0.958067862764 1200.0 0.458974358974
648.008660719 -34.8915639901 0.920946506253 1200.0 1.48461538462
-2825.89225635 16.9654830292 0.910441463745 4800.0 1.22820512821
-2468.42787297 -16.9055381434 0.923998004579 4600.0 0.971794871795
2048.35601081 3.61926449248 0.848584826122 5200.0 1.33076923077
1600.80161035 -52.2371879994 0.94095498889 5200.0 0.715384615385
4422.60565202 48.9670946008 0.970855406758 4800.0 0.510256410256
-1378.265429 3.42858335454 0.839895418572 5000.0 1.27948717949
-1570.33810194 56.0521941172 0.930631560142 5800.0 0.664102564103
2118.08653715 10.7199869447 0.847370802792 4800.0 1.43333333333
-1690.48264353 -33.3902837096 0.909800476229 1200.0 1.48461538462
-615.527568981 -2.27876276389 0.829255553548 5000.0 1.38205128205
3763.03012957 -26.4254569899 0.940195005753 2600.0 0.971794871795
-2698.31776894 -15.877983245 0.893958566895 4600.0 1.38205128205
1332.51411173 -40.8279073008 0.932214775337 1000.0 0.920512820513
-3472.87640053 -19.0745891945 0.928494340259 1200.0 1.02307692308
1700.84763405 17.6772962033 0.870197118063 5600.0 1.12564102564
2363.67648208 -31.458114639 0.943975854791 2800.0 0.869230769231
-2601.14505927 -51.1583316488 0.922112947371 5000.0 0.920512820513
1033.97689698 27.2566729996 0.877677770025 5400.0 1.17692307692
-361.753903853 18.089027319 0.898503557879 4800.0 1.43333333333
-2133.97060128 30.2018577844 0.905332153735 5000.0 1.02307692308
1508.74774277 51.4836563216 0.954383863268 4800.0 0.817948717949
3050.29287445 15.5249093868 0.890461494718 4600.0 1.07435897436
-2048.62408244 38.5706519878 0.951003823925 3200.0 0.869230769231
-2654.48237018 -40.0036527523 0.899463211136 4600.0 1.33076923077
2805.65266377 -39.808570712 0.954639250287 5600.0 0.715384615385
-1992.90751073 -3.85729423263 0.881196925515 5200.0 1.22820512821
-3159.72117896 -15.6313922806 0.892205720377 5000.0 1.38205128205
3108.29851833 -19.8038297225 0.917415244872 5000.0 0.869230769231
-956.460887514 -43.2447679435 0.883514040059 4800.0 1.22820512821
3191.90347802 -44.400886052 0.929175014485 5000.0 0.664102564103
1817.28350144 16.4254070632 0.87121584044 4800.0 1.17692307692
1011.37392619 -30.1663734977 0.869010724528 5200.0 1.17692307692
404.126507779 46.6650190728 0.966857173064 1000.0 1.07435897436
65.0014586745 -7.24060165571 0.801846226353 5000.0 1.58717948718
2227.9746931 54.8520438776 0.958170184533 4400.0 0.869230769231
70.7605941033 41.5530615836 0.915344984424 5000.0 1.02307692308
-1556.90964583 5.49271084949 0.864045109323 4800.0 1.22820512821
175.423632522 7.98767194227 0.864025046579 5400.0 1.38205128205
1397.79917367 19.7458233888 0.897782910789 4800.0 1.12564102564
-2948.75078603 -2.96431952224 0.878318632532 5000.0 1.43333333333
1942.47484576 -26.2753625487 0.877635023865 5000.0 1.12564102564
1282.8396883 -62.1173388792 0.976354827638 1000.0 0.920512820513
1571.90499509 -57.8938465521 0.956504487076 4000.0 0.766666666667
3317.15350957 -27.4323371498 0.91865922435 5200.0 1.07435897436
338.142167978 -33.5032674602 0.96465440818 3600.0 1.02307692308
-1911.23685094 50.8739331912 0.912689292336 5000.0 1.74102564103
-1145.47832059 -8.51128830028 0.855994695318 4800.0 1.33076923077
-2774.44263281 66.0817171153 0.999493908553 8000.0 0.1
307.48537631 75.716247555 1.0047459918 5000.0 0.1
-411.416670891 -56.9986797901 0.98709056037 1000.0 0.561538461538
1236.73729683 -38.5008277056 0.865861310757 5000.0 1.22820512821
-1683.32552725 -53.6477034031 0.927902397791 1000.0 1.02307692308
2400.35651904 -44.1163536898 0.931782562014 1000.0 1.63846153846
-3280.89959432 18.3255109358 0.951501719838 4800.0 0.869230769231
959.488208238 19.0012339426 0.83025169729 5400.0 1.33076923077
-2616.9971177 -17.4045014283 0.928103117691 1000.0 0.971794871795
2320.73310808 -35.150541215 0.918076454901 5200.0 0.971794871795
-1181.75164119 -47.6656712937 0.898731231075 5000.0 1.17692307692
3125.28291067 6.50813557659 0.882612014696 5200.0 1.07435897436
3304.58485908 -8.92587259026 0.930243803498 5000.0 1.17692307692
1918.51244292 -22.6197413703 0.891655377351 5400.0 1.07435897436
861.865103434 -1.57336330592 0.875071986706 5000.0 1.33076923077
-2715.57639263 15.4153940011 0.890956670636 4600.0 1.48461538462
3060.54876005 -45.5988407389 0.966446558203 1000.0 0.971794871795
-406.924606921 48.0363594413 0.938457146404 7800.0 0.920512820513
-551.911690048 58.1593399862 0.975532587492 8000.0 0.612820512821
-469.973161853 31.1273444717 0.873523846005 5000.0 1.38205128205
-1981.98006619 6.37527543616 0.87391842363 4800.0 1.43333333333
1638.88930361 -32.2723708582 0.878328641821 5400.0 1.07435897436
2617.46265487 20.9114876743 0.879723284938 3200.0 1.89487179487
-2729.61156664 33.2279945099 0.927315643899 4800.0 1.12564102564
2615.23352956 -12.2551781969 0.876094387615 5200.0 1.22820512821
3094.48622004 34.4762993409 0.945425388393 5000.0 0.817948717949
1855.87088249 -47.2459092755 0.964239465045 6000.0 0.561538461538
-2519.81021281 27.2147628354 0.915559819909 3200.0 1.79230769231
1348.6422794 -24.6887127546 0.880656808254 4800.0 1.68974358974
3294.86864683 34.253090235 0.949876895368 4600.0 0.766666666667
3115.73213388 47.3977878625 0.964380774617 4800.0 0.510256410256
-4233.63854216 13.4844850806 0.973347976662 1200.0 0.817948717949
-272.666800118 -16.7056864298 0.855649401724 4800.0 1.38205128205
583.164135103 58.280939851 0.989249581931 7800.0 0.407692307692
208.627950773 -28.164626892 0.830660838769 4800.0 1.22820512821
1134.47081405 -12.4388972743 0.868439549322 5000.0 1.27948717949
-2425.51067335 -4.65023524417 0.890384041489 4800.0 1.22820512821
-1667.80637057 -13.2942407892 0.859673913673 5000.0 1.33076923077
-645.13962407 14.5051923442 0.858186721612 5000.0 1.48461538462
1349.2925952 -12.1152074329 0.841616802126 5000.0 1.22820512821
-4115.92812271 -22.3188456033 0.934231386138 5000.0 1.07435897436
2067.96696802 -20.1375608857 0.874933702764 5000.0 1.12564102564
3482.56429797 2.54447168859 0.898127911512 4800.0 1.07435897436
1106.43196093 -30.4962197059 0.91216229284 4600.0 1.12564102564
1228.27580662 -8.88729423914 0.875515193266 5000.0 1.43333333333
-17.8518485027 22.1394356272 0.836679871382 5000.0 1.22820512821
-2315.43322082 18.1403704258 0.886139015787 4800.0 1.48461538462
1472.40037175 20.6541563267 0.86829484804 5000.0 1.17692307692
-1478.54573788 -65.576453017 0.954563652562 4800.0 0.971794871795
3212.37926619 27.6808097728 0.879925104428 4800.0 1.07435897436
-2680.0299744 28.7429126123 0.926029587887 4800.0 1.22820512821
119.595727566 34.0223862705 0.884944501659 5000.0 1.27948717949
1327.19467757 -35.2353844067 0.927921768415 1200.0 0.971794871795
-1469.79293438 11.2139603721 0.881489574757 5000.0 1.22820512821
2389.15685677 -33.5609319511 0.96965200513 1600.0 0.715384615385
-496.012761649 -45.368871514 0.872140273457 5200.0 1.17692307692
-570.370220893 -35.5990711439 0.941478368809 3200.0 1.17692307692
3364.51801876 58.4428865346 0.988761772781 7200.0 0.305128205128
2116.933944 50.2552368873 0.96624658556 1000.0 0.612820512821
-3685.98617321 -23.4870926874 0.890248447874 4800.0 1.22820512821
1713.2499281 8.47789388348 0.900977158266 4800.0 1.22820512821
634.577032859 -28.6712266293 0.881478571335 5400.0 1.07435897436
-764.231084984 79.7103057801 1.00003919921 1000.0 0.1
-2715.19801199 -6.69751855753 0.910020776898 4800.0 1.27948717949
-2654.05000538 16.9326019191 0.95460591827 1000.0 1.02307692308
-339.684298024 -75.5517064593 0.999376955792 1000.0 0.1
-2300.19423697 51.7127698092 0.98622440998 4600.0 0.664102564103
-3834.92764373 35.2145137363 0.92673409691 5000.0 1.33076923077
-440.918966217 33.7980457751 0.938953867272 4800.0 0.971794871795
-1701.33246386 -21.292167949 0.894473420884 5200.0 1.07435897436
2628.06289 -27.6166876536 0.89994010989 5200.0 0.971794871795
-3928.18656592 -4.02623824801 0.937728863748 4600.0 1.12564102564
1670.17051219 41.30862958 0.979839929709 4800.0 0.510256410256
-2666.16923051 69.7337840971 0.994689345958 1000.0 0.305128205128
-408.541078547 -20.3800072495 0.857381018451 5000.0 1.84358974359
940.897646095 -34.9282560062 0.943224181405 1200.0 1.27948717949
3893.47151852 -33.5778018356 0.923898267821 1000.0 0.766666666667
-607.53470847 -15.8596873056 0.873867261976 5000.0 1.74102564103
-738.295778262 -26.2149280109 0.873513570126 5000.0 1.43333333333
-2041.9765113 -49.5966039965 0.938285521345 5000.0 0.817948717949
3262.90396492 -36.4052130157 0.929862820412 1000.0 0.766666666667
-3479.4201473 11.0085112222 0.951403655048 1000.0 0.971794871795
-1144.3150278 39.3928924861 0.923900019312 5000.0 1.02307692308
-1035.74185608 43.548523118 0.960228433339 4800.0 0.766666666667
-701.96255687 -7.47684707938 0.895021044618 5000.0 1.38205128205
-621.617566479 3.43037091194 0.842813295843 5200.0 1.38205128205
-3703.99876927 51.6651241614 0.946110216215 5000.0 0.971794871795
1137.51133176 -17.554559325 0.88155057538 5200.0 1.27948717949
3600.84680226 26.3481251447 0.967569851639 1000.0 0.817948717949
-2027.18970235 -13.9447632809 0.895102815641 4800.0 1.27948717949
1191.01756431 -38.6531952795 0.870701206041 4800.0 1.17692307692
-1271.41516001 -19.1884999301 0.893469819727 5000.0 1.89487179487
-4657.6053257 17.3510795332 0.94082443968 4600.0 1.12564102564
-2824.16296801 4.94873484899 0.889714159287 4800.0 1.38205128205
2409.45443662 -54.581236788 0.966756681072 1200.0 0.766666666667
-3106.20226392 -20.9623891574 0.951269860377 1000.0 0.971794871795
-2936.48874694 -37.127864617 0.893815928583 4600.0 1.48461538462
1989.6904179 69.4069470542 0.999377756214 7400.0 0.1
1797.60897107 -17.8058902404 0.858026594551 5200.0 1.12564102564
1128.91999089 55.2809885037 0.982343776098 1200.0 1.12564102564
-2215.62358203 49.8287925217 0.962829060183 1200.0 1.12564102564
-3171.01481371 6.30106173766 0.946039584543 4800.0 1.02307692308
1186.60618027 56.5968457306 0.967510553079 5200.0 0.664102564103
-3246.81441581 -27.4025307975 0.926625340274 4800.0 1.22820512821
-56.1384110185 50.512406757 0.96327110858 5000.0 0.766666666667
3120.60706364 18.2130104559 0.930009026356 1000.0 0.971794871795
1421.0002124 40.4035736347 0.899208982164 6600.0 0.869230769231
-3271.64070819 26.1018016318 0.942778642859 1200.0 1.07435897436
-217.01773144 7.49289020561 0.821164034889 5000.0 1.48461538462
-2457.59683914 60.4188642017 0.978574488733 5000.0 0.561538461538
1502.78636902 69.8833758013 0.992891670949 1000.0 0.253846153846
-1882.18099918 28.0359940904 0.883437711029 4600.0 1.33076923077
-616.952495357 73.8218191209 0.996940742263 8000.0 0.202564102564
-3473.06647495 19.6210691013 0.946835918317 1200.0 0.971794871795
-211.400444428 10.9865498908 0.831501863338 5000.0 1.58717948718
816.520729788 27.7855369552 0.87926843802 5000.0 1.12564102564
-2172.68943768 41.3234414856 0.967164321346 1200.0 1.02307692308
-1100.25453431 22.5115921005 0.85491795508 5000.0 1.33076923077
-4.08761071229 31.6169144388 0.878800475835 5000.0 1.12564102564
2935.06539354 25.2594754003 0.914426726817 1200.0 1.12564102564
1410.36041056 5.40128396155 0.866578073683 5000.0 1.43333333333
-1433.54064798 0.748705103961 0.863374893227 5200.0 1.38205128205
804.084635211 -19.4408845274 0.877978883905 5000.0 1.22820512821
-1017.89674651 41.0428608386 0.935220403206 1200.0 1.17692307692
-4052.13131732 -33.3133646288 0.926574457892 1200.0 1.43333333333
-2379.72630067 28.9610792248 0.905257900821 4800.0 1.38205128205
41.151311639 10.877994621 0.850806213239 5000.0 1.5358974359
-1234.5432068 34.9571581951 0.943232598224 5200.0 0.971794871795
544.488981999 31.397117591 0.926176691732 4800.0 1.27948717949
2349.15641643 27.6067646222 0.931356657114 1000.0 0.817948717949
-2627.50788136 -6.36660547219 0.893952887983 4800.0 1.38205128205
2711.86687658 55.7114188714 0.961566676138 1200.0 0.817948717949
-2507.39953496 -18.404089834 0.889988033861 5000.0 1.27948717949
3521.56203901 -37.1610513749 0.940866953316 5000.0 0.817948717949
-338.335924323 53.6022740843 0.971212000376 8000.0 0.715384615385
-2722.48807134 5.77908191616 0.941750881149 4800.0 0.920512820513
1412.72779126 55.3918438648 0.981157585883 1200.0 0.35641025641
2605.36664107 -74.5626707475 0.992404089492 5000.0 0.35641025641
-1010.42290838 -33.9257104524 0.939345123103 1000.0 0.766666666667
-492.960146521 -51.4388382269 0.892118232961 4800.0 1.43333333333
-3251.49694487 -56.7643754774 0.946451901252 4600.0 1.07435897436
-872.30530855 -36.4222671887 0.90573707885 4800.0 1.33076923077
3564.81714363 61.0807260896 0.979631712503 7800.0 0.612820512821
3501.35338023 33.1505553605 0.934857114635 5000.0 0.715384615385
-3498.93339989 -37.0779968421 0.912117829893 5000.0 1.22820512821
2900.84756464 -40.159433522 0.963663328682 1000.0 0.561538461538
1893.34156107 -20.8721710194 0.860630388359 5000.0 1.02307692308
1441.45585109 40.060659072 0.894926667008 5000.0 1.17692307692
1078.55764465 -71.370516664 0.984599237813 1000.0 0.612820512821
1980.42133519 60.0857467863 0.988277960014 1000.0 0.35641025641
-1221.63096001 -30.2772071557 0.860612267631 5000.0 1.12564102564
558.161513549 -39.2208044012 0.914332894473 1200.0 1.22820512821
-795.912800155 -46.6759771493 0.892135248447 5400.0 1.43333333333
-2644.77438572 14.1546835545 0.923547149108 1000.0 1.02307692308
3158.12183942 -35.8691222912 0.919839308447 5200.0 1.07435897436
-3383.43173234 17.0153930625 0.900520334368 4800.0 1.48461538462
1395.15323139 -39.8726070836 0.860009867372 5000.0 1.22820512821
2341.8645504 72.4658485667 1.00030973383 7200.0 0.1
-569.311870805 74.1208246151 1.00188242438 8000.0 0.1
-786.821851065 10.9653118829 0.891099961405 4800.0 1.43333333333
2614.57506143 19.8395152772 0.891506167169 1000.0 1.12564102564
-680.063731679 -11.7649893819 0.844771854226 5000.0 1.38205128205
1276.9568456 -14.5912623813 0.867503911689 5200.0 1.17692307692
-454.208737676 -48.1112471288 0.901617803921 4800.0 1.79230769231
333.695607426 9.02517336569 0.879478821588 5000.0 1.38205128205
-3541.83210411 -11.0092957492 0.950125533202 3200.0 1.27948717949
-182.402728984 74.4723505536 1.00314007872 4600.0 0.1
-1933.83953539 -2.07109853484 0.857927252581 5200.0 1.27948717949
-2651.7309769 60.0168571937 0.986226968459 1000.0 0.35641025641
3241.50866611 19.7616568903 0.898566564952 5000.0 1.07435897436
520.501131283 23.7672086939 0.909661511186 5000.0 1.17692307692
-2108.68617125 33.6767473126 0.894793659713 4800.0 1.33076923077
224.708362907 -30.3539124078 0.911268135148 3000.0 1.99743589744
2921.62368704 54.3352576579 0.977037823546 4800.0 0.510256410256
-3411.88928244 -21.4246841282 0.912270399335 3000.0 1.27948717949
2907.36664537 -33.7242290504 0.896890130608 5000.0 1.17692307692
-178.328823851 12.6818477075 0.879467738645 5400.0 1.12564102564
-2055.70012439 -55.2885334783 0.984474909152 1000.0 0.766666666667
838.282058829 44.9400568503 0.970540007754 5000.0 0.561538461538
404.727518076 44.77049969 0.960380931971 2800.0 1.89487179487
167.776821474 36.8756561955 0.882486398189 4800.0 1.38205128205
1614.46130653 9.21777107859 0.874369563942 4800.0 1.27948717949
1421.38435063 -16.7724330185 0.88093490039 4800.0 1.27948717949
-788.835926395 23.1026846551 0.86616753529 5200.0 1.17692307692
-241.016874456 49.3458124244 0.950393430426 8000.0 0.869230769231
-360.957246997 -40.7613305122 0.869131125688 4800.0 1.27948717949
-3111.90465787 -41.7844070035 0.955432635901 1000.0 0.971794871795
-1786.76122765 -8.05968815789 0.875401303353 4800.0 1.5358974359
-3545.68837083 33.4237234511 0.92941178908 1200.0 1.43333333333
-975.230199197 -26.8208037147 0.867071711304 5000.0 1.27948717949
-2214.64775781 -41.4783553232 0.869330832407 5000.0 1.38205128205
-2517.99433499 51.0532497082 0.971894278514 4600.0 0.561538461538
1001.37599534 -23.6409568882 0.883026219748 5000.0 1.12564102564
-1062.59034578 7.01296882143 0.846652606931 4800.0 1.43333333333
780.560031384 40.7686138444 0.923934863404 5200.0 0.920512820513
2470.98151454 -59.2578367346 0.930047558103 6600.0 1.33076923077
-3424.20213439 84.4711510615 0.993247548687 1800.0 0.510256410256
325.489083447 38.7806427955 0.961551234866 1000.0 0.817948717949
2092.74476542 -19.8795174051 0.868457486739 4800.0 1.07435897436
-3476.24967046 -47.7379253424 0.941070428975 5000.0 1.07435897436
1183.66909516 32.0572399079 0.865507688662 5000.0 1.27948717949
-1815.90383331 14.8410875427 0.871956951304 4800.0 1.27948717949
2859.02305404 -18.9200792488 0.874535088024 5000.0 0.971794871795
802.655695895 36.6628923292 0.882170522778 5000.0 1.27948717949
3685.89731883 -56.6338573144 0.914200373346 5200.0 0.766666666667
1583.75153449 6.35911506688 0.853478101508 5200.0 1.33076923077
-2509.93727538 -15.4188480352 0.907067044154 4800.0 1.27948717949
-1406.22847682 -22.6913019722 0.858325228327 5000.0 1.27948717949
2590.9285403 18.4047280101 0.911065751023 5200.0 1.02307692308
-1619.0880187 -36.4266982373 0.939656158876 1400.0 1.63846153846
2450.74357048 24.4226967387 0.902928871003 5200.0 0.971794871795
-2298.80673421 -28.1849236121 0.877450875242 4800.0 1.33076923077
1494.26334967 36.2697567925 0.958441781909 5000.0 0.766666666667
4112.41304906 64.8343993325 0.993127442927 1200.0 0.305128205128
-3491.84092081 -40.9384662373 0.941945897056 1000.0 1.58717948718
-1147.1259315 -57.3420816513 0.94894374399 1000.0 0.920512820513
3105.21590484 55.5090784293 0.975761946421 5000.0 0.458974358974
1234.03094303 40.3037080954 0.913984837407 4800.0 0.869230769231
589.572243412 -12.3781459556 0.871149509932 5000.0 1.27948717949
-1671.54327623 9.43899116 0.899598899491 4800.0 1.38205128205
-3485.91123906 44.9360090795 0.971370302593 5000.0 0.817948717949
-3113.46923989 24.1193453641 0.919660811631 4800.0 1.27948717949
-147.449249421 11.8869186324 0.87105909345 4600.0 1.38205128205
-3431.9466983 48.3776995358 0.980052895625 1000.0 1.43333333333
-1882.95598858 -55.0673791638 0.925752332389 5000.0 0.920512820513
3972.43073629 12.5121846998 0.883072221085 4800.0 0.869230769231
-2910.42869794 45.8029231306 0.879127578182 5000.0 1.5358974359
-2507.47742656 -26.6566215737 0.913214670632 4400.0 1.33076923077
-2895.15284592 10.3738721145 0.83066879347 5000.0 1.33076923077
-394.106806456 38.0287090166 0.913614757682 5200.0 1.02307692308
1498.61530969 66.7093016846 1.00252008011 3800.0 0.1
795.124477945 31.1481921515 0.920417004239 5200.0 1.02307692308
787.69127789 -51.8217093949 0.935861619724 4800.0 1.27948717949
1400.13165393 24.1738686047 0.897377924575 5000.0 1.12564102564
2758.49377368 -20.5670322593 0.881895242176 5000.0 0.971794871795
1202.85189168 -32.465680441 0.841341796144 5400.0 1.07435897436
-2040.88964174 -19.713500417 0.880998052292 4800.0 1.17692307692
1494.02868153 -29.4996777532 0.927015217492 1200.0 1.17692307692
1175.82216204 -52.7968429703 0.943389597904 4800.0 0.869230769231
-915.120787878 54.7175282074 0.913055410319 7400.0 1.12564102564
-1174.42716056 -2.33518586376 0.866007673603 5000.0 1.38205128205
-2382.470762 -37.0574729962 0.881219975323 4800.0 1.38205128205
-3294.23239721 41.6158942835 0.96430001309 1200.0 1.22820512821
-3692.31791128 17.9111005404 0.878269568162 4800.0 1.33076923077
-1469.14668799 18.4232744947 0.885955002094 4800.0 1.38205128205
1171.22386806 -46.281281584 0.957658323671 5000.0 0.664102564103
875.761703457 13.4904313039 0.857382444434 5000.0 1.5358974359
1727.06321548 -7.64944334264 0.88733833368 4800.0 1.17692307692
-1819.65324096 -35.7222972859 0.877471166726 4800.0 1.33076923077
1604.84801279 -40.2625797394 0.883358062537 5200.0 1.17692307692
3293.2869714 -34.7985668919 0.93575017819 4800.0 0.869230769231
-2441.40926036 -44.2019532876 0.9581743497 1200.0 0.869230769231
-236.118598129 -20.8075300755 0.831942987814 5000.0 1.22820512821
-1970.24558272 -16.5299162667 0.879728646015 4800.0 1.27948717949
-585.117565152 -18.7388248194 0.862364175797 5000.0 1.27948717949
-750.141490539 33.8490574742 0.917070988892 4800.0 1.12564102564
-177.802482018 -20.0742388223 0.872241466373 5000.0 1.27948717949
2078.96129894 -27.6086583356 0.909770840053 4800.0 1.07435897436
3156.05381465 22.8881703819 0.906874841929 1000.0 1.07435897436
-675.140518922 -25.8405955537 0.899485285204 4600.0 2.1
167.311725306 -8.82867485876 0.886631738373 5000.0 1.63846153846
-646.847086325 -38.2318976422 0.940166707589 1000.0 1.48461538462
2645.81341127 -35.2804889409 0.894901458811 4800.0 1.17692307692
-1498.99211746 -3.96386446144 0.857418497621 4600.0 1.5358974359
-2011.62045567 -20.5314239898 0.893511032714 5000.0 1.22820512821
2914.91076998 4.48155858083 0.865955845461 5200.0 1.17692307692
-3078.92095356 -57.4687118994 0.955998183293 8000.0 0.664102564103
345.931398161 -11.0250817214 0.904171562157 5400.0 1.12564102564
-2839.47303024 30.1442751435 0.941001212681 4400.0 1.07435897436
-1616.49028153 18.9198929655 0.916281442942 5200.0 1.22820512821
2630.22985092 21.072530118 0.911690220225 5000.0 1.07435897436
2373.7997811 22.7451902448 0.902143333432 4800.0 1.02307692308
-3248.19103083 -44.9335950231 0.943860843257 1200.0 1.94615384615
-1654.71929613 -23.0162065253 0.914746317525 4600.0 1.43333333333
1250.3020587 47.7025019834 0.979189870743 5000.0 0.510256410256
2029.59893936 65.4044224714 1.00000337967 6400.0 0.1
-1992.69920014 -2.19888314723 0.871129057191 5000.0 1.33076923077
-2801.1576021 38.6433160072 0.911414522166 4600.0 1.33076923077
1061.50014023 25.7542870175 0.897223309301 5400.0 1.07435897436
2685.43957372 -52.2357829553 0.905411636376 4600.0 1.07435897436
3159.11460212 3.88411477277 0.8620310689 5000.0 1.17692307692
2878.91241553 52.3311516064 0.926292640758 1000.0 0.715384615385
-3391.93007133 10.4456312574 0.92219349826 4800.0 1.12564102564
-2154.54546909 5.0546877916 0.839706815331 4800.0 1.48461538462
-700.496097042 -33.1345562608 0.889016246942 5000.0 1.22820512821
1791.20668419 -54.382911397 0.976448012452 1000.0 0.510256410256
1022.10313994 -26.1144517262 0.888852993557 5200.0 1.12564102564
-1910.25861015 -11.5188170233 0.881275456113 4400.0 1.5358974359
3514.09770757 76.3726086437 0.996082530836 6800.0 0.202564102564
3517.95789073 34.4457623363 0.888256079562 5400.0 1.12564102564
1508.84202685 10.8113310951 0.837554925096 5000.0 1.17692307692
-94.4328912699 60.8491441256 0.947945613851 4600.0 1.27948717949
-2949.20084783 6.25081207149 0.90308473942 5000.0 1.38205128205
206.575499565 -22.0719999212 0.856004831105 4800.0 1.12564102564
2638.86697511 24.3177481961 0.879551524447 5200.0 1.02307692308
1315.66369022 -25.2605829317 0.896406860922 5000.0 1.07435897436
-1906.73707153 44.979827295 0.950187927803 4800.0 0.971794871795
2071.16021622 15.7703513592 0.858928184382 4800.0 1.12564102564
15.3563841191 -17.8397926872 0.863179079106 5000.0 1.99743589744
-3006.5105075 -31.5688895149 0.889603374047 4600.0 1.38205128205
-2199.65689965 -61.5888505733 0.950503735489 6800.0 1.07435897436
-1843.84474684 -26.7022572064 0.920418926334 4800.0 1.27948717949
-20.2568170312 -10.0518914141 0.847309062808 5000.0 1.43333333333
2190.51984441 -50.0511159374 0.983393411326 1000.0 0.407692307692
25.0226802394 46.2515908159 0.976598315796 1000.0 0.971794871795
-2775.34096511 -47.3388854371 0.961646436819 1200.0 0.869230769231
3099.65075946 34.3572438168 0.954712648105 5000.0 0.664102564103
2451.4316571 -7.36512720599 0.869444578724 5000.0 1.22820512821
1910.8688247 -1.34788499401 0.858807311099 5000.0 1.43333333333
-364.36689446 -3.39599680493 0.889288305817 4800.0 1.43333333333
3473.2247557 -43.7275803747 0.895303577598 5000.0 1.02307692308
20.3937773354 2.20649651551 0.839374695489 5000.0 1.43333333333
-3819.53750684 -38.4125954233 0.910556467274 4600.0 1.22820512821
791.463922148 18.2418408069 0.872396230933 4800.0 1.74102564103
2851.22082061 35.6642759074 0.94736035836 1000.0 0.715384615385
-428.258250951 36.2741141519 0.933799343801 5000.0 0.971794871795
-3499.01048525 -6.13146263107 0.919266992514 4600.0 1.17692307692
2274.56095901 -40.3787817114 0.954230411927 1000.0 0.664102564103
3735.60650221 -40.6111251122 0.935705403226 4600.0 1.12564102564
2806.83642199 -32.2340334385 0.894067728329 5000.0 1.38205128205
2489.42915912 -32.0063319441 0.920329059709 1000.0 0.869230769231
-1288.77069172 -30.0001428327 0.828716467882 5400.0 1.17692307692
-3084.67165197 -18.116414456 0.935696564154 1200.0 0.920512820513
3348.92330396 27.492412715 0.91561426113 5000.0 0.869230769231
3277.76300541 -13.9185222735 0.90257643419 5000.0 0.971794871795
2371.39031126 -22.7321374452 0.864746832459 4800.0 1.12564102564
964.12048379 -13.6219868004 0.857215091547 5200.0 1.22820512821
2163.64483212 73.3083883119 0.999878702016 8000.0 0.1
2730.27832373 -12.7106814576 0.897164635458 4400.0 1.27948717949
-1583.10919821 -15.2359479114 0.877874493577 4800.0 1.43333333333
2022.12366884 -18.7311068413 0.910353344273 4600.0 1.12564102564
-2355.77747123 9.12196165895 0.874299618572 4800.0 1.38205128205
-1652.81746719 -30.0798016822 0.907977180944 1200.0 1.33076923077
219.005574053 -14.0755633033 0.866193812118 4800.0 1.33076923077
-3878.99319841 -4.01719483372 0.928044613859 4600.0 1.07435897436
-1248.247964 12.0960228138 0.884506290965 4800.0 1.33076923077
3510.68437107 -39.2958023501 0.947750567151 1200.0 1.22820512821
2901.41702944 85.7392653974 1.00336019671 7200.0 0.1
-4487.75690195 6.33666649102 0.916448317387 5000.0 1.07435897436
-3477.75359795 27.6703507317 0.93936376367 4800.0 1.22820512821
173.433952825 -20.7964045451 0.875008236397 5000.0 1.27948717949
2171.04433361 40.091156953 0.936308058861 7200.0 0.817948717949
185.539203362 70.669020346 0.995037293196 5000.0 0.253846153846
-1427.98863745 17.7746286524 0.908865456361 4800.0 1.33076923077
-1356.15394002 -18.0681659047 0.896978942662 4600.0 1.22820512821
1284.3144318 53.5331875059 0.999093262003 8000.0 0.1
1829.09111221 35.9721994486 0.932017113474 5400.0 0.971794871795
-1074.80577353 22.1542765349 0.872530423481 5000.0 1.48461538462
-1307.80961439 36.9766588427 0.926633507134 5200.0 1.17692307692
3153.54503695 18.1651510575 0.86928741687 5200.0 0.971794871795
-2827.45419143 14.7103313885 0.912698022908 4800.0 1.38205128205
-192.092147078 -41.6389317775 0.885981631632 5000.0 1.68974358974
-3191.30385492 19.4719796868 0.880364826385 4600.0 1.48461538462
-4190.47855267 22.0728888262 0.914061099585 4800.0 1.27948717949
3105.09378724 -35.3721181706 0.944552541263 1200.0 1.12564102564
-2723.31285655 27.8215402283 0.911270056129 4600.0 1.33076923077
3948.64120378 0.961679413176 0.894399346297 5000.0 1.02307692308
-306.970464112 -71.5929536188 0.941671879419 6400.0 0.715384615385
-2352.43466087 35.5360316514 0.866576108012 4800.0 1.5358974359
-1736.47474585 -38.9257459188 0.85983955783 4800.0 1.38205128205
1656.78273173 33.627980655 0.901787016036 7600.0 1.02307692308
-136.41392636 -41.7650969989 0.949149631842 1000.0 1.43333333333
