1457.26524289 27.5023755348 0.960235952284 3200.0 0.407692307692
-463.914881183 4.00763729398 0.964929890756 3200.0 0.561538461538
2671.93691801 38.7018580356 1.00297818767 8000.0 0.1
3497.12115244 -36.8598416988 0.997494753449 3600.0 0.253846153846
-3816.42555213 14.7670004481 0.978811420788 3000.0 0.407692307692
3384.82325724 47.2531658714 1.00115001322 8000.0 0.1
1922.41179952 -42.9021322278 0.997328873716 3400.0 0.151282051282
2610.32560713 13.7161388444 0.988939936449 3000.0 0.305128205128
328.655621916 65.4811980558 0.964608963337 3200.0 0.407692307692
-1659.73184343 23.9481711155 0.970253003379 3400.0 0.458974358974
2275.97368169 -37.9039150335 0.982408898301 3400.0 0.35641025641
3280.23087172 -80.4891763415 0.994224549953 3600.0 0.202564102564
-1938.89929839 -1.87212806123 0.950166985607 3400.0 0.561538461538
967.598785809 3.72988648776 0.956919719529 3400.0 0.510256410256
-525.851896667 -29.809648133 0.963480463005 3600.0 0.458974358974
-1843.74026158 -15.8079880989 0.970258736835 3400.0 0.715384615385
3446.23345145 43.150317727 0.996053697921 3400.0 0.202564102564
-2892.24697767 -28.171132649 0.970244403095 3000.0 0.510256410256
-2138.66387459 5.40428304906 0.969130128675 3400.0 0.561538461538
-2993.57442744 18.8272998858 0.96170727526 3400.0 0.664102564103
-2150.82038243 -26.6742467344 0.964832602825 3200.0 0.510256410256
659.168118383 -36.6418057091 0.961560871835 3400.0 1.12564102564
1651.60215362 52.9339543892 0.97044536927 3000.0 0.305128205128
-2886.11514394 -3.86039101482 0.970732371776 3400.0 0.510256410256
354.66841607 34.183200904 0.951930754729 3400.0 0.510256410256
2238.67868747 8.63625919858 0.985312647197 3400.0 0.407692307692
-573.566338947 -12.2089321192 0.954153140137 3400.0 0.664102564103
-189.415016084 12.3071012068 0.944342325108 3400.0 0.561538461538
-1442.64719636 42.8832279063 0.993606774116 3400.0 0.202564102564
47.1892358666 22.3685254981 0.961961174682 3400.0 0.458974358974
405.544282875 43.0030003416 0.986493150749 3200.0 0.35641025641
-3483.89728005 -8.75841252569 0.972024491776 3000.0 0.510256410256
-812.518315758 -13.7533466739 0.959054169127 3200.0 0.458974358974
-3428.45579642 -31.9881031527 0.986709958576 3400.0 0.35641025641
1934.10844337 61.4822187135 0.969824189311 3400.0 0.612820512821
4146.9837333 32.2120762518 0.995098915254 3400.0 0.253846153846
2371.17114828 2.83952589415 0.995536652324 3600.0 0.151282051282
239.462193933 -11.8742080257 0.953542477274 3400.0 0.510256410256
1887.73005235 64.6240373146 0.988038683082 3600.0 0.253846153846
-1615.31543876 31.908316222 0.984706966101 3400.0 0.817948717949
692.125145467 16.7061235875 0.961220567087 3400.0 0.458974358974
-2959.01264942 1.91563029195 0.963470277276 3400.0 0.510256410256
-1883.33947187 -4.71342052468 0.968126353907 3200.0 0.561538461538
3282.59086829 -13.1601087789 0.998436333539 3000.0 0.1
1992.17544095 -31.0110333772 0.986872246629 3400.0 0.305128205128
-713.301385622 -5.24356371092 0.956652540993 3400.0 0.510256410256
-1048.97698006 -32.1081895023 0.970173578277 3400.0 1.58717948718
756.802035174 8.60792116494 0.962402175441 3400.0 0.561538461538
615.64486129 -18.5040572214 0.954263754121 3600.0 0.561538461538
2162.94965259 57.0293867701 0.98353395958 2800.0 0.35641025641
370.255598019 -71.0040724418 0.995804615453 3800.0 0.202564102564
3094.97622817 -20.2525096315 0.984422499165 3400.0 0.305128205128
3846.91554685 45.6090721484 0.982989690834 2800.0 0.510256410256
-3633.34186084 -30.8804188235 0.982023343409 3200.0 0.407692307692
342.363677773 -15.0158786245 0.960988072949 3200.0 0.664102564103
2716.82062071 -9.72956008527 0.993287823701 3200.0 0.202564102564
2324.58261955 46.678905978 0.993301888201 3000.0 0.202564102564
-1333.04153171 41.8945658903 0.96294069248 3400.0 0.766666666667
1507.37066252 11.7968369502 0.970584850609 3200.0 0.458974358974
1889.78211687 -17.9804070164 0.971589841842 3200.0 0.407692307692
-2039.92188721 -64.421443328 0.988494082734 3400.0 0.407692307692
-1485.43851301 30.7799407933 0.972112083748 3000.0 0.766666666667
-1467.99256426 -13.5758645104 0.96425675285 3400.0 0.458974358974
2167.63231218 -26.393957691 0.980022919357 3000.0 0.305128205128
-2341.98276985 8.7731646092 0.971446674004 3400.0 0.510256410256
-1316.29310022 -43.3720671667 0.980346606574 3400.0 0.458974358974
-1980.70829876 -47.5285316184 0.996480920425 3800.0 0.253846153846
3984.70382842 -15.0963668758 0.99237656549 3000.0 0.458974358974
-2378.81816913 22.7579638533 0.96035132681 3200.0 0.612820512821
355.754194935 41.041674143 0.989174162665 3200.0 0.35641025641
2466.01345539 -33.4105795238 0.998419968839 3600.0 0.253846153846
2688.25746304 26.5059534494 0.975880305204 3400.0 0.35641025641
2621.07038709 -68.4597638895 0.992605369355 3400.0 0.253846153846
2781.02300644 43.1053599633 0.995257720635 3600.0 0.202564102564
3251.64035194 -38.1300392653 1.00072155244 3000.0 0.1
-641.484311096 48.7534922517 0.968960791129 3400.0 0.510256410256
-2737.98287821 30.0865218903 0.968972437224 3400.0 0.869230769231
289.071001793 -25.1822431768 0.957264222972 3400.0 0.458974358974
364.432810251 -9.99779806217 0.964254282205 3200.0 0.458974358974
1449.40044029 -39.1149568631 0.992790889283 3200.0 0.253846153846
3476.50279386 -36.671843277 0.993044794151 3000.0 0.202564102564
753.623179324 -46.9944571127 0.992784362638 3600.0 0.35641025641
-1962.42237835 29.3679611521 0.993008916992 3400.0 0.35641025641
626.493664519 -34.9527075038 0.983344519128 3600.0 0.305128205128
2843.02505658 0.662033329555 0.997182366868 3600.0 0.151282051282
-266.127621479 8.42895915511 0.966125498274 3400.0 0.510256410256
-1025.00333912 -41.6103403197 0.962639859298 3200.0 0.510256410256
3120.85358543 40.9416687105 0.993269280229 3400.0 0.253846153846
-192.969953803 -17.7221871715 0.960637406627 3400.0 0.458974358974
2242.75452906 20.6237178918 1.00017554952 2400.0 0.1
-1175.43774904 -40.2878955443 0.992205109463 3400.0 0.305128205128
3573.5839309 -48.3266623944 0.996129966421 3800.0 0.253846153846
-30.3918090158 -8.15013745254 0.965796062459 3400.0 0.458974358974
2084.22370621 22.1655844965 0.982415689955 3400.0 0.35641025641
-3361.10464383 74.1730117671 0.990226917351 4000.0 0.561538461538
-257.240625386 -34.0052017798 0.954792794493 3400.0 0.561538461538
1202.09141782 -61.754595607 0.999254679521 3600.0 0.1
-22.1453068962 -25.2536354584 0.988154701083 3400.0 0.510256410256
-2581.08046242 40.0352952235 0.959631570749 3200.0 0.561538461538
2815.3796863 46.9543547709 0.993190730557 3400.0 0.202564102564
-1198.21304257 64.505662473 0.967648234223 3200.0 0.510256410256
2054.47507851 -2.22069555364 0.979791382383 3400.0 0.35641025641
-2052.75925011 -23.4337521593 0.970478554285 3400.0 0.612820512821
-3216.46162353 -8.75112427543 0.981288906437 3400.0 0.407692307692
1534.17212953 24.8013784816 0.967779036617 2800.0 0.458974358974
1587.39789113 16.8242652503 0.984535527012 3200.0 0.407692307692
-72.4260285082 -34.9377566529 0.953496728296 3400.0 0.612820512821
1236.77776768 -13.7971811764 0.958802032903 3200.0 0.458974358974
3305.39433905 -26.0117064899 0.99808377318 2800.0 0.253846153846
-2136.1520197 -31.7027697818 0.969897658832 3200.0 1.02307692308
-1421.51117662 -64.3193586996 0.982626259919 3400.0 0.407692307692
-2582.33103097 -13.3481511808 0.966035754867 3400.0 0.458974358974
-2906.19579415 39.3068343041 0.965340021466 3200.0 0.664102564103
1480.92672525 -54.7701249443 0.978560971346 3000.0 0.664102564103
2816.19383015 2.86733012434 0.999480844367 3600.0 0.1
-3037.7599949 -8.32550723371 0.967296521659 3200.0 0.612820512821
1970.42527219 38.8008743466 0.997976633205 3000.0 0.151282051282
-1210.16144279 14.3035152521 0.964681963095 3400.0 0.561538461538
-2832.55123373 -59.7006260908 0.97902068778 3400.0 0.561538461538
3364.85447305 -25.1410620203 0.99667167894 3400.0 0.151282051282
-2303.43540073 3.19330762742 0.962591245623 3000.0 0.561538461538
2119.26560391 -43.5707263309 0.997097975308 8000.0 0.253846153846
1157.1301928 34.2884201901 0.941654434589 3400.0 0.458974358974
-1589.25617593 35.4146012596 0.946399593678 3400.0 0.664102564103
1669.99856236 61.4170395983 0.968963077339 3200.0 0.510256410256
-4116.42648895 -30.9118060148 0.985254563092 3400.0 1.63846153846
-1098.15994062 42.1744138567 0.996296860767 3000.0 0.510256410256
-188.012423256 52.9704491869 0.947009697634 3400.0 0.510256410256
1373.2361136 48.1540332284 0.962525688876 3200.0 0.458974358974
-1788.81443412 -37.5164518678 0.997064246622 2800.0 0.612820512821
-3346.5125511 -12.8552641138 0.979368815855 3200.0 0.510256410256
-1552.73220512 -28.1502753216 0.970807247992 3200.0 1.07435897436
-1608.34668547 -38.0746382497 0.951882781111 3400.0 0.510256410256
137.604216862 67.7759608926 0.963040412268 3400.0 0.407692307692
2299.80104905 -31.2988217106 0.992332828827 3000.0 0.202564102564
8.17098518818 43.1509130218 0.994016544479 3800.0 0.202564102564
-2515.71235304 54.2661750638 0.964611914942 3400.0 0.612820512821
-2098.16463422 35.259623433 0.972662399183 3000.0 0.766666666667
-2945.29497603 8.88378052383 0.965279487357 3400.0 0.561538461538
-3361.91687542 -23.9130451062 0.976863615912 3000.0 0.510256410256
-4582.17702779 -40.054924516 0.992176934448 3200.0 0.305128205128
1940.59524474 -6.28000980189 0.995926078801 2800.0 0.151282051282
1096.55419677 42.2178058759 0.981359974917 3200.0 0.664102564103
-1275.26092446 -68.6324541964 0.992998240211 2800.0 0.305128205128
-727.096935936 -3.74320383694 0.960291863343 3200.0 0.561538461538
1979.4717371 3.98501636559 0.986076526803 3200.0 0.35641025641
3421.71834848 11.0644680646 0.992615083926 3400.0 0.202564102564
1275.80476996 9.7308703969 0.952102330665 3200.0 0.458974358974
-2701.69714514 78.5767335451 0.988706208645 4000.0 0.458974358974
-679.310599509 -15.3379455945 0.954200858335 3400.0 0.510256410256
1615.95934842 -12.1361824364 0.979855643676 2800.0 0.305128205128
-3122.95709412 32.7767547109 0.996648575689 3400.0 0.202564102564
-3413.84111269 -6.98190441545 0.96308788048 3400.0 0.510256410256
3114.00714339 66.8679226709 0.98788448437 3200.0 0.253846153846
-3527.45575381 2.10425332728 0.978394536672 3400.0 0.510256410256
919.186011073 -44.5007499915 0.96443384819 3200.0 0.561538461538
-1836.09984583 -10.3893953195 0.96321579147 3600.0 0.612820512821
2700.64423967 -40.4848251895 1.00019142945 2600.0 0.1
2304.5682342 -48.1973706319 0.999998215513 3600.0 0.1
2015.50789061 -18.545832708 0.991792465078 3200.0 0.35641025641
-724.312884173 23.022389608 0.961440057432 3400.0 0.458974358974
1224.12181421 -14.4846293985 0.960273086887 3400.0 0.458974358974
1703.10109943 84.6104641108 0.988155841174 1200.0 0.35641025641
2941.24443976 -43.695569565 0.986901892552 2800.0 0.305128205128
3259.14407132 33.2784251028 0.996764491984 3400.0 0.202564102564
1870.81445835 -5.54114172267 0.981620644242 3600.0 0.407692307692
2110.1316401 -12.2133921115 0.986559071749 2600.0 0.253846153846
-2488.89557346 -48.7297242561 0.995297017788 3400.0 0.202564102564
-3520.22013701 -1.08692524055 0.982645356454 3600.0 0.458974358974
-518.485044488 -32.5468775485 0.975998402158 3200.0 0.458974358974
-515.828690293 51.4518870685 0.961977798189 3000.0 0.715384615385
-4693.7681631 41.1196724224 0.969216227315 3400.0 0.612820512821
-3418.96901078 -26.9706680881 0.994001389078 3400.0 0.305128205128
3204.78859698 49.9782983642 0.993188883766 3400.0 0.407692307692
-3252.69032537 31.0150219971 0.987450241808 3000.0 0.458974358974
2978.07875948 -4.32339279299 0.998936062332 3400.0 0.1
1961.54967898 43.7946519587 0.985274047649 3400.0 0.35641025641
-519.705345806 -30.8476517468 0.95619034844 3400.0 0.458974358974
-3152.26723589 -43.3615133823 0.966145316258 3400.0 0.561538461538
-2504.65637122 -20.9990462331 0.970243253128 3000.0 0.510256410256
801.116320942 -17.5069198798 0.964793787666 3400.0 0.458974358974
2511.80623206 11.8945565984 0.979576477478 3200.0 0.35641025641
1338.79988628 -27.6005676533 0.978296087058 3400.0 0.458974358974
2757.09889017 -14.886167314 0.993589791112 3600.0 0.305128205128
2751.03330026 -16.1923064084 0.994593540619 3400.0 0.253846153846
2513.49226435 43.8514543922 0.978244399298 3200.0 0.664102564103
-1366.93900667 -7.22245722884 0.976435192417 3400.0 0.561538461538
3556.09873139 -18.7688911739 0.998691591525 3000.0 0.1
2762.19085081 -31.3543979626 0.982948229238 3000.0 0.35641025641
-1470.12232892 -2.06305999259 0.965971509041 3400.0 0.561538461538
542.61854472 -7.2828383 0.971222777374 3600.0 0.458974358974
3599.8032265 1.47329615202 0.998930188495 3200.0 0.1
-2119.20102274 12.4360019244 0.965102753693 3400.0 0.510256410256
1894.87089437 50.5416867916 0.986296022565 2600.0 0.715384615385
-1918.04404034 -10.7757137474 0.969101864321 3200.0 0.510256410256
56.7184849682 -8.15470250182 0.954823088026 3400.0 0.561538461538
2830.96913333 65.6072435025 0.992467966047 2600.0 0.458974358974
479.952393002 7.73258518791 0.954004507724 3400.0 0.510256410256
1237.27366702 -6.94226189186 0.962588394461 3200.0 0.458974358974
-2519.66002536 -57.4918194068 0.989949247743 3200.0 0.510256410256
-1789.30174088 -63.5178374146 0.978500842199 3400.0 0.664102564103
111.920031262 24.1541485099 0.982975893806 3600.0 0.407692307692
1882.04271423 19.2875337197 0.99686956418 2400.0 0.151282051282
864.928757609 17.2167778378 0.979246090123 3400.0 0.458974358974
3316.39531218 -18.759393397 0.98852985374 3400.0 0.35641025641
-2049.43698872 36.0776076924 0.990448768702 3400.0 0.766666666667
-4128.1179334 6.30387139998 0.981259304117 3200.0 0.407692307692
680.952735326 -47.8797631513 0.966563108122 3200.0 0.715384615385
-1692.67845474 -32.6495136737 0.970370537005 3400.0 0.458974358974
-1293.07350986 -29.4737770288 0.965272381756 3400.0 0.510256410256
-2560.23873562 3.8599575887 0.976060177836 3200.0 0.458974358974
-3159.39327256 -46.0863338955 0.964777888464 3200.0 0.664102564103
3518.17536942 50.9778116581 0.999728584129 1600.0 0.1
-757.13449027 -20.8205652468 0.955523374376 3200.0 0.458974358974
3650.5710931 -8.19063645855 0.997633303111 6800.0 0.253846153846
890.792427895 -9.55389378009 0.965589812988 3400.0 0.458974358974
-1914.94229561 -11.9180275476 0.969029787312 3400.0 0.510256410256
-1598.96055447 -10.2860290073 0.973922036147 3400.0 0.510256410256
-3295.50499209 -69.1114744902 0.995164307901 3400.0 0.253846153846
-3510.10369978 30.5695202019 0.996716116002 3200.0 0.253846153846
1218.60657134 26.5321025153 0.957848295775 3400.0 0.458974358974
1602.48771376 15.3369511918 0.962535199383 3000.0 0.407692307692
-888.327062294 41.1681747553 0.960174184078 3200.0 0.817948717949
-3533.13843696 46.0049137362 0.98731208533 3000.0 0.35641025641
2970.9277288 17.3467904144 0.996521310382 2600.0 0.151282051282
-777.732240256 24.621117007 0.953049619545 3400.0 0.561538461538
-878.353432392 46.3153892175 0.942109404368 3400.0 0.510256410256
3477.85094681 -49.2326887511 0.985170714146 3200.0 0.510256410256
-2402.46537123 76.1668686723 0.988060004298 4000.0 0.817948717949
2405.10525434 42.7579509338 1.00148422973 4400.0 0.1
2911.52151702 32.806592438 0.957957203185 3200.0 0.869230769231
-3434.24724415 -44.4053057224 0.992395506678 2400.0 0.971794871795
2908.8916822 -40.4657499057 0.996844013817 3000.0 0.151282051282
2199.95643537 -31.5245180315 0.99788696528 2800.0 0.1
306.980759795 -36.2994619116 0.945081731845 3200.0 0.766666666667
-3682.70945922 -15.9161284378 0.977925407655 3400.0 0.458974358974
1724.2406194 51.4248232284 0.961546468679 3200.0 0.407692307692
1701.90931443 1.69264036428 0.970888615753 3000.0 0.407692307692
3353.79220707 -40.6095493649 0.996121092221 3000.0 0.151282051282
250.042743051 25.4296706314 0.940749971012 3400.0 0.715384615385
-3797.25173028 -16.5130086996 0.979856878893 3400.0 0.458974358974
-1307.02233057 -5.72626682008 0.959825811798 3400.0 0.561538461538
1050.64493915 28.1286782318 0.958514661007 3400.0 0.458974358974
119.961145563 -8.0621896991 0.964025827059 3400.0 0.510256410256
3435.86524357 -6.39771288094 0.999566761157 2800.0 0.1
-2755.35025393 -31.8351727583 0.996823210973 3400.0 0.35641025641
1845.05117291 14.721903271 0.97874125453 2800.0 0.407692307692
-1323.16099545 -28.0792288847 0.988924754691 3400.0 0.458974358974
3550.25870805 35.1087741773 0.983872834981 3400.0 0.305128205128
2614.56114393 42.5661397488 0.989288764334 3400.0 0.253846153846
-751.261456866 -11.9810241203 0.962643324949 3200.0 0.510256410256
-127.692088195 6.44968009572 0.954845284815 3400.0 0.510256410256
-1574.11786874 -46.1055887796 0.950156564514 3400.0 0.561538461538
-751.426194452 -28.8586312543 0.954192181689 3400.0 0.817948717949
262.048415554 -22.784880245 0.962058703489 3200.0 0.612820512821
532.707020557 27.4393260726 0.948590024281 3400.0 0.715384615385
-1856.56315166 -26.3263365344 0.991804037123 3400.0 0.407692307692
-1011.88337712 -16.974754581 0.958899246289 3400.0 0.510256410256
3216.85228761 -61.9889270834 0.997666760803 2800.0 0.151282051282
2081.096141 46.0592426905 0.984781079055 3000.0 0.305128205128
-3123.76757626 -21.4329873058 0.983518865334 3400.0 0.664102564103
-2362.76270237 44.1995372594 0.998607508905 3400.0 0.151282051282
-4185.1154489 1.36552044778 0.973022844874 3400.0 0.612820512821
289.22283604 -40.9332995241 0.967518730325 3400.0 0.510256410256
-889.650430181 12.2393157217 0.969714665745 3400.0 0.612820512821
-2838.33584151 -45.9232435338 0.97179696498 3200.0 0.612820512821
2949.56334836 45.9922943525 0.982373071122 3000.0 0.35641025641
-332.037198485 66.9636136746 0.951802905949 3400.0 0.612820512821
573.176594597 -20.6964685339 0.940809532316 3600.0 0.561538461538
2127.60177532 32.7990006177 0.990339186119 2800.0 0.305128205128
-914.448214126 -43.7850772548 0.990679772867 3600.0 0.253846153846
-2722.69170852 25.0750453273 0.968260411107 3000.0 0.561538461538
-3859.26896151 27.3920126245 0.972828110909 3000.0 0.664102564103
3145.46875033 -31.7851735912 0.997778889681 3200.0 0.202564102564
244.245029383 17.3527972243 0.961025698381 3400.0 0.510256410256
3176.59515655 5.37331319617 0.997703370878 3000.0 0.1
2619.81010204 46.77904182 0.988267254127 2800.0 0.35641025641
2505.726972 6.92524719918 0.981624737632 3000.0 0.35641025641
-3402.71872536 10.9245882896 0.973369305957 3400.0 0.561538461538
3209.70974457 -6.52300549493 0.976807764558 3600.0 0.35641025641
1155.85552643 -33.1349972999 0.957351128529 3000.0 0.458974358974
834.348771037 -69.000273302 0.989891133951 3600.0 1.07435897436
2678.51078617 26.6983522444 1.00014543625 3800.0 0.1
-625.338007791 75.0023670944 0.968834265406 3600.0 0.407692307692
-1120.45905408 75.6256729599 0.969409245796 3400.0 0.458974358974
2310.78711022 -58.9213027975 0.984862801303 3200.0 0.869230769231
2775.8331635 -36.7450363557 0.986803127533 2800.0 0.305128205128
592.584797045 -12.0530218484 0.961772949228 3400.0 0.510256410256
-302.098480466 -4.90118597036 0.959337667352 3400.0 0.561538461538
-338.814289776 -30.963658589 0.961197599839 3200.0 0.612820512821
-871.436198472 3.58758844019 0.967973014139 3600.0 0.510256410256
1572.48480845 52.3510973597 0.963964483744 3400.0 0.612820512821
-2409.97065189 -17.7899087171 0.970922657345 3200.0 0.458974358974
3013.33733754 19.984277545 0.982148817607 3200.0 0.305128205128
3574.68729938 -37.7993087742 0.999771051897 5600.0 0.1
-2996.33945195 48.6425899311 0.984358981827 3000.0 0.971794871795
-126.146800472 -51.754914377 0.994510862052 3600.0 0.253846153846
3499.99023602 44.3861154777 0.985309534625 3000.0 0.305128205128
-3274.09433773 5.4272285036 0.982462726972 3400.0 0.407692307692
-1443.11564806 -32.1440740018 0.949829612734 3400.0 0.458974358974
-1372.35662651 12.4263075359 0.978124155945 3400.0 0.458974358974
841.539699467 -31.0943323375 0.948073949875 3400.0 0.664102564103
1115.89036082 -61.0424041606 0.993313411545 3600.0 0.305128205128
2501.08476976 -15.91217713 0.981141377141 3400.0 0.35641025641
-3427.54055721 -35.2167563664 0.972878895684 3200.0 0.561538461538
-3080.24223231 6.25678839005 0.966500965223 3400.0 0.561538461538
2018.68461437 -8.81241740231 0.979052072623 3400.0 0.35641025641
605.460040292 6.30669240942 0.953654520654 3600.0 0.510256410256
-1631.39158307 -13.6758619929 0.95101853077 3200.0 0.612820512821
2235.48766587 48.6781480929 0.993424646558 3400.0 0.253846153846
793.228530838 11.6113544569 0.952608164215 3200.0 0.458974358974
1499.76296612 82.8309701535 0.984726330204 4200.0 0.35641025641
-2962.16780873 4.57790975583 0.978293512291 3200.0 0.458974358974
2903.92705985 -30.908549747 0.994142557482 2400.0 0.151282051282
-2966.41774603 29.997226984 0.989058527153 3400.0 0.35641025641
-1967.71188536 -15.8195758048 0.964664223718 3200.0 0.510256410256
1274.87301285 -15.5668549902 0.959614588186 3400.0 0.458974358974
189.220932227 46.2867210643 0.97742852163 3400.0 0.510256410256
-836.201501138 -30.0228273422 0.962736788507 3200.0 1.33076923077
2769.47482364 51.239460876 0.994603659626 3200.0 0.202564102564
-3138.80066534 -8.47294113379 0.959476278459 3400.0 0.561538461538
-560.975514971 -28.0374818943 0.997487460912 3600.0 0.253846153846
-3113.55062392 -17.907307339 0.966090840251 2800.0 0.510256410256
-645.820065683 53.5811287633 0.983441177186 3600.0 0.817948717949
-836.59871818 13.7305286497 0.975864237561 3600.0 0.458974358974
-2207.11174137 -58.5000292322 0.975166407069 3400.0 0.510256410256
1705.1850375 41.9941657474 0.960141361539 3000.0 0.407692307692
-995.905533671 34.6914642683 0.958778651716 3400.0 0.612820512821
-3006.16876888 9.7004109044 0.964929045524 3200.0 0.561538461538
-2288.48173639 -34.0225486817 0.983582502889 3400.0 0.458974358974
-3341.59443216 -18.1774296432 0.995572369937 3200.0 0.305128205128
-2414.68181827 36.7305913503 0.982466457363 3200.0 0.561538461538
3519.35301701 -59.6940393763 0.999871534355 4000.0 0.1
1634.56675825 42.9546680745 0.978912540192 3200.0 0.407692307692
690.389501343 -64.0061862706 0.989868040583 3600.0 0.35641025641
-425.510086672 -1.57195424874 0.955360201302 3400.0 0.561538461538
1211.61261641 13.6304725161 0.965794820047 3200.0 0.561538461538
3511.92006611 58.4795145646 0.998524331898 1200.0 0.407692307692
2961.72125329 35.5799844445 0.991119940625 3400.0 0.305128205128
1182.11657618 22.7241128976 0.946787387968 3200.0 0.458974358974
-2776.74429044 -30.138796407 0.99215944211 3400.0 0.305128205128
-2407.72044496 -65.3114666801 0.995580223175 3600.0 0.305128205128
4618.63212308 55.6087343132 0.991854234014 2200.0 1.33076923077
-1483.16304781 54.7171261878 0.964749240984 3400.0 0.664102564103
351.059518446 19.165944804 0.960517910251 3200.0 0.664102564103
308.853224316 -52.5773971673 0.984354578063 3200.0 0.407692307692
809.69308756 77.7865676173 0.963437992301 3400.0 0.407692307692
-4471.78804099 3.94761123742 0.980310924675 3400.0 0.561538461538
-1701.14039459 62.6674234496 0.968060939064 3400.0 0.407692307692
1407.83833907 -16.4227988767 0.973064977136 3400.0 0.407692307692
-249.327274636 -50.0630313408 0.985009003147 3000.0 0.612820512821
-233.909871972 -18.6780354831 0.970752644285 3400.0 0.458974358974
-3200.16708142 -30.1830154935 0.97984871453 3400.0 0.561538461538
-2020.34710872 -19.6393841709 0.970346655313 3000.0 0.458974358974
-2470.55522687 -38.6291705457 0.988809633246 2800.0 1.17692307692
2369.93919199 -50.324067414 0.993141181553 2600.0 0.35641025641
2628.69047122 51.7686401944 0.997175677615 3200.0 0.151282051282
268.275402302 10.8070081837 0.949938625636 3400.0 0.510256410256
2038.94751423 29.6353923135 0.989638253735 3000.0 0.305128205128
-855.678966279 15.5591110398 0.96860097574 3200.0 0.458974358974
-705.811437536 7.39001151948 0.966001600284 3400.0 0.458974358974
-3378.73108326 -16.3831671415 0.979039651463 3400.0 0.458974358974
685.10292624 -57.0295439249 0.953864557776 3400.0 0.561538461538
-3921.23224666 16.216691594 0.960753457123 3200.0 0.715384615385
-141.779746168 -28.2724654898 0.95586244165 3400.0 0.458974358974
-2778.98838226 14.2570183466 0.957693943295 3200.0 0.612820512821
2229.74617368 -0.847934124904 0.978631213057 3000.0 0.407692307692
-3753.51561716 78.7210854863 0.993364014702 7000.0 0.35641025641
-2233.51106487 -15.8516204947 0.975944984154 3400.0 0.458974358974
1129.5950784 29.9939596703 0.973671295321 3200.0 0.458974358974
883.205242371 -8.66114484823 0.964549997666 3400.0 0.458974358974
1576.53918626 19.2476132713 0.984271434774 3000.0 0.305128205128
786.79095409 -25.4161177255 0.972680600131 3400.0 0.510256410256
20.4849558219 0.696892677215 0.969313132249 3400.0 0.510256410256
2115.9110986 -27.3517659772 0.99085307286 3000.0 0.458974358974
1102.61193189 -64.8991202295 0.985570020425 3000.0 1.02307692308
-3254.43816826 -31.526294708 0.993697318918 3400.0 0.253846153846
-2672.45695774 -1.07053680192 0.96883680265 3400.0 0.561538461538
1216.21414772 -62.4597337463 0.995833867724 3800.0 0.151282051282
1797.71022801 -54.7413156025 0.981768482755 3200.0 0.458974358974
1219.73349883 -52.611114994 0.952138358859 3400.0 0.561538461538
2547.18760797 1.18834567344 0.996763233619 3600.0 0.151282051282
1045.07186038 -23.4277267007 0.964175322556 3200.0 0.920512820513
-3032.28186163 28.226656194 0.970627490532 3200.0 0.510256410256
-67.6506078242 20.165115088 0.954446873683 3400.0 0.510256410256
2739.59564021 -39.7476710826 0.980981790996 3400.0 1.12564102564
-2071.89773052 37.4128986174 0.957886413862 3400.0 0.664102564103
-732.496189028 15.0369957395 0.951171316065 3400.0 0.715384615385
-3689.53472606 -28.736000426 0.976187073643 3400.0 0.458974358974
-417.531100186 -56.4505439329 0.985449884056 3000.0 0.458974358974
2909.9823082 48.7529329474 0.998150772591 3000.0 0.1
-150.804249961 87.1923620372 0.981053231341 1400.0 0.407692307692
3630.04422251 13.7774678559 0.985352330903 3000.0 0.407692307692
3069.68196773 59.5407995115 0.991457348316 2800.0 0.202564102564
-2680.07888827 63.4470532265 0.965703858751 3400.0 0.510256410256
-292.749586802 24.2033137678 0.970145835575 3400.0 0.407692307692
1443.11859638 47.4716536432 0.960564353725 3000.0 0.817948717949
-425.684378987 -26.6668268159 0.982759670666 3400.0 0.407692307692
2794.45385095 37.4766695116 0.991101352581 3400.0 0.253846153846
2424.33631856 -23.5502203674 1.00116117532 3200.0 0.1
1250.30393139 49.6257738943 0.954249006958 3400.0 0.510256410256
-1017.85440005 -23.8638625682 0.971062343741 3400.0 0.715384615385
1715.64255991 32.9588514001 0.968784810715 3400.0 0.407692307692
-2151.27816919 15.8461033038 0.96375705277 3000.0 0.561538461538
955.506808899 -36.6797394033 0.972034700529 3200.0 0.612820512821
2170.8822808 41.8100549316 0.976311120779 3000.0 0.305128205128
651.550484285 -24.0068465367 0.970666612454 3200.0 0.458974358974
-3013.39756724 58.3404936141 0.995367556481 3800.0 0.305128205128
-1058.63980446 -20.5779647526 0.966357656017 3400.0 0.869230769231
1343.12581797 -44.962017757 0.959150901047 3000.0 0.561538461538
1474.18428813 33.607141826 0.997840745126 3200.0 0.202564102564
-906.455776772 42.3985505736 0.994141844065 3600.0 0.253846153846
-3236.35603289 -44.498753105 0.983726892005 3200.0 0.458974358974
-2119.00248955 -49.6530041861 0.953757716291 3200.0 0.817948717949
1831.87261486 -2.46079037199 0.982848461893 3000.0 0.35641025641
2554.14094017 -43.6987794161 0.995699043235 3200.0 0.510256410256
749.757688874 49.147460783 0.958140031542 3400.0 0.458974358974
1878.92488537 -41.3526563905 0.969613182012 3200.0 0.510256410256
1285.94458435 16.8135645651 0.964316204995 3000.0 0.612820512821
939.735467137 -40.1918306083 0.990571778383 3800.0 0.612820512821
-953.769384104 -27.615706991 0.980009506101 3200.0 1.02307692308
-1705.77580317 -18.3194918679 0.970955544111 3400.0 0.458974358974
73.1507143831 28.2550023177 0.950659703071 3400.0 0.561538461538
-120.786204228 59.1651193582 0.996956378012 3800.0 0.253846153846
-328.720940901 8.98484309093 0.966351250742 3400.0 0.510256410256
-896.045146987 36.363463653 0.958654971071 3600.0 0.664102564103
-1975.57443365 -1.78310218881 0.962190947809 3400.0 0.561538461538
3487.2753034 -31.7442150754 0.999565092565 1800.0 0.1
-2055.23938102 56.6943803163 0.988871963622 2600.0 0.612820512821
1251.60478938 -21.4956383172 0.960126778035 3400.0 0.817948717949
491.474038498 -35.8353128153 0.958581503887 3400.0 0.458974358974
-3649.04410308 -1.40564843501 0.985914985387 3200.0 0.407692307692
3788.11273783 56.4351769254 0.999738250052 2600.0 0.151282051282
-2501.16879309 4.7685497803 0.967086149558 3400.0 0.510256410256
2569.25599059 48.7416191867 0.990323687636 3200.0 0.561538461538
-2621.66236083 35.3765884093 0.966549684552 3400.0 0.561538461538
-1026.85977446 -8.77941600168 0.959574514792 3400.0 0.510256410256
-1331.88690585 25.4764882371 0.963363993779 3400.0 0.510256410256
-2473.07016006 33.0105047579 0.994215318272 3400.0 0.202564102564
-371.543696462 58.9314851972 0.984897517433 3400.0 0.458974358974
-3446.55448515 -14.5932589605 0.983954150828 3400.0 0.510256410256
-1745.37449242 -18.6711439338 0.97241526767 3400.0 0.766666666667
2916.44438236 -26.5382934759 0.976518545562 3400.0 0.458974358974
2043.36946905 -45.2291254167 0.996029222533 3000.0 0.202564102564
-3535.68299272 18.358114743 0.961355354765 3400.0 0.612820512821
1732.97576696 3.55232438567 0.983013652263 2600.0 0.305128205128
-4477.45258077 49.2880420509 0.992110788593 2800.0 0.869230769231
1123.73692976 -0.950362292749 0.965105987463 3200.0 0.458974358974
-2833.32503068 -24.8435242595 0.99265083573 3600.0 0.35641025641
1601.49908953 -30.9698299606 0.988048342229 2800.0 0.253846153846
3438.20378326 18.0403257271 0.992938016733 3000.0 0.253846153846
-3403.35846798 -30.8064124967 0.991743616329 3400.0 0.869230769231
3871.19275917 48.3537902347 0.986618698038 3400.0 0.458974358974
-2123.45774906 -26.674910171 0.953593609185 3400.0 0.561538461538
1887.84043689 -28.959270138 0.962241238231 3200.0 0.35641025641
-307.21167016 -20.103993645 0.950560042178 3400.0 0.766666666667
2045.26562353 -17.2327903788 0.981159172278 3400.0 0.458974358974
1006.45378694 -31.4086522557 0.949881173703 3200.0 0.510256410256
-789.750589246 9.45218871142 0.961383898016 3400.0 0.612820512821
3108.48830697 44.3296382658 0.998839450226 1600.0 0.151282051282
2682.90565784 -4.72931281067 0.989868614341 3000.0 0.305128205128
1451.13890057 18.1645335719 0.973221515295 3200.0 0.35641025641
2111.03909812 29.5546399185 0.992285106778 3000.0 0.305128205128
759.127014655 18.5186074402 0.958458178572 3400.0 0.715384615385
-126.240717928 0.97693184495 0.955668513383 3400.0 0.561538461538
1622.54577943 -29.96099913 0.992164153766 3400.0 0.407692307692
198.372930491 -26.1165920278 0.947027482328 3600.0 0.458974358974
1684.65158829 -6.72711565889 0.977097071575 3400.0 0.305128205128
-494.560820177 49.8681188344 0.961110625869 3400.0 0.458974358974
-2153.02071114 -43.1014499893 0.977144515354 3000.0 0.612820512821
-3351.12079043 42.7455523142 0.976596371726 3200.0 0.715384615385
1768.58460114 -11.3499216577 0.9789744023 3000.0 0.305128205128
-3361.0388554 45.7262047433 0.999429249466 2600.0 0.1
3412.67942943 -50.8746040315 0.980865523894 3400.0 0.458974358974
1643.61417991 9.37418926162 0.956140624064 3400.0 0.510256410256
-2236.72523614 18.1947892158 0.964922935174 3400.0 0.561538461538
-499.725382245 -5.77051030363 0.960848397423 3600.0 0.510256410256
-870.17419092 19.311674908 0.959792748566 3200.0 0.664102564103
1988.48215217 -11.4167260378 0.977489041189 3400.0 0.35641025641
1496.45754032 56.0963557067 0.985942868113 3000.0 0.253846153846
2013.26289777 34.1534633852 0.996634774033 3400.0 0.253846153846
-2669.62324508 54.0563222544 0.994084908973 3800.0 0.305128205128
-48.5295201174 -24.2805212597 0.98342115367 3400.0 0.561538461538
3588.17561071 20.5649940834 0.992394664557 3400.0 0.253846153846
2255.93557814 -7.08708691987 0.998051696034 3400.0 0.151282051282
2887.61004821 -27.1549762805 1.00024336532 8000.0 0.1
-3690.9732831 49.225272013 0.998695978438 3600.0 0.253846153846
611.805177407 22.6507352038 0.983291424968 3600.0 0.458974358974
-2635.67151658 -1.87943621672 0.974297667765 3400.0 0.458974358974
-3204.42969547 25.4641107606 0.95788420921 3200.0 0.561538461538
3442.855501 -52.6148348833 1.0016097421 1000.0 0.1
2787.53567562 9.29094392097 0.981330816593 3200.0 0.35641025641
2512.70712531 -18.1748888116 0.984832429658 3200.0 0.253846153846
-2974.77715539 11.1047091148 0.98161508276 3400.0 0.407692307692
2299.82292186 -20.0822148894 0.97533614393 3000.0 0.715384615385
-3227.36062202 6.79356690691 0.987467882109 3400.0 0.35641025641
-1323.3034524 22.0766182538 0.953029101408 3400.0 0.664102564103
-1555.96477411 -45.9852109835 0.980699147487 3400.0 0.612820512821
3420.3488336 -3.79820293316 0.997365440532 3000.0 0.151282051282
2732.94361765 -28.4589226411 1.00038297957 3000.0 0.1
121.803131973 -15.4006011783 0.95821472545 3400.0 0.715384615385
1424.07260376 42.0945467565 0.993174811479 3400.0 0.305128205128
1824.41842148 62.4741720574 0.986482627535 3800.0 0.510256410256
582.633016022 26.4872288177 0.979510356402 3400.0 0.35641025641
994.358065689 35.5073773989 0.959413807483 3400.0 0.561538461538
-3220.833391 -14.2904035315 0.978340894499 3400.0 0.407692307692
1985.92925946 12.4546758771 0.993917987814 2800.0 0.202564102564
-3691.01953416 -13.1778851476 0.973323349526 3400.0 0.510256410256
3356.12445749 25.8870933864 0.994782327669 3400.0 0.253846153846
3006.40478524 42.6972688122 0.992078490978 3800.0 0.35641025641
-1295.19338251 52.7031617463 0.971745625486 3200.0 0.920512820513
-1298.22740461 -53.3547372 0.973560567279 3400.0 0.612820512821
-761.358854312 25.3812394961 0.959003463198 3400.0 0.561538461538
-3851.48227243 -47.5856367193 0.986992696634 3400.0 0.458974358974
2213.05823826 15.2657078849 0.995731553378 3000.0 0.151282051282
2432.39285276 12.551160052 0.9961711642 3200.0 0.151282051282
1390.47874867 39.6973895951 0.99175909163 3400.0 0.253846153846
2765.27107161 31.1021341974 0.994072832686 3200.0 0.202564102564
-153.533592114 48.1632453554 0.956292274579 3400.0 0.510256410256
2376.97825656 -31.4957787206 0.995287957935 2800.0 0.202564102564
1594.42128102 -18.5614271747 0.962459867128 3200.0 0.407692307692
2058.42343598 -28.6888634606 0.995410205373 3200.0 0.253846153846
-149.140441097 -58.0010332634 0.963484826635 3400.0 0.612820512821
2898.53297574 -11.0562260568 0.988933486235 3400.0 0.35641025641
2800.08307531 11.0049131224 0.99580404711 3400.0 0.202564102564
706.897258923 -1.96310855323 0.958511783476 3600.0 0.458974358974
-1529.61783264 19.445774275 0.964493379823 3000.0 0.561538461538
-3615.95122447 28.6274695161 0.973565435371 3400.0 0.612820512821
2996.35030143 -17.9916745714 0.987555068048 3400.0 0.407692307692
1910.73408275 -36.2141490219 0.994240363278 2400.0 0.151282051282
512.230019492 7.59382651338 0.960378232718 3400.0 0.510256410256
-2064.82010161 29.8372219228 0.964552465584 3200.0 0.664102564103
-832.524589201 28.8011847683 0.970684755909 3400.0 0.510256410256
-1601.71538875 20.4909420889 0.957243229298 3200.0 0.510256410256
3457.59451751 -47.5898908567 0.999607624134 3200.0 0.1
-2312.66435774 16.3673891051 0.955784964114 3400.0 0.561538461538
-690.366581157 66.734116259 0.993906287558 3800.0 1.02307692308
1652.45220512 -1.14226652771 0.970998964352 3200.0 0.458974358974
-3359.99080949 -37.0699761522 0.981171222337 3200.0 0.407692307692
-2944.93176836 -40.7938387873 0.994168399176 3400.0 0.305128205128
1848.3691541 23.0254929649 0.979764702492 3400.0 0.35641025641
2620.45492097 -22.2008950644 0.998007273154 3000.0 0.1
98.1218307863 62.5252099577 0.960102448003 3400.0 0.510256410256
-2449.77323716 -40.316504966 0.977643947249 3400.0 1.33076923077
-886.478053349 12.1939278522 0.953851903365 3200.0 0.612820512821
-2719.80984389 7.33816779013 0.967413284453 3400.0 0.612820512821
-2833.79701324 -9.67669989581 0.97835326699 3400.0 0.458974358974
2932.22273817 31.9167078929 0.997214182002 3200.0 0.202564102564
-3760.21224562 39.7461480227 0.988181842239 3400.0 0.407692307692
-1747.02516005 -2.98617218304 0.968396518152 3400.0 0.510256410256
3523.2259696 13.8885656656 0.997384534785 3200.0 0.151282051282
3607.87231214 -24.1464751032 0.999712791789 7200.0 0.1
248.761530838 72.2284742371 0.996947444911 2800.0 0.305128205128
-2575.97044097 -26.3346193405 0.965461677881 3400.0 0.458974358974
3061.11892187 42.6425785749 0.983168447562 3400.0 0.407692307692
-2450.86452219 44.5561593575 0.970237406407 3400.0 0.817948717949
-3742.60586605 6.32158281283 0.967980100997 3400.0 0.561538461538
-2573.20124948 37.1427264127 0.992816878291 3400.0 0.612820512821
987.40597409 73.5721178061 0.994952394513 1000.0 0.253846153846
-1360.44634583 -19.9607478929 0.972979980908 3400.0 0.817948717949
-2543.21930661 -25.7921337698 0.971221905504 3200.0 0.510256410256
-2146.73030667 -9.15001893855 0.973748798804 3400.0 0.510256410256
913.03060394 45.7902484062 0.957505061358 3400.0 0.458974358974
2557.76362211 -42.9526521163 0.998846449877 2200.0 0.151282051282
2100.04835171 41.7570084454 0.996535202041 3400.0 0.253846153846
530.651735223 -5.48196018607 0.956156299067 3400.0 0.510256410256
-29.2895141725 54.5185717324 0.960277155624 3400.0 0.561538461538
485.660376896 -4.13344066819 0.957180715281 3200.0 0.510256410256
2755.5467501 -3.26400573059 0.99747626904 3400.0 0.151282051282
-3104.93168516 13.2180215504 0.969357435829 3400.0 0.561538461538
839.151755219 14.218628425 0.952005233222 3400.0 0.510256410256
71.7101703856 54.2305201179 0.953922406232 3400.0 0.510256410256
1930.20614503 -30.8212592345 0.965195135589 3200.0 0.407692307692
-2186.88451134 50.1905462069 0.962199419389 3400.0 0.612820512821
3217.54600078 -12.3557434756 0.999232781595 3600.0 0.1
146.386537613 -12.6731614278 0.956221107363 3600.0 0.510256410256
-2560.83769025 18.5488979276 0.987235665508 3600.0 0.35641025641
-2248.10449712 -32.1376899863 0.994387894631 3400.0 0.35641025641
-3074.77373287 -23.7732160116 0.990437123985 3200.0 0.35641025641
-3093.64510692 37.2282573075 0.969405488027 3400.0 0.510256410256
569.853178728 -4.50529191803 0.95098364857 3400.0 0.561538461538
-1695.87515299 -39.8096787068 0.964708131188 3400.0 0.561538461538
2815.44980977 18.8770661642 0.979352073078 3400.0 0.35641025641
1166.1288458 -6.678424972 0.962575622296 3400.0 0.458974358974
1754.78297574 3.08418320607 0.980245891458 3000.0 0.305128205128
-623.896642239 -30.7448789281 0.953006152893 3000.0 0.561538461538
2324.87785372 37.8599657391 1.00030401865 8000.0 0.1
-2914.35199089 8.13862867027 0.972408218975 3400.0 0.510256410256
2288.60608229 56.544747349 0.999450613089 2800.0 0.1
1291.72774317 43.208608812 0.961697455726 3400.0 0.458974358974
1561.06479568 64.6777974001 0.99566171515 3600.0 0.151282051282
2679.7851327 63.0023666397 0.985613680594 3600.0 0.407692307692
288.981631372 -49.0924951414 0.969735841532 3400.0 0.510256410256
3928.46544775 -15.8662589218 0.996197716721 7400.0 0.35641025641
-124.277216125 -11.5562727604 0.95133973047 3400.0 0.510256410256
-1977.27471086 64.67872458 0.995202388975 1600.0 0.35641025641
-1407.45678009 -7.07632811538 0.953981732171 3400.0 0.612820512821
-3039.78839619 -17.7998230584 0.99338727725 3200.0 0.35641025641
957.76714388 55.3516497293 0.988837463759 3000.0 0.664102564103
472.93110478 14.3210439994 0.948384079645 3400.0 0.510256410256
-607.458373298 46.6190751239 0.978619301692 3200.0 0.561538461538
-3004.59885373 -37.6589376601 0.987377382779 3400.0 0.407692307692
-3242.89119771 32.5383034395 0.957884042406 3000.0 0.561538461538
-143.044314392 21.9026490332 0.952654210452 3400.0 0.510256410256
-2805.42565324 -32.3939738218 0.962381733514 3400.0 0.510256410256
-18.2272818509 25.9804839375 0.952617092517 3400.0 0.510256410256
756.88246765 -41.848979379 0.95916033657 3400.0 0.612820512821
-2785.99655692 23.8279543757 0.991836650897 3400.0 0.305128205128
1646.57042636 14.2819208569 0.961304804913 3400.0 0.664102564103
-984.103887645 -50.8214526299 0.967286562755 3400.0 0.817948717949
157.960650725 67.2866125439 0.985714703905 1600.0 0.664102564103
-2151.08057026 29.1044541477 0.973040132047 3400.0 0.920512820513
3684.4756115 -25.790179985 0.979825057188 3200.0 0.971794871795
-2183.25307637 26.628715463 0.974146269931 3400.0 0.561538461538
-673.021002283 44.9631435082 0.957813192308 3200.0 0.510256410256
439.462985241 29.4177556143 0.95686175628 3200.0 0.561538461538
2913.02738441 2.87776576457 0.983986345438 3000.0 0.407692307692
940.46396776 18.0481309602 0.945081018317 3400.0 0.561538461538
-3354.8472536 -17.5775001413 0.97534031252 3400.0 0.664102564103
-719.007721829 26.2704541376 0.985318642525 3400.0 0.305128205128
1276.81219338 31.2174697264 0.991058799428 3400.0 0.253846153846
-946.033381282 49.189693694 0.942183651679 3200.0 0.561538461538
-1253.58608995 2.84187013425 0.953811173388 3400.0 0.510256410256
-3322.64206287 41.5330293871 0.990967674902 3200.0 0.612820512821
-1034.99382851 -7.19508511285 0.959201644575 3400.0 0.612820512821
2060.41848721 44.342660914 0.994168904907 3200.0 0.253846153846
-2320.5088608 11.8190371597 0.949678940617 3400.0 0.561538461538
827.288596543 56.1564603707 0.998160501803 1000.0 0.151282051282
2101.75705837 19.4724986997 0.980827920814 3400.0 0.407692307692
1849.88124438 26.7380672409 0.997166686769 2400.0 0.151282051282
-2482.73326959 -40.6413366924 0.962936237847 2800.0 0.664102564103
1690.70320057 8.71084623519 0.979019539716 3200.0 0.407692307692
830.979178608 -10.949114652 0.955838654878 3200.0 0.458974358974
470.446336534 -0.586526072602 0.958133932706 3200.0 0.510256410256
-2579.18504244 -2.53380788661 0.974707556289 3400.0 0.458974358974
-4392.65454571 23.7601237505 0.993702027001 3000.0 0.458974358974
-2931.95415 5.70669371213 0.978627319662 3000.0 0.510256410256
64.2180815596 -12.4684002523 0.960804441985 3400.0 0.458974358974
-3283.56517779 43.824929401 0.998888675989 3400.0 0.151282051282
285.201957844 24.4221969339 0.988120133781 3400.0 0.35641025641
342.200995817 -40.0108921806 0.963336973678 3200.0 0.510256410256
323.476885792 18.9703459461 0.940793880939 3200.0 0.510256410256
-2533.69764508 35.7620356338 0.968639011293 3000.0 0.664102564103
-1571.44104218 7.5638629227 0.959197864342 3400.0 0.612820512821
-2763.59224132 30.0068185439 0.992868001266 3400.0 0.35641025641
1020.9319526 -41.3817822466 0.960150560845 3200.0 0.612820512821
-2883.23938028 -2.67844738592 0.97187800255 3400.0 0.510256410256
3206.98730085 -46.797158479 0.983917731926 3000.0 0.35641025641
-872.413234297 -18.9909276353 0.952006269802 3400.0 0.458974358974
-1704.51167863 3.33548196607 0.949869408746 3400.0 0.612820512821
-1352.66268438 -29.0256477105 0.963449709005 3200.0 1.02307692308
-522.247314312 36.8430688149 0.971993859598 3400.0 0.817948717949
2267.62003609 -21.6824509613 0.981957442919 3400.0 0.305128205128
-618.048606079 -64.4085603054 0.96991196494 3400.0 0.612820512821
1886.94922319 6.8266578771 0.964798877595 3000.0 0.407692307692
-1454.18881633 18.5412316531 0.966726437466 3400.0 0.510256410256
-3531.66500432 -5.27640363858 0.967622806299 3600.0 0.561538461538
-1503.44161594 17.1195204953 0.975162926606 3200.0 0.612820512821
-3621.53528481 -12.2889518616 0.965544291651 3000.0 0.612820512821
-3029.78216967 23.2970091822 0.958770059983 3400.0 0.612820512821
-589.534758806 -35.6090783471 0.961161509061 3200.0 0.510256410256
-2372.26596252 -13.8600160291 0.976373869737 3200.0 0.407692307692
1406.06795991 -3.35337565457 0.976256578604 3200.0 0.407692307692
2848.18869667 -6.1454646805 0.980097690105 3600.0 0.35641025641
-1271.22443581 -19.6494340255 0.97335766763 3400.0 0.458974358974
-431.806946396 -10.904715698 0.959648615488 3200.0 0.510256410256
-3093.71224091 -42.435204332 0.975810915921 3400.0 0.510256410256
-1789.90552814 28.2393469032 0.958928744048 3200.0 0.612820512821
-2368.20732296 -62.126507347 0.99704368505 3600.0 0.202564102564
-2062.11010029 14.6630735591 0.978818496753 3200.0 0.458974358974
613.252849219 28.3814848628 0.951776535299 3600.0 0.664102564103
-1183.70444092 -40.1779809819 0.991196327171 3600.0 0.305128205128
2432.69292209 18.3182434451 0.998353636349 3200.0 0.1
-221.885436109 33.0709571583 0.948310078365 3400.0 0.561538461538
-2224.45828444 10.6836907733 0.977836379003 3400.0 0.407692307692
1856.45260226 20.3658216684 0.993619607336 2800.0 0.35641025641
3422.57810972 -20.2623315154 0.998976961474 2800.0 0.1
45.8171991617 34.7607982155 0.959530349554 3000.0 0.664102564103
1255.35824885 -29.5058041503 0.993730537436 3000.0 0.253846153846
-1014.23776739 -15.5272806079 0.969429950757 3400.0 0.561538461538
-2120.07348038 -5.30880444749 0.969390771208 3200.0 0.510256410256
768.576231362 -17.8858542313 0.958753927669 3400.0 0.664102564103
-2244.97266381 -28.9733668839 0.966226735358 3400.0 0.612820512821
-1971.40485736 -8.36687816891 0.968284117302 3600.0 0.510256410256
1848.68302314 -22.3766210238 0.974866800942 3000.0 0.35641025641
387.781078122 21.6399371081 0.944783185873 3400.0 0.664102564103
-4017.19315503 40.0341361347 0.999974297263 8000.0 0.1
-2244.22670362 13.4128865624 0.979026638915 3000.0 0.407692307692
3389.5376189 -36.9513615766 0.997366694159 3600.0 0.202564102564
970.951166406 -52.8760838449 0.997170362917 4800.0 0.202564102564
-1648.11438638 -19.5097250317 0.959608427023 3400.0 0.715384615385
-2910.81095253 -29.0114004341 0.975096014875 3400.0 0.458974358974
1923.97984135 -43.6729748865 0.998458828662 2600.0 0.202564102564
-2507.76466763 10.1991097258 0.962348590183 3200.0 0.612820512821
-1058.62221836 -26.9622289482 0.988965243283 3400.0 0.510256410256
-934.955208482 36.7625901404 0.958284352619 3000.0 0.817948717949
343.718934813 -37.8028903566 0.950282097351 3200.0 0.510256410256
-595.093049428 73.6266660153 0.992708661504 1200.0 0.458974358974
-2709.33672358 6.96573791504 0.958054564738 3200.0 0.561538461538
1462.29027274 -18.4699690396 0.975318744547 3200.0 0.35641025641
-11.1204947381 -33.9993176969 0.9629275046 3400.0 1.38205128205
2526.01165266 -33.7615272518 0.981529222944 2800.0 0.253846153846
3167.37327089 51.8617463923 1.00016772423 3000.0 0.1
-637.552472704 54.218838923 0.958464428356 3200.0 0.612820512821
-4150.1031381 19.4499739389 0.971672011467 3400.0 0.766666666667
-1841.19717442 -16.1049894746 0.96641929326 3400.0 0.715384615385
3048.12738959 -13.3935144532 0.980963581466 3200.0 0.407692307692
-2130.21222503 25.9899751745 0.977058610803 3400.0 0.458974358974
-120.531348044 59.3112712921 0.9659409621 3200.0 0.458974358974
-3849.17955246 -2.16603657135 0.987686569707 3200.0 0.407692307692
-322.63079555 -20.3265552464 0.975635450055 3400.0 0.510256410256
-956.69620238 -22.0388872753 0.970590785997 3400.0 0.458974358974
-2272.77726476 -17.4593368034 0.965543794336 3400.0 0.510256410256
3404.11199771 15.6286682736 0.982437362597 3400.0 0.305128205128
740.981601599 3.76596735165 0.954446624245 3600.0 0.510256410256
-1533.81685364 62.7359542277 0.994581424036 3400.0 0.407692307692
-3470.47859239 -69.3089788071 0.993057500251 3000.0 0.305128205128
-903.6063731 61.1938347858 0.967215438075 3400.0 0.458974358974
2291.52671807 34.6640062437 0.995400577199 3600.0 0.305128205128
-3037.39769363 -40.3961918872 0.971557170023 3400.0 0.458974358974
-1686.96909055 12.5535296323 0.967755618583 3400.0 0.612820512821
-1290.21043414 -18.8993019936 0.96778292516 3400.0 0.715384615385
-2577.63095233 8.60402169968 0.966896308839 3400.0 0.561538461538
-4086.14502027 -9.67979260806 0.977893770272 3400.0 0.407692307692
1068.14834788 13.1028028267 0.959748197726 3200.0 0.510256410256
2602.60747445 -0.943824932516 0.997515379195 3400.0 0.151282051282
280.522816414 -22.8751051443 0.966614442637 3400.0 0.510256410256
-163.82173445 -40.6603475035 0.95919055786 3400.0 0.561538461538
3584.09962905 19.2452513821 0.999773367698 2800.0 0.1
2583.05759681 5.27194478606 0.978037447408 3600.0 0.35641025641
1232.33235306 -36.6675199028 0.962926401989 3200.0 1.48461538462
-1836.34773086 -31.8427925441 0.974263874314 3600.0 1.07435897436
2067.58617143 59.2882182416 0.990354283637 2800.0 0.561538461538
389.637485957 -43.4714137649 0.986575423353 3400.0 0.35641025641
-3529.46023303 -38.4764372333 0.985532635322 3400.0 0.510256410256
-1945.42979179 27.4755311418 0.972712427486 3400.0 0.561538461538
3825.32776424 21.7482526393 0.988724924782 3200.0 0.35641025641
1352.44869937 -26.2596728712 0.968388976356 3200.0 0.458974358974
-3812.98737168 16.395150171 0.982059983075 3400.0 0.510256410256
-666.056905669 10.8217603408 0.954298721201 3400.0 0.561538461538
251.118649391 10.1227914 0.956866429251 3400.0 0.612820512821
3533.33406332 42.6796849679 0.996194015179 2800.0 0.151282051282
2629.03246798 81.2827127892 0.987861540194 1200.0 0.612820512821
-31.9197332821 27.5611777663 0.986677357137 3400.0 0.766666666667
-4002.69928494 -21.3582153956 0.978785416287 3200.0 0.510256410256
-69.9180013489 -1.41045497479 0.960157515101 3400.0 0.510256410256
2576.02510289 24.1197897151 1.00002588278 3200.0 0.1
2610.21546231 -5.08723875668 0.990944801885 3000.0 0.305128205128
796.411330035 39.4966771375 0.98741120497 3000.0 0.612820512821
-2603.52628703 59.8497819881 0.985647147294 3400.0 0.253846153846
3108.98364211 -44.9046397432 0.989183136518 2200.0 0.766666666667
-830.674920896 25.9326882228 0.964943254671 3400.0 0.561538461538
2449.29461364 42.4161771943 0.996763833571 2400.0 0.202564102564
-665.475102909 -34.7394555691 0.970277115892 3600.0 1.38205128205
-2181.58822659 31.0663594844 0.976818457984 3000.0 0.561538461538
-4416.05407639 14.0403643059 0.977583208503 3000.0 0.561538461538
3999.28310164 62.2824727103 0.997063567009 2600.0 0.35641025641
1799.20248781 10.2641579288 0.971844064297 3400.0 0.35641025641
-366.500390227 -16.2333694519 0.954814131276 3600.0 0.510256410256
2805.43357925 -39.0108737795 0.988749427229 3000.0 0.817948717949
1748.51452153 -64.9533881637 0.998239693864 2800.0 0.1
877.383722762 29.8377849907 0.96084392742 3400.0 0.510256410256
-4111.44364191 17.8438618519 0.991461334133 3400.0 0.407692307692
-1575.14796754 63.8985598825 0.994463605134 3800.0 0.253846153846
-864.676910978 17.8472833572 0.966315284408 3400.0 0.510256410256
222.190425058 -3.36264652604 0.95815089728 3400.0 0.510256410256
-564.137558628 14.4434528715 0.96511010984 3400.0 0.510256410256
1970.08196824 20.5681319858 0.98803983388 3400.0 0.305128205128
2946.39946719 -41.2576377903 0.999454563307 3000.0 0.1
-3805.61348195 -9.74626174358 0.969251741632 3000.0 0.561538461538
1383.0981737 4.28560124092 0.960298238197 3200.0 0.458974358974
1481.33339207 30.4830545988 0.948485520031 3400.0 0.458974358974
454.26366215 -11.1488729715 0.961178062778 3400.0 0.458974358974
-273.008336808 -20.0392990357 0.956693398891 3400.0 0.458974358974
1551.4571295 78.9274887089 0.985209096696 1200.0 0.35641025641
-720.637999455 3.87474483987 0.957536277481 3400.0 0.561538461538
59.711504426 -66.1615058998 0.995969717022 3800.0 0.202564102564
425.3488588 33.4201203201 0.950957455582 3200.0 0.510256410256
-72.6543389424 9.30611600967 0.963979071277 3400.0 0.510256410256
2169.75091293 32.5503921941 0.990100770386 3000.0 0.305128205128
-3831.93116194 -52.5607925424 0.991798889567 3400.0 0.35641025641
-328.82415921 -22.3582674072 0.955291194577 3400.0 0.612820512821
-302.269486805 25.0577880559 0.956130696387 3200.0 0.561538461538
938.759209022 20.0079984949 0.980148426437 3400.0 0.407692307692
-2989.51109421 -31.5955762724 0.969137807827 3400.0 0.817948717949
-2453.4641076 64.6192973871 0.995485652504 3800.0 0.407692307692
629.286923976 78.6216542683 0.989252253223 2000.0 0.458974358974
297.165220477 -66.7861337489 0.996508230297 3400.0 0.151282051282
-2222.96846181 30.0882748012 0.975268984688 3200.0 0.510256410256
-157.505055092 52.984722064 0.957233578303 3200.0 0.458974358974
-2342.11866811 9.66497246398 0.962291024122 3200.0 0.510256410256
-2586.30968585 -18.885798421 0.972743145415 3400.0 0.510256410256
-3212.77244228 57.8140294365 0.960427703285 3400.0 0.715384615385
-1191.04399542 -3.27377656793 0.956187876012 3400.0 0.561538461538
-2587.60671843 -22.0668599179 0.969620196655 3400.0 0.458974358974
1714.07043909 -26.5534607869 0.992967990094 2800.0 0.202564102564
-4293.44581832 -59.0167322668 0.997824269336 3800.0 0.253846153846
-1625.541984 -12.5352007147 0.959018839373 3200.0 0.510256410256
3411.68607395 8.80676366445 0.991156896566 3200.0 0.202564102564
-3268.92564083 62.9733705951 0.982381735124 3400.0 1.48461538462
2684.76298301 -23.8313360755 0.990549148319 3200.0 0.202564102564
-3582.04223945 40.3592097819 0.963192162458 3400.0 0.612820512821
-3217.86255052 -6.6428185586 0.98427410571 3200.0 0.458974358974
1416.56409836 40.6130507536 0.995467820277 3600.0 0.253846153846
3299.77909461 46.6101929705 0.998669813683 3600.0 0.151282051282
-729.560107257 -40.1895203829 0.961808300208 3200.0 0.510256410256
-4097.08318305 38.2006350293 0.967176434045 3000.0 0.664102564103
-1398.52860811 3.59191752543 0.956020362086 3400.0 0.561538461538
3219.49218436 -44.4560058095 0.99715542291 6200.0 0.253846153846
-3171.03500184 21.0157560176 0.965505642234 3400.0 0.766666666667
1176.9864133 35.0324467561 0.949865157669 3400.0 0.510256410256
-2234.20794116 -4.14940831012 0.960076193141 3400.0 0.664102564103
2170.21260145 40.9710539646 0.97993585469 3400.0 0.305128205128
-3681.01346515 25.6965718231 0.965556113451 3400.0 0.561538461538
-1539.31344402 -27.5564368013 0.977470574843 3400.0 0.458974358974
-624.05488355 -12.8635309158 0.964168321596 3200.0 0.612820512821
-1854.73268354 -34.3425959842 0.978263651753 3200.0 1.17692307692
-3347.78626189 -55.4573495301 0.971903660825 2800.0 1.07435897436
2802.8380702 -48.9614895603 0.998490875577 3600.0 0.1
-1575.45260881 22.5761907026 0.965256434636 3000.0 0.612820512821
2833.88074093 -42.3026545581 0.994887365948 3000.0 0.202564102564
705.534968384 23.7467591444 0.964303663038 3400.0 0.458974358974
2898.86092072 -30.7686226771 0.980990810878 3200.0 0.766666666667
-1824.53845635 -24.9044991809 0.955293758606 3400.0 0.510256410256
2638.32144589 15.1839583115 0.985587854956 2800.0 0.305128205128
3769.97415541 43.5871149114 0.977719789165 3200.0 0.510256410256
3530.55070294 -39.6871963495 0.983220811235 2800.0 0.305128205128
1817.24866533 -7.24831022142 0.977554800021 2800.0 0.407692307692
1088.57740032 -40.1796140044 0.965348174044 3400.0 0.510256410256
-1629.46627337 -10.6921224849 0.960120606648 3400.0 0.510256410256
2712.71538683 37.4135499721 0.972089964523 3000.0 0.458974358974
-3483.20452871 -9.9307970902 0.972485029683 3200.0 0.458974358974
2975.52238341 -25.6350143927 0.979552932048 3200.0 0.407692307692
-3123.929171 -18.9832463828 0.99060427946 3600.0 0.35641025641
674.587671554 1.79217805947 0.957112866678 3400.0 0.510256410256
-1811.96662626 -38.9921768978 0.993878202336 3400.0 0.305128205128
-4131.96751248 -10.1707295059 0.958542278369 3200.0 0.612820512821
-4017.84860683 -60.2897034302 0.975788526869 2800.0 0.971794871795
-918.103515299 -30.9011215815 0.951911443942 3400.0 0.510256410256
-1130.02488886 57.0104922163 0.964276881149 3400.0 0.458974358974
-1094.59968678 -35.6566006893 0.953758815661 3400.0 1.27948717949
-2543.75625054 36.532599716 0.976013469002 3200.0 0.561538461538
-1072.37819493 -27.6978371684 0.971384358759 3400.0 0.920512820513
-1111.82772083 -37.920850652 0.961613902523 3400.0 0.510256410256
3268.61688433 9.63281645811 0.998501300964 3000.0 0.1
389.237339457 57.0057728134 0.955921975733 3200.0 0.612820512821
854.536267353 -36.5148410176 0.945461267421 3400.0 0.612820512821
2235.39029335 -8.42689355296 0.997581961017 3000.0 0.151282051282
-186.742710335 -47.3207611915 0.99261327749 3600.0 0.253846153846
-3577.14595894 17.1059262694 0.97414757936 3200.0 0.664102564103
-3626.60185322 -16.0545980477 0.982640132196 3000.0 0.407692307692
-995.898778086 -23.4651641981 0.991003602221 3400.0 0.305128205128
2274.68631434 19.4967188062 0.996599044213 3000.0 0.151282051282
-2918.98675863 -57.9906567869 0.98647095977 3400.0 0.510256410256
-307.543101841 -6.7903379994 0.960404891344 3400.0 0.510256410256
2974.27722971 20.4636141382 0.985104382876 3000.0 0.407692307692
3922.0229395 46.0870350749 0.996812333552 3000.0 0.202564102564
2338.12972248 -36.2475863222 0.999393266019 3400.0 0.1
319.836632217 27.4504295404 0.952515302535 3400.0 0.510256410256
-3575.92262865 -1.56251660237 0.981770348356 3400.0 0.407692307692
-332.117712801 -7.70708790125 0.968244356277 3400.0 0.510256410256
-659.792430037 43.3997370815 0.978925736551 2800.0 0.869230769231
-3401.77932882 53.8142814789 0.973967672039 3400.0 0.510256410256
-3892.66055905 1.37042822586 0.972715261529 3200.0 0.510256410256
-2915.3633952 9.93238159599 0.982411715497 3400.0 0.510256410256
-2435.42608974 -26.0161312339 0.959771304322 3400.0 0.817948717949
959.277663131 -20.1041536815 0.944011164234 3400.0 0.510256410256
3875.08261255 -55.6586899007 0.993783920947 3400.0 0.35641025641
-2498.45985323 35.2412289042 0.99699107566 3400.0 0.151282051282
3231.42834744 36.3738276624 0.967979800291 3200.0 0.869230769231
-2262.47689256 -33.559918703 0.983284401538 3400.0 0.35641025641
2531.44759258 37.1756834782 0.996984700247 3200.0 0.151282051282
1136.95199379 -36.4681637387 0.960338959672 3200.0 0.458974358974
2772.80165049 -25.7665474645 0.998966947959 3200.0 0.151282051282
-1101.58702509 -10.0808056386 0.960218556341 3400.0 0.664102564103
-2972.35545489 -12.0339552579 0.980033443173 3400.0 0.510256410256
-242.806291028 32.5703390322 0.954534240013 3400.0 0.510256410256
-3519.04090685 7.60635216469 0.982363985083 3200.0 0.407692307692
3008.93752366 -12.0371707231 0.981835942543 3200.0 0.407692307692
2169.5346093 42.9275439244 1.00173845395 3000.0 0.1
-325.792277749 20.73830345 0.965452651144 3400.0 0.458974358974
561.587464512 34.2415322075 0.995946819831 3800.0 0.202564102564
1601.72447736 -2.05267173015 0.958571045815 3200.0 0.458974358974
-1424.1308071 -6.94311324023 0.95261701214 3400.0 0.561538461538
-780.571817275 -35.1750837606 0.962379253788 3400.0 0.510256410256
-1665.92348969 6.5909074351 0.967665075249 3400.0 0.510256410256
641.830930471 -9.54274817372 0.971995240371 3400.0 0.510256410256
4304.59269524 7.40498515446 0.994843871625 3200.0 0.253846153846
-402.862666358 31.896922668 0.952635631362 3600.0 0.561538461538
-492.954333777 63.2185802069 0.993296828234 4000.0 0.510256410256
-2313.0507793 -32.1221983629 0.956478474873 3200.0 0.510256410256
1146.67434457 -34.4408636093 0.984794900747 3400.0 0.458974358974
1311.77678158 2.22143881058 0.96510869563 2800.0 0.510256410256
282.549990748 31.8194165752 0.98607740013 3400.0 0.305128205128
-4729.00980369 -6.80094788712 0.98765036205 3200.0 0.407692307692
1253.0394409 17.5238967418 0.957753148744 3200.0 0.612820512821
3074.04698158 8.85614444582 0.983240328105 3200.0 0.305128205128
-12.2910248521 -55.383305437 0.970022161843 3200.0 0.561538461538
-856.916642848 -28.6376136855 0.961551949521 3400.0 0.458974358974
764.144470001 44.9232254776 0.960741335901 3400.0 0.458974358974
2590.7211573 -17.1237651996 0.998721887328 3000.0 0.1
2508.39913008 -21.5113702849 0.998333268631 2800.0 0.1
1784.64018277 1.38551757637 0.98650047716 2800.0 0.253846153846
2265.24239367 37.905053971 1.00233843279 7800.0 0.1
2521.64896701 -33.4262796879 0.988365247136 3400.0 0.253846153846
3214.2476027 43.4891829135 1.00146328798 8000.0 0.1
933.367610205 45.3256910221 0.947767378607 3400.0 0.561538461538
3368.30840324 55.7322835228 0.993820735148 2800.0 0.766666666667
-3751.9036746 20.3152075883 0.970682458299 3400.0 0.510256410256
3267.93480492 34.9500944865 0.998001342939 3400.0 0.151282051282
-419.254466559 -0.798634415544 0.960585684414 3400.0 0.510256410256
-2525.75710451 50.6660673567 0.961820294562 3400.0 0.817948717949
-578.793231375 78.0778068042 0.993780827208 1000.0 0.253846153846
-2361.52199494 37.3279484508 0.949099693937 3200.0 0.612820512821
643.894891343 38.5080264343 0.98285380352 3200.0 0.407692307692
2152.72196253 -50.6886009384 0.982714209684 3400.0 0.35641025641
1746.96842337 -23.4311291446 0.985367324917 3000.0 0.35641025641
-1858.42797959 45.4111847675 0.968190710444 3200.0 0.458974358974
-31.9720275705 7.54110237091 0.958610806556 3400.0 0.510256410256
326.068850132 -23.5182699769 0.972489179707 3400.0 0.510256410256
545.549003784 -2.73563596845 0.959185264583 3400.0 0.458974358974
-1422.13493093 -18.8233257154 0.976619485772 3400.0 0.715384615385
-325.721979624 7.21034223248 0.957524742122 3600.0 0.510256410256
-1411.77763631 -4.37493230332 0.959826923449 3200.0 0.612820512821
1155.85238082 -29.2358889806 0.944348806299 3200.0 0.510256410256
3183.98990505 -2.22507280717 0.982253558726 3200.0 0.35641025641
-2299.03836038 -56.2934604695 0.993149322814 3600.0 0.305128205128
2626.35003201 42.4581199632 0.998736326727 2600.0 0.1
1736.68374089 -66.4973833941 0.998099185114 3400.0 0.151282051282
1328.58817335 -47.3613737199 0.979796296047 3000.0 0.561538461538
677.184269862 14.6262343665 0.961048305227 3400.0 0.458974358974
-1569.19188785 8.52585077907 0.9709105355 3400.0 0.458974358974
2115.28455076 -17.1516918395 0.978697446155 3400.0 0.510256410256
638.863505877 28.8247515995 0.964012763548 3200.0 0.561538461538
-900.640031804 20.6686250797 0.961854791181 3200.0 0.561538461538
3096.23473703 29.1495871918 0.992459469031 3600.0 0.407692307692
2793.16491447 6.56584670194 0.982177626421 3400.0 0.35641025641
3402.40017964 44.0108150748 0.981206196117 3000.0 0.458974358974
633.796995446 17.4970645276 0.957585162741 3400.0 0.612820512821
1268.22994168 29.0738096424 0.970479599229 3400.0 0.766666666667
-2294.18768829 70.7740444706 0.995441130824 1600.0 0.202564102564
-2343.89773517 -16.6156434373 0.988431027556 3400.0 0.458974358974
239.787561012 -59.5078044972 0.959582322463 3400.0 0.664102564103
379.179572461 19.6254535125 0.935608754515 3200.0 0.510256410256
-2796.70974173 -42.0358150876 0.970458835736 2800.0 0.612820512821
1491.1124315 -51.7551897366 0.989758063927 3200.0 0.35641025641
3443.27860734 21.110045343 0.996080696684 3400.0 0.151282051282
1541.72480221 11.4684539609 0.963880580853 3400.0 0.407692307692
-1559.15656196 -9.91360378877 0.965487625093 3400.0 0.458974358974
3035.60787528 -62.6401330535 0.999071081742 3400.0 0.1
2559.62495205 18.9975902333 0.986415963431 3400.0 0.407692307692
-1764.82219305 -28.5104438341 0.966279565596 3400.0 0.458974358974
2961.11877807 -46.6998131985 1.00122335603 2800.0 0.1
78.29746287 42.0847497641 0.976943982646 3000.0 0.766666666667
-2550.5434124 40.0288241998 0.968994798381 3400.0 0.817948717949
2607.24492276 13.166052172 0.98784209055 3000.0 0.305128205128
645.267161625 -67.0576896238 0.963248179897 3400.0 0.510256410256
-2345.85072943 -30.2823678323 0.979508833936 3200.0 0.510256410256
-3147.87179196 -7.14697068902 0.982947105724 3200.0 0.458974358974
509.767841122 57.4089414352 0.982112132435 3000.0 0.869230769231
339.055344647 2.69438243159 0.961374929403 3000.0 0.510256410256
-301.494333381 -27.7387328226 0.968648554395 3000.0 0.458974358974
1387.39383019 -10.1265163798 0.967918218552 3400.0 0.510256410256
-1117.20983411 -32.7473807885 0.963906899443 3600.0 0.664102564103
3100.47179613 23.2083712009 0.992105916787 2800.0 0.202564102564
3572.45861452 -35.6160457782 1.00037449262 8000.0 0.1
-750.374839044 -11.7391368838 0.957029125464 3400.0 0.510256410256
-3014.70930967 55.7785338138 0.974273882718 3000.0 0.612820512821
1156.37070925 40.5243000752 0.996700086734 3400.0 0.202564102564
1856.03660813 2.70111697105 0.994032769657 2800.0 0.202564102564
1256.53257873 -50.0657651947 0.998000349643 2800.0 0.1
-2640.66584341 -28.7600568695 0.968272587978 3200.0 0.510256410256
821.802035741 42.0148999505 0.962836410768 3400.0 0.715384615385
3515.8540427 58.5096543199 0.998569477599 3200.0 0.151282051282
-1913.26028434 -23.2720184187 0.97725067332 3400.0 0.458974358974
-1618.17113282 31.9397416238 0.966091413106 3000.0 0.561538461538
-858.796010649 39.9671037446 0.961552657534 3400.0 0.510256410256
-345.049094928 -20.3683801753 0.961776053025 3400.0 0.510256410256
-2541.59382592 15.2016627468 0.959038332876 3400.0 0.561538461538
-872.409536747 50.0325311954 0.976658982612 3200.0 0.612820512821
-2733.6820236 -0.565000705555 0.968319999461 3200.0 0.510256410256
1034.37158457 -22.216287412 0.945009023081 3400.0 0.458974358974
-1631.19641628 20.6939183671 0.975840494036 3200.0 0.458974358974
1053.42668264 3.32819611211 0.955698464488 3400.0 0.510256410256
969.151657407 -6.78745058897 0.953866878288 3400.0 0.561538461538
2303.75752619 2.56486341698 0.995420008198 3000.0 0.202564102564
3102.07351632 55.3724439953 0.978963999339 3400.0 0.561538461538
2796.53862481 33.3593576834 1.00039682728 4000.0 0.1
2582.4059407 -10.3621297267 0.980027366949 3400.0 0.458974358974
-3102.02202907 -40.3504638089 0.977207568733 3400.0 0.561538461538
2920.8481042 -30.9633494546 0.977622583033 3400.0 0.407692307692
2296.73470638 24.6539811817 0.994498426984 3200.0 0.253846153846
-3370.10649657 31.1095232636 0.992875054552 3200.0 0.407692307692
-3095.12552201 -33.1222423167 0.987165081477 3000.0 1.12564102564
478.60764169 -45.7514251027 0.98774641714 3400.0 0.35641025641
-1025.94975334 4.41353552395 0.956086473611 3200.0 0.612820512821
-762.238240235 48.0878455913 0.98533749507 3400.0 0.407692307692
-2682.89474465 -52.0062469895 0.964907391539 3400.0 0.664102564103
-784.728158543 30.6332466356 0.967580659139 3400.0 0.510256410256
-1715.75395064 20.1788107362 0.962910608123 3200.0 0.561538461538
-3154.9477469 -11.8703747646 0.969758615955 3400.0 0.458974358974
-536.992381047 -13.8450349008 0.966481713531 3400.0 0.664102564103
-126.810236983 6.35483629589 0.947722809051 3400.0 0.510256410256
-2764.92340403 35.9811066394 0.992954812845 3400.0 0.35641025641
-1865.10442038 -6.27522920793 0.969778673551 3400.0 0.612820512821
-577.748584077 15.7767050506 0.965062899076 3400.0 0.510256410256
-1115.22352074 43.9201823591 0.964815422546 3400.0 0.612820512821
-591.88464612 -23.908067455 0.969415361908 3400.0 0.407692307692
1430.74793904 -52.8318481281 0.975640976513 3400.0 0.407692307692
2365.23668237 -47.2315516308 0.994613380818 3400.0 0.253846153846
3566.60592326 26.5651478394 1.00122298065 7200.0 0.1
2963.86735409 42.1008221676 1.00148670534 2800.0 0.1
627.571046097 16.3507976053 0.964218126314 3400.0 0.458974358974
3025.21600785 -32.7407014605 0.998900257926 2800.0 0.1
3280.16075579 -2.08579084962 0.97326825986 3400.0 0.407692307692
1434.29779107 -47.4082825987 0.982129271001 3200.0 0.664102564103
-1830.52616092 -28.4493106147 0.97030361164 3200.0 0.458974358974
-917.192752405 73.8743683976 0.993713894086 1000.0 0.458974358974
-83.8273971883 52.8439357003 0.994792647535 3800.0 0.202564102564
487.184758447 51.9878265843 0.956343313197 3400.0 0.561538461538
927.806827233 74.2558655687 0.99190623723 2600.0 0.305128205128
4044.21149106 53.665414033 0.978749529567 2800.0 0.612820512821
3205.30480377 59.970789732 0.988938891263 3600.0 0.35641025641
-124.522749534 -12.6662337099 0.969974555869 3400.0 0.510256410256
-276.7284627 67.671135468 0.96493321311 3400.0 0.458974358974
-3363.71474923 -5.59312129688 0.986615718917 3200.0 0.458974358974
2234.76999459 -3.23686490054 0.983901608132 3200.0 0.305128205128
87.7408752582 1.90166685325 0.960972432161 3400.0 0.510256410256
-2241.02868041 52.3801527541 0.961646617412 3400.0 0.561538461538
-2645.07975043 52.4680758862 0.961836565758 3000.0 0.766666666667
3342.38303772 -45.6578162684 1.00002356932 3200.0 0.1
553.746755801 -11.4237461285 0.966195966203 3400.0 0.458974358974
2304.62408928 0.826930999159 0.997051294357 2600.0 0.151282051282
-2669.29689192 23.6128482562 0.988595484798 3200.0 0.35641025641
3149.86859815 -30.0183280617 0.99048544982 3400.0 0.407692307692
-1684.15428565 49.6920545601 0.96428344216 3400.0 0.561538461538
3405.64049756 -29.9395691743 0.9897700684 3400.0 0.253846153846
-159.79152996 24.1323097954 0.955647315711 3400.0 0.715384615385
-3426.24867766 14.9920575038 0.989466134245 3400.0 0.35641025641
828.257604255 37.7671269275 0.952466951347 3600.0 0.458974358974
43.3238199404 -45.0050284129 0.969516318977 3600.0 0.561538461538
2260.21956228 -29.4082985887 0.998076450186 2400.0 0.1
566.005789782 -30.0263066941 0.957512454206 3400.0 0.510256410256
-2646.46469039 2.01440847193 0.96755383489 3200.0 0.561538461538
-2937.36146984 14.6322168182 0.975925157981 3200.0 0.612820512821
-15.0526893958 -34.4207866717 0.994458416319 3600.0 0.253846153846
-292.381763392 13.38653895 0.963711102941 3400.0 0.561538461538
-3188.70837612 -15.2125020295 0.989435314209 3400.0 0.407692307692
2524.50942945 -13.6853524785 0.995438821003 3200.0 0.202564102564
-2427.63024265 7.60190969477 0.962476236557 3200.0 0.561538461538
-2276.22047822 12.0796287583 0.973705626721 3400.0 0.407692307692
1485.43379071 -31.3737042153 0.973220217154 3200.0 0.510256410256
536.074217868 58.5232999812 0.947994179041 3400.0 0.715384615385
2242.61810592 21.9012664447 0.988747853228 3400.0 0.407692307692
31.2308989921 -40.5650413754 0.994634597137 3600.0 0.407692307692
-1690.69277555 -53.6101893383 0.997459867425 3400.0 0.151282051282
-1155.34451639 -19.7266841736 0.969633291054 3400.0 0.458974358974
1582.40129954 -34.2254234384 0.984004195671 2800.0 0.715384615385
3298.47900357 10.4105768962 0.998218650122 3600.0 0.151282051282
-2349.57306755 -3.5398438181 0.973138987031 3400.0 0.510256410256
-1562.27612753 -46.713093156 0.967658791354 3200.0 0.612820512821
-2155.95584702 -25.9374058099 0.988143151975 3400.0 0.561538461538
2816.04998228 34.5440782953 0.999279376643 2400.0 0.1
362.227177209 10.3616926683 0.958692041698 3400.0 0.510256410256
-3298.34328799 -65.7835301681 0.987173100379 3400.0 0.407692307692
287.586530437 31.1621323803 0.987412143179 3600.0 0.407692307692
2343.23599392 -19.8111083616 0.981437739772 3400.0 0.35641025641
301.343179594 24.7134976187 0.967208486793 3400.0 0.407692307692
2876.27751987 -12.2368006534 0.983710121032 3400.0 0.407692307692
-3220.67086904 41.4525807375 0.992355207195 3200.0 0.407692307692
-2971.04937648 63.1997928508 0.997124772926 2800.0 0.151282051282
-2314.50184451 4.51207660985 0.979512596019 3400.0 0.407692307692
304.105030494 -15.1012507307 0.964434956668 3400.0 0.612820512821
-2391.08621506 0.848833321132 0.971416222832 3600.0 0.510256410256
-2629.3308951 45.7314858123 0.966248526311 3200.0 0.458974358974
903.466213152 34.2383224093 0.997852016434 3600.0 0.151282051282
-2580.48794697 -4.37560222256 0.966827292005 3200.0 0.510256410256
-375.742690154 48.3377882778 0.949036777897 3600.0 0.458974358974
2837.380528 79.2988681852 0.998575496527 2800.0 0.151282051282
1027.82758234 27.2583407652 0.954670225176 3400.0 0.561538461538
-1484.59248445 -20.5499118792 0.956223102154 3200.0 0.458974358974
561.952822195 -55.7787931195 0.996775236801 3400.0 0.151282051282
-1893.51031459 -39.525036391 0.969872411179 3200.0 0.510256410256
2817.84862809 42.3030963086 0.979251677464 3400.0 0.510256410256
2934.54322356 -15.6674738406 0.989248328611 2800.0 0.305128205128
-171.041144503 23.7098150615 0.967575671405 3400.0 0.458974358974
-1911.00185517 36.1841361064 0.987216108799 3200.0 0.920512820513
-1718.27677257 -53.6575991682 0.961966648006 3200.0 0.766666666667
-668.198789755 -43.5531381046 0.992431659936 3400.0 0.458974358974
666.960804873 -21.3321560762 0.955980559492 3200.0 0.458974358974
2619.01292705 -62.2453031044 0.99300048335 3000.0 0.407692307692
-1913.43766596 -15.2746962183 0.964538855143 3400.0 0.510256410256
2554.92313809 6.14101113648 0.999554617514 2800.0 0.1
3318.19715869 71.8636280197 0.984361268647 3400.0 0.305128205128
-305.031133344 52.947874563 0.953540692556 3200.0 0.612820512821
3254.38158561 -57.2877908225 0.999073036236 2200.0 0.151282051282
3490.23070509 -8.0111393043 1.00096333889 3600.0 0.1
2096.68182725 -6.84098916743 0.974929643602 3000.0 0.305128205128
-329.76098902 18.4760090067 0.954722972089 3400.0 0.458974358974
982.83546479 24.8504907129 0.954581985691 3400.0 0.458974358974
1361.24993242 57.5580791713 0.988580268539 3000.0 0.407692307692
-1991.60622082 -23.2350794431 0.971492538253 3400.0 0.920512820513
2810.52580094 37.9458646726 0.991141795171 3000.0 0.253846153846
-2894.15123095 44.5263940976 0.961108114548 3000.0 0.715384615385
452.925681294 10.5788031579 0.954006250533 3200.0 0.510256410256
726.02433407 -44.0540561162 0.995902310934 3800.0 0.202564102564
2572.61039363 38.1504740523 0.980952761941 3000.0 0.35641025641
861.98929856 -16.7656503126 0.963387864367 3600.0 0.664102564103
-3400.9151937 -2.46413557734 0.976972511375 3200.0 0.561538461538
-657.890911897 17.7135583312 0.977153242953 3000.0 0.612820512821
-3270.14713039 -61.7925733406 0.970375030805 3000.0 0.715384615385
2522.60291273 -57.9645249774 0.999608562312 4000.0 0.1
2635.60802585 33.8303308008 0.994166449757 3200.0 0.202564102564
1985.29026269 18.2366732813 0.99435712401 3400.0 0.202564102564
-3472.95824467 -21.616905276 0.974793157976 3400.0 0.612820512821
-2689.70715576 43.4128317922 0.995302927743 3400.0 0.202564102564
-986.597158999 -17.1905387569 0.953474074236 3400.0 0.510256410256
2552.0879367 -28.8509029369 0.981585849033 2800.0 0.253846153846
2233.35465065 12.1517042911 0.974275947661 3400.0 0.407692307692
-671.167819679 -23.0968487243 0.962746122424 3600.0 0.664102564103
-2428.24961528 36.4510817659 0.951148144967 3200.0 0.561538461538
449.264820305 -24.9622533684 0.951653796283 3400.0 0.510256410256
1185.49863886 23.8496725141 0.965744789652 3400.0 0.407692307692
-2149.41162328 33.3453297532 0.975894590164 3400.0 0.458974358974
281.37127492 8.8799626804 0.956605526206 3200.0 0.561538461538
-2587.55907546 -39.0154695287 0.967607921491 3000.0 0.561538461538
2214.8283454 -54.6662225591 0.986924161771 3400.0 0.407692307692
-4056.37680978 8.49165089315 0.979899042888 3200.0 0.510256410256
1584.38751529 26.7118194787 0.991547156947 3600.0 0.253846153846
3229.42050687 -32.2251914213 0.97512246728 3200.0 0.35641025641
-207.474612378 22.1284720287 0.956602977775 3400.0 0.561538461538
665.006046248 4.38167815791 0.951996093868 3400.0 0.510256410256
1888.61533275 -12.4604978712 0.983143727566 3000.0 0.305128205128
-1843.09625796 11.4679044986 0.966249491823 3200.0 0.510256410256
83.6327425 -21.1666601612 0.957392693455 3400.0 0.458974358974
-1211.26073345 -53.2342671696 0.995744779487 3800.0 0.305128205128
3368.89059158 -4.95327677663 0.999808094435 2800.0 0.1
2797.44190157 7.75907774794 0.982433334773 3600.0 0.407692307692
-774.538403434 21.0471211188 0.960255637913 3200.0 0.561538461538
-3245.49914421 4.98508720029 0.978319396126 3400.0 0.407692307692
1593.48439383 19.2525551322 0.959973509233 3200.0 0.510256410256
1503.93800773 16.3631995416 0.97527044501 3200.0 0.35641025641
-2349.18007893 -43.1823015698 0.989993443085 3800.0 0.971794871795
-3255.26237882 -16.4307355081 0.972565020363 3400.0 0.817948717949
-2417.24399306 13.6416031175 0.960146448471 3200.0 0.715384615385
-85.7642686878 -25.8294684272 0.956516267111 3400.0 0.458974358974
-628.714912884 -32.3520149454 0.993853476966 3000.0 0.817948717949
109.01285262 5.48682568002 0.96210562017 3400.0 0.510256410256
-3221.97106725 24.464013905 0.986135081679 3400.0 0.510256410256
1470.88548675 -3.90308976964 0.978103483285 3000.0 0.35641025641
1133.40924823 -14.5632689537 0.959395802815 3400.0 0.458974358974
933.464158649 5.38410410034 0.950845574073 3400.0 0.510256410256
-1792.73923776 -7.84793184742 0.970306483813 3200.0 0.510256410256
-1926.13458796 -15.0566299888 0.967435837901 3600.0 0.458974358974
2274.85824484 -2.54364076719 0.982189536134 3400.0 0.35641025641
-2327.22588824 1.48222699917 0.966244911298 3400.0 0.510256410256
2123.05307656 -13.3566457504 0.980197034759 3000.0 0.35641025641
-2617.19793925 38.9860126327 0.953429790166 3200.0 0.561538461538
-185.159147288 9.08780388791 0.960085879333 3400.0 0.510256410256
-2206.39133209 27.3327530254 0.958490329796 2800.0 0.612820512821
-1251.78431652 -11.994971873 0.962913079746 3400.0 0.510256410256
-1272.78712611 36.9851336979 0.957268736729 3000.0 0.561538461538
2986.74404502 -23.941566508 0.999835344738 3000.0 0.1
-3318.22280016 -17.42690867 0.990691432423 3200.0 0.35641025641
-2073.644768 -39.4086602333 0.96853482657 3400.0 0.458974358974
-349.10000958 41.7924890641 0.973193977619 3400.0 0.612820512821
-2059.42051084 21.9569891087 0.958615295535 3400.0 0.561538461538
-563.026994312 -4.42861394796 0.952524609156 3400.0 0.510256410256
-2076.67461473 29.8260555768 0.960055294645 3200.0 0.510256410256
102.255259849 -4.58240200705 0.955731727747 3400.0 0.458974358974
-295.794240038 14.2921868883 0.947687425463 3200.0 0.510256410256
2637.94191008 -10.8357853026 0.998606316582 3400.0 0.1
1043.93867453 50.2082364307 0.953529486336 3400.0 0.407692307692
-2953.0768831 -24.9073387652 0.964665864765 3400.0 0.510256410256
-1765.75487538 -15.8333624542 0.957802948404 3400.0 0.510256410256
198.16964901 18.5682710335 0.955074821387 3400.0 0.458974358974
3198.52595171 2.78136711755 0.99847967266 3200.0 0.1
1655.24890904 37.2316250111 0.989610176889 3200.0 0.305128205128
-3874.62899544 3.50585854037 0.981163110861 3400.0 0.510256410256
-2167.6648707 7.45679614751 0.958310552336 3200.0 0.561538461538
-2349.63276645 39.6170639628 0.993522140702 3400.0 0.35641025641
2259.47301655 -1.01798959674 0.979113662895 3200.0 0.35641025641
-1156.10950665 38.0986435771 0.964971680868 3200.0 0.664102564103
-2985.51164165 -56.8643225966 0.96228001418 3400.0 0.612820512821
2929.38469071 17.1928580705 0.996452663063 2600.0 0.202564102564
-1552.56968849 61.6905260204 0.953806977247 3400.0 0.561538461538
707.82918673 -7.96445301606 0.95502086408 3600.0 0.458974358974
-1850.16902266 4.01783422747 0.96425500681 3400.0 0.561538461538
-1561.12148183 1.67931305512 0.961870226044 3400.0 0.510256410256
521.7962257 30.0119330913 0.96194498355 3400.0 1.12564102564
-415.552818533 7.67307159793 0.965650442799 3400.0 0.561538461538
2444.76506516 46.9367092014 1.00027164546 2600.0 0.1
-799.297113711 32.0285318341 0.962363630947 3200.0 0.612820512821
2081.09999504 65.199030681 0.991984142955 1800.0 0.664102564103
-1163.6217114 15.9187085107 0.955300810251 3400.0 0.561538461538
2771.29861124 -23.3624525547 0.993254396337 3400.0 0.202564102564
-2681.70924119 -41.9368524477 0.975433604818 3200.0 0.715384615385
2753.98329254 32.7615698213 0.993920331127 2600.0 0.253846153846
1846.10799612 43.186227157 0.987013516817 3200.0 0.458974358974
1803.82287795 -58.1285079695 0.984660679601 2600.0 0.305128205128
-2750.29351032 -10.4699267519 0.982737153884 3200.0 0.458974358974
3227.10619757 -32.9813212103 0.998278463107 3400.0 0.202564102564
-3110.60214605 17.7520363009 0.994125013914 3600.0 0.305128205128
496.154117065 38.8383899713 0.981755381606 3400.0 0.664102564103
418.603448907 -8.00061339188 0.965525361919 3600.0 0.510256410256
-598.85713653 -25.7838119224 0.984844329658 3600.0 0.817948717949
-2028.57910287 15.0138869453 0.959753073749 3400.0 0.510256410256
70.2942678802 -35.291281942 0.954923417805 3400.0 0.612820512821
-2212.73135049 28.1285362733 0.942458423259 3400.0 0.612820512821
-3452.47969203 60.4305409459 0.970264158258 3200.0 0.561538461538
1473.36243782 41.6892828877 0.952436317993 3200.0 0.612820512821
3982.85840705 39.2890937634 0.997646565342 3400.0 0.151282051282
-3110.84970952 -16.3119387264 0.9663926544 3400.0 0.715384615385
-3337.20415151 42.8790330053 0.965917157971 2800.0 0.612820512821
2756.29884836 19.4255741381 0.993432503665 3000.0 0.305128205128
-3270.19741416 -6.26885430334 0.981670559124 3200.0 0.458974358974
-409.664938799 48.7295688249 0.956559815794 3200.0 0.510256410256
-1811.43092566 -1.80948887518 0.956145336687 3400.0 0.561538461538
1197.93041153 -15.5118197598 0.956797773298 3000.0 0.458974358974
848.649604434 60.421706861 0.956192103209 3400.0 0.561538461538
-2539.21323002 -10.7430347806 0.967035477868 3400.0 0.612820512821
514.912036421 58.3729200825 0.958432595794 3000.0 0.664102564103
2867.19091294 -15.171547407 0.999512814114 3800.0 0.1
-2053.18922273 46.8881865261 0.967445603898 3000.0 0.766666666667
-2465.50938706 32.0264538399 0.952265364859 3400.0 0.561538461538
-372.003083081 7.83282309285 0.963291737096 3400.0 0.561538461538
-1359.91396139 -38.7953713829 0.967072493427 3400.0 0.510256410256
-2920.11304303 76.4526578936 0.993323989376 3400.0 0.202564102564
2670.6870105 38.3494870676 0.991073896791 3600.0 0.253846153846
679.213472851 51.4668202308 0.951561805768 3200.0 0.510256410256
1664.12724883 -23.8785713961 0.966532742672 3200.0 0.458974358974
3616.01540817 43.202620423 0.990826420163 3400.0 0.305128205128
-595.765669333 -50.8800553217 0.971228602486 3200.0 0.715384615385
-1361.78639841 -3.67763827014 0.965725810917 3400.0 0.510256410256
-2435.42066292 -35.6518228454 0.999728410988 2600.0 0.1
109.848522083 -15.145635826 0.97568265186 3400.0 0.510256410256
2584.79815724 -18.3472620189 1.00065365476 3400.0 0.1
322.691756251 36.6098781465 0.983622206305 3400.0 0.561538461538
-2484.85889329 -6.27401739402 0.980726719308 3400.0 0.407692307692
3432.74689418 47.2900384531 0.991883151891 2600.0 0.253846153846
-95.9622079654 -45.408581693 0.991191937461 4000.0 0.612820512821
-3133.07940339 6.45117346967 0.982776655629 3200.0 0.458974358974
1109.09030941 -19.6523027764 0.962249371 3600.0 0.407692307692
1459.60695861 -13.609857476 0.969987425651 3200.0 0.35641025641
1714.874803 -27.4884173777 0.969761620209 3400.0 0.407692307692
-2502.682604 -56.7264391267 0.984940959859 3200.0 0.561538461538
2380.16162805 -35.7077054992 0.984329656225 3200.0 0.35641025641
2337.23702023 -29.7915943434 0.994808086293 3400.0 0.202564102564
694.698320092 29.1012054487 0.955402477077 3400.0 0.561538461538
-136.134844202 -2.88157099807 0.965031469702 3400.0 0.510256410256
-1690.76202464 77.6771290339 0.993736141328 1200.0 0.253846153846
-2851.81711354 -26.8104392292 0.978225618235 3200.0 0.407692307692
-1903.27098631 47.7935825791 0.957516919354 3000.0 0.715384615385
-944.152925628 -43.7970311449 0.970487682136 3000.0 0.612820512821
1115.69324315 52.0949198812 0.997074412601 3000.0 0.253846153846
-1320.62173559 -9.93658011768 0.96025933708 3400.0 0.664102564103
-325.637497378 -11.6546920246 0.957658814387 3400.0 0.510256410256
460.415281155 -22.5364419403 0.9642648703 3200.0 0.458974358974
-2897.73402162 9.31313334754 0.980037737202 3400.0 0.407692307692
3588.37949099 52.9176052074 0.99769589398 3600.0 0.151282051282
975.698045473 12.4870715216 0.952878891974 3400.0 0.612820512821
1586.94344021 56.5558593041 0.961687028172 3000.0 0.407692307692
45.7740802394 -13.3687043632 0.962622718004 3400.0 0.664102564103
-430.011174268 -15.0793858448 0.960293316246 3600.0 0.664102564103
-2739.19893596 -6.44978176088 0.967218150647 3000.0 0.561538461538
-1682.22914479 -36.5996652386 0.973002487267 3400.0 0.510256410256
525.163337327 2.49339052939 0.957400053377 3400.0 0.510256410256
2684.30864885 43.2473421014 0.995541231564 3400.0 0.202564102564
-2747.56221278 4.91839927733 0.970378827755 3600.0 0.510256410256
-2837.6123687 6.24069118701 0.967539679543 3400.0 0.510256410256
-2975.59699963 55.6727979207 0.967362222607 3000.0 0.766666666667
-107.668309841 -6.56020370412 0.961051666396 3400.0 0.510256410256
2847.63469708 27.9115746534 0.971978489483 3200.0 0.458974358974
3366.6248489 -18.4733043519 0.998126380133 3200.0 0.151282051282
-196.859636113 14.400961092 0.95160350219 3400.0 0.561538461538
4282.4881223 -38.6071323004 0.994565527621 3400.0 0.407692307692
1355.73090557 63.5913634697 0.986971425455 3600.0 0.612820512821
18.7773362138 0.741300192971 0.957257962986 3400.0 0.561538461538
-1385.58670797 5.2173846523 0.96064470617 3400.0 0.561538461538
3217.16061419 -34.2516102292 0.987349089565 2800.0 0.253846153846
2707.10823936 -23.6818746404 0.980039630682 3600.0 0.561538461538
3002.30445651 16.9422119303 0.998090447854 3200.0 0.202564102564
-1050.98910847 3.75726491846 0.954065396357 3400.0 0.561538461538
-2887.76269611 20.9538655223 0.972737934816 3000.0 0.510256410256
-588.870319102 45.2930903002 0.956472104859 3200.0 0.561538461538
-3810.02443844 50.1854487306 0.970536991268 3200.0 0.561538461538
-350.027794445 42.9688731171 0.996294339952 3600.0 0.202564102564
-3334.36488811 20.476056459 0.958997006062 3400.0 0.664102564103
-1712.73458583 -24.6778735029 0.95938145275 3400.0 0.869230769231
-56.677193713 34.5191100094 0.993606401159 3400.0 0.202564102564
1128.12902193 -1.25404452503 0.96157889554 3400.0 0.458974358974
3632.84383295 37.9520500625 0.995375940345 3800.0 0.202564102564
-1751.249207 31.5085868059 0.993085371062 3400.0 0.305128205128
1860.14524065 33.8023794561 0.96761124697 3200.0 0.407692307692
-4574.57460803 -13.3326317515 0.98528354384 3200.0 0.561538461538
-561.605777652 53.9416285649 0.992624770171 3000.0 0.715384615385
1752.90939704 26.9098564199 0.988615015825 3200.0 0.35641025641
-3123.90779048 -3.09656861885 0.973255163174 3000.0 0.510256410256
824.756174497 77.6108202896 0.980748744841 1000.0 0.510256410256
2326.40058521 -51.390881936 0.994454663267 4200.0 0.253846153846
3486.3990667 68.7942091 0.987808764735 2800.0 0.305128205128
1825.25380091 1.59823887798 0.970656308777 3000.0 0.407692307692
-3652.14898776 -23.4794535232 0.993787257487 3400.0 0.305128205128
-1951.02982846 25.2598401638 0.975426485411 3000.0 0.510256410256
-833.693697194 -11.0524968079 0.951566528949 3200.0 0.510256410256
838.096426939 33.8971312716 0.958542301529 3200.0 0.510256410256
3305.3220674 -4.52156365987 1.00074462764 3000.0 0.1
-2295.65611442 -44.5057991176 0.999010657505 2200.0 0.202564102564
-3072.7603242 29.7560400611 0.989014448319 3400.0 0.305128205128
-2271.76089239 5.14610452428 0.958181200127 3200.0 0.561538461538
1957.47821974 31.6979622866 0.982981314524 3200.0 0.305128205128
2094.72366569 34.0944188175 0.974707812125 3200.0 0.510256410256
2140.82332385 59.6022354539 0.995028715592 3000.0 0.305128205128
286.554364029 -4.32108962341 0.967508936252 3400.0 0.510256410256
3046.18579386 58.3409360017 0.987574860354 3000.0 0.407692307692
-1311.85679519 21.6466151118 0.956337137508 3400.0 0.561538461538
-1635.99832773 71.2611530892 0.970801597955 3400.0 0.407692307692
-4167.67848166 -25.3433756397 0.98404135266 3200.0 0.561538461538
3298.14930036 -15.3077222849 0.997176002884 2800.0 0.151282051282
281.763383204 -34.3597724976 0.986248256489 3400.0 0.407692307692
1167.68696738 -19.8646253855 0.960674300356 3200.0 0.561538461538
-1530.48673013 -19.9467475012 0.957149252213 3200.0 0.510256410256
-3382.1751838 -15.214018776 0.971674966486 3200.0 0.510256410256
-1414.54625977 -7.65275764653 0.965084192025 3400.0 0.612820512821
-1344.65243972 -17.8446896089 0.955280018905 3400.0 0.458974358974
-2141.47995953 -34.1492158294 0.968170403324 3200.0 0.458974358974
1329.33721275 41.596502786 0.961368192538 3400.0 0.510256410256
2557.34856634 51.6873916616 0.99789843281 3600.0 0.202564102564
-1458.92777281 39.9416247187 0.997346101777 3400.0 0.151282051282
853.776327478 38.8663768207 0.992100585602 3400.0 0.407692307692
-3137.16807638 -53.7539756282 0.970231942174 3400.0 0.612820512821
983.34191126 10.4347915716 0.970235698528 3400.0 0.458974358974
-667.525445405 -6.2498349921 0.957521158562 3400.0 0.612820512821
-1210.6754241 44.8274216707 0.986508204224 3400.0 0.35641025641
2061.415352 33.4406529514 0.999352396407 3600.0 0.1
-3105.67467276 65.4975728747 0.973627339064 3000.0 0.458974358974
1655.51907143 37.3760914723 0.981420120441 3000.0 0.407692307692
-3323.15557657 30.9673292561 0.974657606645 3200.0 0.510256410256
-2435.73341632 25.0315137074 0.965265534406 3400.0 0.715384615385
2911.05881126 8.21474513808 0.992705891431 3200.0 0.202564102564
-2012.22473768 -8.31212563496 0.960251435057 3400.0 0.561538461538
846.925494042 29.5152016222 0.947993784376 3400.0 0.458974358974
-1458.76107132 2.91715589437 0.967665363572 3400.0 0.458974358974
1440.07325166 47.3295153118 0.975212017571 3000.0 0.510256410256
-3115.31864212 14.630225289 0.980081729291 3200.0 0.510256410256
-2429.6988909 -29.2758422834 0.976055631842 3400.0 0.458974358974
-1615.31376114 -20.3171414288 0.964063779103 3400.0 0.715384615385
3421.59849461 14.8869470809 0.991123719945 3000.0 0.253846153846
-2187.76100366 -63.164363572 0.972111953101 3400.0 0.561538461538
-1130.54953298 -10.7007284688 0.973527156564 3400.0 0.458974358974
802.14729621 41.8608880553 0.961609175727 3000.0 0.766666666667
-3664.03409112 34.9768025889 0.948917647787 3200.0 0.817948717949
1959.64324742 -13.0676178886 0.975370021778 3200.0 0.458974358974
-2529.91099849 49.1085751567 0.992936856065 2400.0 0.766666666667
-1063.28308586 17.6004497023 0.963309136055 3200.0 0.458974358974
1096.30235126 46.2491570888 0.995571010046 3400.0 0.305128205128
2512.25985436 55.1141673159 0.987180145932 3200.0 0.305128205128
3501.44081239 -45.413953664 1.00049125839 2800.0 0.1
3504.26213592 -36.630471696 0.999975373432 3600.0 0.1
1429.94361762 52.752314439 0.990652074653 3200.0 0.35641025641
-562.56633153 -15.0857336313 0.953215434903 3200.0 0.612820512821
-2183.71848164 -39.7008275701 0.992350930601 3400.0 0.35641025641
1463.70314352 -35.1509170793 0.990826705963 3400.0 0.253846153846
-2555.14322244 50.6971306641 0.981858272393 3000.0 0.766666666667
3287.94549591 -42.0075831931 0.997210252321 7600.0 0.305128205128
-1348.7208379 -33.9168415973 0.970864358542 3600.0 1.43333333333
-2311.31485407 -32.9539328861 0.964338656207 3400.0 0.510256410256
3177.71473204 -9.01987681549 0.99527292154 2600.0 0.151282051282
976.678339339 21.3792545338 0.951417198006 3200.0 0.664102564103
-3118.31348593 27.1505325052 0.970619375365 3200.0 0.664102564103
2114.24498722 -44.6899897272 0.98618194604 3000.0 1.02307692308
748.269909933 34.1849745357 0.986452702583 3400.0 0.561538461538
3368.5266563 -13.4410232863 0.97982978747 3400.0 0.305128205128
-3498.63794989 -43.5952881947 0.998509961102 2400.0 0.253846153846
-1591.58088483 60.2062939498 0.97139398197 3200.0 0.458974358974
-1605.01343317 -66.0618130057 0.975623458797 3000.0 0.612820512821
-1779.33955097 35.6197514504 0.987504271552 3400.0 0.458974358974
247.494919875 52.5777394383 0.964610759191 3400.0 0.458974358974
-1504.2013067 14.3878921596 0.977515433104 3400.0 0.510256410256
3002.94078764 -63.3231082103 1.0011743046 8000.0 0.1
2673.06391156 -44.682510824 0.973004071833 3400.0 0.458974358974
749.792893042 -37.9213091437 0.962982658177 3400.0 0.510256410256
2475.54170185 17.6846854811 0.975421704334 2800.0 0.305128205128
-2646.80327689 6.33598327374 0.971916627957 3400.0 0.458974358974
2511.33522484 -23.399405167 0.991944832196 3600.0 0.407692307692
4033.44989457 17.4869908291 0.973416368509 3400.0 0.407692307692
1873.53341076 -5.89866885804 0.971392644524 3200.0 0.35641025641
3474.83986577 21.1740290799 0.981252074342 3000.0 0.35641025641
1564.41614694 -33.0941233954 0.975080896445 3000.0 0.305128205128
-608.647521288 30.7996192476 0.995217955629 3400.0 0.253846153846
-2922.6223844 -0.55443849503 0.965428392094 3200.0 0.510256410256
3342.00533857 59.2798295671 0.994647400497 3000.0 0.253846153846
-4280.72800049 42.4546411162 0.974894846289 3400.0 1.5358974359
-196.144118416 28.2983243742 0.97336312957 3400.0 0.715384615385
2013.46343618 -3.23104126089 0.979011565772 3600.0 0.35641025641
-2604.74315085 -10.8184202142 0.955681144346 3000.0 0.561538461538
-603.384369762 25.0954834441 0.958968726788 3600.0 0.664102564103
-1182.16072975 12.6123540632 0.960605950653 3200.0 0.510256410256
-2898.46065041 28.4105839332 0.970599402845 3400.0 0.561538461538
4162.63840822 -21.8237703472 0.983326413066 3200.0 0.35641025641
-2302.10200614 74.6190866214 0.9961354394 3600.0 0.305128205128
3795.49823839 14.6854482767 0.998856673351 2800.0 0.1
1531.71369218 11.5904429364 0.974969632573 3200.0 0.407692307692
555.160793102 14.677465732 0.961454069177 3400.0 0.612820512821
2750.30568044 -9.67192855805 0.998859121788 3400.0 0.1
3518.1942296 -14.880971386 0.989765452002 3000.0 0.305128205128
-2739.58034628 -29.57927893 0.96438045175 3400.0 0.458974358974
-1180.3260356 -12.4081457255 0.96974563564 3400.0 0.510256410256
3550.66928138 -45.3757852369 0.98643982657 3200.0 0.510256410256
-667.677602504 -24.0051835639 0.968180774718 3400.0 0.458974358974
960.560817442 12.7001844734 0.952617354338 3200.0 0.561538461538
4280.93621604 16.8291789239 0.985984382266 3200.0 0.458974358974
-3328.1771588 -31.1677722114 0.995600142327 3400.0 0.305128205128
-1362.44713554 5.58346796939 0.967306180856 3400.0 0.458974358974
1074.94236992 -33.2904842755 0.955436009845 3400.0 0.458974358974
1028.33314569 30.9257104769 0.963793037443 3400.0 0.510256410256
2837.88584945 -29.3055902111 0.995194037228 3000.0 0.202564102564
279.00408557 15.6663232953 0.952579326787 3400.0 0.612820512821
-3230.9260028 7.78301987827 0.9675551455 3200.0 0.561538461538
-889.929856613 13.2863424853 0.948494307586 3400.0 0.561538461538
3919.26158029 -3.99680488319 0.9971280876 3400.0 0.202564102564
2388.18961991 -43.9259621185 0.99492589469 3000.0 0.202564102564
-2590.72956414 -16.1072261049 0.972662042955 3400.0 0.458974358974
-124.949654862 45.4783649415 0.983841112771 3400.0 0.407692307692
-983.053715086 11.1166051244 0.95746763687 3400.0 0.612820512821
-879.817833695 -38.8884092866 0.992314160589 3200.0 0.458974358974
214.21790685 -11.7276875648 0.965747598333 3400.0 0.612820512821
2309.42531739 -12.6518196347 0.995257122916 3000.0 0.202564102564
-391.093908935 -50.0814615678 0.996009497367 3600.0 0.151282051282
2126.4156801 19.5167436007 0.980264401963 3200.0 0.35641025641
-1501.96078602 -13.9992735864 0.965078423069 3400.0 0.510256410256
-361.823764368 79.0116454332 0.992749589316 1200.0 0.305128205128
2893.22703073 1.85162977575 0.997663172493 3200.0 0.151282051282
3705.51687107 -53.4520492144 0.986312192991 3000.0 0.612820512821
-483.493447439 -35.4604101164 0.95437301074 3400.0 0.510256410256
529.522337239 41.7181909808 0.953174922021 3200.0 0.664102564103
-2230.67367618 25.6754397532 0.965203691028 3200.0 0.510256410256
-1231.34301904 21.841309178 0.961253609957 3400.0 0.510256410256
-2122.45712953 4.84529229556 0.966664235648 3400.0 0.510256410256
-1479.9516744 -10.1459876591 0.973881803497 3400.0 0.458974358974
-1817.11437533 27.8341021021 0.951125570804 3200.0 0.612820512821
-3102.08197282 -27.5669847116 0.978292386889 3200.0 1.07435897436
1706.17440729 -33.4249324091 0.983338385143 3200.0 0.869230769231
1664.44030332 5.03305263994 0.964794050012 3200.0 0.458974358974
1578.63074871 -2.54060832959 0.972681064183 3400.0 0.35641025641
2655.48046678 -42.4620612575 0.998736784437 3800.0 0.151282051282
3340.73101671 44.8613365002 0.974483065043 3600.0 0.407692307692
1223.02571693 53.1345359374 0.96729301467 3000.0 0.407692307692
-2829.16555315 -18.9187056741 0.973762320412 3400.0 0.458974358974
1870.54026292 -31.7835435211 0.985587213238 3000.0 0.305128205128
3976.29477022 57.3929935428 0.997880545854 1000.0 0.305128205128
-2243.70564518 20.0460189299 0.967112737322 3200.0 0.510256410256
3409.950998 71.2905726253 0.987991943498 3400.0 0.305128205128
1874.60823003 16.5614807175 0.970914418366 2800.0 0.407692307692
-429.785668408 30.1444012437 0.986089458908 3200.0 0.35641025641
-2930.60051621 56.7006855977 0.971635622634 3200.0 0.561538461538
-1292.32691842 26.8758909388 0.970608068642 3200.0 0.869230769231
-788.037785481 -10.9952633876 0.97557701679 3400.0 0.458974358974
-303.758468887 33.494252821 0.948965537188 3400.0 0.510256410256
-3095.59988998 59.4489404688 0.990216721005 2800.0 0.561538461538
364.440135149 70.2834659721 0.994779273217 1800.0 0.458974358974
3187.41190727 44.3685462548 0.99414889029 3000.0 0.202564102564
-671.88501137 -48.1093803354 0.976599572862 3400.0 0.458974358974
-1190.49088011 -9.90370531519 0.967909849575 3400.0 0.458974358974
-2939.14172521 67.7806899173 0.991322630451 1200.0 0.407692307692
345.464242787 43.2963168487 0.990070212486 2800.0 0.715384615385
-3748.15269456 14.0865746381 0.961054393534 3400.0 0.612820512821
-49.2255481039 -20.7275638225 0.95536182019 3200.0 0.458974358974
-1857.3516532 44.6578993269 0.972097243168 3400.0 0.766666666667
-2124.90429196 -59.9066648266 0.966507984902 3400.0 0.766666666667
-2774.13718057 33.9261074837 0.97271520917 3200.0 0.510256410256
717.187940853 44.9627736133 0.994022074406 3600.0 0.202564102564
1252.97114542 -46.3100551469 0.99032193202 4200.0 0.458974358974
3251.92814635 -48.9814668208 0.997398668323 3600.0 0.253846153846
-3142.17142097 -19.8610613091 0.97366279892 3200.0 0.458974358974
-291.663019135 33.9711898324 0.960983995566 3200.0 0.561538461538
-109.408937484 -25.8515767969 0.98836328321 3600.0 0.715384615385
3769.60618468 19.1335175332 1.00013991068 3400.0 0.1
-3025.03137395 -9.18651574721 0.976745736607 3400.0 0.458974358974
272.185833195 37.011466798 0.95339541838 3400.0 0.510256410256
-332.343049917 -34.8919065451 0.992489135094 3600.0 0.817948717949
3186.07054132 48.4762953623 0.995076411871 2000.0 0.458974358974
852.090989035 -5.8399072593 0.963168114743 3400.0 0.561538461538
2465.53202875 -51.5793273828 0.982438471135 3000.0 0.510256410256
1042.34917998 -8.31624627482 0.956950726985 3400.0 0.510256410256
-1176.69061227 21.3081101576 0.964660895903 3400.0 0.561538461538
2621.80677152 -28.9091641001 0.994732388754 3600.0 0.561538461538
1051.7036843 66.6433464816 0.979397087774 4200.0 0.766666666667
-1000.60086655 41.5467987351 0.966144997441 3400.0 0.664102564103
1847.74985006 -32.8571794927 0.970684882542 3200.0 1.33076923077
-2271.45696931 -64.4646855617 0.998378069542 3600.0 0.151282051282
-1418.17663943 -58.3837878795 0.980876874344 3000.0 0.561538461538
142.832533837 -46.8851331888 0.972833300855 3600.0 0.561538461538
-623.68835129 -20.4364156014 0.973580407997 3000.0 0.407692307692
3041.39189625 -39.115560028 0.99495958321 3000.0 0.458974358974
-2559.99206385 -17.0430975572 0.963166588789 3400.0 0.612820512821
1145.95759633 28.2569522791 0.989963379561 3200.0 0.305128205128
-909.983562499 -10.6677603517 0.973904614608 3400.0 0.510256410256
3960.23804367 -17.7869693583 0.993259759178 2800.0 0.407692307692
-1334.81265842 -20.7303256135 0.982173554048 3400.0 0.407692307692
