3200.83128851 -3.72699509553 0.854635043775 5200.0 0.766666666667
-772.033962912 25.6443319693 0.875001126379 4600.0 0.766666666667
899.488875289 -46.4276861558 0.857390968717 4800.0 0.920512820513
-2988.10396569 56.365891292 0.989166600776 5000.0 0.253846153846
-1844.94339569 48.5907822242 0.907812918102 4800.0 1.22820512821
-3415.31712929 -35.2285804048 0.931680531785 4800.0 0.715384615385
1434.20885469 50.7491451574 0.939472618159 4600.0 0.920512820513
3605.96622579 -38.5809210678 0.853040300055 4800.0 0.664102564103
-1657.85461623 20.9478044351 0.885217264621 5000.0 0.920512820513
-2812.15674219 13.4538556013 0.945594470212 1200.0 0.766666666667
354.273405701 74.3567104157 0.972651584286 1000.0 0.407692307692
569.289805875 -9.53342169197 0.856424925974 4600.0 0.920512820513
-1906.05824908 20.1383169848 0.921930620017 5000.0 0.869230769231
-2076.78869454 8.19315626901 0.897891922539 5000.0 0.817948717949
3047.98875468 40.3834604598 0.879485444611 4800.0 0.766666666667
169.661295574 -38.3772566932 0.857697395731 4800.0 0.920512820513
-2151.55437495 -16.0198693692 0.866811134728 4800.0 0.971794871795
3162.09673837 47.699183798 0.97699169329 1000.0 0.458974358974
-2700.7022666 45.1759304662 0.950634071535 3800.0 0.458974358974
3814.44634299 35.2021188542 0.902353768152 5000.0 0.817948717949
-2803.21668198 8.89811346561 0.884226638102 4800.0 0.920512820513
-1783.81144388 25.9612295659 0.934297531074 5000.0 0.869230769231
1522.73316106 13.627027659 0.875179664669 4800.0 0.869230769231
-654.363657865 4.17608348021 0.839695854092 5000.0 1.02307692308
-727.68059336 -39.521804454 0.920828334302 1000.0 1.27948717949
-1423.65539278 -16.746737283 0.860436345365 5000.0 0.920512820513
-1995.84756928 -12.0962853918 0.870491951735 4800.0 0.920512820513
-1385.25436853 62.1581425128 0.961220598635 1000.0 0.510256410256
2091.62290095 -15.8980696189 0.883867281076 5200.0 0.869230769231
3319.99923638 37.1401458043 0.949178641263 5000.0 0.510256410256
922.218646039 -32.3990134091 0.942233227892 1000.0 0.612820512821
-1800.29134061 -6.88167390808 0.866635591255 5400.0 0.869230769231
2463.78090613 2.6788402405 0.852066080845 5000.0 0.817948717949
2705.09272258 -1.65225722417 0.90311539924 5200.0 0.869230769231
1000.38217223 56.2694018381 0.966392353653 6800.0 0.458974358974
338.06597775 -3.6537643523 0.842375531467 5000.0 0.920512820513
-2159.62143149 56.3281709459 0.986663901376 1200.0 0.407692307692
2717.32756206 -44.7528795057 0.926665736604 5200.0 0.715384615385
-218.092333043 35.6094288159 0.908821556574 7800.0 0.664102564103
2728.98724094 -42.8343354448 0.96240706411 3400.0 0.612820512821
3625.089524 22.6343671519 0.901818015958 4800.0 0.715384615385
4069.52146024 24.3850421284 0.91239044744 5000.0 0.561538461538
-2740.39365898 1.19982327816 0.901446623321 4600.0 0.869230769231
2998.91663131 43.2589051439 0.940325826793 5200.0 0.458974358974
-517.230976815 21.1369400933 0.856498868514 4800.0 0.971794871795
-1762.30504301 37.6254312521 0.942945452542 4600.0 0.971794871795
1909.80041044 1.96903345174 0.871630080217 5200.0 0.869230769231
-1614.74488487 -13.1839956236 0.890796004011 4800.0 1.12564102564
2157.43454921 10.8443975219 0.886966953041 5400.0 0.817948717949
-2583.20447593 6.29634839223 0.881023925967 4600.0 0.971794871795
-2922.69074397 -5.74146556724 0.880683187864 4600.0 1.07435897436
-3403.10471864 -54.7186928947 0.977597164542 1000.0 0.458974358974
-116.772653202 25.336101456 0.912488555199 5000.0 0.766666666667
-3544.29581717 15.0123367472 0.954538724084 1200.0 0.715384615385
1901.7397131 -26.5766405614 0.880395315191 4800.0 1.02307692308
75.7446164751 -35.8978609622 0.951501011815 3800.0 1.58717948718
3754.60192982 16.5914520513 0.954810243111 5200.0 0.612820512821
-3690.49967088 2.16499470638 0.877703654297 4600.0 0.971794871795
-1571.93671833 50.3663650898 0.982366810478 8000.0 0.407692307692
-2478.03818048 3.45586185688 0.907047106179 4800.0 0.920512820513
-1962.94378416 -25.3343047252 0.883038937509 4600.0 0.920512820513
-3023.01387256 -10.235083793 0.912853672445 4600.0 0.920512820513
1534.65235361 2.03655132093 0.897235606156 5200.0 0.817948717949
-2394.74596189 -34.1790097243 0.926526360699 3200.0 1.07435897436
-2351.51191209 -41.9485546086 0.969516861204 1200.0 0.458974358974
814.810365693 -1.72054123335 0.885472907932 5000.0 0.869230769231
-563.746696434 -59.6390676983 0.983864528606 1000.0 0.35641025641
-2527.20585725 44.6966997031 0.968429240447 5000.0 0.612820512821
3071.97261943 -34.6749943444 0.91744640891 1000.0 0.715384615385
-423.672001941 35.2007547836 0.946596443614 4800.0 0.766666666667
-3456.96337217 5.68399282366 0.941713909731 4600.0 0.817948717949
1792.22012739 -11.5778430985 0.880663793167 4600.0 0.920512820513
-261.237642895 25.284425106 0.910226570606 5000.0 0.971794871795
355.82097676 -30.2547181617 0.929291689062 5400.0 0.817948717949
-3589.06023019 57.196936605 0.973026703451 4800.0 0.561538461538
-2179.1606485 -3.05860710175 0.868461005685 4800.0 0.971794871795
3480.53239883 -31.6680964886 0.908876846545 5000.0 0.766666666667
-1231.0268818 -1.73793152039 0.859974021442 5200.0 0.971794871795
2444.88821754 49.7888481432 0.949212345676 7400.0 0.766666666667
-2995.43841023 27.7430322204 0.894067725242 4600.0 1.22820512821
2913.99404089 23.1209220251 0.874171512752 4600.0 0.920512820513
-2506.55165659 -64.0074475816 0.98212435264 1000.0 0.510256410256
-3342.79536588 15.8714867801 0.929686980043 4600.0 0.971794871795
-1385.40753396 23.9656521922 0.903001994075 5000.0 0.869230769231
-2534.41969847 3.86914337174 0.904530649164 5000.0 0.869230769231
1133.45645466 15.6879849131 0.830469074611 4800.0 0.817948717949
-4291.9712438 -39.8092676722 0.919257629565 5000.0 0.817948717949
-1732.80685653 2.59204272985 0.839447748517 4800.0 1.07435897436
2960.0013314 55.9002534256 0.936157244411 5600.0 0.664102564103
3138.1450711 30.1357305251 0.875124090962 4600.0 0.766666666667
-2796.35783446 -24.0654865821 0.877431425082 4800.0 0.971794871795
-3086.3156595 65.2573953835 0.998300833846 7800.0 0.1
-1984.62925992 5.57166494457 0.872233089896 4800.0 0.920512820513
-2071.11584923 13.9122147762 0.870276731943 5000.0 1.02307692308
-2275.07946597 -60.0033880995 0.960990796614 4800.0 0.510256410256
3707.17430517 5.61847865289 0.891791648059 4800.0 0.920512820513
3236.78060395 -46.4858577199 0.948556814572 4800.0 0.715384615385
2988.43125744 -6.87184864535 0.901079869602 5000.0 0.869230769231
-2646.50942348 -52.2954807776 0.97796413854 3800.0 0.612820512821
1276.99555502 -7.02420210505 0.881819770657 5400.0 0.920512820513
3192.93169312 59.6048556522 0.958282307608 8000.0 0.407692307692
2753.29774096 -60.6131834583 0.970013408008 1000.0 0.612820512821
3048.27539324 -32.1373788627 0.90579902061 5000.0 0.664102564103
2808.7407188 -24.0845365425 0.919810106173 4800.0 0.715384615385
387.30874463 -17.1797051389 0.898112973419 5000.0 0.869230769231
-1038.53178696 -15.8649380443 0.90012303596 4800.0 1.22820512821
2540.19251527 32.3533884623 0.938554914611 5000.0 0.561538461538
-1644.24075675 -6.03149362703 0.870223874102 5000.0 1.02307692308
1782.41868179 57.9318036947 0.944131853225 5000.0 0.612820512821
-1405.62309604 -3.71966736749 0.86961419079 5000.0 0.971794871795
-2810.34373437 -1.25552080202 0.928986295873 4800.0 0.766666666667
-686.907384037 59.9562047756 0.989804097663 1200.0 0.202564102564
-3619.08239409 32.1535886425 0.976460689336 4800.0 0.458974358974
-2966.38116963 23.2312672398 0.929678254239 4600.0 0.766666666667
1593.24488332 -52.4119373906 0.97749070997 1000.0 0.407692307692
3664.28286154 20.6120972347 0.921646455844 5000.0 0.715384615385
-397.813474219 -15.816856121 0.856670301685 5000.0 1.02307692308
-1768.62892594 -22.6054117259 0.868219969025 4800.0 0.817948717949
-1436.30956796 2.09481758597 0.884999374859 4800.0 1.07435897436
-2389.61238333 0.714644573618 0.894275525747 5000.0 1.02307692308
1002.48976352 49.5415441271 0.935647189057 5000.0 0.817948717949
268.811803057 -48.2187929504 0.910633085373 5000.0 0.715384615385
-536.75071896 34.5289648182 0.939148016388 1200.0 0.869230769231
2410.0059496 42.8020034663 0.898493671737 4600.0 0.664102564103
1008.8423987 -34.2583759283 0.863224058002 5200.0 0.715384615385
3160.04017421 46.644389045 0.942939630508 4800.0 0.458974358974
2320.48810007 29.6951301944 0.912790062985 4800.0 0.766666666667
-2719.96889043 1.32064605983 0.878767083688 5000.0 0.971794871795
-61.6455756632 9.11782407029 0.824647289616 5000.0 0.920512820513
-3337.59893102 3.41535075855 0.935590611789 4800.0 0.715384615385
-633.04762709 -7.32085132199 0.848484174922 5000.0 1.07435897436
1795.8982715 -8.95313240351 0.90160934552 5200.0 0.817948717949
410.832510452 38.3154911391 0.949784113712 5200.0 0.561538461538
2997.21079263 -17.2525261748 0.900735854786 4600.0 0.715384615385
-1335.76134034 19.7645701476 0.853109067291 4800.0 1.17692307692
-1489.58703207 12.4433451284 0.855807124215 5000.0 0.869230769231
3314.21423052 -22.4329381646 0.925205213655 3200.0 0.766666666667
1290.02799212 -53.9112634127 0.879099042019 5600.0 0.869230769231
-984.252130337 24.7109893194 0.880764414939 4600.0 1.27948717949
3984.00829825 78.1898538229 1.00224230619 7800.0 0.1
-2276.49874301 15.7143403093 0.895143599919 4600.0 1.02307692308
-183.695043121 22.5339583632 0.892143348218 5200.0 0.715384615385
3210.57191054 43.921989821 0.906652858063 4800.0 0.817948717949
-1387.1332381 25.0646885273 0.914039855931 5200.0 0.817948717949
2412.12504899 -9.30918247295 0.882460038585 4600.0 0.817948717949
-2587.95544487 -64.89886639 0.978467158045 5000.0 0.35641025641
865.761805205 56.3211265503 0.942714235444 5400.0 0.715384615385
2563.59378316 5.47455002095 0.877225645375 4800.0 0.817948717949
79.2086562961 -17.6510557407 0.855967026229 5000.0 0.869230769231
-2657.6769105 -27.8921667078 0.883418024017 4600.0 1.02307692308
2984.66901716 9.73854614148 0.898252420733 5400.0 0.664102564103
-2978.82892467 -41.1130975058 0.964236283086 1200.0 0.561538461538
2047.26744638 11.0493915414 0.858356802525 5000.0 0.869230769231
-1403.87655972 10.1597744778 0.849526706388 5400.0 0.869230769231
-1650.8247214 -16.667944537 0.83644586215 5000.0 1.07435897436
275.127947324 12.3505020342 0.890278638769 5000.0 0.920512820513
-2281.01337895 -13.5532969099 0.892742748539 4800.0 0.869230769231
-176.570279708 -44.5384287907 0.896304898632 5200.0 0.971794871795
-1261.05791749 -50.1507400954 0.888936527527 5000.0 0.920512820513
1242.50585971 45.1632673336 0.937370105322 4800.0 0.715384615385
-909.418041558 32.3910315339 0.868804556149 5000.0 0.920512820513
-761.307630647 23.8316273277 0.869681650135 5400.0 0.869230769231
1168.49778063 -7.55038554091 0.852748234783 5200.0 0.971794871795
-566.99904002 -2.17685609243 0.847251548921 5000.0 1.02307692308
-2993.50771479 8.20655022775 0.915637020379 4800.0 0.869230769231
1336.12373867 1.63693800702 0.849917582958 4800.0 0.920512820513
-2918.45392585 34.6358289414 0.933439741913 4800.0 1.02307692308
1804.49284704 41.3225620949 0.916542172287 5200.0 0.766666666667
370.928910693 35.89536689 0.937570849566 5400.0 0.715384615385
2359.99404493 7.22990325372 0.91000279804 5400.0 0.817948717949
-2217.0631329 -41.508650679 0.906143375656 5200.0 0.766666666667
601.320430915 21.2631550134 0.864110929628 5000.0 0.817948717949
-1351.06878875 73.1423657643 1.00355153173 8000.0 0.1
-1349.10078047 48.8290269819 0.937329253958 4800.0 0.869230769231
-2997.9862574 58.6432452366 0.98182528165 4800.0 0.407692307692
-2251.42576346 10.2362249316 0.90533412098 4800.0 0.920512820513
2397.95828223 -4.09341847305 0.873097537354 5000.0 0.869230769231
3017.47982749 23.8249576473 0.862588874927 4400.0 1.27948717949
2243.72499053 42.9649068433 0.954787900933 1000.0 0.510256410256
3104.45976702 64.8911075599 0.988800505384 6800.0 0.35641025641
-2110.96722097 3.92622239086 0.888438477766 5000.0 0.920512820513
2762.40913758 -34.1665485297 0.958501483104 1200.0 0.612820512821
-3737.57755446 -42.0129256467 0.9098462114 5000.0 0.869230769231
1461.69440489 -21.846361342 0.929876106148 4400.0 0.869230769231
-1083.15734183 67.7784293385 0.993836487026 1000.0 0.202564102564
-916.634477517 -20.7721120567 0.906537004326 5200.0 1.12564102564
-1210.51274891 -2.76021189221 0.85931488993 4800.0 1.02307692308
460.833015292 17.6671091469 0.850139158085 5000.0 0.817948717949
1050.71895684 58.6734806795 0.984786679465 7000.0 0.305128205128
192.306456353 -22.1934759914 0.824164776867 4800.0 0.920512820513
-1375.8764979 43.2467019494 0.944605515361 4800.0 0.664102564103
-2363.60293035 -42.3493872329 0.906479398785 4800.0 0.817948717949
1447.71304054 -30.9564449451 0.874863701145 4800.0 0.817948717949
2958.78615835 -42.9437378047 0.938044678893 3800.0 0.869230769231
3988.47533501 36.3067423489 0.883972524747 5000.0 0.664102564103
1887.1221302 89.2744861211 1.00406593682 8000.0 0.1
2386.19957522 -44.0636952264 0.93614515167 1200.0 1.33076923077
1063.10149937 -43.8482965374 0.858414878052 5400.0 0.869230769231
-2191.26791782 -36.7667927618 0.915560602945 5000.0 0.766666666667
-972.518693007 19.556003903 0.842538011664 5200.0 0.869230769231
-324.958831577 30.4176158735 0.887870803558 5000.0 1.12564102564
1459.89547598 -33.5732902879 0.888281838465 4800.0 0.715384615385
-1215.2594072 13.2967968876 0.887515837009 4800.0 0.920512820513
-2878.40352719 -22.8206913031 0.913972516326 4600.0 0.869230769231
1727.16651898 71.5767388944 0.99042470527 1200.0 0.151282051282
-1381.44514206 -35.986682632 0.913486657243 4800.0 0.869230769231
-2635.44522378 -37.9587100119 0.896611747213 5000.0 0.817948717949
-2424.42139755 38.9698483034 0.963808444038 7800.0 0.407692307692
-3408.33446416 -52.1312263393 0.949799313059 5000.0 0.664102564103
-190.035165725 -22.5876300353 0.846294018104 5000.0 0.869230769231
2368.37917251 34.6660130329 0.914917260272 1200.0 0.869230769231
-1566.40752057 34.3336835666 0.898970936149 5000.0 1.02307692308
-1287.97799753 71.0371316226 0.99351789103 4800.0 0.202564102564
396.057501687 12.4563171074 0.8579204527 5200.0 0.920512820513
-3715.94072549 35.6867032065 0.966344947638 5000.0 0.612820512821
-4021.39494062 24.7172628334 0.942751717517 4200.0 0.817948717949
268.16118473 14.653179463 0.86217602162 5000.0 0.920512820513
2887.4041329 38.9417464451 0.939333076863 4600.0 0.510256410256
-162.082888876 -14.9658301744 0.864504353378 5000.0 0.869230769231
233.917053771 59.7124495087 0.9772889918 4800.0 0.407692307692
-1883.66145411 -8.18818022825 0.875214007271 5000.0 1.02307692308
1789.43553619 -51.9116502823 0.87048962166 5200.0 0.817948717949
1621.68136132 46.8335127392 0.954956397618 5000.0 0.612820512821
427.420430511 34.2407458258 0.924711984733 5000.0 0.817948717949
-87.6785229786 4.57702990311 0.793392217828 5000.0 1.07435897436
1631.94867359 -3.31412182612 0.859947530982 4800.0 0.920512820513
175.1952768 30.1188825342 0.891248457797 5000.0 0.869230769231
-1270.78084904 33.9397333818 0.907710416624 4800.0 0.715384615385
-2845.28695739 -3.42379236021 0.936054392314 4800.0 0.715384615385
1580.935159 10.112414499 0.895151558965 5200.0 0.869230769231
-3129.3596396 -45.2774462727 0.956918207749 1000.0 0.817948717949
872.450052278 61.8154149066 0.997574664335 5600.0 0.151282051282
-1991.39572854 -33.9056380784 0.886789055746 4600.0 0.971794871795
2165.89927028 -43.4495621309 0.937977215328 1000.0 0.869230769231
-2612.40813999 7.64602162566 0.879266111735 5000.0 1.02307692308
362.019490228 -35.7094547242 0.942213968108 1800.0 0.715384615385
-3688.74281038 -11.2158312747 0.877938256604 4600.0 1.02307692308
3777.41529016 19.3387071182 0.963297408804 1000.0 0.715384615385
499.612099347 -57.946308844 0.950807606443 5000.0 0.612820512821
1099.17509631 -56.8453824381 0.903306091604 5200.0 0.817948717949
4380.10832439 0.893825577839 0.908281489211 5200.0 0.612820512821
787.940641134 -47.3819409946 0.907543341946 7200.0 0.715384615385
54.9827881396 -25.5074057205 0.869180027583 5000.0 0.869230769231
1497.31626769 29.470491202 0.92410568099 5000.0 0.664102564103
-856.523365696 26.3916415848 0.868840965657 4600.0 1.02307692308
-998.889150682 -24.6410025946 0.912441719354 3600.0 1.5358974359
1802.20484763 3.6443392005 0.88092510095 5000.0 0.817948717949
1891.70967331 -18.2445458815 0.886718247822 5400.0 0.766666666667
-1414.24582592 -3.14198809031 0.868605607579 5000.0 1.02307692308
-1364.54704603 17.2700952877 0.907797949127 5000.0 1.07435897436
-2443.48098688 37.6417270383 0.957590042117 4600.0 0.612820512821
-3376.41367564 -50.5552455422 0.956005585514 4800.0 0.715384615385
2076.89773865 11.4227083268 0.9030252404 4800.0 0.869230769231
2274.27141229 -22.0015956398 0.831038213676 5200.0 0.715384615385
-2850.11713761 41.7352910539 0.943619356318 1000.0 0.920512820513
-3104.79188909 2.92271911432 0.898481567506 4600.0 0.971794871795
-641.678996408 70.3489468956 1.00136632106 8000.0 0.1
-1579.29741973 -25.9187143732 0.874443202476 4800.0 1.02307692308
-2097.42004298 53.8910949829 0.9562753575 4200.0 0.510256410256
-273.541973371 62.2843845454 0.906777262295 7000.0 0.510256410256
711.516955356 -16.5536782174 0.879052067548 4800.0 1.12564102564
-1273.07865747 16.628310031 0.861829079669 5000.0 0.920512820513
1734.14173104 13.0954210918 0.833713271256 5000.0 0.920512820513
1389.52220714 1.69242626268 0.822366104001 4800.0 1.02307692308
3655.07070316 32.9269032881 0.927162195634 5000.0 0.920512820513
1204.6709903 -30.0687535215 0.863408580933 4800.0 0.817948717949
-1087.32905146 -14.3363666359 0.879317129283 4800.0 0.920512820513
410.737803165 -24.4064129097 0.858295931825 5000.0 0.869230769231
397.266573156 -70.6717114626 0.954535958997 7800.0 0.920512820513
-3855.23311635 33.5446941845 0.948056810848 1000.0 0.612820512821
-1568.16004156 -38.4019406689 0.965140114765 1000.0 0.561538461538
375.104390652 -21.1553980786 0.895292809818 4800.0 1.22820512821
-1183.68682612 -24.2384829744 0.867864385398 5000.0 0.971794871795
-2005.80218544 24.980868589 0.92772640093 5000.0 0.817948717949
-29.9619616807 -54.7696834738 0.881234849382 5000.0 0.869230769231
-31.5466939217 10.6215320081 0.843507795922 5000.0 0.971794871795
-2529.35877572 68.4584148054 0.96934265481 7800.0 0.510256410256
4470.00982789 -34.443362285 0.901213549014 4600.0 0.612820512821
1234.89418393 -61.8427576705 0.937918458496 6600.0 0.612820512821
1245.62385572 3.97187682289 0.872975990487 5200.0 0.920512820513
1763.63996711 3.03797403824 0.879653302734 4800.0 0.920512820513
-2077.98761013 60.4138971392 0.988076341443 4800.0 0.253846153846
-592.06023176 -45.1877373595 0.968119804203 1000.0 0.561538461538
789.335939225 2.70917851401 0.835129044895 5000.0 0.971794871795
-2869.14802579 -38.9342056936 0.923111027509 1000.0 1.02307692308
-320.385898413 11.7411997996 0.863419621143 5000.0 0.920512820513
2258.97104022 13.1573053425 0.904859425064 5000.0 0.817948717949
-1813.05079808 -26.1673380978 0.886411067078 5000.0 0.869230769231
1631.53964145 6.99530114067 0.830457518239 5000.0 0.920512820513
2179.69300265 54.3995993148 0.982519034508 4800.0 0.35641025641
3678.08800233 38.2558046758 0.909617035817 4600.0 0.715384615385
2602.74568143 -28.7718251097 0.916680832108 3800.0 0.766666666667
1144.10654021 -30.8169875317 0.893708741347 5200.0 0.766666666667
3563.81212721 -18.0515519042 0.911552037325 4200.0 0.920512820513
-2580.84687719 47.3804590825 0.97153255013 4800.0 0.510256410256
99.2635749013 65.4428045711 0.980391788252 1000.0 0.305128205128
-2562.20882752 -1.93954923654 0.914020452464 5000.0 0.920512820513
2648.49236205 25.1324347662 0.944159663937 5400.0 0.715384615385
-782.592858896 5.07441378297 0.843677341193 5000.0 0.971794871795
1027.56634484 15.6698711337 0.86845583489 4800.0 1.02307692308
-427.629301815 1.42868353327 0.842187694612 5000.0 0.971794871795
-2679.99430026 3.24161241214 0.898072501241 4800.0 0.920512820513
709.815877937 1.25394741708 0.854669583215 5000.0 0.920512820513
2322.17848503 49.2177424706 0.958834202833 8000.0 0.510256410256
-2838.6762316 -6.55585318711 0.895593892848 5000.0 0.920512820513
1477.97142216 62.4182939195 0.980591339174 1200.0 0.305128205128
-1474.48113182 54.4363867495 0.966967347471 1000.0 0.971794871795
3340.4184543 47.7597641906 0.975967183563 1000.0 0.35641025641
-3257.66921948 27.8469129045 0.935622737786 4800.0 0.817948717949
-415.680404254 48.5192192962 0.922405183494 5000.0 0.561538461538
1249.90092467 -33.6823259625 0.908281953061 4800.0 0.766666666667
-2351.76899022 -17.2541782658 0.885826449705 5000.0 0.920512820513
2051.55229532 -22.1447220769 0.869487892185 5200.0 0.715384615385
1771.24432288 -11.7894090669 0.876151324588 5000.0 0.971794871795
-3669.14378508 48.948905738 0.937390547192 4800.0 0.869230769231
-78.0942214616 -31.0601751116 0.895710416183 5200.0 0.817948717949
-3808.99512336 -64.4425432499 0.985779593758 6600.0 0.253846153846
-478.765686483 26.650337535 0.911496550663 4200.0 1.17692307692
-3001.18923162 -47.3485583109 0.90942245195 4800.0 0.920512820513
229.621565757 -31.2270533488 0.888713777193 5000.0 0.766666666667
4633.53999145 4.31524446504 0.960088467721 1200.0 0.612820512821
132.222407465 -54.3628851409 0.88993596835 5000.0 0.920512820513
897.930294872 6.54494978566 0.816329553437 4800.0 1.02307692308
-1226.37513093 14.7620007239 0.860489696464 5200.0 0.869230769231
-2201.21671881 33.9168517951 0.922255539395 5000.0 0.715384615385
-2205.35238141 -8.59532078746 0.862097832066 5000.0 1.02307692308
457.895063272 -19.4063660921 0.851546620613 5000.0 1.02307692308
3143.08770395 -19.7981858336 0.86420960989 4800.0 0.766666666667
3068.99070946 -4.80541233819 0.898094502433 4800.0 0.766666666667
3376.57115701 25.3226211054 0.908116284878 4400.0 0.715384615385
-2047.21407491 70.5051883113 1.0059554758 6400.0 0.1
3648.17089128 -5.62993921948 0.909183361753 5000.0 0.869230769231
3574.4259553 -61.7867024822 0.933735724211 5200.0 0.561538461538
-2845.62689485 -43.5306416813 0.959030181295 1000.0 0.458974358974
-1218.57296881 56.6204516999 0.974688489288 6400.0 0.458974358974
-1915.2379005 55.2970711165 0.997673077348 8000.0 0.1
1659.89910904 7.04047029862 0.858237739039 5200.0 0.869230769231
2892.46521978 -24.8185479423 0.878296548993 5000.0 0.664102564103
-1297.45400791 -24.617229307 0.860722746749 5000.0 0.869230769231
4017.20058073 43.6087642734 0.939459143856 5200.0 0.612820512821
1807.99366365 42.0047896635 0.932858407439 3600.0 0.715384615385
-2536.44087002 61.2262229562 0.990152446299 1200.0 0.253846153846
-1598.98294468 56.9089607295 0.95257707215 8000.0 0.458974358974
1524.09326687 10.4714841662 0.876660968509 5200.0 0.869230769231
1775.32607532 -5.20405226936 0.899087850302 5000.0 0.869230769231
-2187.61456812 -44.5641733965 0.962795990611 1000.0 0.612820512821
811.31050453 -24.8102645134 0.886098778257 4800.0 1.07435897436
751.501016878 -33.0199775965 0.907318075506 1200.0 1.17692307692
-2715.37086598 -20.2505404797 0.92027169547 1200.0 0.766666666667
1103.19745183 -40.7715205868 0.90096696436 5200.0 0.715384615385
1273.5723942 -43.3443302844 0.916956339304 4800.0 0.715384615385
336.006534816 -53.3127353579 0.988011561563 1000.0 0.561538461538
-3943.26842417 39.3525313217 0.965942614627 4400.0 0.664102564103
-1252.96504435 38.7449216578 0.904529737238 5000.0 0.766666666667
-440.679869377 -28.2411053773 0.868509639393 4800.0 0.869230769231
3345.85853201 27.9917155556 0.870849654047 5200.0 0.664102564103
-447.609353067 -38.9468238286 0.899653338448 4600.0 0.869230769231
3240.31780688 19.804941604 0.860165425825 5200.0 0.664102564103
-2049.3038861 14.8576181294 0.895551140554 5000.0 0.920512820513
3288.59690988 -45.9703999039 0.9632292724 1600.0 0.458974358974
-3772.57006183 80.4280769016 1.00532895151 8000.0 0.1
-150.347482372 -8.46634883577 0.873074725934 5000.0 1.12564102564
-2741.6027536 -12.792286619 0.919278112834 3000.0 1.07435897436
-4040.99874067 -38.1605092679 0.926529608408 1200.0 0.869230769231
-3343.02618484 45.6243736187 0.977618575898 1000.0 0.407692307692
3836.52609304 21.8218302787 0.93563706504 4600.0 0.664102564103
-2362.07763926 -21.2559158483 0.877339928129 4600.0 0.971794871795
-2042.70196111 50.4932830669 0.97466987037 1000.0 0.561538461538
2701.35008228 -37.1453425357 0.965924686848 1400.0 0.715384615385
-2487.52084873 11.6404352231 0.909909580852 4800.0 0.766666666667
2158.97847951 60.1662452619 0.99026941949 7600.0 0.202564102564
2826.11106158 67.9396294755 0.981335690333 1000.0 0.305128205128
982.889247341 5.69478834624 0.898828108432 4800.0 0.869230769231
3087.37287296 25.3627158553 0.932179672272 4600.0 0.715384615385
706.195554157 -4.13999204754 0.802914694848 5000.0 0.920512820513
-3960.90812621 47.1980330608 0.976585037909 1000.0 0.458974358974
3174.52112785 -20.5959989484 0.893638308585 1000.0 0.664102564103
436.459468436 42.3090875242 0.933471104475 5400.0 0.817948717949
2126.01561138 2.12693962694 0.887449064663 5200.0 0.817948717949
2178.04722969 1.76755515549 0.864942560156 4800.0 0.869230769231
-2835.5394874 29.3389088348 0.947099319742 4400.0 0.715384615385
-815.601035233 -63.1951611735 0.951388389453 6200.0 0.458974358974
1893.86385234 -75.4870371299 0.97334443875 8000.0 0.510256410256
2765.48582444 47.245064345 0.901514664044 5400.0 0.612820512821
-948.803811277 -10.9058251034 0.83118360012 5000.0 1.02307692308
-1749.66021226 31.4380619199 0.936730421592 1200.0 0.817948717949
-2676.89281014 13.767273395 0.890567120307 5000.0 0.920512820513
1722.65572831 39.6299414065 0.939495029209 3800.0 0.766666666667
1341.58154146 -10.3062066395 0.870378551886 4800.0 0.817948717949
1808.01882666 73.1935258834 1.0011755916 8000.0 0.1
-52.3301170941 -33.8678777064 0.867195576048 5000.0 0.817948717949
-2493.54233286 -56.8053833186 0.961020839945 1000.0 0.458974358974
1624.76628084 -2.62910928231 0.849570448578 5200.0 0.971794871795
-1980.09474745 34.9450869255 0.932294070859 4600.0 0.715384615385
3434.41426234 5.72714492707 0.909108677733 1000.0 0.766666666667
-2796.26502811 74.5973970775 0.99384575929 7600.0 0.151282051282
2165.10938915 55.4444649982 0.998430204709 7800.0 0.1
1214.59522525 -41.1480570551 0.944909432146 3800.0 0.561538461538
3127.95785823 38.6325970028 0.968926635345 4800.0 0.458974358974
-3335.60951073 26.6793064454 0.946926181236 1000.0 0.817948717949
-275.948546378 -11.6896805985 0.834052681256 5000.0 1.12564102564
-2450.4896004 71.5915739133 0.99048024479 1000.0 0.253846153846
437.488725114 53.676715103 0.943935694415 5000.0 1.02307692308
-2621.30716238 31.2422630698 0.933114406946 4600.0 0.766666666667
-4074.81679419 -38.3524945514 0.939415856944 4400.0 0.715384615385
-2826.81887284 62.217236392 0.948902741942 5000.0 0.869230769231
3545.3626893 -27.5630214398 0.867966867316 4800.0 0.664102564103
-3691.36118331 18.8122791905 0.901184174637 4800.0 0.869230769231
-1650.91823646 -4.87682931888 0.84553629273 5200.0 0.971794871795
-2122.05332165 58.5105731274 0.974496398572 1200.0 0.817948717949
3804.8854654 -12.7839102563 0.954230853089 1200.0 0.612820512821
3035.92540831 -52.6228351118 0.959699879937 2800.0 0.817948717949
-201.99147827 17.5500163307 0.884425456401 5200.0 0.971794871795
-1661.60043778 -19.0726250153 0.906683230045 4600.0 1.22820512821
-1816.61831184 51.7960799011 0.948777114279 4800.0 0.715384615385
-3749.71976301 -47.7642039251 0.963005328749 1000.0 0.817948717949
3490.82901082 39.1998187613 0.902790880558 2800.0 0.920512820513
726.07349911 30.5836428092 0.908377074762 5400.0 0.817948717949
1991.54322759 -34.9574526669 0.946843865421 1000.0 0.510256410256
1291.61088449 28.8341876286 0.900180770759 4800.0 0.817948717949
-290.16668403 13.6791366638 0.878446801967 4800.0 1.22820512821
-3100.98035224 -58.513040034 0.971422918402 1000.0 0.458974358974
98.4722764483 40.7743536887 0.928192505733 5000.0 0.664102564103
-3069.61990921 62.4504470929 0.998427641871 5400.0 0.1
-2416.25215409 -22.0247612816 0.935202263267 1000.0 0.612820512821
1999.02857351 60.0377831998 0.988793476045 8000.0 0.305128205128
621.647652425 -19.0549378317 0.881645232262 5000.0 1.38205128205
-369.732970413 -35.9248206176 0.936150715362 4600.0 0.766666666667
1723.33999986 -24.4127665056 0.887643562186 4800.0 0.715384615385
1557.97957883 34.0173041492 0.923012466034 5200.0 0.715384615385
139.45141684 40.2343940034 0.93476837308 5200.0 0.612820512821
-39.1667400147 34.7094745421 0.900427617233 4800.0 0.715384615385
1151.36588555 -31.3813488726 0.874873164212 5000.0 0.817948717949
-2126.63513226 -3.88849751462 0.868497592861 4800.0 0.971794871795
-383.845818939 -1.81807273006 0.889408466994 5200.0 0.869230769231
-2727.55490817 -33.8973208452 0.962041840652 1200.0 0.664102564103
1138.06027962 -36.1046613226 0.92871715288 5000.0 0.664102564103
1267.30425743 47.0518515583 0.966815414024 1000.0 0.407692307692
-2644.33223815 35.489635108 0.942743611676 4800.0 0.869230769231
-2458.48630087 -12.2528242463 0.913572161376 1000.0 0.715384615385
-364.184165487 15.8540130282 0.881394655614 4600.0 0.920512820513
-399.077240739 2.95885892911 0.82792335215 5000.0 0.971794871795
3085.051325 41.647586323 0.964528453069 4600.0 0.458974358974
406.650181055 -20.0375605448 0.873146944648 4800.0 0.817948717949
4713.55598495 2.81956527887 0.891293013686 4600.0 0.664102564103
999.249587769 20.183402333 0.871667636406 5000.0 0.817948717949
-3832.66301205 19.2368215462 0.87818750532 4600.0 1.02307692308
-1662.99532239 10.2940152105 0.844447770209 5000.0 1.07435897436
79.4579141513 19.3905456517 0.829342644432 5000.0 0.869230769231
-2970.61209657 62.1063485708 0.993598447714 8000.0 0.151282051282
-612.197589674 -32.2359524907 0.827533677347 5200.0 0.869230769231
-3409.95114537 -7.77861624044 0.922818910636 4400.0 0.766666666667
761.23169138 -17.4178423831 0.857532484108 4800.0 0.869230769231
3274.33601802 36.1246215101 0.891129982665 5000.0 0.715384615385
17.6709990382 41.4130381992 0.963464134619 5000.0 0.510256410256
-2567.42340747 37.5014173556 0.953571856621 1000.0 0.561538461538
-4241.35033159 54.0257484787 0.9855709538 1000.0 0.407692307692
1750.23925281 0.792157149869 0.846074908907 5000.0 0.920512820513
3424.7175972 13.9027051353 0.943446182851 1000.0 0.664102564103
3076.66810034 -21.41798731 0.927064233166 1000.0 0.612820512821
-3110.01743934 -44.2552956306 0.951765753184 5000.0 0.612820512821
3403.88096255 30.0387687792 0.920153273927 1000.0 0.561538461538
-1631.84353238 -42.694439124 0.88383275953 5200.0 0.971794871795
-2455.82264034 6.02551426869 0.905799925171 5000.0 0.920512820513
2266.67605403 -35.8263904722 0.937895105773 1000.0 0.715384615385
-1233.16012759 -3.46874538091 0.864044538791 5200.0 0.971794871795
-3039.51390043 -25.3022987215 0.93435492494 1000.0 0.664102564103
-246.000478065 -45.360784078 0.904810501641 5200.0 0.817948717949
-2255.63364025 -8.77443331151 0.910490768921 5200.0 0.971794871795
1256.56725559 5.25943985484 0.836330779418 4800.0 0.869230769231
3731.89852472 -36.2213428364 0.923488360223 5000.0 0.561538461538
-3540.36464776 35.9317038306 0.948348966513 5200.0 0.612820512821
2523.19726421 24.5104906161 0.91824378591 5000.0 0.715384615385
575.708891522 -49.0780877134 0.950022169449 1000.0 0.971794871795
-648.187879686 19.6589771871 0.876168995846 5000.0 0.869230769231
-78.6583995969 44.9578029142 0.951615438535 1200.0 0.920512820513
441.964555314 45.0403809705 0.856853840173 5400.0 1.02307692308
3581.42889449 45.2213441281 0.916972070286 2600.0 0.869230769231
1040.79468279 40.598214868 0.939321129701 5000.0 0.664102564103
-2139.79901125 15.3257514058 0.883796812103 4800.0 0.920512820513
2052.73722956 -13.2947028196 0.842686290003 5200.0 0.715384615385
-2963.39321488 42.411249964 0.977702850231 4600.0 0.458974358974
-1758.04425891 -33.8939283487 0.858014490334 5200.0 0.869230769231
1793.3697147 53.3892803659 0.958510237151 4800.0 0.407692307692
-908.623150078 8.1972370039 0.892061260728 5000.0 1.02307692308
-1045.24381493 -20.2626232659 0.903899448298 5000.0 1.27948717949
4240.11130056 -15.253117529 0.905729296191 4200.0 0.766666666667
151.417554619 -16.3957964346 0.847897732665 5000.0 0.971794871795
1338.4218835 -32.2333622721 0.907147702033 1200.0 0.869230769231
-934.948346022 -11.2375484563 0.864726925518 5200.0 1.07435897436
-891.130393743 3.99957484206 0.874103668557 5400.0 0.920512820513
-499.176363069 76.4017822685 1.00014637085 1000.0 0.1
3316.5166764 6.509557415 0.855245294185 5200.0 0.869230769231
-255.790454163 -17.6435070902 0.833959803052 5000.0 1.17692307692
-2144.15520387 23.8459272886 0.867488715985 4800.0 0.817948717949
1445.29465809 -26.9046047978 0.860100857814 5000.0 0.817948717949
525.258439928 32.9512120236 0.913990348415 5200.0 0.766666666667
3068.162519 -28.3693797073 0.923937189814 4200.0 0.766666666667
2206.41377439 -14.3776407594 0.896436952211 5000.0 1.07435897436
2669.5016304 29.9793985012 0.906688438389 2200.0 1.02307692308
495.092702886 36.8056108831 0.940752627752 5400.0 0.612820512821
1638.07739364 -22.3463580436 0.906239268368 5200.0 0.766666666667
-2025.82180989 57.6839934523 0.974794751664 4600.0 0.407692307692
751.470895933 -34.7835971308 0.964098758293 1200.0 0.920512820513
-2905.37504197 -32.7846745005 0.885451118283 4800.0 0.971794871795
3747.14394603 2.05514024965 0.902434789331 5200.0 0.664102564103
-809.534044673 -6.57455554279 0.841008608312 5000.0 1.02307692308
-408.502803528 10.951810457 0.817970090382 5000.0 0.920512820513
-3460.16971982 -21.2014319144 0.939515671485 1000.0 0.664102564103
-3810.32529907 32.7916558135 0.956858621562 4800.0 0.612820512821
3380.5805893 31.3630400682 0.886990696701 4800.0 0.664102564103
927.420698729 3.71987277168 0.862443648755 5000.0 1.02307692308
457.728913392 16.6903727493 0.878754619568 4800.0 1.12564102564
-747.742217543 -33.059073285 0.894338536484 5200.0 0.817948717949
-734.736042831 36.2658762054 0.937059790597 5200.0 0.766666666667
1394.15085972 -39.615907537 0.919577066834 5200.0 0.766666666667
-1621.39561594 -32.0209546645 0.932578696101 1200.0 0.766666666667
-2325.47980443 -4.50700103609 0.911994568862 4800.0 0.869230769231
2009.68520475 59.9494233436 0.988977367272 7800.0 0.407692307692
2872.68846182 -13.5785263123 0.8862820502 5000.0 0.920512820513
1826.19267045 48.5955218271 0.949185798624 1000.0 0.766666666667
-3641.60428213 -65.0587521685 0.978784471738 1000.0 0.305128205128
2598.93543811 39.237892825 0.951721689493 5200.0 0.510256410256
-2720.56948549 -29.6579001817 0.959995941417 5000.0 0.458974358974
-1516.24070036 -9.48646569948 0.895165414395 4800.0 1.07435897436
3298.68324602 -47.6112676139 0.960802191324 1200.0 0.407692307692
1929.46524139 6.48646884716 0.853257385576 4800.0 0.920512820513
2470.63988761 28.3997960489 0.927307170805 1200.0 0.510256410256
-2358.66115536 16.1482472952 0.89714194146 4400.0 1.02307692308
2231.74309094 33.4396920283 0.896310330845 3800.0 1.12564102564
-1161.77413639 9.79425011515 0.872590542909 5200.0 1.02307692308
-3176.73300931 67.2972562514 0.998520289509 7200.0 0.1
-2329.90257627 45.6323346165 0.983225343429 4800.0 0.407692307692
1323.79330079 3.36927843242 0.873369120803 4800.0 0.920512820513
-2282.39651154 -15.7288293372 0.908139517549 4800.0 1.02307692308
603.452312501 5.2330105332 0.840935477554 5000.0 0.920512820513
768.165540299 4.57110051266 0.866166417769 5400.0 0.920512820513
-3663.56667569 54.9407573092 0.985761808408 8000.0 0.305128205128
1359.01762759 -22.4434287449 0.896918418186 3000.0 1.12564102564
1758.79336116 -21.9968289112 0.866478610901 5000.0 0.869230769231
-80.9092891319 64.5589372307 0.98628078868 8000.0 0.458974358974
2321.06865049 32.4152978642 0.940571724769 4800.0 0.612820512821
268.146532671 -50.4889470347 0.899304719757 5400.0 0.817948717949
2415.60823147 29.2593969485 0.910452297303 4200.0 0.869230769231
-524.110007181 40.6252432056 0.91718927036 5200.0 0.817948717949
-616.5700697 9.91381720996 0.897973564273 5000.0 0.869230769231
3130.25509451 -18.0238021359 0.918430752292 1000.0 0.612820512821
813.657368208 -21.716621336 0.85164604339 5000.0 0.920512820513
-1703.36130907 51.1736992553 0.971473699719 1000.0 0.35641025641
1933.91910836 -64.6731922 0.991052676375 1000.0 0.305128205128
3379.41728127 5.22640139908 0.882214197575 5400.0 0.715384615385
-1817.6788285 -14.8697883387 0.88703280218 4800.0 0.920512820513
-2623.78712186 26.5284222817 0.935214854831 4600.0 1.02307692308
-1796.0508917 31.5341058247 0.91244762479 4600.0 0.971794871795
4316.15858872 73.2246860453 0.999647690072 7000.0 0.1
604.948586683 50.114270597 0.958076928472 5000.0 0.612820512821
-3268.21226753 82.3656009748 0.999506756211 8000.0 0.1
1809.94978839 15.4695399061 0.902169448519 5200.0 0.817948717949
-2573.96110156 68.6265825833 1.00192245057 5800.0 0.1
-1228.61309458 1.29481695289 0.85397154264 5200.0 1.02307692308
1429.44474485 -27.7876657882 0.940827907791 1000.0 0.561538461538
3545.44911698 -34.1179773444 0.948835637946 1400.0 0.920512820513
-2799.17835591 39.1827454867 0.963552057356 1000.0 0.458974358974
-3288.82312521 67.8462534631 0.954258614078 5400.0 0.407692307692
1729.15093627 -61.7627773786 0.968419694779 7200.0 0.458974358974
733.910735963 -38.0188345255 0.873218410942 5000.0 0.817948717949
-263.667008109 49.8470810191 0.980090974728 3600.0 1.07435897436
-159.732485128 -26.0466486148 0.901683069156 3000.0 1.48461538462
-1116.38369368 -46.3438962137 0.96469155155 4200.0 0.612820512821
-2901.54216639 -32.5515315486 0.914993378583 4800.0 0.920512820513
2029.87949913 66.4986602249 0.988713035717 1000.0 0.253846153846
-1006.61686676 -33.4855904155 0.902686372044 4800.0 0.766666666667
371.579184541 38.8046558177 0.897052700939 5000.0 0.817948717949
1147.2837423 58.0420446317 0.978277772206 4200.0 0.458974358974
51.6784181447 -17.641810776 0.869831927854 5000.0 0.920512820513
-436.400642243 -29.7460866267 0.885073653823 5000.0 1.22820512821
-2414.09721267 9.93734275657 0.901469048285 4800.0 0.869230769231
275.460597115 -25.9781191704 0.876952589559 4600.0 0.971794871795
-1780.04033243 -46.1718372913 0.915646962925 1000.0 1.63846153846
-102.639861097 -24.8382687442 0.860995115073 5000.0 0.869230769231
-2610.36185006 89.4467275254 1.00622355237 7800.0 0.1
2492.58949609 60.0384967665 0.986048009495 1200.0 0.202564102564
3028.60129777 43.9463213343 0.921665758673 1000.0 0.766666666667
2910.88516192 -57.7920316758 0.952727581737 1000.0 0.458974358974
-2176.85371399 25.31956677 0.940148727065 4800.0 0.817948717949
-2479.54483436 89.279827981 0.998685466307 7000.0 0.1
751.933073002 -1.60704684843 0.854174792504 4800.0 0.971794871795
-2583.29808052 -24.8830282041 0.885066847792 4600.0 0.971794871795
2069.03456835 37.8190540205 0.916802301394 1200.0 0.920512820513
-3163.42506895 11.0358503451 0.955423288058 4800.0 0.664102564103
-150.534484036 73.4630947105 0.995969007682 1200.0 0.151282051282
3381.66663278 -4.971501556 0.914368230952 5000.0 0.766666666667
-1891.28622742 -0.820110839938 0.865803773851 5000.0 0.971794871795
-1170.30268242 24.1739099115 0.849298890617 4800.0 0.971794871795
2861.30909883 13.9390067741 0.864344934707 5000.0 0.817948717949
738.904017316 37.555654446 0.912654558964 5200.0 0.766666666667
-2055.14962253 4.7815323516 0.910650117766 5000.0 0.869230769231
-554.404858204 46.0199248871 0.977276605408 4800.0 0.407692307692
476.643978572 63.4428752376 0.984416809453 1000.0 0.253846153846
-2935.17933459 -17.2482261009 0.904595854636 5000.0 0.971794871795
-165.550055708 12.8044867328 0.878816435455 5200.0 0.971794871795
2697.11194072 17.0498038435 0.922661925017 5200.0 0.715384615385
3609.77282394 8.15609364518 0.867961304114 5200.0 0.817948717949
1854.25380828 15.7190977953 0.868937037563 5200.0 0.766666666667
2807.76733053 3.18286212765 0.905270166982 4600.0 0.817948717949
3113.82746108 28.7647079512 0.897546287197 4800.0 0.766666666667
-1036.15150588 -17.4669964303 0.837713672237 5000.0 0.869230769231
-3216.55167049 -32.9691005229 0.917266664598 4800.0 0.920512820513
-3790.06875179 -41.6483311432 0.944947087644 1200.0 0.920512820513
-3559.21503723 17.2481922247 0.894261605638 4800.0 0.869230769231
1147.34023224 -27.1069466386 0.880914682834 5000.0 1.02307692308
-404.175772254 -18.6374866463 0.853342677086 4600.0 0.920512820513
167.485288407 -14.9303934294 0.859003737406 4800.0 0.920512820513
3167.33151803 -9.95269059149 0.887053815418 5000.0 0.920512820513
1065.31509128 -29.4805440193 0.87954231498 5400.0 0.715384615385
2604.67428587 -1.14000699669 0.880586520198 4600.0 0.817948717949
-2877.7076311 -41.7960806691 0.918929195696 1200.0 0.920512820513
1200.47014514 -10.8895644158 0.84850059316 4800.0 0.869230769231
-1933.16006585 -42.3994801481 0.979694997314 1000.0 0.561538461538
-330.368325154 -48.4347696974 0.9367581826 4400.0 0.561538461538
-1707.68980275 6.55243734736 0.841798580725 4800.0 1.02307692308
2806.40599268 61.8353779 0.980176079172 1200.0 0.407692307692
3859.34860656 40.8831809059 0.857648659755 5000.0 0.664102564103
-1800.0803534 -25.4662406018 0.862936037722 5000.0 0.766666666667
-2828.08530978 35.1242259361 0.968046467961 1400.0 0.561538461538
-4026.23112977 56.8700585378 0.998394084383 4600.0 0.1
1238.73273359 0.884540923273 0.859909081814 5000.0 0.920512820513
-1766.09281694 22.134881151 0.884267657755 4800.0 0.920512820513
1546.64662662 20.2009201419 0.87789852518 5000.0 0.920512820513
-1535.69693528 -21.8688800764 0.87421947837 5000.0 0.869230769231
-3279.48203494 43.4994203995 0.976097668618 1000.0 0.35641025641
-2937.79138097 32.321855865 0.908817658118 4400.0 1.02307692308
3168.97206382 -8.07155153188 0.88492042935 1000.0 0.612820512821
-697.740129364 -30.8544335292 0.839296039579 5000.0 0.920512820513
-770.838227972 -36.8643814593 0.892472489953 5000.0 0.817948717949
893.76682582 -34.9342105567 0.929324417467 5200.0 0.561538461538
2302.66908794 -50.2070524186 0.982929945779 2400.0 0.35641025641
2196.87579451 50.726561174 0.967709954546 1000.0 0.971794871795
-1109.8565576 28.4280330565 0.90945619184 4800.0 0.715384615385
-570.283921328 -18.5991276454 0.827253800546 5000.0 0.869230769231
-1485.22088916 -6.09214389718 0.906453120113 5000.0 0.971794871795
-82.3218097854 -51.8519166867 0.913156871335 5000.0 0.766666666667
-2464.90779982 -37.4390013768 0.943026190266 4800.0 0.817948717949
2387.30514846 54.3295627393 0.970965909419 8000.0 0.561538461538
1406.13755125 -21.0063299632 0.867269565231 5200.0 0.766666666667
602.064368434 50.4736601567 0.932699817485 5000.0 0.766666666667
-1773.28322838 22.0482667725 0.891081419253 4800.0 0.920512820513
3477.05608323 13.0483351875 0.925109525689 4400.0 0.664102564103
-3665.42222536 8.05899191114 0.907495980352 4600.0 0.920512820513
-3454.13186911 32.6186881784 0.972475785018 4800.0 0.561538461538
1035.9664201 -50.948880698 0.968569871137 1000.0 0.35641025641
526.242676249 14.3091468369 0.832769892083 5200.0 1.07435897436
1695.68494171 2.62349821804 0.908748478023 5000.0 0.869230769231
3313.03544749 -31.5655049796 0.905863122761 1000.0 0.561538461538
2562.96508708 -12.6639430003 0.889673942943 5400.0 0.715384615385
-1936.27949797 80.8913572977 1.00886351137 6000.0 0.1
1908.19080577 13.8556191821 0.868722706138 4800.0 0.920512820513
-253.193617637 -63.0799930991 0.901767255682 4600.0 0.971794871795
-408.241556363 -40.7942855856 0.907792749929 4800.0 0.869230769231
-2839.91426604 -32.2106973184 0.952246490489 1000.0 0.561538461538
2169.92781062 -25.131466927 0.877659382806 4800.0 0.715384615385
381.871673945 68.5680915979 1.00502179729 1000.0 0.1
-3985.36120516 11.6163275875 0.896053605386 4800.0 0.869230769231
2151.37946124 77.0976383825 1.00086818739 8000.0 0.1
-2661.58923855 -11.6731789293 0.899143038709 4800.0 1.02307692308
3095.8396041 -25.5360533936 0.935969324072 5200.0 0.561538461538
-2594.41163145 -55.9923591804 0.939104959838 4600.0 0.817948717949
2727.47037476 22.0216684273 0.912634208568 5000.0 0.817948717949
-1976.91857924 57.0874362967 0.99015682012 1000.0 0.458974358974
469.957641346 53.859479486 0.935683020496 7000.0 0.612820512821
663.833775906 40.0089517698 0.954087569536 4800.0 0.510256410256
3825.23732508 -57.6283431835 0.920635825612 4800.0 0.715384615385
-2576.55821963 -44.4299932958 0.965656538093 2400.0 0.664102564103
2766.2401241 25.9572883737 0.928764632872 5000.0 0.715384615385
1027.23395788 22.1311798318 0.899897531914 5200.0 0.766666666667
384.506535516 -21.0189450802 0.862849061201 5000.0 0.869230769231
-2067.44728542 -24.3509349695 0.89145405442 4800.0 0.971794871795
-3615.28462803 6.31949056738 0.922181018519 4600.0 0.817948717949
964.334338254 48.316238707 0.945911452396 3600.0 0.869230769231
3209.34116002 -14.7900887547 0.868331047778 5000.0 0.817948717949
-2602.14903507 -23.4397752202 0.943913237847 3200.0 0.920512820513
-29.7456695271 37.516206561 0.870791086025 5000.0 0.971794871795
3496.17534829 4.18025914696 0.884176881609 5000.0 0.715384615385
-38.7235712034 -25.4885468476 0.881237215839 5000.0 1.27948717949
1248.93512963 67.6870765514 0.990212317046 1200.0 0.202564102564
3365.10336733 36.7098755946 0.959146120374 5200.0 0.458974358974
991.280788444 -13.517506413 0.86252276697 5200.0 0.869230769231
1811.8555657 -13.2731053797 0.880823024629 5000.0 0.920512820513
-1435.75226028 10.184652537 0.841078967593 4600.0 0.971794871795
-1134.23687451 19.446449024 0.854205454905 5000.0 0.869230769231
-2578.14154686 -8.17800816221 0.894760434974 5000.0 0.920512820513
2476.1778193 -8.86006096666 0.847063526936 4800.0 0.766666666667
-3850.95819441 -9.43458524666 0.907451570363 4800.0 0.817948717949
752.360318151 -4.64184696331 0.829414920186 5200.0 0.971794871795
-156.135974628 22.9316303946 0.825265141518 5400.0 0.817948717949
-1632.16865922 33.8882547047 0.946955650494 4800.0 0.817948717949
-3712.0571138 38.8556262885 0.95950029559 1200.0 0.561538461538
2282.10437712 -3.07616882131 0.857586375925 5400.0 0.817948717949
-2316.62868134 -40.4117188943 0.942784910928 4600.0 0.510256410256
1834.12295103 -33.4258647745 0.889449673774 5200.0 0.715384615385
-2084.81790015 4.18389615107 0.890631909746 5000.0 0.869230769231
-3520.37569324 32.5363375059 0.953274141664 5200.0 0.715384615385
3407.162452 -27.709470247 0.952370511955 3400.0 0.869230769231
-3995.23188873 -22.8203906663 0.949454952439 1000.0 0.715384615385
2035.58005306 -63.3147703046 0.918249784538 5000.0 0.664102564103
702.781404406 -23.667275337 0.921783905187 5000.0 1.33076923077
1586.21269123 56.7837958238 0.93963661258 5000.0 0.715384615385
-1582.14123208 -44.1755172614 0.883401876755 5200.0 0.869230769231
-1090.32816765 15.0604580152 0.861012033916 4800.0 1.02307692308
-3400.41689077 40.4796888946 0.952134378168 6400.0 0.612820512821
2287.19695377 -10.5416380445 0.837202478602 5000.0 0.766666666667
-3336.81720362 -12.5353851585 0.890281801288 4600.0 1.02307692308
-430.831250401 16.0548509387 0.850912128703 4800.0 1.02307692308
-1683.97837068 38.2470611224 0.947214645453 5200.0 0.664102564103
-2817.21477039 -50.6926888604 0.945737395377 4800.0 0.664102564103
-2344.43652399 -3.65350465403 0.882489526901 5200.0 0.869230769231
-896.827631451 23.5599597835 0.918878215698 5200.0 0.715384615385
1027.15827223 -42.2814965163 0.885666876385 4800.0 0.817948717949
80.0075640706 6.05224351666 0.847194495306 5000.0 0.920512820513
2562.68737868 -5.2556746338 0.916207525933 5000.0 0.817948717949
-1548.40214684 16.8866963761 0.903444932643 5000.0 0.869230769231
-1514.0799028 25.1307322047 0.858947070237 4800.0 0.920512820513
-553.797175272 23.3927064057 0.892255283447 5000.0 0.920512820513
3236.72457692 38.2050430895 0.931991799832 2600.0 0.715384615385
1852.74865919 -20.0323622575 0.851906116104 5000.0 0.817948717949
456.79436608 4.36640096209 0.84362009061 5200.0 0.971794871795
-370.460715313 -23.0364423628 0.914262475905 4400.0 1.07435897436
-3607.12008522 89.2596932468 0.998563546481 7000.0 0.1
2679.66041663 3.61265061489 0.882292322156 5200.0 0.869230769231
1469.04065799 67.0702601659 0.988313997677 1200.0 0.253846153846
1203.82324433 -13.1815038719 0.875526251882 5000.0 1.12564102564
-494.833703375 -61.7139529286 0.922859298378 4600.0 0.920512820513
-2137.77358784 -13.104530828 0.894261497432 4800.0 0.920512820513
2688.35408386 -65.7945249987 0.946928546449 4400.0 0.510256410256
-2932.66399729 3.1604110619 0.924694548633 1000.0 0.766666666667
1077.30661185 27.4973350106 0.891640768265 4800.0 0.817948717949
1244.00300746 27.8808511316 0.915238651518 4800.0 0.766666666667
1760.22551016 -5.38544447932 0.890420610866 5200.0 0.971794871795
-816.732794285 -3.33847374996 0.863337595433 5000.0 0.971794871795
-2701.44483008 -41.0045917029 0.935004055557 1200.0 0.612820512821
-2821.05946592 69.260637228 0.98584489627 1000.0 0.253846153846
347.556464707 -36.0321262916 0.945456399133 1000.0 0.715384615385
-3197.31554189 -3.52788289719 0.894757486259 4800.0 0.971794871795
1872.42584033 3.78873212609 0.889293456747 5600.0 0.869230769231
837.9196864 28.695500428 0.905647236364 4800.0 0.766666666667
-1097.60178392 -17.7597100819 0.864411049397 4800.0 0.971794871795
-3338.91908288 42.4108993027 0.956360657419 4800.0 0.664102564103
-1139.60752903 -16.7995515638 0.857575858452 5000.0 0.920512820513
-466.106725155 -51.4607843093 0.901548555132 4800.0 0.971794871795
-2117.58707373 -12.570467949 0.906073344067 4800.0 0.920512820513
3973.76345033 33.2513975019 0.907551224728 5200.0 0.664102564103
-1955.92310471 -35.2426523418 0.900789054821 4600.0 1.33076923077
-3655.6452949 -35.2870267234 0.911081459333 4400.0 0.869230769231
-1831.37861277 72.9454269756 0.99881098516 7800.0 0.1
-1291.96287317 -39.6724167818 0.933472559623 1800.0 1.12564102564
861.796959077 35.9125757097 0.894001653829 5200.0 0.869230769231
3896.56952878 49.5636964614 0.985137668928 1000.0 0.305128205128
-165.927527989 -22.1777594363 0.878205222543 5000.0 0.920512820513
-2469.19288461 17.6450543522 0.901949179837 4800.0 0.971794871795
586.013959575 -34.1112376717 0.889409837343 4600.0 0.766666666667
3510.44560997 -37.5849780345 0.92170278154 1000.0 0.612820512821
-773.897778397 16.8050052879 0.892459066809 5000.0 0.869230769231
341.042949941 3.05085592296 0.843559627945 5000.0 0.971794871795
987.716736304 -26.4569560106 0.890276944171 5000.0 0.766666666667
-2961.69290941 -24.9370726828 0.920855944085 1000.0 0.715384615385
1593.44878982 -18.4140987712 0.843347647858 5200.0 0.766666666667
193.865646671 68.9427510566 0.992442463917 5200.0 0.202564102564
-736.489162171 -33.8135571114 0.854636398918 5000.0 0.869230769231
28.2318562975 27.9432029819 0.82358818936 5000.0 0.920512820513
1418.16538326 35.2526736726 0.919858911277 1200.0 0.869230769231
-1848.17496391 41.0349848412 0.954303012373 1200.0 0.920512820513
-955.098623371 -21.4776632636 0.848865403729 5000.0 1.12564102564
-3387.24970331 -24.5181049539 0.887560343103 5000.0 0.869230769231
-528.254869348 -37.7132677605 0.939934495045 4600.0 0.561538461538
689.710614935 21.1545744182 0.900342619069 5200.0 0.920512820513
2597.81882611 -27.8889958134 0.911676276323 4800.0 0.766666666667
315.576099175 52.0090765817 0.999832564614 4400.0 0.1
-287.133326777 -35.4643514404 0.917037982871 1200.0 1.12564102564
2368.96325033 -37.3635655903 0.89595777162 5000.0 0.869230769231
1864.62750776 19.3737779635 0.865136424784 4600.0 0.920512820513
3366.26160464 -33.2916860187 0.936538681931 1400.0 0.664102564103
2924.54966263 36.5707446345 0.919069575452 2800.0 0.766666666667
2527.38630157 6.87699697901 0.84848451096 5000.0 0.869230769231
-1510.80276684 77.3614521881 1.00654768856 2000.0 0.1
-3480.33267703 29.2300843283 0.916650074769 4800.0 0.817948717949
-2985.17118072 -37.3281712657 0.965610541122 1000.0 0.510256410256
-3150.52806191 50.6668376557 0.991024428836 7600.0 0.202564102564
2526.50367098 33.4360145517 0.919659734113 5400.0 0.561538461538
1443.44918159 5.73747132786 0.873165768054 5200.0 0.971794871795
-2084.70816325 -21.2308066835 0.912064033804 4800.0 1.12564102564
811.77903835 24.3352790575 0.89908524691 4800.0 1.17692307692
3019.26508609 -5.65120025099 0.897399990666 5200.0 0.715384615385
214.643528717 59.276702466 0.995012768551 5000.0 0.202564102564
-648.420515639 26.9667071428 0.903573970133 5000.0 0.869230769231
258.5838187 -11.4181720243 0.833698833398 4800.0 0.971794871795
1680.35685321 29.1326253699 0.897790866484 5200.0 0.817948717949
2114.74385383 30.0245454447 0.911278183256 5200.0 0.664102564103
3483.93842589 4.51101847463 0.880951736536 4800.0 0.869230769231
-1300.56433638 -14.5714511386 0.874509894869 4800.0 1.33076923077
2669.60948311 -54.7584868471 0.963045889155 4200.0 0.715384615385
-1828.02658832 -39.6536053484 0.961656714397 3000.0 0.612820512821
2236.58914292 -5.13634461071 0.901858590839 4800.0 0.817948717949
739.646082877 49.1642034868 0.951680678329 1000.0 0.561538461538
3456.19934127 -39.0671911676 0.954707876808 3600.0 0.920512820513
-3494.84513631 23.3942287484 0.935034700539 4800.0 0.766666666667
-1966.01755411 57.5953282857 0.93865240115 4800.0 0.664102564103
490.400244716 -19.9698846519 0.877432043039 5000.0 0.971794871795
-3134.7596685 -18.297947297 0.86068262395 4600.0 1.02307692308
-38.4514431262 60.9966806255 0.991712253777 5000.0 0.202564102564
681.741050481 -7.44529830403 0.844568259101 5000.0 0.920512820513
1860.5179144 -37.1615259803 0.926156462715 3800.0 0.612820512821
-183.656897214 -39.0561801078 0.956328241304 1000.0 0.715384615385
236.753418666 -12.8374169734 0.876492490571 5000.0 0.766666666667
1866.11446567 -22.6465263054 0.926257616636 1000.0 0.664102564103
4103.55366146 -36.2761078402 0.891290138686 5400.0 0.561538461538
-1744.51988195 42.3873261409 0.962810645641 1000.0 0.715384615385
3718.64840587 12.7882509161 0.89736483788 4400.0 0.971794871795
283.522182555 11.2391795122 0.833591237415 4800.0 1.02307692308
1174.63689861 -61.6785149438 0.983409690443 1000.0 0.305128205128
1883.9211109 -19.4362706379 0.907063006403 4800.0 0.766666666667
-775.054950471 -16.6710016252 0.880073699633 5000.0 0.817948717949
-1481.54633355 -49.851389799 0.921564214659 4800.0 0.817948717949
-1296.78926761 -58.4292927905 0.92191073463 4600.0 0.920512820513
-3145.29509715 36.5296574115 0.945610076131 4600.0 0.664102564103
2059.31900969 -17.1706566913 0.885888880678 5000.0 1.07435897436
1862.67850762 3.99466503507 0.837063775575 5200.0 0.920512820513
2394.70642967 -48.5240202876 0.942074600641 1000.0 0.612820512821
4519.76111668 -19.7727838087 0.934969348723 5000.0 0.715384615385
-1247.32870608 38.9395987714 0.967423987002 5000.0 0.561538461538
1421.86361978 33.6275704559 0.924020889164 5200.0 0.664102564103
-3508.88812908 75.1964813053 1.00432277835 4000.0 0.1
3556.36005144 -21.6016714614 0.911634158903 1200.0 0.612820512821
-2866.10124339 61.8586526836 0.952535255805 7400.0 0.612820512821
-2378.39000558 26.8580449685 0.884119334858 4800.0 1.02307692308
-35.3427283916 5.77454933068 0.824543277644 5000.0 1.02307692308
586.928426366 -18.8246973582 0.841590421108 4800.0 1.22820512821
-3440.63463245 -10.2117791015 0.935233386433 3200.0 1.02307692308
-3159.0265906 -22.5510204655 0.944226694183 1000.0 0.561538461538
1262.93657996 6.52953586668 0.874159967752 4800.0 0.920512820513
-2961.18469726 -4.93640510938 0.922614284941 4800.0 0.869230769231
3259.73596788 -30.4038479784 0.935398612952 5200.0 0.612820512821
-2061.3788067 -32.9789270342 0.876299944249 4800.0 0.817948717949
-1542.66511415 -40.3621297197 0.950305283877 3200.0 0.664102564103
3546.27777584 -31.168771471 0.974686684955 3200.0 1.38205128205
-3176.16297826 68.6942168773 0.982960893093 1000.0 0.35641025641
2280.22873618 -37.7200518258 0.922617464708 4600.0 0.766666666667
-351.82315005 -14.461996055 0.84757507978 4800.0 0.920512820513
-4138.98215342 11.1527657444 0.95701877707 1200.0 0.664102564103
2205.71141313 6.78601488777 0.845030758568 5200.0 0.817948717949
1786.99941182 -18.5670087831 0.878277129182 5200.0 1.12564102564
-2864.57874288 -47.9701879674 0.93865184422 1200.0 0.817948717949
2583.47662118 7.58540607278 0.887198378188 5000.0 0.817948717949
-1683.01750761 -30.8386231065 0.89555398358 5000.0 0.971794871795
-3411.04060112 56.3501497523 0.975749214199 1200.0 0.920512820513
4094.37546508 -66.6700016515 0.985435987851 3600.0 0.253846153846
-2351.76862929 52.6126332824 0.985361070756 1000.0 0.664102564103
-1685.67342371 5.54522032673 0.862991643707 4800.0 1.02307692308
3123.42623875 8.90810679299 0.896299806988 1000.0 0.766666666667
656.28671303 58.6826662559 0.998956358024 8000.0 0.1
29.3192539625 37.9739557469 0.901258111595 5000.0 0.869230769231
-1123.66338682 1.34450815236 0.834284512406 5000.0 1.07435897436
-83.3796045811 7.11586660481 0.837219923228 5200.0 1.02307692308
312.966006249 20.8420816408 0.840343561207 4800.0 0.920512820513
-2246.67265846 10.4221118794 0.870210765633 5000.0 0.971794871795
1724.96146226 -28.0238930529 0.889377874374 4800.0 0.817948717949
1719.99112015 33.1205833529 0.862632915118 5200.0 0.766666666667
-1513.2326057 -22.9776756248 0.88610240042 4600.0 0.920512820513
-3522.42365659 -34.7162767504 0.932317158897 4400.0 0.817948717949
-1412.84880352 -41.9470062193 0.913127763973 4800.0 0.920512820513
2173.25977318 -25.7903183759 0.895717042342 5400.0 0.766666666667
1551.21253269 32.0165907614 0.913623442223 4800.0 0.920512820513
-114.945017245 13.9581960634 0.841176777196 5000.0 0.971794871795
-3333.57821627 -33.4851969919 0.897952549429 5000.0 0.971794871795
3072.12906083 -10.7199365933 0.910695089838 4800.0 0.920512820513
687.257960035 -9.39459012907 0.810952682931 5000.0 0.920512820513
1682.33251184 12.145973765 0.884146739868 5000.0 0.817948717949
-498.303372921 65.6576798535 0.992939113698 4800.0 0.202564102564
281.650886124 46.1929103809 0.91984745186 6400.0 0.612820512821
3423.09288321 -8.12387000958 0.856709049233 5400.0 0.869230769231
2418.08067818 6.06673380473 0.884147353855 5000.0 0.817948717949
-2309.15898324 37.33569957 0.937192676719 1000.0 0.715384615385
2869.03941525 -41.9388738741 0.930181064083 4400.0 0.664102564103
1533.22523747 11.8411131939 0.857325000843 4800.0 0.817948717949
1266.49715398 -1.83893020778 0.844053819001 5400.0 0.971794871795
419.153988407 59.9891186199 0.958795185567 5600.0 0.715384615385
-135.580484307 16.6462025208 0.909766978786 5200.0 0.766666666667
-3420.09437663 11.3990657813 0.91953252987 4600.0 0.971794871795
-2005.33696763 46.6338058228 0.967286819354 5000.0 0.407692307692
3116.38503551 -14.8444846339 0.931377019161 1000.0 0.664102564103
371.697634545 -30.2781406645 0.940281960912 4000.0 0.920512820513
-3554.01475538 48.4291838162 0.989004422941 1200.0 0.253846153846
-2277.78300812 2.03829074052 0.885463127508 4800.0 1.02307692308
2742.72006131 -5.34911416525 0.838216702475 5200.0 0.817948717949
1052.72532607 -29.1178806875 0.951985186049 5200.0 0.664102564103
-3399.76566401 -6.57672816328 0.876498423104 4600.0 0.971794871795
-2103.76971084 41.8310011877 0.911030797736 5200.0 1.12564102564
2960.48036663 -39.6100138477 0.893144857976 5000.0 0.715384615385
2315.31811219 2.19095819579 0.838208493537 4800.0 0.869230769231
-3390.59488992 3.08472845741 0.876896711308 4600.0 1.02307692308
-3373.73544436 -9.25101858611 0.883625104722 4800.0 0.920512820513
4040.47098731 15.3224525863 0.899482142598 5000.0 0.766666666667
3197.42693837 -53.0395533565 0.982220596761 1200.0 0.407692307692
2787.97309514 -28.841027913 0.866128999355 5000.0 0.766666666667
2597.50745295 38.8244798843 0.922500256959 5400.0 0.612820512821
3421.46029618 -46.9981775464 0.951417268423 1000.0 0.817948717949
-180.284203339 -37.5785242159 0.91249500535 4600.0 0.817948717949
859.952481724 13.2017224351 0.895839540358 5200.0 0.817948717949
3381.19347411 -20.3485889266 0.933214434228 4600.0 0.869230769231
-4286.6664536 -40.892894686 0.931707699809 5000.0 0.715384615385
3515.12711531 6.19755659099 0.880159660314 4800.0 0.766666666667
-3653.52293752 18.9736233934 0.884473916121 4800.0 0.971794871795
-3510.89891552 26.4426208959 0.940480879292 1000.0 0.920512820513
-916.047176431 8.98483641702 0.842666394648 5000.0 0.920512820513
-3835.57962059 -18.7023661366 0.966209270344 1000.0 0.664102564103
-2704.48189732 -60.0774336377 0.956063995961 6600.0 0.664102564103
-1941.90670463 26.6951780121 0.918568795326 5000.0 0.766666666667
2427.47300219 -34.2568738635 0.861483157244 4800.0 0.715384615385
3419.53880529 -30.8785991379 0.884247988906 5200.0 0.561538461538
516.926876399 -14.8026161048 0.858660473507 5400.0 0.817948717949
2209.182255 -21.5363569559 0.87132254577 5200.0 0.920512820513
-971.368835658 -5.46266133548 0.874237388719 4800.0 1.02307692308
-1914.18039954 -29.1559316705 0.932028445526 1200.0 0.817948717949
-2345.15716292 24.3841851114 0.879305147184 4600.0 0.971794871795
3010.04481509 16.4374059116 0.883550921261 4600.0 1.17692307692
892.570056491 69.0409064933 0.985492570618 7800.0 0.35641025641
3384.07340242 60.9323005845 0.987845052126 1200.0 0.202564102564
-980.357355754 25.9733667675 0.900979450055 4600.0 1.02307692308
-2315.43204283 -22.2508753755 0.940156056849 1200.0 0.664102564103
-1855.14792981 13.0872266642 0.89090695414 4800.0 0.920512820513
-2399.24055313 -6.5528773363 0.896415727026 4600.0 0.920512820513
-2381.45093904 -39.7261556312 0.869054744709 4800.0 0.971794871795
2121.04326265 -15.6790142974 0.866712436569 5000.0 1.17692307692
-2770.4255912 3.44310664249 0.890508648904 5000.0 0.920512820513
-345.121014015 -7.30469327014 0.882668895588 5000.0 1.07435897436
2320.08977837 9.2728064374 0.864280399622 5000.0 0.817948717949
1502.5506669 -40.3233857213 0.962422681513 1000.0 0.407692307692
3971.5962093 11.7957507313 0.885580765838 4800.0 0.766666666667
2515.91038422 -14.7861022255 0.874585739281 5400.0 0.817948717949
835.159016672 41.7756977845 0.970872167865 5000.0 0.458974358974
2895.82942804 3.50030944663 0.866828048592 4800.0 0.971794871795
-431.939428024 -54.4707350517 0.843534807103 5000.0 1.17692307692
-3317.49472812 30.3007268254 0.941572739486 1000.0 0.817948717949
2331.60549458 16.303601834 0.882741374689 5200.0 0.920512820513
643.915682295 -24.4001798298 0.911160761858 5400.0 0.869230769231
2882.27445144 -37.389497918 0.895467545942 5000.0 0.766666666667
-2803.92998767 -1.32637591213 0.869908282841 4800.0 0.971794871795
4645.98078498 -21.5002445768 0.923546273569 2800.0 1.17692307692
976.652205925 36.2504419771 0.906838555076 5000.0 0.766666666667
1136.66332214 54.8989967652 0.986453387289 5200.0 0.253846153846
-1106.13867542 17.0657564983 0.886508115283 5000.0 0.869230769231
1472.14570326 29.0716192458 0.901044500303 5400.0 0.766666666667
-193.778798338 -30.7817907637 0.847823143624 5000.0 0.817948717949
930.176105668 17.3919188184 0.890049633101 5000.0 1.07435897436
564.289838488 50.8359110773 0.963588141934 1000.0 0.407692307692
-2134.17446782 -29.384918341 0.911051273325 1400.0 0.766666666667
2754.75416901 -24.8346820133 0.895679772368 5400.0 0.664102564103
3143.59412501 66.0836606768 0.999971288982 7800.0 0.1
1767.36420361 10.0872611552 0.861456040611 4800.0 0.817948717949
221.755500549 3.45358655153 0.839629160395 5000.0 0.971794871795
505.012995331 -5.00905818885 0.875766261418 5600.0 0.920512820513
2757.46870796 1.96054438906 0.883930525282 5000.0 0.817948717949
2955.91875604 -41.0896118023 0.963549270855 1000.0 0.35641025641
995.108484419 17.3734530063 0.89575910211 5000.0 0.869230769231
-2336.73475777 -30.5153547139 0.854332427802 5000.0 1.02307692308
3076.27435172 39.024264936 0.958703454733 5000.0 0.510256410256
-2162.73739509 -63.1297411205 0.960144935359 4800.0 0.664102564103
-3402.16578379 -35.9752683939 0.879098879779 4800.0 1.02307692308
2328.55111612 23.5808950967 0.841931261218 5000.0 0.817948717949
-429.943035517 30.7799416771 0.878117931658 5200.0 0.869230769231
-4210.74579149 -4.00439147018 0.91432400066 4600.0 0.920512820513
-4010.21585578 39.6567188167 0.936152472108 4600.0 0.971794871795
-2147.95820431 12.1940594474 0.852876746625 4800.0 0.920512820513
-3337.56834058 -35.8508473233 0.948817966147 3000.0 0.817948717949
-441.06446516 -63.4920831239 0.96705354894 5400.0 0.510256410256
-1743.57047331 -77.6426548094 0.978278499396 4600.0 0.305128205128
1840.34218555 51.7556665212 0.996742975354 6400.0 0.151282051282
1580.95092516 -44.9630021396 0.959203856011 2600.0 0.612820512821
-1754.83232031 -34.2362550849 0.846228129583 4800.0 0.971794871795
1945.53923815 -22.1552135649 0.840148754108 4800.0 0.766666666667
-73.1899319046 35.2092809727 0.880734660343 5000.0 0.869230769231
2249.09361208 -28.4572013413 0.874681665849 5000.0 0.715384615385
1152.84467104 -6.67475801034 0.864493583176 5000.0 0.869230769231
2101.0652907 -42.5989639272 0.926651762119 1000.0 0.817948717949
-2303.55575088 -64.9355684532 0.942365379059 4800.0 0.920512820513
-2220.93389339 -26.242877904 0.955978973038 1200.0 0.561538461538
1052.43743137 -33.4816902427 0.939435034145 1400.0 0.612820512821
-2558.73705482 -38.0642379144 0.895031544948 4800.0 0.920512820513
3167.17047511 3.40951625597 0.893981807859 4800.0 0.715384615385
3021.76087481 32.0669734285 0.880336344222 4600.0 1.07435897436
-2646.73597594 3.79115328107 0.909933756607 4800.0 0.869230769231
-2005.46427402 -19.7392604226 0.912278348079 4400.0 1.02307692308
-1369.42965998 -49.0137219349 0.89371266663 4800.0 0.869230769231
501.364799937 -28.4371243637 0.863551352788 4800.0 0.817948717949
3566.67205606 -39.0686233429 0.909629645597 4600.0 0.817948717949
1901.98739322 45.7197202778 0.954634420187 1000.0 0.715384615385
485.993333801 -11.1677723651 0.838619398538 5000.0 0.971794871795
3162.18000998 -1.92871584793 0.886201198124 5200.0 0.766666666667
251.392073607 -32.3320915188 0.898203627021 3400.0 1.5358974359
4214.48638459 -56.8678974572 0.928862376247 5000.0 0.561538461538
-1802.34527429 43.5720603327 0.956988785947 1000.0 0.612820512821
-3312.3551666 82.0590317916 0.995732240837 7200.0 0.151282051282
-3348.91746069 -17.325525834 0.908056175895 4600.0 0.971794871795
-1797.04339587 40.277049167 0.912977401729 5200.0 0.971794871795
43.7206596045 4.985294304 0.868861299783 5000.0 1.02307692308
-2347.99740109 -29.3664749675 0.931609103555 1000.0 0.920512820513
-2558.52257068 16.9674800065 0.938687732238 4600.0 0.817948717949
161.021367712 17.4607286743 0.913785665153 5000.0 0.766666666667
-1355.80705931 76.9425016651 1.0012831291 8000.0 0.1
-1038.17480299 52.1678092193 0.966066366182 5000.0 0.510256410256
-3133.47657634 41.8427134645 0.947315569414 5000.0 1.02307692308
-1391.63676273 -14.2571300348 0.861336326361 4600.0 1.07435897436
-1247.56752365 4.08009719917 0.823764722773 5000.0 0.971794871795
-2671.10697805 3.49605144372 0.875854719521 4800.0 1.02307692308
-3088.40902814 48.0653130046 0.975642353597 1000.0 1.02307692308
-4030.29202167 56.7199242363 0.946768149033 4800.0 0.817948717949
3035.67047111 22.0260762095 0.876682396357 5000.0 0.715384615385
1143.08192111 53.623056636 0.928909771915 4800.0 0.971794871795
-1916.41702435 -30.8115152823 0.869410597311 5000.0 0.869230769231
-30.7517505169 -8.95325166972 0.812187908741 5000.0 1.12564102564
-2991.53400784 21.7027835977 0.920146921897 4600.0 0.869230769231
-3201.74523309 -16.1805151158 0.927667310339 2800.0 1.02307692308
35.7305361432 -22.6298210549 0.885103220718 4800.0 1.38205128205
-3550.84604439 5.3306007721 0.90392218987 4800.0 0.869230769231
1541.0526436 -60.3617546419 0.912845369869 4800.0 0.817948717949
71.4458668244 46.8437744297 0.974057387923 5000.0 0.407692307692
745.324711544 -26.6811486702 0.870373165706 5000.0 0.869230769231
-162.492208597 15.0348106903 0.89561756271 5400.0 0.817948717949
-2282.13559411 2.88271021552 0.908860123879 5000.0 0.869230769231
-260.185375446 41.2753718344 0.961464427244 5200.0 0.510256410256
-2010.12773221 0.902826443167 0.926636261697 5000.0 0.869230769231
-2937.66897198 5.94694380799 0.911885842395 4800.0 1.02307692308
-2996.93262547 -23.2421215379 0.908307306224 4600.0 0.971794871795
-890.036559258 16.4815482499 0.845331600786 4800.0 1.12564102564
2940.52366214 -1.44155996129 0.932363784331 4800.0 0.817948717949
-2348.07150294 -34.9889235172 0.942925481712 1000.0 0.766666666667
-483.194967675 76.6001507174 1.00198167321 1000.0 0.1
-1162.05309626 13.3666645291 0.88215518046 5000.0 1.12564102564
-2996.3960725 -19.9877408467 0.893746187613 4800.0 0.920512820513
715.047427406 -33.0933625276 0.920118637158 1400.0 0.971794871795
-732.701895944 -60.2244158498 0.917582294555 5200.0 0.766666666667
13.3464451655 16.9853913032 0.871352070076 5000.0 0.971794871795
265.854061403 -21.8775738603 0.882023894042 4800.0 0.920512820513
438.204693995 -22.4064109817 0.850372524906 5000.0 0.817948717949
-2181.64696449 -18.1050705606 0.880557287471 4800.0 0.869230769231
-2502.03637951 -39.4203900517 0.938903820173 4800.0 0.664102564103
2480.70431071 -30.2507248009 0.949904653074 1000.0 0.458974358974
-1326.7330503 33.0032025042 0.915522844289 5000.0 0.920512820513
2758.1172414 -28.1361445163 0.888729395677 1600.0 1.02307692308
-295.933387496 3.43362447303 0.872388646866 5200.0 1.07435897436
-1024.18084823 -7.36565527831 0.835087052294 4800.0 1.02307692308
1106.21941151 -42.1242710424 0.902789555722 4800.0 0.715384615385
-1078.3516715 -32.7928482562 0.881059780955 5000.0 0.920512820513
2740.20616921 8.6740988088 0.811292251522 4800.0 0.817948717949
3313.62879447 60.709577691 0.982417390469 5400.0 0.305128205128
-3971.18236382 -35.4955348413 0.9257600195 1000.0 0.766666666667
3666.74874325 -5.90795418674 0.926427811702 1000.0 0.715384615385
1091.14682275 32.3708621834 0.901659865615 5000.0 0.766666666667
-3852.44863495 -47.556574125 0.957073542597 1000.0 0.561538461538
1737.93278531 -11.0214406748 0.874163457028 4800.0 0.920512820513
323.441970829 -5.091827278 0.85154361852 4600.0 1.02307692308
2602.33037066 -52.9607143824 0.959932092677 4600.0 0.561538461538
-3364.63119668 54.6369833286 0.931426676157 5000.0 0.869230769231
2733.95774789 34.3226451714 0.906100906643 4800.0 0.817948717949
3201.34936807 34.2978251878 0.920706373845 1000.0 0.869230769231
-1748.25283125 -42.4434109017 0.904116341173 1000.0 1.17692307692
2889.76726284 45.2662847857 0.964771848024 1000.0 0.407692307692
-1852.77926357 39.18959322 0.962676424657 1200.0 0.817948717949
-1337.6814975 13.6694036913 0.857636063512 5000.0 0.920512820513
-1793.57080025 -42.8052912635 0.950049274055 3800.0 0.561538461538
-2967.16951047 13.409737767 0.881271251988 4800.0 1.02307692308
3181.14752495 -19.1244598505 0.904697566378 5000.0 0.715384615385
747.984978783 -28.6390259336 0.86988098519 5400.0 0.817948717949
565.180562491 -52.9223661239 0.928923982432 4800.0 0.817948717949
-1426.85360156 -12.7112545345 0.882387133727 5000.0 1.07435897436
2453.80959798 -21.1402753759 0.939370864991 3600.0 0.971794871795
-4454.36370724 39.7929301958 0.976683539039 1000.0 0.612820512821
-3224.65933121 -18.317497524 0.915540258864 3000.0 0.971794871795
2099.61656341 5.12262148556 0.857698536344 5200.0 0.817948717949
485.331337197 70.8695077543 0.98866610314 1000.0 0.253846153846
-1714.3723188 -33.5769804063 0.904994633338 4800.0 0.766666666667
685.53033483 -27.6163955449 0.872673889612 4800.0 0.869230769231
-3090.63155343 39.7629699839 0.984190953324 1200.0 0.458974358974
-2282.1029508 31.947662496 0.9611149519 1000.0 0.612820512821
1455.94430416 -46.8787856038 0.926664702186 1000.0 0.664102564103
1565.41710833 -27.7861654675 0.871644780607 5400.0 0.715384615385
3550.87500718 1.25578614754 0.936951175657 1000.0 0.715384615385
228.346171983 15.193334249 0.870427048292 5000.0 0.869230769231
-2873.50304441 -36.3741452421 0.946081571405 1200.0 0.715384615385
1252.48369979 -40.171369825 0.923299961948 1200.0 0.869230769231
-1341.87581586 11.8370909065 0.880848283869 5000.0 0.869230769231
-3246.38362401 -19.6217586158 0.948615884938 4600.0 0.920512820513
-1108.11509419 -40.3304384383 0.887589959308 4800.0 0.920512820513
3329.15334311 -37.4827539741 0.936804456693 1200.0 0.766666666667
-1304.9497709 53.6838068039 0.986795615924 5000.0 0.305128205128
3893.79882164 8.24607866977 0.870687001631 5000.0 0.817948717949
-1382.34165142 -28.3953910396 0.87957510189 4800.0 0.869230769231
-2971.1362871 53.1547971571 0.974183823887 5000.0 0.664102564103
1654.77565338 -24.9068720084 0.920838215574 5200.0 0.869230769231
4673.62818454 54.2430822675 0.972755593549 1000.0 0.510256410256
2570.45918546 28.0616259138 0.880315751526 5400.0 0.664102564103
2543.46705039 3.09478457652 0.888756878298 5000.0 0.817948717949
562.863199491 -41.0065970225 0.890791088553 5000.0 0.817948717949
-459.743170992 -29.0102759817 0.835515782795 4800.0 0.920512820513
-2804.61747245 -50.6558282817 0.973407752923 1000.0 0.664102564103
-3733.93522162 18.7340706919 0.919290294153 5000.0 0.971794871795
3614.50563656 56.2050482089 0.951024956549 7200.0 0.458974358974
903.16623545 47.5001131877 0.974665397584 1000.0 0.35641025641
-2646.08704569 -20.3794072775 0.879380991275 4600.0 0.920512820513
1821.8082027 15.8498085371 0.889585195334 4800.0 0.817948717949
-3141.51848203 -7.26091435771 0.897847751464 4800.0 0.971794871795
1689.07007295 39.0029879975 0.885218604982 4600.0 0.817948717949
2518.74431152 9.40312818672 0.870140937677 5200.0 0.817948717949
1263.05147511 -28.6994687988 0.880970094888 1200.0 0.869230769231
-1796.58599452 -8.47775887925 0.888200861928 5000.0 0.869230769231
1197.27763303 -33.7870773006 0.967052452849 1200.0 0.458974358974
1506.18829142 18.6589511512 0.880336907112 5400.0 0.971794871795
2699.80449853 -9.59856830093 0.900602434538 5200.0 0.920512820513
1942.14346956 51.8928717093 0.967227203175 4800.0 0.458974358974
803.105623828 -27.9549562644 0.885278405705 5600.0 0.715384615385
-2526.48375713 -18.7337156842 0.838247357194 4600.0 1.02307692308
-201.537254558 -20.2303450668 0.883100274626 5000.0 1.43333333333
2812.6619114 44.7199656874 0.903822616963 4800.0 0.869230769231
3545.00135831 -16.4573398763 0.920191611707 5000.0 0.971794871795
1360.0845087 -32.0572065528 0.869633884284 5200.0 0.817948717949
171.292780895 6.53567113797 0.869324170145 4800.0 0.920512820513
2639.22661212 30.971538521 0.929671941749 1000.0 0.869230769231
1411.58523267 61.2816926379 0.933406143692 7000.0 0.612820512821
1620.29735696 -36.9571968336 0.909388042843 5200.0 0.664102564103
-1709.89529888 -63.1539846726 0.92966435351 6000.0 1.17692307692
-4086.50658225 5.59567916393 0.953072988336 1200.0 0.715384615385
-474.947988035 -74.8850150509 0.990764030909 1000.0 0.35641025641
-2813.71324317 39.7491758242 0.965135879135 4400.0 0.510256410256
-2234.60313936 -26.5714327219 0.867141314547 4800.0 0.971794871795
-2523.256843 1.62623151215 0.868422217139 4600.0 1.12564102564
4432.22155544 -32.9649026167 0.919913246409 4600.0 0.869230769231
-393.008297985 6.18183236344 0.845348233327 4800.0 0.869230769231
2393.44588358 9.91014672961 0.87115703189 4800.0 0.869230769231
-1277.16088651 -10.9757528997 0.870540369079 5000.0 0.920512820513
2102.72695604 -12.8717814415 0.891753398516 5200.0 0.766666666667
-1655.55906219 41.2789602887 0.958527152916 1200.0 0.920512820513
-743.708441992 20.3480570514 0.873752821786 5200.0 0.869230769231
-2723.46182388 7.28218762763 0.883438414148 4600.0 0.869230769231
3520.53767424 30.1243908834 0.872872826676 4800.0 0.766666666667
-3494.66783989 -66.2086049385 0.968798879287 1000.0 0.766666666667
-2271.98956674 2.02083669185 0.880856691294 5000.0 0.920512820513
-173.474568045 49.3887543928 0.93430288734 4800.0 0.817948717949
631.796537956 62.3362163558 0.977113853928 8000.0 0.407692307692
3365.57279774 5.25206113086 0.887267045644 5200.0 0.817948717949
2543.81532653 -32.4776013181 0.961004272814 2600.0 0.561538461538
-2857.57340081 -41.6912152999 0.912658565607 5000.0 0.766666666667
-1311.2957048 54.6033207672 0.982157631166 1200.0 0.407692307692
-1393.25641767 60.9726182394 0.987844768185 7000.0 0.305128205128
-1991.47631888 39.769835234 0.898149475867 4600.0 0.920512820513
540.163857603 50.9972724118 0.935940180438 7800.0 0.817948717949
1087.71426215 -29.4113123832 0.921457706394 5200.0 0.715384615385
618.653454079 -15.0228222415 0.844815005394 5000.0 0.817948717949
2859.48987177 86.6041573929 0.998962987883 6800.0 0.1
1180.51564369 -19.8968650126 0.903406325368 5000.0 0.920512820513
4266.38067017 -37.1174354089 0.910400218968 4800.0 0.561538461538
2513.72332297 -42.1506724082 0.941554200044 1000.0 0.561538461538
368.654520263 -28.2894994689 0.885541982778 5000.0 0.817948717949
3050.1167738 -59.4967735582 0.989878456494 1200.0 0.664102564103
-3383.2037435 8.61631313805 0.942161894201 4200.0 0.715384615385
2662.1915783 -1.07037494448 0.912030580072 4800.0 0.817948717949
834.125631242 5.44721001904 0.862256729922 4800.0 0.869230769231
-1030.74713538 9.35007104733 0.844940228644 5000.0 1.02307692308
-3182.88122132 -1.82390438978 0.904900979592 4800.0 0.920512820513
2425.16426632 28.2661547231 0.932701576328 1000.0 0.715384615385
3372.26102209 -21.9203920469 0.917263381591 1000.0 0.664102564103
-54.5824868213 41.9350320822 0.881055293107 5200.0 0.869230769231
2383.78576009 -8.45043435535 0.899527541939 5000.0 0.920512820513
-1406.3291252 62.3772660568 0.983181381517 1200.0 0.305128205128
-2560.33476434 -15.4756595258 0.934717584904 4800.0 0.612820512821
-991.91137446 -31.2840985661 0.902893809014 4600.0 1.5358974359
-2588.69646117 3.66798914897 0.827977992606 4800.0 1.02307692308
949.148374299 -1.02662803953 0.869163810097 5000.0 0.869230769231
932.85398838 -24.9546348316 0.862072473339 4800.0 0.817948717949
-1001.81989533 -44.55222181 0.908362930416 4800.0 0.869230769231
3479.83765736 -52.252001148 0.972264278947 1200.0 0.35641025641
-926.195921999 26.5941390577 0.906344942033 4600.0 1.22820512821
1644.85368586 29.1145702481 0.927755718635 5000.0 0.715384615385
-2269.58234144 -53.4040995434 0.909825959671 4800.0 1.07435897436
-2353.29002312 -28.537155276 0.848812487667 4800.0 1.02307692308
1290.80391581 -32.1533298397 0.859535655873 5000.0 0.766666666667
-4695.43831671 28.3379197978 0.915226005491 4800.0 0.920512820513
3062.65430875 21.6204780559 0.950103115492 1000.0 0.664102564103
4598.92293788 18.5127432949 0.968005343863 1200.0 0.612820512821
-2086.03818898 -9.08544225011 0.868488853741 4800.0 0.971794871795
1785.66378107 -14.4609968275 0.858516549595 5000.0 0.766666666667
1702.57801779 -35.7750268324 0.927733065898 5000.0 0.766666666667
-90.5057877601 61.3549757906 0.979325397181 1200.0 0.458974358974
-698.367105639 -19.4202891631 0.839436192345 5000.0 1.12564102564
667.148807034 -8.8463427673 0.859120298688 5200.0 1.12564102564
-70.9140199985 45.9362378355 0.965486386585 5000.0 0.458974358974
1397.16771712 12.6609992674 0.912647328237 5000.0 0.971794871795
4354.24702041 11.5441672863 0.902589998725 3400.0 0.715384615385
3333.58857289 -16.6325780937 0.898822773766 1000.0 0.612820512821
-2796.43529868 -38.7029013193 0.963602788999 3800.0 0.510256410256
3727.51007555 44.5111681841 0.967808513402 1000.0 0.510256410256
-3062.38649065 55.8782176004 0.954994649432 4800.0 0.510256410256
-1213.02167436 24.7412327996 0.930821798155 5200.0 0.920512820513
-2798.48188987 -10.7465793531 0.91806949766 4800.0 0.715384615385
773.227694978 0.881763537783 0.83795020539 5000.0 0.971794871795
470.346899881 -26.8680777811 0.888459092245 5000.0 0.817948717949
-1360.30164413 23.7706923144 0.875903492072 4800.0 0.971794871795
1833.24108216 59.4895135452 0.984455179987 7600.0 0.253846153846
-144.863143558 -12.1325524656 0.870768020236 5200.0 1.02307692308
-3359.02563893 40.8704368656 0.971947895604 4800.0 0.561538461538
-630.38368431 50.5489065983 0.97543354814 1000.0 0.510256410256
-709.499467261 63.0093140186 0.994404109789 5000.0 0.151282051282
-2979.67412531 -56.4787162158 0.959544436887 4600.0 0.561538461538
-2042.38237776 8.51081356363 0.883813372493 5000.0 0.920512820513
-3964.1273468 -51.9000418557 0.959585377882 4600.0 0.458974358974
-1804.04913993 49.7913471268 0.981116601177 5200.0 0.35641025641
-1505.21113597 33.8465994401 0.942337572423 1200.0 0.920512820513
2973.15426779 -3.76408123325 0.876354743791 4600.0 0.817948717949
-4002.2272277 -44.9601843756 0.908879657142 4800.0 0.920512820513
1635.95048154 -14.5181062961 0.914054338872 5200.0 1.02307692308
1321.71241952 -16.6371477422 0.872960192113 4800.0 1.22820512821
-414.160502905 18.7537280107 0.881102313332 4800.0 1.17692307692
3366.65422336 14.8435011111 0.925550301615 5000.0 0.664102564103
-2402.9267692 -36.0109081557 0.894232318822 4600.0 1.02307692308
2822.86487047 -16.8382063911 0.90418038852 4600.0 0.869230769231
537.831263595 -21.8298512679 0.854012290667 5400.0 0.869230769231
-1569.58644711 -31.9509791733 0.895177555182 5000.0 0.817948717949
1590.17983447 -27.6667360711 0.880113228902 4800.0 0.766666666667
2057.84313478 -19.9455619734 0.914598354587 5200.0 0.817948717949
3037.95008358 16.2215987224 0.900532621176 5200.0 0.664102564103
-1544.354253 7.03852307378 0.815335589525 5000.0 0.971794871795
3355.27379877 -27.1879624944 0.896719090067 5400.0 0.612820512821
3800.24288173 19.3076511717 0.919084130914 4800.0 0.715384615385
110.043009553 32.5090688768 0.925084244322 5000.0 0.766666666667
-3163.43084095 33.5776234826 0.930542202191 4800.0 0.920512820513
154.408006546 -47.4832506284 0.934307706771 1000.0 0.766666666667
-635.471067636 -23.3197948592 0.802476285378 5000.0 0.869230769231
-3273.22969931 40.876002519 0.964130131816 1000.0 0.510256410256
-1490.83041305 27.7145289075 0.927149397006 4800.0 0.920512820513
-1792.83969383 -14.6404394779 0.837480646931 5000.0 0.971794871795
3313.58041354 -17.8660336159 0.882533430857 5000.0 0.664102564103
2413.34844208 -3.72384685529 0.866647354561 5000.0 0.817948717949
-400.409668166 -41.7202763976 0.918975979944 5200.0 0.817948717949
-884.914739296 70.8557163897 0.987892641195 1200.0 0.202564102564
-2408.86973655 -19.0220551634 0.87156667964 5000.0 0.869230769231
1589.73580267 79.0932184359 1.00011626205 8000.0 0.1
-1569.08625135 -4.289929523 0.862699845124 5000.0 0.971794871795
816.691544497 -29.4626676944 0.870659834206 4800.0 0.869230769231
1211.33871762 34.1571430562 0.924990061172 4000.0 1.07435897436
3496.38752688 -45.1617163771 0.987427728133 1000.0 0.253846153846
1435.43116862 54.3770812822 0.972983311262 1000.0 0.766666666667
683.704187884 57.6343919254 0.977286140538 8000.0 0.612820512821
1772.2560742 -49.210085934 0.909069861378 4600.0 0.869230769231
1985.13507035 -17.7436394907 0.870787335555 4800.0 0.817948717949
2672.99770636 -42.501357567 0.89411389578 5600.0 0.715384615385
-427.762965597 -31.8234369091 0.864265009653 4800.0 0.869230769231
2277.68322832 21.3775422285 0.897802481248 4800.0 0.920512820513
205.686882049 41.9787626494 0.909752427886 5000.0 0.817948717949
-2112.20203053 -11.1127820918 0.923450043357 4800.0 0.869230769231
710.735161764 -50.672654513 0.892374436939 5400.0 0.869230769231
1857.91107316 1.56839931643 0.866995155479 5000.0 0.920512820513
-2474.40521682 -32.4139275465 0.878429810216 5000.0 1.12564102564
953.87716396 -8.6454226968 0.873659217366 5200.0 0.869230769231
-2454.6078454 -34.3473423719 0.935518217113 1200.0 0.971794871795
-1595.62003797 6.18432195284 0.867538822252 5000.0 0.971794871795
292.698489776 -43.6035258674 0.949862029964 4200.0 0.561538461538
918.824989093 57.3463636946 0.997035498112 6400.0 0.1
-1186.12521164 -32.7522956676 0.926991207372 3000.0 1.48461538462
-1792.56098232 21.9346412605 0.90279641505 5000.0 0.971794871795
-714.88706935 71.7642198621 0.92416699471 7200.0 0.561538461538
-1652.01015816 71.6271602835 1.00278377692 6200.0 0.1
-1797.5761365 15.292605276 0.879883697457 5000.0 0.869230769231
3199.82920897 35.1516978183 0.923343916494 4200.0 0.766666666667
-1900.02512744 -39.8897658592 0.925191132301 1200.0 1.22820512821
-36.7275472076 4.99212621059 0.854362157605 5000.0 0.971794871795
-3332.83134068 -7.63190090271 0.919917111518 4800.0 0.766666666667
-2971.18183703 -26.1679577681 0.915433857871 4800.0 0.817948717949
-2190.79179737 -16.2517110346 0.911921710287 4800.0 0.920512820513
-2996.80889696 35.4019915208 0.925415320499 4800.0 0.920512820513
-1024.72665529 31.3198441127 0.921587080238 4800.0 0.971794871795
-123.192065572 1.64234496401 0.88381468719 5000.0 1.02307692308
2036.70442116 60.1845967923 0.97259701764 6200.0 0.407692307692
-1000.95767726 -39.3435680663 0.929492968484 5000.0 0.664102564103
-2940.39341756 15.8452377402 0.938399526747 1000.0 0.715384615385
-1479.20162539 43.5245653795 0.936104059332 1200.0 1.33076923077
95.7388335919 -31.4790373186 0.873052590128 5000.0 0.971794871795
-113.980388845 10.2400747068 0.844984870259 5000.0 0.971794871795
2496.77528461 -40.2691295165 0.964445587311 1000.0 0.612820512821
889.502056913 47.234484983 0.9671269521 1400.0 1.07435897436
2188.20417088 45.0945237816 0.963159096769 1200.0 1.02307692308
108.50855978 52.7874198129 0.942829941675 5000.0 0.664102564103
-2958.76311443 -31.9431339188 0.923191249121 1000.0 0.920512820513
-2198.07227186 -10.5125309153 0.887671802832 4800.0 0.971794871795
-1310.58376869 17.7677409967 0.848900203914 5000.0 0.920512820513
-1720.21089398 9.95538113318 0.872528102067 5000.0 0.971794871795
2284.89043177 72.1067432068 0.998325712062 8000.0 0.1
-15.7145176 83.8230770118 1.00340257981 4000.0 0.1
-1329.20098147 18.3902168043 0.866727922832 5200.0 0.920512820513
1457.02095162 11.9983981127 0.867107413311 5200.0 0.869230769231
2386.30589363 14.9458705607 0.86863367194 5000.0 0.766666666667
-1010.39389248 19.6310567495 0.911934374926 4800.0 1.02307692308
-3405.27687301 -16.9771390441 0.918775982355 5000.0 0.817948717949
-2554.45946508 45.6406054738 0.985247466622 6600.0 0.35641025641
-3391.68940983 -6.21482446008 0.930130691575 4600.0 0.817948717949
2620.68812251 -24.3005943249 0.874666356708 4800.0 0.715384615385
-610.822583746 44.7013812344 0.957352110497 5200.0 0.510256410256
2379.27267621 -0.760422605722 0.836375442017 5000.0 0.971794871795
-177.336717356 42.1205378352 0.930932301689 5000.0 0.766666666667
56.7750335316 -34.1839852917 0.914432006878 1000.0 0.766666666667
540.943101691 -44.6845574514 0.876512440668 4800.0 1.02307692308
-3396.38237718 6.12028862453 0.883795298618 5000.0 0.920512820513
-317.981437996 24.6450083144 0.909604060757 4600.0 0.920512820513
2288.36815943 11.2978658065 0.880568505019 5200.0 0.817948717949
3121.25404522 -15.4863254368 0.883805905867 4600.0 0.715384615385
-3065.13336611 -27.2235676361 0.925658753464 5000.0 0.817948717949
-71.5385898923 26.5075518505 0.891580817515 5200.0 0.766666666667
2191.5886833 29.9041525232 0.898209606452 4800.0 0.766666666667
749.898687611 -27.3013802729 0.868620522148 5000.0 0.817948717949
3888.95021174 52.8049458654 0.987795900621 4800.0 0.202564102564
3086.85098261 52.3675261341 0.941462007423 5400.0 0.664102564103
-616.753449873 -6.19687941676 0.842284220261 5000.0 1.02307692308
-1018.56288645 42.4479658571 0.93581557206 5000.0 0.817948717949
1211.12968317 6.29224239507 0.87467110519 5000.0 0.920512820513
-3580.70233332 26.6279267024 0.952885657467 4800.0 0.715384615385
592.251631845 -1.9701782343 0.854019270098 4800.0 1.02307692308
-1151.1339138 50.3544421839 0.931673563108 5200.0 0.766666666667
19.0881757522 -27.5713075843 0.836480765787 5000.0 0.817948717949
-3665.88380404 42.5079182099 0.961302747249 1200.0 1.17692307692
2075.50007987 -16.4949918278 0.889813299411 5000.0 0.971794871795
1710.10059459 30.6195569934 0.93643250373 1000.0 0.612820512821
1028.64613512 21.9164686184 0.884899828823 4800.0 0.869230769231
3666.67704691 -56.0623396587 0.946547674236 5200.0 0.35641025641
3863.05770051 -24.6228902219 0.902820450521 4800.0 0.971794871795
2978.00671768 26.2915637022 0.884253074891 4800.0 0.715384615385
2466.63558299 -17.2170470279 0.859642007728 5200.0 0.817948717949
-170.262920387 -33.04172476 0.915777204786 4800.0 0.766666666667
-538.189298509 -13.9046273493 0.86142863208 5200.0 0.869230769231
2718.36472939 -32.8465343293 0.897515216915 4800.0 0.612820512821
3611.19019663 -35.4458089783 0.951084403039 1000.0 0.407692307692
-1662.37509093 6.63550623585 0.858344804092 4800.0 1.02307692308
-3273.22263212 -23.6085262021 0.932111680802 1200.0 0.715384615385
-1689.81334221 12.8400223766 0.916926706137 5000.0 0.869230769231
-1732.95299981 25.6186793728 0.92049225072 5000.0 0.817948717949
-3632.71480699 -8.48441407811 0.90381957117 4800.0 0.920512820513
-782.170284336 2.97369741696 0.812238183212 5000.0 0.971794871795
3434.56222549 48.9744861186 0.946464944956 1000.0 0.817948717949
1176.1543421 26.4712218472 0.916121876413 4800.0 0.715384615385
-2427.23312336 25.1996817546 0.898512305099 4800.0 1.02307692308
1257.10079986 39.4891286194 0.918491076972 4800.0 0.715384615385
2885.60478412 30.0207943112 0.891002552872 5000.0 0.664102564103
-2780.58087365 -47.3729150828 0.917655997377 4800.0 0.869230769231
3240.86086687 2.68612703269 0.843525516992 5000.0 0.817948717949
-410.62324111 -34.7830915427 0.913297235101 5400.0 0.766666666667
-2662.70736295 41.1015319187 0.969241208637 4800.0 0.510256410256
-922.06261837 -18.720330772 0.866282758093 5000.0 0.817948717949
1411.30929682 4.53254136086 0.863188930819 5400.0 0.920512820513
1316.48940377 35.2168347557 0.938520894275 5200.0 0.664102564103
-470.789739988 -42.4016675751 0.898166505141 1000.0 0.920512820513
-451.4446065 -12.7243804113 0.889166125509 5000.0 0.869230769231
3412.61493226 -1.13963752119 0.930393124532 1000.0 0.715384615385
-3377.79808811 -43.753936741 0.935041828567 4800.0 0.920512820513
1513.32459592 13.5053653595 0.888043549665 5200.0 0.817948717949
-2981.13087224 -12.2302341893 0.906033716692 4600.0 0.869230769231
453.715296488 -49.7302518613 0.922674039612 5200.0 0.766666666667
-2065.02954376 -23.6201818922 0.962376261325 3200.0 1.07435897436
1471.85802582 13.8087662408 0.865279489283 5400.0 0.817948717949
2501.19092805 76.9451858732 0.997482351601 7600.0 0.151282051282
-1785.4819441 -55.585128678 0.917326989847 5000.0 0.869230769231
3357.10970282 -21.0598147848 0.945863878917 5200.0 0.664102564103
3536.22147798 36.6436872052 0.947038047925 4800.0 0.510256410256
1250.90896224 58.2030547472 0.992738777823 8000.0 0.253846153846
2766.85285477 39.9998621824 0.959820205834 1000.0 0.407692307692
27.7765481628 -43.2194222438 0.914696911301 5200.0 0.817948717949
3745.85904343 27.6305020821 0.91827013993 5000.0 0.561538461538
1840.45504885 2.87622161175 0.893993489497 5000.0 0.869230769231
-2811.02203435 -47.0590761142 0.959995409177 1200.0 0.664102564103
-916.041301661 -28.2085187097 0.882525775794 5200.0 0.817948717949
-1302.945902 16.7007281198 0.89995345695 4800.0 0.920512820513
-1977.69822445 19.6871939342 0.872042775053 4800.0 0.971794871795
910.179222929 27.7529865161 0.906661895478 5000.0 0.766666666667
77.2990249003 17.7781627807 0.880926251459 5000.0 0.869230769231
-563.638955197 -47.5863019627 0.946668732167 4400.0 0.561538461538
-4767.39740653 54.1913741934 0.980944682199 1200.0 0.715384615385
2717.70460209 -57.6045672922 0.946950242756 7800.0 0.407692307692
786.829651458 31.1152361621 0.933097748992 5000.0 0.715384615385
-1362.85472507 18.6983825172 0.88999059007 5000.0 0.971794871795
2501.09178853 6.62590475925 0.879194443181 5400.0 0.869230769231
-3046.16708311 16.4955191767 0.95405045259 4600.0 0.664102564103
1887.75150675 45.7568186804 0.932385340895 7600.0 0.612820512821
-801.336319313 33.8008569122 0.931656081828 5400.0 0.664102564103
-2579.43266117 48.7511082992 0.966267651823 4400.0 0.407692307692
-2202.59452185 20.2874591519 0.912835631031 4800.0 0.817948717949
-3576.57097887 22.9779493516 0.876783851322 5000.0 0.920512820513
-2495.308236 -40.3486543563 0.940093352804 1000.0 0.715384615385
-3093.87049939 64.0753040409 0.984227626385 1000.0 0.253846153846
2281.63758296 26.034666914 0.896562867189 5200.0 0.715384615385
1506.7488863 -19.8507213188 0.909887810324 4800.0 0.920512820513
1331.02414093 -37.6323454156 0.915494791734 5000.0 0.766666666667
1418.11449381 1.67765632064 0.866271478995 5200.0 0.920512820513
-2971.1833442 52.9820895518 0.976999842559 4600.0 0.35641025641
4633.66262626 -13.7431389505 0.903933583563 3800.0 0.817948717949
3449.4929944 53.8779093881 0.974956842846 1000.0 0.35641025641
-4406.48343789 -45.9148866587 0.939641798276 5000.0 0.664102564103
-4604.13350024 -57.5026425803 0.956523540617 5200.0 0.458974358974
-329.919121591 -28.2372252663 0.8963769278 4800.0 0.920512820513
1606.69473658 50.5425173093 0.950546397996 4800.0 0.664102564103
3320.43278822 29.4075238379 0.952989795498 5200.0 0.612820512821
-3847.14671487 1.03365234973 0.907045458816 4600.0 0.920512820513
1652.60378785 -20.7200301994 0.851913342919 5000.0 0.766666666667
-3776.53671926 1.20311865145 0.920612440433 4600.0 0.766666666667
270.211305215 50.5185129258 0.890848237282 5000.0 1.17692307692
-3197.12687455 -30.6558700775 0.93210129708 4800.0 0.920512820513
96.7586957844 45.2732182227 0.981546270749 5000.0 0.35641025641
-3072.07841522 23.6593905853 0.949218761271 4800.0 0.715384615385
427.679905189 58.2820712416 0.965354187737 1000.0 0.305128205128
320.862724706 -27.4646051939 0.891296355059 5000.0 0.869230769231
3899.21626724 -53.4811168948 0.936940981243 5000.0 0.664102564103
-3059.30457445 16.4044124154 0.892893455855 4800.0 1.02307692308
-2310.26313629 17.1529623682 0.897262656687 5000.0 1.07435897436
-758.065377908 30.9343253919 0.840997928506 5000.0 0.920512820513
-2444.57651244 34.5887053344 0.933375859198 4800.0 0.869230769231
-3615.80837524 -74.3799794786 0.991360124673 4600.0 0.35641025641
-1390.05439121 -33.0165589473 0.838168011316 4800.0 1.07435897436
-3148.55118421 30.6340658512 0.941522449107 4800.0 0.817948717949
1994.63840389 -34.4713660276 0.923862386578 5200.0 0.664102564103
-2673.40354873 -9.00737604968 0.895514590091 4800.0 0.920512820513
-1401.56743782 -11.5136647442 0.90169750136 5000.0 1.07435897436
-372.597562947 48.4236594869 0.978109129 5400.0 0.35641025641
-1475.13553522 -40.6263052122 0.928916900123 1000.0 0.766666666667
-1835.53616127 17.7104111932 0.899906431284 5000.0 1.07435897436
-3724.66595515 47.8266074404 0.99110629219 5200.0 0.253846153846
2153.12933317 -1.76587470435 0.851721846323 5200.0 0.869230769231
-3357.67648831 -19.4818020743 0.917038734395 4400.0 0.869230769231
-1320.19565527 -6.30848871639 0.872961950693 5000.0 0.920512820513
-975.271297471 65.1383282116 1.00083347312 8000.0 0.1
3175.64937195 2.65890124311 0.903176332123 1000.0 0.715384615385
-2122.08212148 9.44276916539 0.871122285298 4800.0 1.02307692308
992.838892509 -65.053424559 0.99158278864 1000.0 0.305128205128
1554.61485325 9.82507667245 0.871687409798 5200.0 0.817948717949
1778.08079424 1.88128153835 0.865926082671 5000.0 0.920512820513
-462.267525415 66.5956906353 1.00338484812 3800.0 0.1
222.297423133 21.4713751021 0.89276981743 4800.0 0.920512820513
455.519070043 41.9105465629 0.934491501836 5000.0 0.715384615385
2852.67881862 41.4545835276 0.944536483196 1000.0 0.817948717949
-1212.43805393 -33.1718500467 0.90704922572 4600.0 0.920512820513
1181.93764289 44.1250397568 0.920487986551 3600.0 0.869230769231
4053.4404655 -67.9367136203 0.99154006671 4600.0 0.35641025641
-3173.32779332 29.2868950541 0.947076264036 4800.0 0.817948717949
-240.328894059 -43.529898239 0.870705935885 4600.0 0.817948717949
3710.69338822 -28.0394736521 0.904412614628 5400.0 0.664102564103
-837.32311196 20.7015935308 0.898800033729 4800.0 0.817948717949
-2335.74152639 59.2009855494 0.999031147888 7600.0 0.1
2602.49170794 -25.7177905073 0.889056676937 4800.0 0.766666666667
344.44881073 -36.9022519309 0.924635276469 1000.0 0.766666666667
-1226.55092304 -47.4100803076 0.8806429081 5200.0 1.02307692308
-1145.55852259 74.4540027649 1.00332669644 8000.0 0.1
1326.72643111 2.47163502076 0.857571085953 5200.0 0.971794871795
-60.8466010482 54.4422397134 0.999981232741 4000.0 0.1
3217.18243231 46.735829011 0.907152535088 4800.0 0.971794871795
-638.038368568 11.4429203613 0.850078428806 5000.0 0.920512820513
340.574281363 5.88540718265 0.821085575673 5400.0 0.869230769231
591.783481916 39.910033411 0.842215537456 5000.0 0.971794871795
-2830.97760596 -31.6443352565 0.956773495779 5000.0 0.510256410256
-424.435214998 -6.07099803511 0.864748873861 5000.0 0.971794871795
4261.38688675 34.4999624662 0.917913692246 4600.0 0.869230769231
511.43209975 -22.1851336211 0.886341648281 4800.0 0.817948717949
-909.28279343 -8.79550322177 0.872230514914 5000.0 0.920512820513
-1002.0155359 61.5873842257 0.978471151622 7200.0 0.407692307692
3433.02323028 4.09165738354 0.93409291871 1000.0 0.612820512821
1403.57522889 -22.0195411963 0.851795659133 5200.0 0.817948717949
2951.23097265 -47.4498168702 0.882685472375 4600.0 0.817948717949
-4183.0087732 35.8985994548 0.978599335573 1200.0 0.715384615385
1223.89911443 54.2876966205 0.996120137595 7600.0 0.151282051282
1256.47226219 14.0000658341 0.852284130221 4800.0 0.766666666667
-3281.32941293 -8.13447621508 0.895452752829 4800.0 0.920512820513
-1088.49322605 46.0517766037 0.9669145117 1000.0 0.458974358974
-489.31887094 -35.7526892456 0.886718328143 4800.0 0.766666666667
-583.649691048 12.1022295407 0.859644192436 5000.0 0.971794871795
3107.87506239 21.6885917335 0.893063965674 5000.0 0.817948717949
1846.23136192 -23.693492261 0.929260108557 5000.0 0.869230769231
-40.5423520819 -34.7732876527 0.852769950517 5000.0 0.869230769231
2915.41538702 55.1523784352 0.967753093828 1000.0 0.35641025641
577.435069505 -18.5021468945 0.877990878392 5000.0 1.33076923077
3444.84803273 19.9938522693 0.882364131326 4800.0 0.664102564103
-2855.81137556 -6.7798850847 0.925850674186 4800.0 0.766666666667
-2219.8768113 27.9120417745 0.904494235976 4800.0 0.920512820513
-3545.97188065 -25.7240777612 0.912099005688 4800.0 0.869230769231
-4063.72169087 36.7114587438 0.992880647522 1200.0 0.305128205128
-3501.11547965 33.8821975919 0.941660545411 4800.0 0.715384615385
-1471.62710112 2.13293122413 0.858345429323 4800.0 1.02307692308
-2677.53821964 -24.9014232327 0.923124303969 5000.0 0.766666666667
-1769.67793101 40.7968442545 0.917673923363 5000.0 0.715384615385
901.148302647 22.8811246896 0.865645605389 5200.0 0.869230769231
-2559.03492918 82.3582642944 1.0067081915 8000.0 0.1
-2105.54608636 -13.7919334516 0.893792850375 5000.0 1.12564102564
-3936.23878301 -8.09531006917 0.923783906208 4600.0 0.869230769231
942.924038862 -23.7047409866 0.932508033031 5000.0 1.17692307692
-411.726730539 -51.6837521052 0.925285135536 5400.0 1.02307692308
-658.077627136 -8.24336096121 0.888125121678 5000.0 1.02307692308
1161.1305682 1.45330471008 0.854935145502 5200.0 0.920512820513
-675.886122586 3.37605312524 0.830020344557 5000.0 1.02307692308
-3350.56831856 39.799734949 0.899526418902 4600.0 0.920512820513
